"","x","y","sample"
"1",-4.69334067243363,-0.149248956114401,1
"2",-4.32502269444517,-0.149248956114401,1
"3",-3.95670471645671,-0.149248956114401,1
"4",-3.58838673846825,-0.149248956114401,1
"5",-3.22006876047979,-0.149248956114401,1
"6",-2.85175078249133,-0.149248956114401,1
"7",-2.48343280450287,-0.149248956114401,1
"8",-2.11511482651442,-0.149248956114401,1
"9",-1.74679684852596,-0.149248956114401,1
"10",-1.3784788705375,-0.535013805837724,1
"11",-1.01016089254904,-0.920778655561046,1
"12",-0.641842914560582,-1.11366108042271,1
"13",-0.273524936572123,-1.11366108042271,1
"14",0.0947930414163354,-1.30654350528437,1
"15",0.463111019404794,-1.30654350528437,1
"16",0.831428997393252,-1.30654350528437,1
"17",1.19974697538171,-1.49942593014603,1
"18",1.56806495337017,-1.49942593014603,1
"19",1.93638293135863,-1.49942593014603,1
"20",2.30470090934709,-1.49942593014603,1
"21",-4.69334067243363,-0.149248956114401,2
"22",-4.32502269444517,-0.149248956114401,2
"23",-3.95670471645671,-0.149248956114401,2
"24",-3.58838673846825,-0.149248956114401,2
"25",-3.22006876047979,-0.149248956114401,2
"26",-2.85175078249133,-0.149248956114401,2
"27",-2.48343280450287,-0.149248956114401,2
"28",-2.11511482651442,-0.149248956114401,2
"29",-1.74679684852596,-0.149248956114401,2
"30",-1.3784788705375,-0.727896230699385,2
"31",-1.01016089254904,-0.920778655561046,2
"32",-0.641842914560582,-1.11366108042271,2
"33",-0.273524936572123,-1.30654350528437,2
"34",0.0947930414163354,-1.30654350528437,2
"35",0.463111019404794,-1.49942593014603,2
"36",0.831428997393252,-1.69230835500769,2
"37",1.19974697538171,-1.69230835500769,2
"38",1.56806495337017,-1.88519077986935,2
"39",1.93638293135863,-1.88519077986935,2
"40",2.30470090934709,-1.88519077986935,2
"41",-4.69334067243363,-0.149248956114401,3
"42",-4.32502269444517,-0.149248956114401,3
"43",-3.95670471645671,-0.149248956114401,3
"44",-3.58838673846825,-0.149248956114401,3
"45",-3.22006876047979,-0.149248956114401,3
"46",-2.85175078249133,-0.149248956114401,3
"47",-2.48343280450287,-0.149248956114401,3
"48",-2.11511482651442,-0.149248956114401,3
"49",-1.74679684852596,-0.149248956114401,3
"50",-1.3784788705375,-0.535013805837724,3
"51",-1.01016089254904,-0.920778655561046,3
"52",-0.641842914560582,-1.30654350528437,3
"53",-0.273524936572123,-1.49942593014603,3
"54",0.0947930414163354,-1.49942593014603,3
"55",0.463111019404794,-1.49942593014603,3
"56",0.831428997393252,-1.49942593014603,3
"57",1.19974697538171,-1.69230835500769,3
"58",1.56806495337017,-1.69230835500769,3
"59",1.93638293135863,-1.69230835500769,3
"60",2.30470090934709,-1.69230835500769,3
"61",-4.69334067243363,-0.149248956114401,4
"62",-4.32502269444517,-0.149248956114401,4
"63",-3.95670471645671,-0.149248956114401,4
"64",-3.58838673846825,-0.149248956114401,4
"65",-3.22006876047979,-0.149248956114401,4
"66",-2.85175078249133,-0.149248956114401,4
"67",-2.48343280450287,-0.149248956114401,4
"68",-2.11511482651442,-0.149248956114401,4
"69",-1.74679684852596,-0.149248956114401,4
"70",-1.3784788705375,-0.727896230699385,4
"71",-1.01016089254904,-0.920778655561046,4
"72",-0.641842914560582,-1.11366108042271,4
"73",-0.273524936572123,-1.30654350528437,4
"74",0.0947930414163354,-1.49942593014603,4
"75",0.463111019404794,-1.49942593014603,4
"76",0.831428997393252,-1.69230835500769,4
"77",1.19974697538171,-1.69230835500769,4
"78",1.56806495337017,-1.69230835500769,4
"79",1.93638293135863,-1.69230835500769,4
"80",2.30470090934709,-1.69230835500769,4
"81",-4.69334067243363,-0.149248956114401,5
"82",-4.32502269444517,-0.149248956114401,5
"83",-3.95670471645671,-0.149248956114401,5
"84",-3.58838673846825,-0.149248956114401,5
"85",-3.22006876047979,-0.149248956114401,5
"86",-2.85175078249133,-0.149248956114401,5
"87",-2.48343280450287,-0.149248956114401,5
"88",-2.11511482651442,-0.149248956114401,5
"89",-1.74679684852596,-0.342131380976062,5
"90",-1.3784788705375,-0.727896230699385,5
"91",-1.01016089254904,-0.920778655561046,5
"92",-0.641842914560582,-0.920778655561046,5
"93",-0.273524936572123,-1.11366108042271,5
"94",0.0947930414163354,-1.30654350528437,5
"95",0.463111019404794,-1.49942593014603,5
"96",0.831428997393252,-1.49942593014603,5
"97",1.19974697538171,-1.69230835500769,5
"98",1.56806495337017,-1.69230835500769,5
"99",1.93638293135863,-1.69230835500769,5
"100",2.30470090934709,-1.69230835500769,5
"101",-4.69334067243363,-0.149248956114401,6
"102",-4.32502269444517,-0.149248956114401,6
"103",-3.95670471645671,-0.149248956114401,6
"104",-3.58838673846825,-0.149248956114401,6
"105",-3.22006876047979,-0.149248956114401,6
"106",-2.85175078249133,-0.149248956114401,6
"107",-2.48343280450287,-0.149248956114401,6
"108",-2.11511482651442,-0.149248956114401,6
"109",-1.74679684852596,-0.149248956114401,6
"110",-1.3784788705375,-0.535013805837724,6
"111",-1.01016089254904,-0.920778655561046,6
"112",-0.641842914560582,-1.30654350528437,6
"113",-0.273524936572123,-1.49942593014603,6
"114",0.0947930414163354,-1.49942593014603,6
"115",0.463111019404794,-1.69230835500769,6
"116",0.831428997393252,-1.69230835500769,6
"117",1.19974697538171,-1.69230835500769,6
"118",1.56806495337017,-1.69230835500769,6
"119",1.93638293135863,-1.69230835500769,6
"120",2.30470090934709,-1.69230835500769,6
"121",-4.69334067243363,-0.149248956114401,7
"122",-4.32502269444517,-0.149248956114401,7
"123",-3.95670471645671,-0.149248956114401,7
"124",-3.58838673846825,-0.149248956114401,7
"125",-3.22006876047979,-0.149248956114401,7
"126",-2.85175078249133,-0.149248956114401,7
"127",-2.48343280450287,-0.149248956114401,7
"128",-2.11511482651442,-0.149248956114401,7
"129",-1.74679684852596,-0.342131380976062,7
"130",-1.3784788705375,-0.727896230699385,7
"131",-1.01016089254904,-0.920778655561046,7
"132",-0.641842914560582,-1.11366108042271,7
"133",-0.273524936572123,-1.11366108042271,7
"134",0.0947930414163354,-1.30654350528437,7
"135",0.463111019404794,-1.49942593014603,7
"136",0.831428997393252,-1.69230835500769,7
"137",1.19974697538171,-1.69230835500769,7
"138",1.56806495337017,-1.88519077986935,7
"139",1.93638293135863,-1.88519077986935,7
"140",2.30470090934709,-1.88519077986935,7
"141",-4.69334067243363,-0.149248956114401,8
"142",-4.32502269444517,-0.149248956114401,8
"143",-3.95670471645671,-0.149248956114401,8
"144",-3.58838673846825,-0.149248956114401,8
"145",-3.22006876047979,-0.149248956114401,8
"146",-2.85175078249133,-0.149248956114401,8
"147",-2.48343280450287,-0.149248956114401,8
"148",-2.11511482651442,-0.149248956114401,8
"149",-1.74679684852596,-0.342131380976062,8
"150",-1.3784788705375,-0.727896230699385,8
"151",-1.01016089254904,-0.920778655561046,8
"152",-0.641842914560582,-1.11366108042271,8
"153",-0.273524936572123,-1.30654350528437,8
"154",0.0947930414163354,-1.49942593014603,8
"155",0.463111019404794,-1.49942593014603,8
"156",0.831428997393252,-1.69230835500769,8
"157",1.19974697538171,-1.69230835500769,8
"158",1.56806495337017,-1.69230835500769,8
"159",1.93638293135863,-1.69230835500769,8
"160",2.30470090934709,-1.69230835500769,8
"161",-4.69334067243363,-0.149248956114401,9
"162",-4.32502269444517,-0.149248956114401,9
"163",-3.95670471645671,-0.149248956114401,9
"164",-3.58838673846825,-0.149248956114401,9
"165",-3.22006876047979,-0.149248956114401,9
"166",-2.85175078249133,-0.149248956114401,9
"167",-2.48343280450287,-0.149248956114401,9
"168",-2.11511482651442,-0.149248956114401,9
"169",-1.74679684852596,-0.342131380976062,9
"170",-1.3784788705375,-0.727896230699385,9
"171",-1.01016089254904,-0.920778655561046,9
"172",-0.641842914560582,-1.11366108042271,9
"173",-0.273524936572123,-1.30654350528437,9
"174",0.0947930414163354,-1.30654350528437,9
"175",0.463111019404794,-1.49942593014603,9
"176",0.831428997393252,-1.49942593014603,9
"177",1.19974697538171,-1.49942593014603,9
"178",1.56806495337017,-1.49942593014603,9
"179",1.93638293135863,-1.49942593014603,9
"180",2.30470090934709,-1.49942593014603,9
"181",-4.69334067243363,-0.149248956114401,10
"182",-4.32502269444517,-0.149248956114401,10
"183",-3.95670471645671,-0.149248956114401,10
"184",-3.58838673846825,-0.149248956114401,10
"185",-3.22006876047979,-0.149248956114401,10
"186",-2.85175078249133,-0.149248956114401,10
"187",-2.48343280450287,-0.149248956114401,10
"188",-2.11511482651442,-0.149248956114401,10
"189",-1.74679684852596,-0.342131380976062,10
"190",-1.3784788705375,-0.727896230699385,10
"191",-1.01016089254904,-0.920778655561046,10
"192",-0.641842914560582,-1.11366108042271,10
"193",-0.273524936572123,-1.30654350528437,10
"194",0.0947930414163354,-1.30654350528437,10
"195",0.463111019404794,-1.49942593014603,10
"196",0.831428997393252,-1.49942593014603,10
"197",1.19974697538171,-1.69230835500769,10
"198",1.56806495337017,-1.69230835500769,10
"199",1.93638293135863,-1.69230835500769,10
"200",2.30470090934709,-1.69230835500769,10
"201",-4.69334067243363,-0.149248956114401,11
"202",-4.32502269444517,-0.149248956114401,11
"203",-3.95670471645671,-0.149248956114401,11
"204",-3.58838673846825,-0.149248956114401,11
"205",-3.22006876047979,-0.149248956114401,11
"206",-2.85175078249133,-0.149248956114401,11
"207",-2.48343280450287,-0.149248956114401,11
"208",-2.11511482651442,-0.149248956114401,11
"209",-1.74679684852596,-0.149248956114401,11
"210",-1.3784788705375,-0.727896230699385,11
"211",-1.01016089254904,-0.920778655561046,11
"212",-0.641842914560582,-1.11366108042271,11
"213",-0.273524936572123,-1.30654350528437,11
"214",0.0947930414163354,-1.69230835500769,11
"215",0.463111019404794,-1.88519077986935,11
"216",0.831428997393252,-2.07807320473101,11
"217",1.19974697538171,-2.07807320473101,11
"218",1.56806495337017,-2.07807320473101,11
"219",1.93638293135863,-2.07807320473101,11
"220",2.30470090934709,-2.07807320473101,11
"221",-4.69334067243363,-0.149248956114401,12
"222",-4.32502269444517,-0.149248956114401,12
"223",-3.95670471645671,-0.149248956114401,12
"224",-3.58838673846825,-0.149248956114401,12
"225",-3.22006876047979,-0.149248956114401,12
"226",-2.85175078249133,-0.149248956114401,12
"227",-2.48343280450287,-0.149248956114401,12
"228",-2.11511482651442,-0.149248956114401,12
"229",-1.74679684852596,-0.149248956114401,12
"230",-1.3784788705375,-0.535013805837724,12
"231",-1.01016089254904,-0.920778655561046,12
"232",-0.641842914560582,-1.11366108042271,12
"233",-0.273524936572123,-1.30654350528437,12
"234",0.0947930414163354,-1.49942593014603,12
"235",0.463111019404794,-1.49942593014603,12
"236",0.831428997393252,-1.49942593014603,12
"237",1.19974697538171,-1.49942593014603,12
"238",1.56806495337017,-1.49942593014603,12
"239",1.93638293135863,-1.49942593014603,12
"240",2.30470090934709,-1.49942593014603,12
"241",-4.69334067243363,-0.149248956114401,13
"242",-4.32502269444517,-0.149248956114401,13
"243",-3.95670471645671,-0.149248956114401,13
"244",-3.58838673846825,-0.149248956114401,13
"245",-3.22006876047979,-0.149248956114401,13
"246",-2.85175078249133,-0.149248956114401,13
"247",-2.48343280450287,-0.149248956114401,13
"248",-2.11511482651442,-0.149248956114401,13
"249",-1.74679684852596,-0.149248956114401,13
"250",-1.3784788705375,-0.535013805837724,13
"251",-1.01016089254904,-0.920778655561046,13
"252",-0.641842914560582,-1.11366108042271,13
"253",-0.273524936572123,-1.30654350528437,13
"254",0.0947930414163354,-1.30654350528437,13
"255",0.463111019404794,-1.30654350528437,13
"256",0.831428997393252,-1.30654350528437,13
"257",1.19974697538171,-1.30654350528437,13
"258",1.56806495337017,-1.30654350528437,13
"259",1.93638293135863,-1.30654350528437,13
"260",2.30470090934709,-1.30654350528437,13
"261",-4.69334067243363,-0.149248956114401,14
"262",-4.32502269444517,-0.149248956114401,14
"263",-3.95670471645671,-0.149248956114401,14
"264",-3.58838673846825,-0.149248956114401,14
"265",-3.22006876047979,-0.149248956114401,14
"266",-2.85175078249133,-0.149248956114401,14
"267",-2.48343280450287,-0.149248956114401,14
"268",-2.11511482651442,-0.149248956114401,14
"269",-1.74679684852596,-0.149248956114401,14
"270",-1.3784788705375,-0.535013805837724,14
"271",-1.01016089254904,-0.920778655561046,14
"272",-0.641842914560582,-1.11366108042271,14
"273",-0.273524936572123,-1.30654350528437,14
"274",0.0947930414163354,-1.49942593014603,14
"275",0.463111019404794,-1.49942593014603,14
"276",0.831428997393252,-1.49942593014603,14
"277",1.19974697538171,-1.49942593014603,14
"278",1.56806495337017,-1.49942593014603,14
"279",1.93638293135863,-1.49942593014603,14
"280",2.30470090934709,-1.49942593014603,14
"281",-4.69334067243363,-0.149248956114401,15
"282",-4.32502269444517,-0.149248956114401,15
"283",-3.95670471645671,-0.149248956114401,15
"284",-3.58838673846825,-0.149248956114401,15
"285",-3.22006876047979,-0.149248956114401,15
"286",-2.85175078249133,-0.149248956114401,15
"287",-2.48343280450287,-0.149248956114401,15
"288",-2.11511482651442,-0.149248956114401,15
"289",-1.74679684852596,-0.149248956114401,15
"290",-1.3784788705375,-0.727896230699385,15
"291",-1.01016089254904,-0.920778655561046,15
"292",-0.641842914560582,-1.11366108042271,15
"293",-0.273524936572123,-1.30654350528437,15
"294",0.0947930414163354,-1.49942593014603,15
"295",0.463111019404794,-1.49942593014603,15
"296",0.831428997393252,-1.69230835500769,15
"297",1.19974697538171,-1.69230835500769,15
"298",1.56806495337017,-1.69230835500769,15
"299",1.93638293135863,-1.69230835500769,15
"300",2.30470090934709,-1.69230835500769,15
"301",-4.69334067243363,-0.149248956114401,16
"302",-4.32502269444517,-0.149248956114401,16
"303",-3.95670471645671,-0.149248956114401,16
"304",-3.58838673846825,-0.149248956114401,16
"305",-3.22006876047979,-0.149248956114401,16
"306",-2.85175078249133,-0.149248956114401,16
"307",-2.48343280450287,-0.149248956114401,16
"308",-2.11511482651442,-0.149248956114401,16
"309",-1.74679684852596,-0.149248956114401,16
"310",-1.3784788705375,-0.535013805837724,16
"311",-1.01016089254904,-0.920778655561046,16
"312",-0.641842914560582,-1.30654350528437,16
"313",-0.273524936572123,-1.30654350528437,16
"314",0.0947930414163354,-1.49942593014603,16
"315",0.463111019404794,-1.49942593014603,16
"316",0.831428997393252,-1.49942593014603,16
"317",1.19974697538171,-1.49942593014603,16
"318",1.56806495337017,-1.49942593014603,16
"319",1.93638293135863,-1.49942593014603,16
"320",2.30470090934709,-1.49942593014603,16
"321",-4.69334067243363,-0.149248956114401,17
"322",-4.32502269444517,-0.149248956114401,17
"323",-3.95670471645671,-0.149248956114401,17
"324",-3.58838673846825,-0.149248956114401,17
"325",-3.22006876047979,-0.149248956114401,17
"326",-2.85175078249133,-0.149248956114401,17
"327",-2.48343280450287,-0.149248956114401,17
"328",-2.11511482651442,-0.149248956114401,17
"329",-1.74679684852596,-0.149248956114401,17
"330",-1.3784788705375,-0.149248956114401,17
"331",-1.01016089254904,-1.11366108042271,17
"332",-0.641842914560582,-1.49942593014603,17
"333",-0.273524936572123,-1.69230835500769,17
"334",0.0947930414163354,-1.69230835500769,17
"335",0.463111019404794,-1.88519077986935,17
"336",0.831428997393252,-1.88519077986935,17
"337",1.19974697538171,-1.88519077986935,17
"338",1.56806495337017,-1.88519077986935,17
"339",1.93638293135863,-1.88519077986935,17
"340",2.30470090934709,-1.88519077986935,17
"341",-4.69334067243363,-0.149248956114401,18
"342",-4.32502269444517,-0.149248956114401,18
"343",-3.95670471645671,-0.149248956114401,18
"344",-3.58838673846825,-0.149248956114401,18
"345",-3.22006876047979,-0.149248956114401,18
"346",-2.85175078249133,-0.149248956114401,18
"347",-2.48343280450287,-0.149248956114401,18
"348",-2.11511482651442,-0.149248956114401,18
"349",-1.74679684852596,-0.149248956114401,18
"350",-1.3784788705375,-0.535013805837724,18
"351",-1.01016089254904,-0.920778655561046,18
"352",-0.641842914560582,-1.30654350528437,18
"353",-0.273524936572123,-1.49942593014603,18
"354",0.0947930414163354,-1.49942593014603,18
"355",0.463111019404794,-1.49942593014603,18
"356",0.831428997393252,-1.69230835500769,18
"357",1.19974697538171,-1.69230835500769,18
"358",1.56806495337017,-1.69230835500769,18
"359",1.93638293135863,-1.69230835500769,18
"360",2.30470090934709,-1.69230835500769,18
"361",-4.69334067243363,-0.149248956114401,19
"362",-4.32502269444517,-0.149248956114401,19
"363",-3.95670471645671,-0.149248956114401,19
"364",-3.58838673846825,-0.149248956114401,19
"365",-3.22006876047979,-0.149248956114401,19
"366",-2.85175078249133,-0.149248956114401,19
"367",-2.48343280450287,-0.149248956114401,19
"368",-2.11511482651442,-0.149248956114401,19
"369",-1.74679684852596,-0.149248956114401,19
"370",-1.3784788705375,-0.535013805837724,19
"371",-1.01016089254904,-0.920778655561046,19
"372",-0.641842914560582,-1.30654350528437,19
"373",-0.273524936572123,-1.49942593014603,19
"374",0.0947930414163354,-1.49942593014603,19
"375",0.463111019404794,-1.69230835500769,19
"376",0.831428997393252,-1.69230835500769,19
"377",1.19974697538171,-1.69230835500769,19
"378",1.56806495337017,-1.69230835500769,19
"379",1.93638293135863,-1.69230835500769,19
"380",2.30470090934709,-1.69230835500769,19
"381",-4.69334067243363,-0.149248956114401,20
"382",-4.32502269444517,-0.149248956114401,20
"383",-3.95670471645671,-0.149248956114401,20
"384",-3.58838673846825,-0.149248956114401,20
"385",-3.22006876047979,-0.149248956114401,20
"386",-2.85175078249133,-0.149248956114401,20
"387",-2.48343280450287,-0.149248956114401,20
"388",-2.11511482651442,-0.149248956114401,20
"389",-1.74679684852596,-0.149248956114401,20
"390",-1.3784788705375,-0.342131380976062,20
"391",-1.01016089254904,-1.11366108042271,20
"392",-0.641842914560582,-1.49942593014603,20
"393",-0.273524936572123,-1.69230835500769,20
"394",0.0947930414163354,-1.88519077986935,20
"395",0.463111019404794,-2.07807320473101,20
"396",0.831428997393252,-2.07807320473101,20
"397",1.19974697538171,-2.07807320473101,20
"398",1.56806495337017,-2.07807320473101,20
"399",1.93638293135863,-2.07807320473101,20
"400",2.30470090934709,-2.07807320473101,20
"401",-4.69334067243363,-0.149248956114401,21
"402",-4.32502269444517,-0.149248956114401,21
"403",-3.95670471645671,-0.149248956114401,21
"404",-3.58838673846825,-0.149248956114401,21
"405",-3.22006876047979,-0.149248956114401,21
"406",-2.85175078249133,-0.149248956114401,21
"407",-2.48343280450287,-0.149248956114401,21
"408",-2.11511482651442,-0.149248956114401,21
"409",-1.74679684852596,-0.149248956114401,21
"410",-1.3784788705375,-0.535013805837724,21
"411",-1.01016089254904,-0.920778655561046,21
"412",-0.641842914560582,-1.30654350528437,21
"413",-0.273524936572123,-1.30654350528437,21
"414",0.0947930414163354,-1.49942593014603,21
"415",0.463111019404794,-1.49942593014603,21
"416",0.831428997393252,-1.69230835500769,21
"417",1.19974697538171,-1.69230835500769,21
"418",1.56806495337017,-1.69230835500769,21
"419",1.93638293135863,-1.69230835500769,21
"420",2.30470090934709,-1.69230835500769,21
"421",-4.69334067243363,-0.149248956114401,22
"422",-4.32502269444517,-0.149248956114401,22
"423",-3.95670471645671,-0.149248956114401,22
"424",-3.58838673846825,-0.149248956114401,22
"425",-3.22006876047979,-0.149248956114401,22
"426",-2.85175078249133,-0.149248956114401,22
"427",-2.48343280450287,-0.149248956114401,22
"428",-2.11511482651442,-0.149248956114401,22
"429",-1.74679684852596,-0.149248956114401,22
"430",-1.3784788705375,-0.342131380976062,22
"431",-1.01016089254904,-0.920778655561046,22
"432",-0.641842914560582,-1.30654350528437,22
"433",-0.273524936572123,-1.49942593014603,22
"434",0.0947930414163354,-1.49942593014603,22
"435",0.463111019404794,-1.69230835500769,22
"436",0.831428997393252,-1.69230835500769,22
"437",1.19974697538171,-1.69230835500769,22
"438",1.56806495337017,-1.69230835500769,22
"439",1.93638293135863,-1.69230835500769,22
"440",2.30470090934709,-1.69230835500769,22
"441",-4.69334067243363,-0.149248956114401,23
"442",-4.32502269444517,-0.149248956114401,23
"443",-3.95670471645671,-0.149248956114401,23
"444",-3.58838673846825,-0.149248956114401,23
"445",-3.22006876047979,-0.149248956114401,23
"446",-2.85175078249133,-0.149248956114401,23
"447",-2.48343280450287,-0.149248956114401,23
"448",-2.11511482651442,-0.149248956114401,23
"449",-1.74679684852596,-0.149248956114401,23
"450",-1.3784788705375,-0.535013805837724,23
"451",-1.01016089254904,-0.920778655561046,23
"452",-0.641842914560582,-1.30654350528437,23
"453",-0.273524936572123,-1.49942593014603,23
"454",0.0947930414163354,-1.49942593014603,23
"455",0.463111019404794,-1.69230835500769,23
"456",0.831428997393252,-1.69230835500769,23
"457",1.19974697538171,-1.69230835500769,23
"458",1.56806495337017,-1.69230835500769,23
"459",1.93638293135863,-1.69230835500769,23
"460",2.30470090934709,-1.69230835500769,23
"461",-4.69334067243363,-0.149248956114401,24
"462",-4.32502269444517,-0.149248956114401,24
"463",-3.95670471645671,-0.149248956114401,24
"464",-3.58838673846825,-0.149248956114401,24
"465",-3.22006876047979,-0.149248956114401,24
"466",-2.85175078249133,-0.149248956114401,24
"467",-2.48343280450287,-0.149248956114401,24
"468",-2.11511482651442,-0.149248956114401,24
"469",-1.74679684852596,-0.149248956114401,24
"470",-1.3784788705375,-0.535013805837724,24
"471",-1.01016089254904,-0.920778655561046,24
"472",-0.641842914560582,-1.30654350528437,24
"473",-0.273524936572123,-1.49942593014603,24
"474",0.0947930414163354,-1.49942593014603,24
"475",0.463111019404794,-1.69230835500769,24
"476",0.831428997393252,-1.69230835500769,24
"477",1.19974697538171,-1.69230835500769,24
"478",1.56806495337017,-1.69230835500769,24
"479",1.93638293135863,-1.69230835500769,24
"480",2.30470090934709,-1.69230835500769,24
"481",-4.69334067243363,-0.149248956114401,25
"482",-4.32502269444517,-0.149248956114401,25
"483",-3.95670471645671,-0.149248956114401,25
"484",-3.58838673846825,-0.149248956114401,25
"485",-3.22006876047979,-0.149248956114401,25
"486",-2.85175078249133,-0.149248956114401,25
"487",-2.48343280450287,-0.149248956114401,25
"488",-2.11511482651442,-0.149248956114401,25
"489",-1.74679684852596,-0.149248956114401,25
"490",-1.3784788705375,-0.727896230699385,25
"491",-1.01016089254904,-0.920778655561046,25
"492",-0.641842914560582,-1.11366108042271,25
"493",-0.273524936572123,-1.11366108042271,25
"494",0.0947930414163354,-1.30654350528437,25
"495",0.463111019404794,-1.30654350528437,25
"496",0.831428997393252,-1.30654350528437,25
"497",1.19974697538171,-1.30654350528437,25
"498",1.56806495337017,-1.30654350528437,25
"499",1.93638293135863,-1.30654350528437,25
"500",2.30470090934709,-1.30654350528437,25
"501",-4.69334067243363,-0.149248956114401,26
"502",-4.32502269444517,-0.149248956114401,26
"503",-3.95670471645671,-0.149248956114401,26
"504",-3.58838673846825,-0.149248956114401,26
"505",-3.22006876047979,-0.149248956114401,26
"506",-2.85175078249133,-0.149248956114401,26
"507",-2.48343280450287,-0.149248956114401,26
"508",-2.11511482651442,-0.149248956114401,26
"509",-1.74679684852596,-0.149248956114401,26
"510",-1.3784788705375,-0.342131380976062,26
"511",-1.01016089254904,-1.11366108042271,26
"512",-0.641842914560582,-1.30654350528437,26
"513",-0.273524936572123,-1.49942593014603,26
"514",0.0947930414163354,-1.69230835500769,26
"515",0.463111019404794,-1.88519077986935,26
"516",0.831428997393252,-1.88519077986935,26
"517",1.19974697538171,-1.88519077986935,26
"518",1.56806495337017,-1.88519077986935,26
"519",1.93638293135863,-1.88519077986935,26
"520",2.30470090934709,-1.88519077986935,26
"521",-4.69334067243363,-0.149248956114401,27
"522",-4.32502269444517,-0.149248956114401,27
"523",-3.95670471645671,-0.149248956114401,27
"524",-3.58838673846825,-0.149248956114401,27
"525",-3.22006876047979,-0.149248956114401,27
"526",-2.85175078249133,-0.149248956114401,27
"527",-2.48343280450287,-0.149248956114401,27
"528",-2.11511482651442,-0.149248956114401,27
"529",-1.74679684852596,-0.149248956114401,27
"530",-1.3784788705375,-0.535013805837724,27
"531",-1.01016089254904,-0.920778655561046,27
"532",-0.641842914560582,-1.30654350528437,27
"533",-0.273524936572123,-1.49942593014603,27
"534",0.0947930414163354,-1.69230835500769,27
"535",0.463111019404794,-1.69230835500769,27
"536",0.831428997393252,-1.88519077986935,27
"537",1.19974697538171,-1.88519077986935,27
"538",1.56806495337017,-1.88519077986935,27
"539",1.93638293135863,-1.88519077986935,27
"540",2.30470090934709,-1.88519077986935,27
"541",-4.69334067243363,-0.149248956114401,28
"542",-4.32502269444517,-0.149248956114401,28
"543",-3.95670471645671,-0.149248956114401,28
"544",-3.58838673846825,-0.149248956114401,28
"545",-3.22006876047979,-0.149248956114401,28
"546",-2.85175078249133,-0.149248956114401,28
"547",-2.48343280450287,-0.149248956114401,28
"548",-2.11511482651442,-0.149248956114401,28
"549",-1.74679684852596,-0.149248956114401,28
"550",-1.3784788705375,-0.535013805837724,28
"551",-1.01016089254904,-0.920778655561046,28
"552",-0.641842914560582,-1.30654350528437,28
"553",-0.273524936572123,-1.49942593014603,28
"554",0.0947930414163354,-1.69230835500769,28
"555",0.463111019404794,-1.69230835500769,28
"556",0.831428997393252,-1.69230835500769,28
"557",1.19974697538171,-1.88519077986935,28
"558",1.56806495337017,-1.88519077986935,28
"559",1.93638293135863,-1.88519077986935,28
"560",2.30470090934709,-1.88519077986935,28
"561",-4.69334067243363,-0.149248956114401,29
"562",-4.32502269444517,-0.149248956114401,29
"563",-3.95670471645671,-0.149248956114401,29
"564",-3.58838673846825,-0.149248956114401,29
"565",-3.22006876047979,-0.149248956114401,29
"566",-2.85175078249133,-0.149248956114401,29
"567",-2.48343280450287,-0.149248956114401,29
"568",-2.11511482651442,-0.149248956114401,29
"569",-1.74679684852596,-0.149248956114401,29
"570",-1.3784788705375,-0.535013805837724,29
"571",-1.01016089254904,-0.920778655561046,29
"572",-0.641842914560582,-1.30654350528437,29
"573",-0.273524936572123,-1.30654350528437,29
"574",0.0947930414163354,-1.49942593014603,29
"575",0.463111019404794,-1.49942593014603,29
"576",0.831428997393252,-1.69230835500769,29
"577",1.19974697538171,-1.69230835500769,29
"578",1.56806495337017,-1.69230835500769,29
"579",1.93638293135863,-1.69230835500769,29
"580",2.30470090934709,-1.69230835500769,29
"581",-4.69334067243363,-0.149248956114401,30
"582",-4.32502269444517,-0.149248956114401,30
"583",-3.95670471645671,-0.149248956114401,30
"584",-3.58838673846825,-0.149248956114401,30
"585",-3.22006876047979,-0.149248956114401,30
"586",-2.85175078249133,-0.149248956114401,30
"587",-2.48343280450287,-0.149248956114401,30
"588",-2.11511482651442,-0.149248956114401,30
"589",-1.74679684852596,-0.149248956114401,30
"590",-1.3784788705375,-0.535013805837724,30
"591",-1.01016089254904,-0.920778655561046,30
"592",-0.641842914560582,-1.11366108042271,30
"593",-0.273524936572123,-1.30654350528437,30
"594",0.0947930414163354,-1.49942593014603,30
"595",0.463111019404794,-1.49942593014603,30
"596",0.831428997393252,-1.49942593014603,30
"597",1.19974697538171,-1.49942593014603,30
"598",1.56806495337017,-1.49942593014603,30
"599",1.93638293135863,-1.49942593014603,30
"600",2.30470090934709,-1.49942593014603,30
"601",-4.69334067243363,-0.149248956114401,31
"602",-4.32502269444517,-0.149248956114401,31
"603",-3.95670471645671,-0.149248956114401,31
"604",-3.58838673846825,-0.149248956114401,31
"605",-3.22006876047979,-0.149248956114401,31
"606",-2.85175078249133,-0.149248956114401,31
"607",-2.48343280450287,-0.149248956114401,31
"608",-2.11511482651442,-0.149248956114401,31
"609",-1.74679684852596,-0.149248956114401,31
"610",-1.3784788705375,-0.535013805837724,31
"611",-1.01016089254904,-0.920778655561046,31
"612",-0.641842914560582,-1.30654350528437,31
"613",-0.273524936572123,-1.49942593014603,31
"614",0.0947930414163354,-1.69230835500769,31
"615",0.463111019404794,-1.69230835500769,31
"616",0.831428997393252,-1.69230835500769,31
"617",1.19974697538171,-1.88519077986935,31
"618",1.56806495337017,-1.88519077986935,31
"619",1.93638293135863,-1.88519077986935,31
"620",2.30470090934709,-1.88519077986935,31
"621",-4.69334067243363,-0.149248956114401,32
"622",-4.32502269444517,-0.149248956114401,32
"623",-3.95670471645671,-0.149248956114401,32
"624",-3.58838673846825,-0.149248956114401,32
"625",-3.22006876047979,-0.149248956114401,32
"626",-2.85175078249133,-0.149248956114401,32
"627",-2.48343280450287,-0.149248956114401,32
"628",-2.11511482651442,-0.149248956114401,32
"629",-1.74679684852596,-0.149248956114401,32
"630",-1.3784788705375,-0.535013805837724,32
"631",-1.01016089254904,-0.920778655561046,32
"632",-0.641842914560582,-1.30654350528437,32
"633",-0.273524936572123,-1.30654350528437,32
"634",0.0947930414163354,-1.49942593014603,32
"635",0.463111019404794,-1.49942593014603,32
"636",0.831428997393252,-1.49942593014603,32
"637",1.19974697538171,-1.49942593014603,32
"638",1.56806495337017,-1.49942593014603,32
"639",1.93638293135863,-1.49942593014603,32
"640",2.30470090934709,-1.49942593014603,32
"641",-4.69334067243363,-0.149248956114401,33
"642",-4.32502269444517,-0.149248956114401,33
"643",-3.95670471645671,-0.149248956114401,33
"644",-3.58838673846825,-0.149248956114401,33
"645",-3.22006876047979,-0.149248956114401,33
"646",-2.85175078249133,-0.149248956114401,33
"647",-2.48343280450287,-0.149248956114401,33
"648",-2.11511482651442,-0.149248956114401,33
"649",-1.74679684852596,-0.149248956114401,33
"650",-1.3784788705375,-0.342131380976062,33
"651",-1.01016089254904,-1.11366108042271,33
"652",-0.641842914560582,-1.49942593014603,33
"653",-0.273524936572123,-1.69230835500769,33
"654",0.0947930414163354,-1.69230835500769,33
"655",0.463111019404794,-1.88519077986935,33
"656",0.831428997393252,-1.88519077986935,33
"657",1.19974697538171,-1.88519077986935,33
"658",1.56806495337017,-1.88519077986935,33
"659",1.93638293135863,-1.88519077986935,33
"660",2.30470090934709,-1.88519077986935,33
"661",-4.69334067243363,-0.149248956114401,34
"662",-4.32502269444517,-0.149248956114401,34
"663",-3.95670471645671,-0.149248956114401,34
"664",-3.58838673846825,-0.149248956114401,34
"665",-3.22006876047979,-0.149248956114401,34
"666",-2.85175078249133,-0.149248956114401,34
"667",-2.48343280450287,-0.149248956114401,34
"668",-2.11511482651442,-0.149248956114401,34
"669",-1.74679684852596,-0.149248956114401,34
"670",-1.3784788705375,-0.535013805837724,34
"671",-1.01016089254904,-0.920778655561046,34
"672",-0.641842914560582,-1.30654350528437,34
"673",-0.273524936572123,-1.49942593014603,34
"674",0.0947930414163354,-1.49942593014603,34
"675",0.463111019404794,-1.49942593014603,34
"676",0.831428997393252,-1.69230835500769,34
"677",1.19974697538171,-1.69230835500769,34
"678",1.56806495337017,-1.69230835500769,34
"679",1.93638293135863,-1.69230835500769,34
"680",2.30470090934709,-1.69230835500769,34
"681",-4.69334067243363,-0.149248956114401,35
"682",-4.32502269444517,-0.149248956114401,35
"683",-3.95670471645671,-0.149248956114401,35
"684",-3.58838673846825,-0.149248956114401,35
"685",-3.22006876047979,-0.149248956114401,35
"686",-2.85175078249133,-0.149248956114401,35
"687",-2.48343280450287,-0.149248956114401,35
"688",-2.11511482651442,-0.149248956114401,35
"689",-1.74679684852596,-0.149248956114401,35
"690",-1.3784788705375,-0.535013805837724,35
"691",-1.01016089254904,-0.920778655561046,35
"692",-0.641842914560582,-1.11366108042271,35
"693",-0.273524936572123,-1.30654350528437,35
"694",0.0947930414163354,-1.30654350528437,35
"695",0.463111019404794,-1.49942593014603,35
"696",0.831428997393252,-1.49942593014603,35
"697",1.19974697538171,-1.49942593014603,35
"698",1.56806495337017,-1.49942593014603,35
"699",1.93638293135863,-1.49942593014603,35
"700",2.30470090934709,-1.49942593014603,35
"701",-4.69334067243363,-0.149248956114401,36
"702",-4.32502269444517,-0.149248956114401,36
"703",-3.95670471645671,-0.149248956114401,36
"704",-3.58838673846825,-0.149248956114401,36
"705",-3.22006876047979,-0.149248956114401,36
"706",-2.85175078249133,-0.149248956114401,36
"707",-2.48343280450287,-0.149248956114401,36
"708",-2.11511482651442,-0.149248956114401,36
"709",-1.74679684852596,-0.149248956114401,36
"710",-1.3784788705375,-0.535013805837724,36
"711",-1.01016089254904,-0.920778655561046,36
"712",-0.641842914560582,-1.30654350528437,36
"713",-0.273524936572123,-1.49942593014603,36
"714",0.0947930414163354,-1.69230835500769,36
"715",0.463111019404794,-1.69230835500769,36
"716",0.831428997393252,-1.69230835500769,36
"717",1.19974697538171,-1.69230835500769,36
"718",1.56806495337017,-1.69230835500769,36
"719",1.93638293135863,-1.69230835500769,36
"720",2.30470090934709,-1.69230835500769,36
"721",-4.69334067243363,-0.149248956114401,37
"722",-4.32502269444517,-0.149248956114401,37
"723",-3.95670471645671,-0.149248956114401,37
"724",-3.58838673846825,-0.149248956114401,37
"725",-3.22006876047979,-0.149248956114401,37
"726",-2.85175078249133,-0.149248956114401,37
"727",-2.48343280450287,-0.149248956114401,37
"728",-2.11511482651442,-0.149248956114401,37
"729",-1.74679684852596,-0.149248956114401,37
"730",-1.3784788705375,-0.727896230699385,37
"731",-1.01016089254904,-0.920778655561046,37
"732",-0.641842914560582,-1.11366108042271,37
"733",-0.273524936572123,-1.30654350528437,37
"734",0.0947930414163354,-1.49942593014603,37
"735",0.463111019404794,-1.69230835500769,37
"736",0.831428997393252,-1.88519077986935,37
"737",1.19974697538171,-2.07807320473101,37
"738",1.56806495337017,-2.07807320473101,37
"739",1.93638293135863,-2.07807320473101,37
"740",2.30470090934709,-2.07807320473101,37
"741",-4.69334067243363,-0.149248956114401,38
"742",-4.32502269444517,-0.149248956114401,38
"743",-3.95670471645671,-0.149248956114401,38
"744",-3.58838673846825,-0.149248956114401,38
"745",-3.22006876047979,-0.149248956114401,38
"746",-2.85175078249133,-0.149248956114401,38
"747",-2.48343280450287,-0.149248956114401,38
"748",-2.11511482651442,-0.149248956114401,38
"749",-1.74679684852596,-0.149248956114401,38
"750",-1.3784788705375,-0.535013805837724,38
"751",-1.01016089254904,-0.920778655561046,38
"752",-0.641842914560582,-1.30654350528437,38
"753",-0.273524936572123,-1.49942593014603,38
"754",0.0947930414163354,-1.49942593014603,38
"755",0.463111019404794,-1.69230835500769,38
"756",0.831428997393252,-1.69230835500769,38
"757",1.19974697538171,-1.69230835500769,38
"758",1.56806495337017,-1.69230835500769,38
"759",1.93638293135863,-1.69230835500769,38
"760",2.30470090934709,-1.69230835500769,38
"761",-4.69334067243363,-0.149248956114401,39
"762",-4.32502269444517,-0.149248956114401,39
"763",-3.95670471645671,-0.149248956114401,39
"764",-3.58838673846825,-0.149248956114401,39
"765",-3.22006876047979,-0.149248956114401,39
"766",-2.85175078249133,-0.149248956114401,39
"767",-2.48343280450287,-0.149248956114401,39
"768",-2.11511482651442,-0.149248956114401,39
"769",-1.74679684852596,-0.149248956114401,39
"770",-1.3784788705375,-0.342131380976062,39
"771",-1.01016089254904,-1.11366108042271,39
"772",-0.641842914560582,-1.30654350528437,39
"773",-0.273524936572123,-1.49942593014603,39
"774",0.0947930414163354,-1.69230835500769,39
"775",0.463111019404794,-1.69230835500769,39
"776",0.831428997393252,-1.69230835500769,39
"777",1.19974697538171,-1.69230835500769,39
"778",1.56806495337017,-1.69230835500769,39
"779",1.93638293135863,-1.69230835500769,39
"780",2.30470090934709,-1.69230835500769,39
"781",-4.69334067243363,-0.149248956114401,40
"782",-4.32502269444517,-0.149248956114401,40
"783",-3.95670471645671,-0.149248956114401,40
"784",-3.58838673846825,-0.149248956114401,40
"785",-3.22006876047979,-0.149248956114401,40
"786",-2.85175078249133,-0.149248956114401,40
"787",-2.48343280450287,-0.149248956114401,40
"788",-2.11511482651442,-0.149248956114401,40
"789",-1.74679684852596,-0.149248956114401,40
"790",-1.3784788705375,-0.535013805837724,40
"791",-1.01016089254904,-0.920778655561046,40
"792",-0.641842914560582,-1.30654350528437,40
"793",-0.273524936572123,-1.49942593014603,40
"794",0.0947930414163354,-1.49942593014603,40
"795",0.463111019404794,-1.49942593014603,40
"796",0.831428997393252,-1.49942593014603,40
"797",1.19974697538171,-1.49942593014603,40
"798",1.56806495337017,-1.49942593014603,40
"799",1.93638293135863,-1.49942593014603,40
"800",2.30470090934709,-1.49942593014603,40
"801",-4.69334067243363,-0.149248956114401,41
"802",-4.32502269444517,-0.149248956114401,41
"803",-3.95670471645671,-0.149248956114401,41
"804",-3.58838673846825,-0.149248956114401,41
"805",-3.22006876047979,-0.149248956114401,41
"806",-2.85175078249133,-0.149248956114401,41
"807",-2.48343280450287,-0.149248956114401,41
"808",-2.11511482651442,-0.149248956114401,41
"809",-1.74679684852596,-0.149248956114401,41
"810",-1.3784788705375,-0.535013805837724,41
"811",-1.01016089254904,-0.920778655561046,41
"812",-0.641842914560582,-1.30654350528437,41
"813",-0.273524936572123,-1.49942593014603,41
"814",0.0947930414163354,-1.49942593014603,41
"815",0.463111019404794,-1.69230835500769,41
"816",0.831428997393252,-1.69230835500769,41
"817",1.19974697538171,-1.69230835500769,41
"818",1.56806495337017,-1.69230835500769,41
"819",1.93638293135863,-1.69230835500769,41
"820",2.30470090934709,-1.69230835500769,41
"821",-4.69334067243363,-0.149248956114401,42
"822",-4.32502269444517,-0.149248956114401,42
"823",-3.95670471645671,-0.149248956114401,42
"824",-3.58838673846825,-0.149248956114401,42
"825",-3.22006876047979,-0.149248956114401,42
"826",-2.85175078249133,-0.149248956114401,42
"827",-2.48343280450287,-0.149248956114401,42
"828",-2.11511482651442,-0.149248956114401,42
"829",-1.74679684852596,-0.149248956114401,42
"830",-1.3784788705375,-0.535013805837724,42
"831",-1.01016089254904,-0.920778655561046,42
"832",-0.641842914560582,-1.30654350528437,42
"833",-0.273524936572123,-1.49942593014603,42
"834",0.0947930414163354,-1.49942593014603,42
"835",0.463111019404794,-1.69230835500769,42
"836",0.831428997393252,-1.69230835500769,42
"837",1.19974697538171,-1.69230835500769,42
"838",1.56806495337017,-1.69230835500769,42
"839",1.93638293135863,-1.69230835500769,42
"840",2.30470090934709,-1.69230835500769,42
"841",-4.69334067243363,-0.149248956114401,43
"842",-4.32502269444517,-0.149248956114401,43
"843",-3.95670471645671,-0.149248956114401,43
"844",-3.58838673846825,-0.149248956114401,43
"845",-3.22006876047979,-0.149248956114401,43
"846",-2.85175078249133,-0.149248956114401,43
"847",-2.48343280450287,-0.149248956114401,43
"848",-2.11511482651442,-0.149248956114401,43
"849",-1.74679684852596,-0.149248956114401,43
"850",-1.3784788705375,-0.535013805837724,43
"851",-1.01016089254904,-0.920778655561046,43
"852",-0.641842914560582,-1.30654350528437,43
"853",-0.273524936572123,-1.49942593014603,43
"854",0.0947930414163354,-1.49942593014603,43
"855",0.463111019404794,-1.69230835500769,43
"856",0.831428997393252,-1.69230835500769,43
"857",1.19974697538171,-1.69230835500769,43
"858",1.56806495337017,-1.69230835500769,43
"859",1.93638293135863,-1.69230835500769,43
"860",2.30470090934709,-1.69230835500769,43
"861",-4.69334067243363,-0.149248956114401,44
"862",-4.32502269444517,-0.149248956114401,44
"863",-3.95670471645671,-0.149248956114401,44
"864",-3.58838673846825,-0.149248956114401,44
"865",-3.22006876047979,-0.149248956114401,44
"866",-2.85175078249133,-0.149248956114401,44
"867",-2.48343280450287,-0.149248956114401,44
"868",-2.11511482651442,-0.149248956114401,44
"869",-1.74679684852596,-0.149248956114401,44
"870",-1.3784788705375,-0.535013805837724,44
"871",-1.01016089254904,-0.920778655561046,44
"872",-0.641842914560582,-1.30654350528437,44
"873",-0.273524936572123,-1.49942593014603,44
"874",0.0947930414163354,-1.49942593014603,44
"875",0.463111019404794,-1.69230835500769,44
"876",0.831428997393252,-1.69230835500769,44
"877",1.19974697538171,-1.69230835500769,44
"878",1.56806495337017,-1.69230835500769,44
"879",1.93638293135863,-1.69230835500769,44
"880",2.30470090934709,-1.69230835500769,44
"881",-4.69334067243363,-0.149248956114401,45
"882",-4.32502269444517,-0.149248956114401,45
"883",-3.95670471645671,-0.149248956114401,45
"884",-3.58838673846825,-0.149248956114401,45
"885",-3.22006876047979,-0.149248956114401,45
"886",-2.85175078249133,-0.149248956114401,45
"887",-2.48343280450287,-0.149248956114401,45
"888",-2.11511482651442,-0.149248956114401,45
"889",-1.74679684852596,-0.149248956114401,45
"890",-1.3784788705375,-0.342131380976062,45
"891",-1.01016089254904,-0.920778655561046,45
"892",-0.641842914560582,-1.30654350528437,45
"893",-0.273524936572123,-1.49942593014603,45
"894",0.0947930414163354,-1.49942593014603,45
"895",0.463111019404794,-1.69230835500769,45
"896",0.831428997393252,-1.69230835500769,45
"897",1.19974697538171,-1.69230835500769,45
"898",1.56806495337017,-1.69230835500769,45
"899",1.93638293135863,-1.69230835500769,45
"900",2.30470090934709,-1.69230835500769,45
"901",-4.69334067243363,-0.149248956114401,46
"902",-4.32502269444517,-0.149248956114401,46
"903",-3.95670471645671,-0.149248956114401,46
"904",-3.58838673846825,-0.149248956114401,46
"905",-3.22006876047979,-0.149248956114401,46
"906",-2.85175078249133,-0.149248956114401,46
"907",-2.48343280450287,-0.149248956114401,46
"908",-2.11511482651442,-0.149248956114401,46
"909",-1.74679684852596,-0.149248956114401,46
"910",-1.3784788705375,-0.149248956114401,46
"911",-1.01016089254904,-1.11366108042271,46
"912",-0.641842914560582,-1.49942593014603,46
"913",-0.273524936572123,-1.69230835500769,46
"914",0.0947930414163354,-1.69230835500769,46
"915",0.463111019404794,-1.69230835500769,46
"916",0.831428997393252,-1.88519077986935,46
"917",1.19974697538171,-1.88519077986935,46
"918",1.56806495337017,-1.88519077986935,46
"919",1.93638293135863,-1.88519077986935,46
"920",2.30470090934709,-1.88519077986935,46
"921",-4.69334067243363,-0.149248956114401,47
"922",-4.32502269444517,-0.149248956114401,47
"923",-3.95670471645671,-0.149248956114401,47
"924",-3.58838673846825,-0.149248956114401,47
"925",-3.22006876047979,-0.149248956114401,47
"926",-2.85175078249133,-0.149248956114401,47
"927",-2.48343280450287,-0.149248956114401,47
"928",-2.11511482651442,-0.149248956114401,47
"929",-1.74679684852596,-0.342131380976062,47
"930",-1.3784788705375,-0.727896230699385,47
"931",-1.01016089254904,-0.920778655561046,47
"932",-0.641842914560582,-1.11366108042271,47
"933",-0.273524936572123,-1.11366108042271,47
"934",0.0947930414163354,-1.49942593014603,47
"935",0.463111019404794,-1.88519077986935,47
"936",0.831428997393252,-2.07807320473101,47
"937",1.19974697538171,-2.46383805445434,47
"938",1.56806495337017,-2.46383805445434,47
"939",1.93638293135863,-2.46383805445434,47
"940",2.30470090934709,-2.46383805445434,47
"941",-4.69334067243363,-0.149248956114401,48
"942",-4.32502269444517,-0.149248956114401,48
"943",-3.95670471645671,-0.149248956114401,48
"944",-3.58838673846825,-0.149248956114401,48
"945",-3.22006876047979,-0.149248956114401,48
"946",-2.85175078249133,-0.149248956114401,48
"947",-2.48343280450287,-0.149248956114401,48
"948",-2.11511482651442,-0.149248956114401,48
"949",-1.74679684852596,-0.149248956114401,48
"950",-1.3784788705375,-0.727896230699385,48
"951",-1.01016089254904,-0.920778655561046,48
"952",-0.641842914560582,-1.11366108042271,48
"953",-0.273524936572123,-1.30654350528437,48
"954",0.0947930414163354,-1.30654350528437,48
"955",0.463111019404794,-1.30654350528437,48
"956",0.831428997393252,-1.30654350528437,48
"957",1.19974697538171,-1.30654350528437,48
"958",1.56806495337017,-1.30654350528437,48
"959",1.93638293135863,-1.30654350528437,48
"960",2.30470090934709,-1.30654350528437,48
"961",-4.69334067243363,-0.149248956114401,49
"962",-4.32502269444517,-0.149248956114401,49
"963",-3.95670471645671,-0.149248956114401,49
"964",-3.58838673846825,-0.149248956114401,49
"965",-3.22006876047979,-0.149248956114401,49
"966",-2.85175078249133,-0.149248956114401,49
"967",-2.48343280450287,-0.149248956114401,49
"968",-2.11511482651442,-0.149248956114401,49
"969",-1.74679684852596,-0.149248956114401,49
"970",-1.3784788705375,-0.727896230699385,49
"971",-1.01016089254904,-0.920778655561046,49
"972",-0.641842914560582,-1.11366108042271,49
"973",-0.273524936572123,-1.11366108042271,49
"974",0.0947930414163354,-1.30654350528437,49
"975",0.463111019404794,-1.30654350528437,49
"976",0.831428997393252,-1.49942593014603,49
"977",1.19974697538171,-1.49942593014603,49
"978",1.56806495337017,-1.49942593014603,49
"979",1.93638293135863,-1.49942593014603,49
"980",2.30470090934709,-1.49942593014603,49
"981",-4.69334067243363,-0.149248956114401,50
"982",-4.32502269444517,-0.149248956114401,50
"983",-3.95670471645671,-0.149248956114401,50
"984",-3.58838673846825,-0.149248956114401,50
"985",-3.22006876047979,-0.149248956114401,50
"986",-2.85175078249133,-0.149248956114401,50
"987",-2.48343280450287,-0.149248956114401,50
"988",-2.11511482651442,-0.149248956114401,50
"989",-1.74679684852596,-0.727896230699385,50
"990",-1.3784788705375,-0.727896230699385,50
"991",-1.01016089254904,-0.920778655561046,50
"992",-0.641842914560582,-0.920778655561046,50
"993",-0.273524936572123,-1.11366108042271,50
"994",0.0947930414163354,-1.49942593014603,50
"995",0.463111019404794,-1.69230835500769,50
"996",0.831428997393252,-1.69230835500769,50
"997",1.19974697538171,-1.88519077986935,50
"998",1.56806495337017,-1.88519077986935,50
"999",1.93638293135863,-1.88519077986935,50
"1000",2.30470090934709,-1.88519077986935,50
"1001",-4.69334067243363,-0.149248956114401,51
"1002",-4.32502269444517,-0.149248956114401,51
"1003",-3.95670471645671,-0.149248956114401,51
"1004",-3.58838673846825,-0.149248956114401,51
"1005",-3.22006876047979,-0.149248956114401,51
"1006",-2.85175078249133,-0.149248956114401,51
"1007",-2.48343280450287,-0.149248956114401,51
"1008",-2.11511482651442,-0.149248956114401,51
"1009",-1.74679684852596,-0.149248956114401,51
"1010",-1.3784788705375,-0.342131380976062,51
"1011",-1.01016089254904,-0.920778655561046,51
"1012",-0.641842914560582,-1.30654350528437,51
"1013",-0.273524936572123,-1.49942593014603,51
"1014",0.0947930414163354,-1.69230835500769,51
"1015",0.463111019404794,-1.69230835500769,51
"1016",0.831428997393252,-1.69230835500769,51
"1017",1.19974697538171,-1.69230835500769,51
"1018",1.56806495337017,-1.69230835500769,51
"1019",1.93638293135863,-1.69230835500769,51
"1020",2.30470090934709,-1.69230835500769,51
"1021",-4.69334067243363,-0.149248956114401,52
"1022",-4.32502269444517,-0.149248956114401,52
"1023",-3.95670471645671,-0.149248956114401,52
"1024",-3.58838673846825,-0.149248956114401,52
"1025",-3.22006876047979,-0.149248956114401,52
"1026",-2.85175078249133,-0.149248956114401,52
"1027",-2.48343280450287,-0.149248956114401,52
"1028",-2.11511482651442,-0.149248956114401,52
"1029",-1.74679684852596,-0.535013805837724,52
"1030",-1.3784788705375,-0.727896230699385,52
"1031",-1.01016089254904,-0.920778655561046,52
"1032",-0.641842914560582,-1.11366108042271,52
"1033",-0.273524936572123,-1.30654350528437,52
"1034",0.0947930414163354,-1.69230835500769,52
"1035",0.463111019404794,-1.69230835500769,52
"1036",0.831428997393252,-1.88519077986935,52
"1037",1.19974697538171,-1.88519077986935,52
"1038",1.56806495337017,-1.88519077986935,52
"1039",1.93638293135863,-1.88519077986935,52
"1040",2.30470090934709,-1.88519077986935,52
"1041",-4.69334067243363,-0.149248956114401,53
"1042",-4.32502269444517,-0.149248956114401,53
"1043",-3.95670471645671,-0.149248956114401,53
"1044",-3.58838673846825,-0.149248956114401,53
"1045",-3.22006876047979,-0.149248956114401,53
"1046",-2.85175078249133,-0.149248956114401,53
"1047",-2.48343280450287,-0.149248956114401,53
"1048",-2.11511482651442,-0.149248956114401,53
"1049",-1.74679684852596,-0.149248956114401,53
"1050",-1.3784788705375,-0.535013805837724,53
"1051",-1.01016089254904,-0.920778655561046,53
"1052",-0.641842914560582,-1.11366108042271,53
"1053",-0.273524936572123,-1.30654350528437,53
"1054",0.0947930414163354,-1.49942593014603,53
"1055",0.463111019404794,-1.49942593014603,53
"1056",0.831428997393252,-1.49942593014603,53
"1057",1.19974697538171,-1.49942593014603,53
"1058",1.56806495337017,-1.69230835500769,53
"1059",1.93638293135863,-1.69230835500769,53
"1060",2.30470090934709,-1.69230835500769,53
"1061",-4.69334067243363,-0.149248956114401,54
"1062",-4.32502269444517,-0.149248956114401,54
"1063",-3.95670471645671,-0.149248956114401,54
"1064",-3.58838673846825,-0.149248956114401,54
"1065",-3.22006876047979,-0.149248956114401,54
"1066",-2.85175078249133,-0.149248956114401,54
"1067",-2.48343280450287,-0.149248956114401,54
"1068",-2.11511482651442,-0.149248956114401,54
"1069",-1.74679684852596,-0.149248956114401,54
"1070",-1.3784788705375,-0.535013805837724,54
"1071",-1.01016089254904,-0.920778655561046,54
"1072",-0.641842914560582,-1.11366108042271,54
"1073",-0.273524936572123,-1.30654350528437,54
"1074",0.0947930414163354,-1.30654350528437,54
"1075",0.463111019404794,-1.49942593014603,54
"1076",0.831428997393252,-1.49942593014603,54
"1077",1.19974697538171,-1.49942593014603,54
"1078",1.56806495337017,-1.49942593014603,54
"1079",1.93638293135863,-1.49942593014603,54
"1080",2.30470090934709,-1.49942593014603,54
"1081",-4.69334067243363,-0.149248956114401,55
"1082",-4.32502269444517,-0.149248956114401,55
"1083",-3.95670471645671,-0.149248956114401,55
"1084",-3.58838673846825,-0.149248956114401,55
"1085",-3.22006876047979,-0.149248956114401,55
"1086",-2.85175078249133,-0.149248956114401,55
"1087",-2.48343280450287,-0.149248956114401,55
"1088",-2.11511482651442,-0.149248956114401,55
"1089",-1.74679684852596,-0.149248956114401,55
"1090",-1.3784788705375,-0.535013805837724,55
"1091",-1.01016089254904,-0.920778655561046,55
"1092",-0.641842914560582,-1.30654350528437,55
"1093",-0.273524936572123,-1.49942593014603,55
"1094",0.0947930414163354,-1.49942593014603,55
"1095",0.463111019404794,-1.69230835500769,55
"1096",0.831428997393252,-1.69230835500769,55
"1097",1.19974697538171,-1.69230835500769,55
"1098",1.56806495337017,-1.69230835500769,55
"1099",1.93638293135863,-1.69230835500769,55
"1100",2.30470090934709,-1.69230835500769,55
"1101",-4.69334067243363,-0.149248956114401,56
"1102",-4.32502269444517,-0.149248956114401,56
"1103",-3.95670471645671,-0.149248956114401,56
"1104",-3.58838673846825,-0.149248956114401,56
"1105",-3.22006876047979,-0.149248956114401,56
"1106",-2.85175078249133,-0.149248956114401,56
"1107",-2.48343280450287,-0.149248956114401,56
"1108",-2.11511482651442,-0.149248956114401,56
"1109",-1.74679684852596,-0.149248956114401,56
"1110",-1.3784788705375,-0.149248956114401,56
"1111",-1.01016089254904,-1.11366108042271,56
"1112",-0.641842914560582,-1.49942593014603,56
"1113",-0.273524936572123,-1.69230835500769,56
"1114",0.0947930414163354,-1.88519077986935,56
"1115",0.463111019404794,-1.88519077986935,56
"1116",0.831428997393252,-1.88519077986935,56
"1117",1.19974697538171,-1.88519077986935,56
"1118",1.56806495337017,-1.88519077986935,56
"1119",1.93638293135863,-1.88519077986935,56
"1120",2.30470090934709,-1.88519077986935,56
"1121",-4.69334067243363,-0.149248956114401,57
"1122",-4.32502269444517,-0.149248956114401,57
"1123",-3.95670471645671,-0.149248956114401,57
"1124",-3.58838673846825,-0.149248956114401,57
"1125",-3.22006876047979,-0.149248956114401,57
"1126",-2.85175078249133,-0.149248956114401,57
"1127",-2.48343280450287,-0.149248956114401,57
"1128",-2.11511482651442,-0.149248956114401,57
"1129",-1.74679684852596,-0.149248956114401,57
"1130",-1.3784788705375,-0.535013805837724,57
"1131",-1.01016089254904,-0.920778655561046,57
"1132",-0.641842914560582,-1.30654350528437,57
"1133",-0.273524936572123,-1.30654350528437,57
"1134",0.0947930414163354,-1.49942593014603,57
"1135",0.463111019404794,-1.49942593014603,57
"1136",0.831428997393252,-1.49942593014603,57
"1137",1.19974697538171,-1.49942593014603,57
"1138",1.56806495337017,-1.49942593014603,57
"1139",1.93638293135863,-1.49942593014603,57
"1140",2.30470090934709,-1.49942593014603,57
"1141",-4.69334067243363,-0.149248956114401,58
"1142",-4.32502269444517,-0.149248956114401,58
"1143",-3.95670471645671,-0.149248956114401,58
"1144",-3.58838673846825,-0.149248956114401,58
"1145",-3.22006876047979,-0.149248956114401,58
"1146",-2.85175078249133,-0.149248956114401,58
"1147",-2.48343280450287,-0.149248956114401,58
"1148",-2.11511482651442,-0.149248956114401,58
"1149",-1.74679684852596,-0.342131380976062,58
"1150",-1.3784788705375,-0.727896230699385,58
"1151",-1.01016089254904,-0.920778655561046,58
"1152",-0.641842914560582,-1.30654350528437,58
"1153",-0.273524936572123,-1.49942593014603,58
"1154",0.0947930414163354,-1.69230835500769,58
"1155",0.463111019404794,-1.69230835500769,58
"1156",0.831428997393252,-1.88519077986935,58
"1157",1.19974697538171,-1.88519077986935,58
"1158",1.56806495337017,-1.88519077986935,58
"1159",1.93638293135863,-1.88519077986935,58
"1160",2.30470090934709,-1.88519077986935,58
"1161",-4.69334067243363,-0.149248956114401,59
"1162",-4.32502269444517,-0.149248956114401,59
"1163",-3.95670471645671,-0.149248956114401,59
"1164",-3.58838673846825,-0.149248956114401,59
"1165",-3.22006876047979,-0.149248956114401,59
"1166",-2.85175078249133,-0.149248956114401,59
"1167",-2.48343280450287,-0.149248956114401,59
"1168",-2.11511482651442,-0.149248956114401,59
"1169",-1.74679684852596,-0.149248956114401,59
"1170",-1.3784788705375,-0.727896230699385,59
"1171",-1.01016089254904,-0.920778655561046,59
"1172",-0.641842914560582,-1.11366108042271,59
"1173",-0.273524936572123,-1.49942593014603,59
"1174",0.0947930414163354,-1.69230835500769,59
"1175",0.463111019404794,-1.69230835500769,59
"1176",0.831428997393252,-1.69230835500769,59
"1177",1.19974697538171,-1.69230835500769,59
"1178",1.56806495337017,-1.88519077986935,59
"1179",1.93638293135863,-1.88519077986935,59
"1180",2.30470090934709,-1.88519077986935,59
"1181",-4.69334067243363,-0.149248956114401,60
"1182",-4.32502269444517,-0.149248956114401,60
"1183",-3.95670471645671,-0.149248956114401,60
"1184",-3.58838673846825,-0.149248956114401,60
"1185",-3.22006876047979,-0.149248956114401,60
"1186",-2.85175078249133,-0.149248956114401,60
"1187",-2.48343280450287,-0.149248956114401,60
"1188",-2.11511482651442,-0.149248956114401,60
"1189",-1.74679684852596,-0.149248956114401,60
"1190",-1.3784788705375,-0.342131380976062,60
"1191",-1.01016089254904,-1.11366108042271,60
"1192",-0.641842914560582,-1.49942593014603,60
"1193",-0.273524936572123,-1.88519077986935,60
"1194",0.0947930414163354,-2.07807320473101,60
"1195",0.463111019404794,-2.27095562959268,60
"1196",0.831428997393252,-2.27095562959268,60
"1197",1.19974697538171,-2.27095562959268,60
"1198",1.56806495337017,-2.27095562959268,60
"1199",1.93638293135863,-2.27095562959268,60
"1200",2.30470090934709,-2.27095562959268,60
"1201",-4.69334067243363,-0.149248956114401,61
"1202",-4.32502269444517,-0.149248956114401,61
"1203",-3.95670471645671,-0.149248956114401,61
"1204",-3.58838673846825,-0.149248956114401,61
"1205",-3.22006876047979,-0.149248956114401,61
"1206",-2.85175078249133,-0.149248956114401,61
"1207",-2.48343280450287,-0.149248956114401,61
"1208",-2.11511482651442,-0.149248956114401,61
"1209",-1.74679684852596,-0.149248956114401,61
"1210",-1.3784788705375,-0.342131380976062,61
"1211",-1.01016089254904,-1.11366108042271,61
"1212",-0.641842914560582,-1.49942593014603,61
"1213",-0.273524936572123,-1.88519077986935,61
"1214",0.0947930414163354,-1.88519077986935,61
"1215",0.463111019404794,-2.07807320473101,61
"1216",0.831428997393252,-2.07807320473101,61
"1217",1.19974697538171,-2.07807320473101,61
"1218",1.56806495337017,-2.07807320473101,61
"1219",1.93638293135863,-2.07807320473101,61
"1220",2.30470090934709,-2.07807320473101,61
"1221",-4.69334067243363,-0.149248956114401,62
"1222",-4.32502269444517,-0.149248956114401,62
"1223",-3.95670471645671,-0.149248956114401,62
"1224",-3.58838673846825,-0.149248956114401,62
"1225",-3.22006876047979,-0.149248956114401,62
"1226",-2.85175078249133,-0.149248956114401,62
"1227",-2.48343280450287,-0.149248956114401,62
"1228",-2.11511482651442,-0.149248956114401,62
"1229",-1.74679684852596,-0.149248956114401,62
"1230",-1.3784788705375,-0.535013805837724,62
"1231",-1.01016089254904,-0.920778655561046,62
"1232",-0.641842914560582,-1.30654350528437,62
"1233",-0.273524936572123,-1.49942593014603,62
"1234",0.0947930414163354,-1.49942593014603,62
"1235",0.463111019404794,-1.69230835500769,62
"1236",0.831428997393252,-1.69230835500769,62
"1237",1.19974697538171,-1.69230835500769,62
"1238",1.56806495337017,-1.69230835500769,62
"1239",1.93638293135863,-1.69230835500769,62
"1240",2.30470090934709,-1.69230835500769,62
"1241",-4.69334067243363,-0.149248956114401,63
"1242",-4.32502269444517,-0.149248956114401,63
"1243",-3.95670471645671,-0.149248956114401,63
"1244",-3.58838673846825,-0.149248956114401,63
"1245",-3.22006876047979,-0.149248956114401,63
"1246",-2.85175078249133,-0.149248956114401,63
"1247",-2.48343280450287,-0.149248956114401,63
"1248",-2.11511482651442,-0.149248956114401,63
"1249",-1.74679684852596,-0.149248956114401,63
"1250",-1.3784788705375,-0.535013805837724,63
"1251",-1.01016089254904,-1.11366108042271,63
"1252",-0.641842914560582,-1.49942593014603,63
"1253",-0.273524936572123,-1.88519077986935,63
"1254",0.0947930414163354,-2.07807320473101,63
"1255",0.463111019404794,-2.27095562959268,63
"1256",0.831428997393252,-2.27095562959268,63
"1257",1.19974697538171,-2.27095562959268,63
"1258",1.56806495337017,-2.27095562959268,63
"1259",1.93638293135863,-2.27095562959268,63
"1260",2.30470090934709,-2.27095562959268,63
"1261",-4.69334067243363,-0.149248956114401,64
"1262",-4.32502269444517,-0.149248956114401,64
"1263",-3.95670471645671,-0.149248956114401,64
"1264",-3.58838673846825,-0.149248956114401,64
"1265",-3.22006876047979,-0.149248956114401,64
"1266",-2.85175078249133,-0.149248956114401,64
"1267",-2.48343280450287,-0.149248956114401,64
"1268",-2.11511482651442,-0.149248956114401,64
"1269",-1.74679684852596,-0.149248956114401,64
"1270",-1.3784788705375,-0.535013805837724,64
"1271",-1.01016089254904,-0.920778655561046,64
"1272",-0.641842914560582,-1.30654350528437,64
"1273",-0.273524936572123,-1.49942593014603,64
"1274",0.0947930414163354,-1.69230835500769,64
"1275",0.463111019404794,-1.69230835500769,64
"1276",0.831428997393252,-1.69230835500769,64
"1277",1.19974697538171,-1.69230835500769,64
"1278",1.56806495337017,-1.88519077986935,64
"1279",1.93638293135863,-1.88519077986935,64
"1280",2.30470090934709,-1.88519077986935,64
"1281",-4.69334067243363,-0.149248956114401,65
"1282",-4.32502269444517,-0.149248956114401,65
"1283",-3.95670471645671,-0.149248956114401,65
"1284",-3.58838673846825,-0.149248956114401,65
"1285",-3.22006876047979,-0.149248956114401,65
"1286",-2.85175078249133,-0.149248956114401,65
"1287",-2.48343280450287,-0.149248956114401,65
"1288",-2.11511482651442,-0.149248956114401,65
"1289",-1.74679684852596,-0.149248956114401,65
"1290",-1.3784788705375,-0.535013805837724,65
"1291",-1.01016089254904,-0.920778655561046,65
"1292",-0.641842914560582,-1.30654350528437,65
"1293",-0.273524936572123,-1.49942593014603,65
"1294",0.0947930414163354,-1.69230835500769,65
"1295",0.463111019404794,-1.69230835500769,65
"1296",0.831428997393252,-1.88519077986935,65
"1297",1.19974697538171,-1.88519077986935,65
"1298",1.56806495337017,-1.88519077986935,65
"1299",1.93638293135863,-1.88519077986935,65
"1300",2.30470090934709,-1.88519077986935,65
"1301",-4.69334067243363,-0.149248956114401,66
"1302",-4.32502269444517,-0.149248956114401,66
"1303",-3.95670471645671,-0.149248956114401,66
"1304",-3.58838673846825,-0.149248956114401,66
"1305",-3.22006876047979,-0.149248956114401,66
"1306",-2.85175078249133,-0.149248956114401,66
"1307",-2.48343280450287,-0.149248956114401,66
"1308",-2.11511482651442,-0.149248956114401,66
"1309",-1.74679684852596,-0.149248956114401,66
"1310",-1.3784788705375,-0.535013805837724,66
"1311",-1.01016089254904,-0.920778655561046,66
"1312",-0.641842914560582,-1.30654350528437,66
"1313",-0.273524936572123,-1.49942593014603,66
"1314",0.0947930414163354,-1.49942593014603,66
"1315",0.463111019404794,-1.49942593014603,66
"1316",0.831428997393252,-1.69230835500769,66
"1317",1.19974697538171,-1.69230835500769,66
"1318",1.56806495337017,-1.69230835500769,66
"1319",1.93638293135863,-1.69230835500769,66
"1320",2.30470090934709,-1.69230835500769,66
"1321",-4.69334067243363,-0.149248956114401,67
"1322",-4.32502269444517,-0.149248956114401,67
"1323",-3.95670471645671,-0.149248956114401,67
"1324",-3.58838673846825,-0.149248956114401,67
"1325",-3.22006876047979,-0.149248956114401,67
"1326",-2.85175078249133,-0.149248956114401,67
"1327",-2.48343280450287,-0.149248956114401,67
"1328",-2.11511482651442,-0.149248956114401,67
"1329",-1.74679684852596,-0.149248956114401,67
"1330",-1.3784788705375,-0.342131380976062,67
"1331",-1.01016089254904,-0.920778655561046,67
"1332",-0.641842914560582,-1.30654350528437,67
"1333",-0.273524936572123,-1.49942593014603,67
"1334",0.0947930414163354,-1.49942593014603,67
"1335",0.463111019404794,-1.49942593014603,67
"1336",0.831428997393252,-1.49942593014603,67
"1337",1.19974697538171,-1.49942593014603,67
"1338",1.56806495337017,-1.49942593014603,67
"1339",1.93638293135863,-1.49942593014603,67
"1340",2.30470090934709,-1.49942593014603,67
"1341",-4.69334067243363,-0.149248956114401,68
"1342",-4.32502269444517,-0.149248956114401,68
"1343",-3.95670471645671,-0.149248956114401,68
"1344",-3.58838673846825,-0.149248956114401,68
"1345",-3.22006876047979,-0.149248956114401,68
"1346",-2.85175078249133,-0.149248956114401,68
"1347",-2.48343280450287,-0.149248956114401,68
"1348",-2.11511482651442,-0.149248956114401,68
"1349",-1.74679684852596,-0.149248956114401,68
"1350",-1.3784788705375,-0.149248956114401,68
"1351",-1.01016089254904,-1.11366108042271,68
"1352",-0.641842914560582,-1.49942593014603,68
"1353",-0.273524936572123,-1.69230835500769,68
"1354",0.0947930414163354,-1.88519077986935,68
"1355",0.463111019404794,-1.88519077986935,68
"1356",0.831428997393252,-1.88519077986935,68
"1357",1.19974697538171,-1.88519077986935,68
"1358",1.56806495337017,-1.88519077986935,68
"1359",1.93638293135863,-1.88519077986935,68
"1360",2.30470090934709,-1.88519077986935,68
"1361",-4.69334067243363,-0.149248956114401,69
"1362",-4.32502269444517,-0.149248956114401,69
"1363",-3.95670471645671,-0.149248956114401,69
"1364",-3.58838673846825,-0.149248956114401,69
"1365",-3.22006876047979,-0.149248956114401,69
"1366",-2.85175078249133,-0.149248956114401,69
"1367",-2.48343280450287,-0.149248956114401,69
"1368",-2.11511482651442,-0.149248956114401,69
"1369",-1.74679684852596,-0.342131380976062,69
"1370",-1.3784788705375,-0.727896230699385,69
"1371",-1.01016089254904,-0.920778655561046,69
"1372",-0.641842914560582,-0.920778655561046,69
"1373",-0.273524936572123,-1.11366108042271,69
"1374",0.0947930414163354,-1.11366108042271,69
"1375",0.463111019404794,-1.30654350528437,69
"1376",0.831428997393252,-1.49942593014603,69
"1377",1.19974697538171,-1.49942593014603,69
"1378",1.56806495337017,-1.69230835500769,69
"1379",1.93638293135863,-1.69230835500769,69
"1380",2.30470090934709,-1.69230835500769,69
"1381",-4.69334067243363,-0.149248956114401,70
"1382",-4.32502269444517,-0.149248956114401,70
"1383",-3.95670471645671,-0.149248956114401,70
"1384",-3.58838673846825,-0.149248956114401,70
"1385",-3.22006876047979,-0.149248956114401,70
"1386",-2.85175078249133,-0.149248956114401,70
"1387",-2.48343280450287,-0.149248956114401,70
"1388",-2.11511482651442,-0.149248956114401,70
"1389",-1.74679684852596,-0.149248956114401,70
"1390",-1.3784788705375,-0.342131380976062,70
"1391",-1.01016089254904,-1.11366108042271,70
"1392",-0.641842914560582,-1.49942593014603,70
"1393",-0.273524936572123,-1.69230835500769,70
"1394",0.0947930414163354,-1.88519077986935,70
"1395",0.463111019404794,-2.07807320473101,70
"1396",0.831428997393252,-2.07807320473101,70
"1397",1.19974697538171,-2.07807320473101,70
"1398",1.56806495337017,-2.07807320473101,70
"1399",1.93638293135863,-2.07807320473101,70
"1400",2.30470090934709,-2.07807320473101,70
"1401",-4.69334067243363,-0.149248956114401,71
"1402",-4.32502269444517,-0.149248956114401,71
"1403",-3.95670471645671,-0.149248956114401,71
"1404",-3.58838673846825,-0.149248956114401,71
"1405",-3.22006876047979,-0.149248956114401,71
"1406",-2.85175078249133,-0.149248956114401,71
"1407",-2.48343280450287,-0.149248956114401,71
"1408",-2.11511482651442,-0.149248956114401,71
"1409",-1.74679684852596,-0.149248956114401,71
"1410",-1.3784788705375,-0.727896230699385,71
"1411",-1.01016089254904,-0.920778655561046,71
"1412",-0.641842914560582,-1.30654350528437,71
"1413",-0.273524936572123,-1.69230835500769,71
"1414",0.0947930414163354,-1.88519077986935,71
"1415",0.463111019404794,-2.07807320473101,71
"1416",0.831428997393252,-2.07807320473101,71
"1417",1.19974697538171,-2.07807320473101,71
"1418",1.56806495337017,-2.07807320473101,71
"1419",1.93638293135863,-2.07807320473101,71
"1420",2.30470090934709,-2.07807320473101,71
"1421",-4.69334067243363,-0.149248956114401,72
"1422",-4.32502269444517,-0.149248956114401,72
"1423",-3.95670471645671,-0.149248956114401,72
"1424",-3.58838673846825,-0.149248956114401,72
"1425",-3.22006876047979,-0.149248956114401,72
"1426",-2.85175078249133,-0.149248956114401,72
"1427",-2.48343280450287,-0.149248956114401,72
"1428",-2.11511482651442,-0.149248956114401,72
"1429",-1.74679684852596,-0.149248956114401,72
"1430",-1.3784788705375,-0.535013805837724,72
"1431",-1.01016089254904,-0.920778655561046,72
"1432",-0.641842914560582,-1.30654350528437,72
"1433",-0.273524936572123,-1.49942593014603,72
"1434",0.0947930414163354,-1.69230835500769,72
"1435",0.463111019404794,-1.69230835500769,72
"1436",0.831428997393252,-1.88519077986935,72
"1437",1.19974697538171,-1.88519077986935,72
"1438",1.56806495337017,-1.88519077986935,72
"1439",1.93638293135863,-1.88519077986935,72
"1440",2.30470090934709,-1.88519077986935,72
"1441",-4.69334067243363,-0.149248956114401,73
"1442",-4.32502269444517,-0.149248956114401,73
"1443",-3.95670471645671,-0.149248956114401,73
"1444",-3.58838673846825,-0.149248956114401,73
"1445",-3.22006876047979,-0.149248956114401,73
"1446",-2.85175078249133,-0.149248956114401,73
"1447",-2.48343280450287,-0.149248956114401,73
"1448",-2.11511482651442,-0.149248956114401,73
"1449",-1.74679684852596,-0.149248956114401,73
"1450",-1.3784788705375,-0.535013805837724,73
"1451",-1.01016089254904,-0.920778655561046,73
"1452",-0.641842914560582,-1.30654350528437,73
"1453",-0.273524936572123,-1.30654350528437,73
"1454",0.0947930414163354,-1.49942593014603,73
"1455",0.463111019404794,-1.49942593014603,73
"1456",0.831428997393252,-1.69230835500769,73
"1457",1.19974697538171,-1.69230835500769,73
"1458",1.56806495337017,-1.69230835500769,73
"1459",1.93638293135863,-1.69230835500769,73
"1460",2.30470090934709,-1.69230835500769,73
"1461",-4.69334067243363,-0.149248956114401,74
"1462",-4.32502269444517,-0.149248956114401,74
"1463",-3.95670471645671,-0.149248956114401,74
"1464",-3.58838673846825,-0.149248956114401,74
"1465",-3.22006876047979,-0.149248956114401,74
"1466",-2.85175078249133,-0.149248956114401,74
"1467",-2.48343280450287,-0.149248956114401,74
"1468",-2.11511482651442,-0.149248956114401,74
"1469",-1.74679684852596,-0.149248956114401,74
"1470",-1.3784788705375,-0.342131380976062,74
"1471",-1.01016089254904,-0.920778655561046,74
"1472",-0.641842914560582,-1.30654350528437,74
"1473",-0.273524936572123,-1.49942593014603,74
"1474",0.0947930414163354,-1.49942593014603,74
"1475",0.463111019404794,-1.69230835500769,74
"1476",0.831428997393252,-1.69230835500769,74
"1477",1.19974697538171,-1.69230835500769,74
"1478",1.56806495337017,-1.69230835500769,74
"1479",1.93638293135863,-1.69230835500769,74
"1480",2.30470090934709,-1.69230835500769,74
"1481",-4.69334067243363,-0.149248956114401,75
"1482",-4.32502269444517,-0.149248956114401,75
"1483",-3.95670471645671,-0.149248956114401,75
"1484",-3.58838673846825,-0.149248956114401,75
"1485",-3.22006876047979,-0.149248956114401,75
"1486",-2.85175078249133,-0.149248956114401,75
"1487",-2.48343280450287,-0.149248956114401,75
"1488",-2.11511482651442,-0.149248956114401,75
"1489",-1.74679684852596,-0.149248956114401,75
"1490",-1.3784788705375,-0.727896230699385,75
"1491",-1.01016089254904,-0.920778655561046,75
"1492",-0.641842914560582,-1.11366108042271,75
"1493",-0.273524936572123,-1.30654350528437,75
"1494",0.0947930414163354,-1.30654350528437,75
"1495",0.463111019404794,-1.30654350528437,75
"1496",0.831428997393252,-1.49942593014603,75
"1497",1.19974697538171,-1.49942593014603,75
"1498",1.56806495337017,-1.49942593014603,75
"1499",1.93638293135863,-1.49942593014603,75
"1500",2.30470090934709,-1.49942593014603,75
"1501",-4.69334067243363,-0.149248956114401,76
"1502",-4.32502269444517,-0.149248956114401,76
"1503",-3.95670471645671,-0.149248956114401,76
"1504",-3.58838673846825,-0.149248956114401,76
"1505",-3.22006876047979,-0.149248956114401,76
"1506",-2.85175078249133,-0.149248956114401,76
"1507",-2.48343280450287,-0.149248956114401,76
"1508",-2.11511482651442,-0.149248956114401,76
"1509",-1.74679684852596,-0.149248956114401,76
"1510",-1.3784788705375,-0.535013805837724,76
"1511",-1.01016089254904,-0.920778655561046,76
"1512",-0.641842914560582,-1.30654350528437,76
"1513",-0.273524936572123,-1.49942593014603,76
"1514",0.0947930414163354,-1.49942593014603,76
"1515",0.463111019404794,-1.69230835500769,76
"1516",0.831428997393252,-1.69230835500769,76
"1517",1.19974697538171,-1.69230835500769,76
"1518",1.56806495337017,-1.69230835500769,76
"1519",1.93638293135863,-1.69230835500769,76
"1520",2.30470090934709,-1.69230835500769,76
"1521",-4.69334067243363,-0.149248956114401,77
"1522",-4.32502269444517,-0.149248956114401,77
"1523",-3.95670471645671,-0.149248956114401,77
"1524",-3.58838673846825,-0.149248956114401,77
"1525",-3.22006876047979,-0.149248956114401,77
"1526",-2.85175078249133,-0.149248956114401,77
"1527",-2.48343280450287,-0.149248956114401,77
"1528",-2.11511482651442,-0.149248956114401,77
"1529",-1.74679684852596,-0.149248956114401,77
"1530",-1.3784788705375,-0.149248956114401,77
"1531",-1.01016089254904,-1.11366108042271,77
"1532",-0.641842914560582,-1.49942593014603,77
"1533",-0.273524936572123,-1.69230835500769,77
"1534",0.0947930414163354,-1.69230835500769,77
"1535",0.463111019404794,-1.88519077986935,77
"1536",0.831428997393252,-1.88519077986935,77
"1537",1.19974697538171,-1.88519077986935,77
"1538",1.56806495337017,-1.88519077986935,77
"1539",1.93638293135863,-1.88519077986935,77
"1540",2.30470090934709,-1.88519077986935,77
"1541",-4.69334067243363,-0.149248956114401,78
"1542",-4.32502269444517,-0.149248956114401,78
"1543",-3.95670471645671,-0.149248956114401,78
"1544",-3.58838673846825,-0.149248956114401,78
"1545",-3.22006876047979,-0.149248956114401,78
"1546",-2.85175078249133,-0.149248956114401,78
"1547",-2.48343280450287,-0.149248956114401,78
"1548",-2.11511482651442,-0.149248956114401,78
"1549",-1.74679684852596,-0.149248956114401,78
"1550",-1.3784788705375,-0.535013805837724,78
"1551",-1.01016089254904,-0.920778655561046,78
"1552",-0.641842914560582,-1.30654350528437,78
"1553",-0.273524936572123,-1.49942593014603,78
"1554",0.0947930414163354,-1.69230835500769,78
"1555",0.463111019404794,-1.88519077986935,78
"1556",0.831428997393252,-1.88519077986935,78
"1557",1.19974697538171,-1.88519077986935,78
"1558",1.56806495337017,-2.07807320473101,78
"1559",1.93638293135863,-2.07807320473101,78
"1560",2.30470090934709,-2.07807320473101,78
"1561",-4.69334067243363,-0.149248956114401,79
"1562",-4.32502269444517,-0.149248956114401,79
"1563",-3.95670471645671,-0.149248956114401,79
"1564",-3.58838673846825,-0.149248956114401,79
"1565",-3.22006876047979,-0.149248956114401,79
"1566",-2.85175078249133,-0.149248956114401,79
"1567",-2.48343280450287,-0.149248956114401,79
"1568",-2.11511482651442,-0.149248956114401,79
"1569",-1.74679684852596,-0.149248956114401,79
"1570",-1.3784788705375,-0.535013805837724,79
"1571",-1.01016089254904,-0.920778655561046,79
"1572",-0.641842914560582,-1.11366108042271,79
"1573",-0.273524936572123,-1.30654350528437,79
"1574",0.0947930414163354,-1.49942593014603,79
"1575",0.463111019404794,-1.49942593014603,79
"1576",0.831428997393252,-1.49942593014603,79
"1577",1.19974697538171,-1.49942593014603,79
"1578",1.56806495337017,-1.49942593014603,79
"1579",1.93638293135863,-1.49942593014603,79
"1580",2.30470090934709,-1.49942593014603,79
"1581",-4.69334067243363,-0.149248956114401,80
"1582",-4.32502269444517,-0.149248956114401,80
"1583",-3.95670471645671,-0.149248956114401,80
"1584",-3.58838673846825,-0.149248956114401,80
"1585",-3.22006876047979,-0.149248956114401,80
"1586",-2.85175078249133,-0.149248956114401,80
"1587",-2.48343280450287,-0.149248956114401,80
"1588",-2.11511482651442,-0.149248956114401,80
"1589",-1.74679684852596,-0.149248956114401,80
"1590",-1.3784788705375,-0.535013805837724,80
"1591",-1.01016089254904,-0.920778655561046,80
"1592",-0.641842914560582,-1.30654350528437,80
"1593",-0.273524936572123,-1.49942593014603,80
"1594",0.0947930414163354,-1.49942593014603,80
"1595",0.463111019404794,-1.69230835500769,80
"1596",0.831428997393252,-1.69230835500769,80
"1597",1.19974697538171,-1.69230835500769,80
"1598",1.56806495337017,-1.69230835500769,80
"1599",1.93638293135863,-1.69230835500769,80
"1600",2.30470090934709,-1.69230835500769,80
"1601",-4.69334067243363,-0.149248956114401,81
"1602",-4.32502269444517,-0.149248956114401,81
"1603",-3.95670471645671,-0.149248956114401,81
"1604",-3.58838673846825,-0.149248956114401,81
"1605",-3.22006876047979,-0.149248956114401,81
"1606",-2.85175078249133,-0.149248956114401,81
"1607",-2.48343280450287,-0.149248956114401,81
"1608",-2.11511482651442,-0.149248956114401,81
"1609",-1.74679684852596,-0.149248956114401,81
"1610",-1.3784788705375,-0.535013805837724,81
"1611",-1.01016089254904,-0.920778655561046,81
"1612",-0.641842914560582,-1.30654350528437,81
"1613",-0.273524936572123,-1.49942593014603,81
"1614",0.0947930414163354,-1.49942593014603,81
"1615",0.463111019404794,-1.69230835500769,81
"1616",0.831428997393252,-1.69230835500769,81
"1617",1.19974697538171,-1.69230835500769,81
"1618",1.56806495337017,-1.69230835500769,81
"1619",1.93638293135863,-1.69230835500769,81
"1620",2.30470090934709,-1.69230835500769,81
"1621",-4.69334067243363,-0.149248956114401,82
"1622",-4.32502269444517,-0.149248956114401,82
"1623",-3.95670471645671,-0.149248956114401,82
"1624",-3.58838673846825,-0.149248956114401,82
"1625",-3.22006876047979,-0.149248956114401,82
"1626",-2.85175078249133,-0.149248956114401,82
"1627",-2.48343280450287,-0.149248956114401,82
"1628",-2.11511482651442,-0.149248956114401,82
"1629",-1.74679684852596,-0.149248956114401,82
"1630",-1.3784788705375,-0.535013805837724,82
"1631",-1.01016089254904,-0.920778655561046,82
"1632",-0.641842914560582,-1.11366108042271,82
"1633",-0.273524936572123,-1.30654350528437,82
"1634",0.0947930414163354,-1.30654350528437,82
"1635",0.463111019404794,-1.30654350528437,82
"1636",0.831428997393252,-1.49942593014603,82
"1637",1.19974697538171,-1.49942593014603,82
"1638",1.56806495337017,-1.49942593014603,82
"1639",1.93638293135863,-1.49942593014603,82
"1640",2.30470090934709,-1.49942593014603,82
"1641",-4.69334067243363,-0.149248956114401,83
"1642",-4.32502269444517,-0.149248956114401,83
"1643",-3.95670471645671,-0.149248956114401,83
"1644",-3.58838673846825,-0.149248956114401,83
"1645",-3.22006876047979,-0.149248956114401,83
"1646",-2.85175078249133,-0.149248956114401,83
"1647",-2.48343280450287,-0.149248956114401,83
"1648",-2.11511482651442,-0.149248956114401,83
"1649",-1.74679684852596,-0.149248956114401,83
"1650",-1.3784788705375,-0.342131380976062,83
"1651",-1.01016089254904,-1.11366108042271,83
"1652",-0.641842914560582,-1.49942593014603,83
"1653",-0.273524936572123,-1.88519077986935,83
"1654",0.0947930414163354,-1.88519077986935,83
"1655",0.463111019404794,-2.07807320473101,83
"1656",0.831428997393252,-2.07807320473101,83
"1657",1.19974697538171,-2.27095562959268,83
"1658",1.56806495337017,-2.27095562959268,83
"1659",1.93638293135863,-2.27095562959268,83
"1660",2.30470090934709,-2.27095562959268,83
"1661",-4.69334067243363,-0.149248956114401,84
"1662",-4.32502269444517,-0.149248956114401,84
"1663",-3.95670471645671,-0.149248956114401,84
"1664",-3.58838673846825,-0.149248956114401,84
"1665",-3.22006876047979,-0.149248956114401,84
"1666",-2.85175078249133,-0.149248956114401,84
"1667",-2.48343280450287,-0.149248956114401,84
"1668",-2.11511482651442,-0.149248956114401,84
"1669",-1.74679684852596,-0.149248956114401,84
"1670",-1.3784788705375,-0.535013805837724,84
"1671",-1.01016089254904,-0.920778655561046,84
"1672",-0.641842914560582,-1.30654350528437,84
"1673",-0.273524936572123,-1.49942593014603,84
"1674",0.0947930414163354,-1.49942593014603,84
"1675",0.463111019404794,-1.69230835500769,84
"1676",0.831428997393252,-1.69230835500769,84
"1677",1.19974697538171,-1.69230835500769,84
"1678",1.56806495337017,-1.69230835500769,84
"1679",1.93638293135863,-1.69230835500769,84
"1680",2.30470090934709,-1.69230835500769,84
"1681",-4.69334067243363,-0.149248956114401,85
"1682",-4.32502269444517,-0.149248956114401,85
"1683",-3.95670471645671,-0.149248956114401,85
"1684",-3.58838673846825,-0.149248956114401,85
"1685",-3.22006876047979,-0.149248956114401,85
"1686",-2.85175078249133,-0.149248956114401,85
"1687",-2.48343280450287,-0.149248956114401,85
"1688",-2.11511482651442,-0.149248956114401,85
"1689",-1.74679684852596,-0.149248956114401,85
"1690",-1.3784788705375,-0.535013805837724,85
"1691",-1.01016089254904,-0.920778655561046,85
"1692",-0.641842914560582,-1.30654350528437,85
"1693",-0.273524936572123,-1.49942593014603,85
"1694",0.0947930414163354,-1.69230835500769,85
"1695",0.463111019404794,-1.69230835500769,85
"1696",0.831428997393252,-1.69230835500769,85
"1697",1.19974697538171,-1.88519077986935,85
"1698",1.56806495337017,-1.88519077986935,85
"1699",1.93638293135863,-1.88519077986935,85
"1700",2.30470090934709,-1.88519077986935,85
"1701",-4.69334067243363,-0.149248956114401,86
"1702",-4.32502269444517,-0.149248956114401,86
"1703",-3.95670471645671,-0.149248956114401,86
"1704",-3.58838673846825,-0.149248956114401,86
"1705",-3.22006876047979,-0.149248956114401,86
"1706",-2.85175078249133,-0.149248956114401,86
"1707",-2.48343280450287,-0.149248956114401,86
"1708",-2.11511482651442,-0.149248956114401,86
"1709",-1.74679684852596,-0.149248956114401,86
"1710",-1.3784788705375,-0.535013805837724,86
"1711",-1.01016089254904,-0.920778655561046,86
"1712",-0.641842914560582,-1.30654350528437,86
"1713",-0.273524936572123,-1.49942593014603,86
"1714",0.0947930414163354,-1.49942593014603,86
"1715",0.463111019404794,-1.49942593014603,86
"1716",0.831428997393252,-1.69230835500769,86
"1717",1.19974697538171,-1.69230835500769,86
"1718",1.56806495337017,-1.69230835500769,86
"1719",1.93638293135863,-1.69230835500769,86
"1720",2.30470090934709,-1.69230835500769,86
"1721",-4.69334067243363,-0.149248956114401,87
"1722",-4.32502269444517,-0.149248956114401,87
"1723",-3.95670471645671,-0.149248956114401,87
"1724",-3.58838673846825,-0.149248956114401,87
"1725",-3.22006876047979,-0.149248956114401,87
"1726",-2.85175078249133,-0.149248956114401,87
"1727",-2.48343280450287,-0.149248956114401,87
"1728",-2.11511482651442,-0.149248956114401,87
"1729",-1.74679684852596,-0.342131380976062,87
"1730",-1.3784788705375,-0.727896230699385,87
"1731",-1.01016089254904,-0.920778655561046,87
"1732",-0.641842914560582,-1.11366108042271,87
"1733",-0.273524936572123,-1.30654350528437,87
"1734",0.0947930414163354,-1.69230835500769,87
"1735",0.463111019404794,-1.88519077986935,87
"1736",0.831428997393252,-1.88519077986935,87
"1737",1.19974697538171,-2.07807320473101,87
"1738",1.56806495337017,-2.07807320473101,87
"1739",1.93638293135863,-2.07807320473101,87
"1740",2.30470090934709,-2.07807320473101,87
"1741",-4.69334067243363,-0.149248956114401,88
"1742",-4.32502269444517,-0.149248956114401,88
"1743",-3.95670471645671,-0.149248956114401,88
"1744",-3.58838673846825,-0.149248956114401,88
"1745",-3.22006876047979,-0.149248956114401,88
"1746",-2.85175078249133,-0.149248956114401,88
"1747",-2.48343280450287,-0.149248956114401,88
"1748",-2.11511482651442,-0.149248956114401,88
"1749",-1.74679684852596,-0.149248956114401,88
"1750",-1.3784788705375,-0.535013805837724,88
"1751",-1.01016089254904,-0.920778655561046,88
"1752",-0.641842914560582,-1.30654350528437,88
"1753",-0.273524936572123,-1.49942593014603,88
"1754",0.0947930414163354,-1.69230835500769,88
"1755",0.463111019404794,-1.88519077986935,88
"1756",0.831428997393252,-2.07807320473101,88
"1757",1.19974697538171,-2.07807320473101,88
"1758",1.56806495337017,-2.07807320473101,88
"1759",1.93638293135863,-2.07807320473101,88
"1760",2.30470090934709,-2.07807320473101,88
"1761",-4.69334067243363,-0.149248956114401,89
"1762",-4.32502269444517,-0.149248956114401,89
"1763",-3.95670471645671,-0.149248956114401,89
"1764",-3.58838673846825,-0.149248956114401,89
"1765",-3.22006876047979,-0.149248956114401,89
"1766",-2.85175078249133,-0.149248956114401,89
"1767",-2.48343280450287,-0.149248956114401,89
"1768",-2.11511482651442,-0.149248956114401,89
"1769",-1.74679684852596,-0.342131380976062,89
"1770",-1.3784788705375,-0.727896230699385,89
"1771",-1.01016089254904,-0.920778655561046,89
"1772",-0.641842914560582,-0.920778655561046,89
"1773",-0.273524936572123,-1.11366108042271,89
"1774",0.0947930414163354,-1.11366108042271,89
"1775",0.463111019404794,-1.30654350528437,89
"1776",0.831428997393252,-1.49942593014603,89
"1777",1.19974697538171,-1.69230835500769,89
"1778",1.56806495337017,-1.69230835500769,89
"1779",1.93638293135863,-1.69230835500769,89
"1780",2.30470090934709,-1.69230835500769,89
"1781",-4.69334067243363,-0.149248956114401,90
"1782",-4.32502269444517,-0.149248956114401,90
"1783",-3.95670471645671,-0.149248956114401,90
"1784",-3.58838673846825,-0.149248956114401,90
"1785",-3.22006876047979,-0.149248956114401,90
"1786",-2.85175078249133,-0.149248956114401,90
"1787",-2.48343280450287,-0.149248956114401,90
"1788",-2.11511482651442,-0.149248956114401,90
"1789",-1.74679684852596,-0.149248956114401,90
"1790",-1.3784788705375,-0.342131380976062,90
"1791",-1.01016089254904,-1.11366108042271,90
"1792",-0.641842914560582,-1.30654350528437,90
"1793",-0.273524936572123,-1.49942593014603,90
"1794",0.0947930414163354,-1.69230835500769,90
"1795",0.463111019404794,-1.69230835500769,90
"1796",0.831428997393252,-1.69230835500769,90
"1797",1.19974697538171,-1.69230835500769,90
"1798",1.56806495337017,-1.69230835500769,90
"1799",1.93638293135863,-1.69230835500769,90
"1800",2.30470090934709,-1.69230835500769,90
"1801",-4.69334067243363,-0.149248956114401,91
"1802",-4.32502269444517,-0.149248956114401,91
"1803",-3.95670471645671,-0.149248956114401,91
"1804",-3.58838673846825,-0.149248956114401,91
"1805",-3.22006876047979,-0.149248956114401,91
"1806",-2.85175078249133,-0.149248956114401,91
"1807",-2.48343280450287,-0.149248956114401,91
"1808",-2.11511482651442,-0.149248956114401,91
"1809",-1.74679684852596,-0.149248956114401,91
"1810",-1.3784788705375,-0.149248956114401,91
"1811",-1.01016089254904,-1.11366108042271,91
"1812",-0.641842914560582,-1.30654350528437,91
"1813",-0.273524936572123,-1.49942593014603,91
"1814",0.0947930414163354,-1.49942593014603,91
"1815",0.463111019404794,-1.69230835500769,91
"1816",0.831428997393252,-1.69230835500769,91
"1817",1.19974697538171,-1.69230835500769,91
"1818",1.56806495337017,-1.69230835500769,91
"1819",1.93638293135863,-1.69230835500769,91
"1820",2.30470090934709,-1.69230835500769,91
"1821",-4.69334067243363,-0.149248956114401,92
"1822",-4.32502269444517,-0.149248956114401,92
"1823",-3.95670471645671,-0.149248956114401,92
"1824",-3.58838673846825,-0.149248956114401,92
"1825",-3.22006876047979,-0.149248956114401,92
"1826",-2.85175078249133,-0.149248956114401,92
"1827",-2.48343280450287,-0.149248956114401,92
"1828",-2.11511482651442,-0.149248956114401,92
"1829",-1.74679684852596,-0.149248956114401,92
"1830",-1.3784788705375,-0.535013805837724,92
"1831",-1.01016089254904,-0.920778655561046,92
"1832",-0.641842914560582,-1.11366108042271,92
"1833",-0.273524936572123,-1.30654350528437,92
"1834",0.0947930414163354,-1.30654350528437,92
"1835",0.463111019404794,-1.30654350528437,92
"1836",0.831428997393252,-1.49942593014603,92
"1837",1.19974697538171,-1.49942593014603,92
"1838",1.56806495337017,-1.49942593014603,92
"1839",1.93638293135863,-1.49942593014603,92
"1840",2.30470090934709,-1.49942593014603,92
"1841",-4.69334067243363,-0.149248956114401,93
"1842",-4.32502269444517,-0.149248956114401,93
"1843",-3.95670471645671,-0.149248956114401,93
"1844",-3.58838673846825,-0.149248956114401,93
"1845",-3.22006876047979,-0.149248956114401,93
"1846",-2.85175078249133,-0.149248956114401,93
"1847",-2.48343280450287,-0.149248956114401,93
"1848",-2.11511482651442,-0.149248956114401,93
"1849",-1.74679684852596,-0.149248956114401,93
"1850",-1.3784788705375,-0.727896230699385,93
"1851",-1.01016089254904,-0.920778655561046,93
"1852",-0.641842914560582,-1.11366108042271,93
"1853",-0.273524936572123,-1.11366108042271,93
"1854",0.0947930414163354,-1.30654350528437,93
"1855",0.463111019404794,-1.30654350528437,93
"1856",0.831428997393252,-1.30654350528437,93
"1857",1.19974697538171,-1.30654350528437,93
"1858",1.56806495337017,-1.30654350528437,93
"1859",1.93638293135863,-1.30654350528437,93
"1860",2.30470090934709,-1.30654350528437,93
"1861",-4.69334067243363,-0.149248956114401,94
"1862",-4.32502269444517,-0.149248956114401,94
"1863",-3.95670471645671,-0.149248956114401,94
"1864",-3.58838673846825,-0.149248956114401,94
"1865",-3.22006876047979,-0.149248956114401,94
"1866",-2.85175078249133,-0.149248956114401,94
"1867",-2.48343280450287,-0.149248956114401,94
"1868",-2.11511482651442,-0.149248956114401,94
"1869",-1.74679684852596,-0.149248956114401,94
"1870",-1.3784788705375,-0.535013805837724,94
"1871",-1.01016089254904,-0.920778655561046,94
"1872",-0.641842914560582,-1.30654350528437,94
"1873",-0.273524936572123,-1.30654350528437,94
"1874",0.0947930414163354,-1.49942593014603,94
"1875",0.463111019404794,-1.49942593014603,94
"1876",0.831428997393252,-1.49942593014603,94
"1877",1.19974697538171,-1.69230835500769,94
"1878",1.56806495337017,-1.69230835500769,94
"1879",1.93638293135863,-1.69230835500769,94
"1880",2.30470090934709,-1.69230835500769,94
"1881",-4.69334067243363,-0.149248956114401,95
"1882",-4.32502269444517,-0.149248956114401,95
"1883",-3.95670471645671,-0.149248956114401,95
"1884",-3.58838673846825,-0.149248956114401,95
"1885",-3.22006876047979,-0.149248956114401,95
"1886",-2.85175078249133,-0.149248956114401,95
"1887",-2.48343280450287,-0.149248956114401,95
"1888",-2.11511482651442,-0.149248956114401,95
"1889",-1.74679684852596,-0.149248956114401,95
"1890",-1.3784788705375,-0.535013805837724,95
"1891",-1.01016089254904,-0.920778655561046,95
"1892",-0.641842914560582,-1.30654350528437,95
"1893",-0.273524936572123,-1.49942593014603,95
"1894",0.0947930414163354,-1.69230835500769,95
"1895",0.463111019404794,-1.69230835500769,95
"1896",0.831428997393252,-1.69230835500769,95
"1897",1.19974697538171,-1.88519077986935,95
"1898",1.56806495337017,-1.88519077986935,95
"1899",1.93638293135863,-1.88519077986935,95
"1900",2.30470090934709,-1.88519077986935,95
"1901",-4.69334067243363,-0.149248956114401,96
"1902",-4.32502269444517,-0.149248956114401,96
"1903",-3.95670471645671,-0.149248956114401,96
"1904",-3.58838673846825,-0.149248956114401,96
"1905",-3.22006876047979,-0.149248956114401,96
"1906",-2.85175078249133,-0.149248956114401,96
"1907",-2.48343280450287,-0.149248956114401,96
"1908",-2.11511482651442,-0.149248956114401,96
"1909",-1.74679684852596,-0.149248956114401,96
"1910",-1.3784788705375,-0.535013805837724,96
"1911",-1.01016089254904,-0.920778655561046,96
"1912",-0.641842914560582,-1.30654350528437,96
"1913",-0.273524936572123,-1.49942593014603,96
"1914",0.0947930414163354,-1.49942593014603,96
"1915",0.463111019404794,-1.69230835500769,96
"1916",0.831428997393252,-1.69230835500769,96
"1917",1.19974697538171,-1.69230835500769,96
"1918",1.56806495337017,-1.69230835500769,96
"1919",1.93638293135863,-1.69230835500769,96
"1920",2.30470090934709,-1.69230835500769,96
"1921",-4.69334067243363,-0.149248956114401,97
"1922",-4.32502269444517,-0.149248956114401,97
"1923",-3.95670471645671,-0.149248956114401,97
"1924",-3.58838673846825,-0.149248956114401,97
"1925",-3.22006876047979,-0.149248956114401,97
"1926",-2.85175078249133,-0.149248956114401,97
"1927",-2.48343280450287,-0.149248956114401,97
"1928",-2.11511482651442,-0.149248956114401,97
"1929",-1.74679684852596,-0.535013805837724,97
"1930",-1.3784788705375,-0.727896230699385,97
"1931",-1.01016089254904,-0.920778655561046,97
"1932",-0.641842914560582,-1.11366108042271,97
"1933",-0.273524936572123,-1.30654350528437,97
"1934",0.0947930414163354,-1.49942593014603,97
"1935",0.463111019404794,-1.49942593014603,97
"1936",0.831428997393252,-1.49942593014603,97
"1937",1.19974697538171,-1.49942593014603,97
"1938",1.56806495337017,-1.49942593014603,97
"1939",1.93638293135863,-1.49942593014603,97
"1940",2.30470090934709,-1.49942593014603,97
"1941",-4.69334067243363,-0.149248956114401,98
"1942",-4.32502269444517,-0.149248956114401,98
"1943",-3.95670471645671,-0.149248956114401,98
"1944",-3.58838673846825,-0.149248956114401,98
"1945",-3.22006876047979,-0.149248956114401,98
"1946",-2.85175078249133,-0.149248956114401,98
"1947",-2.48343280450287,-0.149248956114401,98
"1948",-2.11511482651442,-0.149248956114401,98
"1949",-1.74679684852596,-0.149248956114401,98
"1950",-1.3784788705375,-0.727896230699385,98
"1951",-1.01016089254904,-0.920778655561046,98
"1952",-0.641842914560582,-1.11366108042271,98
"1953",-0.273524936572123,-1.30654350528437,98
"1954",0.0947930414163354,-1.30654350528437,98
"1955",0.463111019404794,-1.49942593014603,98
"1956",0.831428997393252,-1.49942593014603,98
"1957",1.19974697538171,-1.49942593014603,98
"1958",1.56806495337017,-1.49942593014603,98
"1959",1.93638293135863,-1.49942593014603,98
"1960",2.30470090934709,-1.49942593014603,98
"1961",-4.69334067243363,-0.149248956114401,99
"1962",-4.32502269444517,-0.149248956114401,99
"1963",-3.95670471645671,-0.149248956114401,99
"1964",-3.58838673846825,-0.149248956114401,99
"1965",-3.22006876047979,-0.149248956114401,99
"1966",-2.85175078249133,-0.149248956114401,99
"1967",-2.48343280450287,-0.149248956114401,99
"1968",-2.11511482651442,-0.149248956114401,99
"1969",-1.74679684852596,-0.149248956114401,99
"1970",-1.3784788705375,-0.727896230699385,99
"1971",-1.01016089254904,-0.920778655561046,99
"1972",-0.641842914560582,-1.11366108042271,99
"1973",-0.273524936572123,-1.30654350528437,99
"1974",0.0947930414163354,-1.49942593014603,99
"1975",0.463111019404794,-1.69230835500769,99
"1976",0.831428997393252,-1.69230835500769,99
"1977",1.19974697538171,-1.69230835500769,99
"1978",1.56806495337017,-1.69230835500769,99
"1979",1.93638293135863,-1.69230835500769,99
"1980",2.30470090934709,-1.69230835500769,99
"1981",-4.69334067243363,-0.149248956114401,100
"1982",-4.32502269444517,-0.149248956114401,100
"1983",-3.95670471645671,-0.149248956114401,100
"1984",-3.58838673846825,-0.149248956114401,100
"1985",-3.22006876047979,-0.149248956114401,100
"1986",-2.85175078249133,-0.149248956114401,100
"1987",-2.48343280450287,-0.149248956114401,100
"1988",-2.11511482651442,-0.149248956114401,100
"1989",-1.74679684852596,-0.535013805837724,100
"1990",-1.3784788705375,-0.727896230699385,100
"1991",-1.01016089254904,-0.920778655561046,100
"1992",-0.641842914560582,-0.920778655561046,100
"1993",-0.273524936572123,-1.11366108042271,100
"1994",0.0947930414163354,-1.30654350528437,100
"1995",0.463111019404794,-1.49942593014603,100
"1996",0.831428997393252,-1.69230835500769,100
"1997",1.19974697538171,-1.69230835500769,100
"1998",1.56806495337017,-1.88519077986935,100
"1999",1.93638293135863,-1.88519077986935,100
"2000",2.30470090934709,-1.88519077986935,100
