"","x","y","sample"
"1",-4.57844498763098,-2.38330985387592,1
"2",-4.19029385566389,-2.52616699673306,1
"3",-3.8021427236968,-2.52616699673306,1
"4",-3.41399159172971,-2.52616699673306,1
"5",-3.02584045976262,-2.52616699673306,1
"6",-2.63768932779553,-2.6690241395902,1
"7",-2.24953819582843,-3.09759556816163,1
"8",-1.86138706386134,-3.24045271101878,1
"9",-1.47323593189425,-3.38330985387592,1
"10",-1.08508479992716,-3.38330985387592,1
"11",-0.696933667960072,-3.38330985387592,1
"12",-0.308782535992981,-3.38330985387592,1
"13",0.0793685959741097,-3.38330985387592,1
"14",0.4675197279412,-3.38330985387592,1
"15",0.855670859908291,-3.38330985387592,1
"16",1.24382199187538,-3.38330985387592,1
"17",1.63197312384247,-3.52616699673306,1
"18",2.02012425580956,-3.52616699673306,1
"19",2.40827538777665,-3.6690241395902,1
"20",2.79642651974375,-3.6690241395902,1
"21",-4.57844498763098,-1.95473842530449,2
"22",-4.19029385566389,-2.24045271101878,2
"23",-3.8021427236968,-2.52616699673306,2
"24",-3.41399159172971,-2.6690241395902,2
"25",-3.02584045976262,-2.6690241395902,2
"26",-2.63768932779553,-2.6690241395902,2
"27",-2.24953819582843,-2.81188128244735,2
"28",-1.86138706386134,-2.81188128244735,2
"29",-1.47323593189425,-3.24045271101878,2
"30",-1.08508479992716,-3.6690241395902,2
"31",-0.696933667960072,-4.09759556816163,2
"32",-0.308782535992981,-4.38330985387592,2
"33",0.0793685959741097,-4.52616699673306,2
"34",0.4675197279412,-4.6690241395902,2
"35",0.855670859908291,-4.81188128244735,2
"36",1.24382199187538,-4.81188128244735,2
"37",1.63197312384247,-4.81188128244735,2
"38",2.02012425580956,-4.81188128244735,2
"39",2.40827538777665,-4.81188128244735,2
"40",2.79642651974375,-4.81188128244735,2
"41",-4.57844498763098,-1.95473842530449,3
"42",-4.19029385566389,-1.95473842530449,3
"43",-3.8021427236968,-1.95473842530449,3
"44",-3.41399159172971,-1.95473842530449,3
"45",-3.02584045976262,-2.24045271101878,3
"46",-2.63768932779553,-2.6690241395902,3
"47",-2.24953819582843,-2.95473842530449,3
"48",-1.86138706386134,-3.09759556816163,3
"49",-1.47323593189425,-3.09759556816163,3
"50",-1.08508479992716,-3.09759556816163,3
"51",-0.696933667960072,-3.24045271101878,3
"52",-0.308782535992981,-3.24045271101878,3
"53",0.0793685959741097,-3.38330985387592,3
"54",0.4675197279412,-3.38330985387592,3
"55",0.855670859908291,-3.52616699673306,3
"56",1.24382199187538,-3.52616699673306,3
"57",1.63197312384247,-3.52616699673306,3
"58",2.02012425580956,-3.52616699673306,3
"59",2.40827538777665,-3.52616699673306,3
"60",2.79642651974375,-3.52616699673306,3
"61",-4.57844498763098,-1.95473842530449,4
"62",-4.19029385566389,-1.95473842530449,4
"63",-3.8021427236968,-1.95473842530449,4
"64",-3.41399159172971,-1.95473842530449,4
"65",-3.02584045976262,-2.52616699673306,4
"66",-2.63768932779553,-2.6690241395902,4
"67",-2.24953819582843,-2.81188128244735,4
"68",-1.86138706386134,-2.95473842530449,4
"69",-1.47323593189425,-2.95473842530449,4
"70",-1.08508479992716,-2.95473842530449,4
"71",-0.696933667960072,-2.95473842530449,4
"72",-0.308782535992981,-3.09759556816163,4
"73",0.0793685959741097,-3.24045271101878,4
"74",0.4675197279412,-3.6690241395902,4
"75",0.855670859908291,-3.95473842530449,4
"76",1.24382199187538,-4.09759556816163,4
"77",1.63197312384247,-4.24045271101878,4
"78",2.02012425580956,-4.24045271101878,4
"79",2.40827538777665,-4.24045271101878,4
"80",2.79642651974375,-4.24045271101878,4
"81",-4.57844498763098,-1.95473842530449,5
"82",-4.19029385566389,-1.95473842530449,5
"83",-3.8021427236968,-1.95473842530449,5
"84",-3.41399159172971,-2.09759556816163,5
"85",-3.02584045976262,-2.38330985387592,5
"86",-2.63768932779553,-2.6690241395902,5
"87",-2.24953819582843,-3.24045271101878,5
"88",-1.86138706386134,-3.81188128244735,5
"89",-1.47323593189425,-3.95473842530449,5
"90",-1.08508479992716,-4.09759556816163,5
"91",-0.696933667960072,-4.24045271101878,5
"92",-0.308782535992981,-4.24045271101878,5
"93",0.0793685959741097,-4.24045271101878,5
"94",0.4675197279412,-4.24045271101878,5
"95",0.855670859908291,-4.24045271101878,5
"96",1.24382199187538,-4.24045271101878,5
"97",1.63197312384247,-4.24045271101878,5
"98",2.02012425580956,-4.24045271101878,5
"99",2.40827538777665,-4.24045271101878,5
"100",2.79642651974375,-4.24045271101878,5
"101",-4.57844498763098,-1.95473842530449,6
"102",-4.19029385566389,-1.95473842530449,6
"103",-3.8021427236968,-1.95473842530449,6
"104",-3.41399159172971,-2.24045271101878,6
"105",-3.02584045976262,-2.52616699673306,6
"106",-2.63768932779553,-2.6690241395902,6
"107",-2.24953819582843,-2.81188128244735,6
"108",-1.86138706386134,-2.95473842530449,6
"109",-1.47323593189425,-2.95473842530449,6
"110",-1.08508479992716,-3.09759556816163,6
"111",-0.696933667960072,-3.38330985387592,6
"112",-0.308782535992981,-3.81188128244735,6
"113",0.0793685959741097,-4.24045271101878,6
"114",0.4675197279412,-4.52616699673306,6
"115",0.855670859908291,-4.81188128244735,6
"116",1.24382199187538,-4.81188128244735,6
"117",1.63197312384247,-4.81188128244735,6
"118",2.02012425580956,-4.81188128244735,6
"119",2.40827538777665,-4.81188128244735,6
"120",2.79642651974375,-4.81188128244735,6
"121",-4.57844498763098,-1.95473842530449,7
"122",-4.19029385566389,-1.95473842530449,7
"123",-3.8021427236968,-1.95473842530449,7
"124",-3.41399159172971,-2.09759556816163,7
"125",-3.02584045976262,-2.38330985387592,7
"126",-2.63768932779553,-2.6690241395902,7
"127",-2.24953819582843,-2.95473842530449,7
"128",-1.86138706386134,-3.09759556816163,7
"129",-1.47323593189425,-3.24045271101878,7
"130",-1.08508479992716,-3.38330985387592,7
"131",-0.696933667960072,-3.38330985387592,7
"132",-0.308782535992981,-3.38330985387592,7
"133",0.0793685959741097,-3.52616699673306,7
"134",0.4675197279412,-3.52616699673306,7
"135",0.855670859908291,-3.52616699673306,7
"136",1.24382199187538,-3.52616699673306,7
"137",1.63197312384247,-3.52616699673306,7
"138",2.02012425580956,-3.52616699673306,7
"139",2.40827538777665,-3.52616699673306,7
"140",2.79642651974375,-3.52616699673306,7
"141",-4.57844498763098,-1.95473842530449,8
"142",-4.19029385566389,-1.95473842530449,8
"143",-3.8021427236968,-1.95473842530449,8
"144",-3.41399159172971,-1.95473842530449,8
"145",-3.02584045976262,-2.24045271101878,8
"146",-2.63768932779553,-2.6690241395902,8
"147",-2.24953819582843,-2.95473842530449,8
"148",-1.86138706386134,-3.24045271101878,8
"149",-1.47323593189425,-3.38330985387592,8
"150",-1.08508479992716,-3.52616699673306,8
"151",-0.696933667960072,-3.6690241395902,8
"152",-0.308782535992981,-3.81188128244735,8
"153",0.0793685959741097,-3.81188128244735,8
"154",0.4675197279412,-3.95473842530449,8
"155",0.855670859908291,-3.95473842530449,8
"156",1.24382199187538,-3.95473842530449,8
"157",1.63197312384247,-3.95473842530449,8
"158",2.02012425580956,-3.95473842530449,8
"159",2.40827538777665,-3.95473842530449,8
"160",2.79642651974375,-3.95473842530449,8
"161",-4.57844498763098,-1.95473842530449,9
"162",-4.19029385566389,-1.95473842530449,9
"163",-3.8021427236968,-1.95473842530449,9
"164",-3.41399159172971,-1.95473842530449,9
"165",-3.02584045976262,-2.38330985387592,9
"166",-2.63768932779553,-2.6690241395902,9
"167",-2.24953819582843,-2.81188128244735,9
"168",-1.86138706386134,-2.95473842530449,9
"169",-1.47323593189425,-2.95473842530449,9
"170",-1.08508479992716,-2.95473842530449,9
"171",-0.696933667960072,-3.09759556816163,9
"172",-0.308782535992981,-3.09759556816163,9
"173",0.0793685959741097,-3.09759556816163,9
"174",0.4675197279412,-3.09759556816163,9
"175",0.855670859908291,-3.09759556816163,9
"176",1.24382199187538,-3.09759556816163,9
"177",1.63197312384247,-3.09759556816163,9
"178",2.02012425580956,-3.09759556816163,9
"179",2.40827538777665,-3.24045271101878,9
"180",2.79642651974375,-3.24045271101878,9
"181",-4.57844498763098,-1.95473842530449,10
"182",-4.19029385566389,-1.95473842530449,10
"183",-3.8021427236968,-1.95473842530449,10
"184",-3.41399159172971,-1.95473842530449,10
"185",-3.02584045976262,-2.38330985387592,10
"186",-2.63768932779553,-2.6690241395902,10
"187",-2.24953819582843,-2.81188128244735,10
"188",-1.86138706386134,-2.95473842530449,10
"189",-1.47323593189425,-3.09759556816163,10
"190",-1.08508479992716,-3.09759556816163,10
"191",-0.696933667960072,-3.24045271101878,10
"192",-0.308782535992981,-3.24045271101878,10
"193",0.0793685959741097,-3.24045271101878,10
"194",0.4675197279412,-3.24045271101878,10
"195",0.855670859908291,-3.24045271101878,10
"196",1.24382199187538,-3.24045271101878,10
"197",1.63197312384247,-3.24045271101878,10
"198",2.02012425580956,-3.24045271101878,10
"199",2.40827538777665,-3.24045271101878,10
"200",2.79642651974375,-3.24045271101878,10
"201",-4.57844498763098,-1.95473842530449,11
"202",-4.19029385566389,-1.95473842530449,11
"203",-3.8021427236968,-2.09759556816163,11
"204",-3.41399159172971,-2.38330985387592,11
"205",-3.02584045976262,-2.52616699673306,11
"206",-2.63768932779553,-2.6690241395902,11
"207",-2.24953819582843,-2.81188128244735,11
"208",-1.86138706386134,-2.95473842530449,11
"209",-1.47323593189425,-3.09759556816163,11
"210",-1.08508479992716,-3.09759556816163,11
"211",-0.696933667960072,-3.09759556816163,11
"212",-0.308782535992981,-3.24045271101878,11
"213",0.0793685959741097,-3.24045271101878,11
"214",0.4675197279412,-3.24045271101878,11
"215",0.855670859908291,-3.38330985387592,11
"216",1.24382199187538,-3.52616699673306,11
"217",1.63197312384247,-3.6690241395902,11
"218",2.02012425580956,-3.6690241395902,11
"219",2.40827538777665,-3.6690241395902,11
"220",2.79642651974375,-3.6690241395902,11
"221",-4.57844498763098,-1.95473842530449,12
"222",-4.19029385566389,-1.95473842530449,12
"223",-3.8021427236968,-2.24045271101878,12
"224",-3.41399159172971,-2.38330985387592,12
"225",-3.02584045976262,-2.52616699673306,12
"226",-2.63768932779553,-2.6690241395902,12
"227",-2.24953819582843,-2.95473842530449,12
"228",-1.86138706386134,-2.95473842530449,12
"229",-1.47323593189425,-3.09759556816163,12
"230",-1.08508479992716,-3.09759556816163,12
"231",-0.696933667960072,-3.24045271101878,12
"232",-0.308782535992981,-3.24045271101878,12
"233",0.0793685959741097,-3.24045271101878,12
"234",0.4675197279412,-3.24045271101878,12
"235",0.855670859908291,-3.24045271101878,12
"236",1.24382199187538,-3.24045271101878,12
"237",1.63197312384247,-3.24045271101878,12
"238",2.02012425580956,-3.24045271101878,12
"239",2.40827538777665,-3.24045271101878,12
"240",2.79642651974375,-3.24045271101878,12
"241",-4.57844498763098,-1.95473842530449,13
"242",-4.19029385566389,-1.95473842530449,13
"243",-3.8021427236968,-2.38330985387592,13
"244",-3.41399159172971,-2.52616699673306,13
"245",-3.02584045976262,-2.6690241395902,13
"246",-2.63768932779553,-2.6690241395902,13
"247",-2.24953819582843,-2.95473842530449,13
"248",-1.86138706386134,-3.09759556816163,13
"249",-1.47323593189425,-3.38330985387592,13
"250",-1.08508479992716,-3.52616699673306,13
"251",-0.696933667960072,-3.81188128244735,13
"252",-0.308782535992981,-4.09759556816163,13
"253",0.0793685959741097,-4.24045271101878,13
"254",0.4675197279412,-4.24045271101878,13
"255",0.855670859908291,-4.24045271101878,13
"256",1.24382199187538,-4.24045271101878,13
"257",1.63197312384247,-4.24045271101878,13
"258",2.02012425580956,-4.24045271101878,13
"259",2.40827538777665,-4.24045271101878,13
"260",2.79642651974375,-4.24045271101878,13
"261",-4.57844498763098,-1.95473842530449,14
"262",-4.19029385566389,-1.95473842530449,14
"263",-3.8021427236968,-2.09759556816163,14
"264",-3.41399159172971,-2.24045271101878,14
"265",-3.02584045976262,-2.38330985387592,14
"266",-2.63768932779553,-2.6690241395902,14
"267",-2.24953819582843,-2.95473842530449,14
"268",-1.86138706386134,-2.95473842530449,14
"269",-1.47323593189425,-2.95473842530449,14
"270",-1.08508479992716,-2.95473842530449,14
"271",-0.696933667960072,-2.95473842530449,14
"272",-0.308782535992981,-2.95473842530449,14
"273",0.0793685959741097,-2.95473842530449,14
"274",0.4675197279412,-3.09759556816163,14
"275",0.855670859908291,-3.24045271101878,14
"276",1.24382199187538,-3.38330985387592,14
"277",1.63197312384247,-3.6690241395902,14
"278",2.02012425580956,-3.81188128244735,14
"279",2.40827538777665,-4.09759556816163,14
"280",2.79642651974375,-4.24045271101878,14
"281",-4.57844498763098,-1.95473842530449,15
"282",-4.19029385566389,-1.95473842530449,15
"283",-3.8021427236968,-1.95473842530449,15
"284",-3.41399159172971,-1.95473842530449,15
"285",-3.02584045976262,-1.95473842530449,15
"286",-2.63768932779553,-2.52616699673306,15
"287",-2.24953819582843,-3.52616699673306,15
"288",-1.86138706386134,-3.95473842530449,15
"289",-1.47323593189425,-4.09759556816163,15
"290",-1.08508479992716,-4.24045271101878,15
"291",-0.696933667960072,-4.24045271101878,15
"292",-0.308782535992981,-4.24045271101878,15
"293",0.0793685959741097,-4.24045271101878,15
"294",0.4675197279412,-4.24045271101878,15
"295",0.855670859908291,-4.24045271101878,15
"296",1.24382199187538,-4.24045271101878,15
"297",1.63197312384247,-4.24045271101878,15
"298",2.02012425580956,-4.24045271101878,15
"299",2.40827538777665,-4.24045271101878,15
"300",2.79642651974375,-4.24045271101878,15
"301",-4.57844498763098,-1.95473842530449,16
"302",-4.19029385566389,-1.95473842530449,16
"303",-3.8021427236968,-1.95473842530449,16
"304",-3.41399159172971,-1.95473842530449,16
"305",-3.02584045976262,-2.24045271101878,16
"306",-2.63768932779553,-2.6690241395902,16
"307",-2.24953819582843,-2.81188128244735,16
"308",-1.86138706386134,-2.81188128244735,16
"309",-1.47323593189425,-2.95473842530449,16
"310",-1.08508479992716,-3.09759556816163,16
"311",-0.696933667960072,-3.38330985387592,16
"312",-0.308782535992981,-3.52616699673306,16
"313",0.0793685959741097,-3.6690241395902,16
"314",0.4675197279412,-3.81188128244735,16
"315",0.855670859908291,-3.95473842530449,16
"316",1.24382199187538,-3.95473842530449,16
"317",1.63197312384247,-3.95473842530449,16
"318",2.02012425580956,-3.95473842530449,16
"319",2.40827538777665,-3.95473842530449,16
"320",2.79642651974375,-3.95473842530449,16
"321",-4.57844498763098,-1.95473842530449,17
"322",-4.19029385566389,-1.95473842530449,17
"323",-3.8021427236968,-1.95473842530449,17
"324",-3.41399159172971,-1.95473842530449,17
"325",-3.02584045976262,-2.38330985387592,17
"326",-2.63768932779553,-2.6690241395902,17
"327",-2.24953819582843,-2.95473842530449,17
"328",-1.86138706386134,-2.95473842530449,17
"329",-1.47323593189425,-3.38330985387592,17
"330",-1.08508479992716,-4.52616699673306,17
"331",-0.696933667960072,-4.81188128244735,17
"332",-0.308782535992981,-4.81188128244735,17
"333",0.0793685959741097,-4.81188128244735,17
"334",0.4675197279412,-4.81188128244735,17
"335",0.855670859908291,-4.81188128244735,17
"336",1.24382199187538,-4.81188128244735,17
"337",1.63197312384247,-4.81188128244735,17
"338",2.02012425580956,-4.81188128244735,17
"339",2.40827538777665,-4.81188128244735,17
"340",2.79642651974375,-4.81188128244735,17
"341",-4.57844498763098,-1.95473842530449,18
"342",-4.19029385566389,-1.95473842530449,18
"343",-3.8021427236968,-2.09759556816163,18
"344",-3.41399159172971,-2.52616699673306,18
"345",-3.02584045976262,-2.6690241395902,18
"346",-2.63768932779553,-2.6690241395902,18
"347",-2.24953819582843,-2.81188128244735,18
"348",-1.86138706386134,-2.81188128244735,18
"349",-1.47323593189425,-2.81188128244735,18
"350",-1.08508479992716,-2.81188128244735,18
"351",-0.696933667960072,-2.95473842530449,18
"352",-0.308782535992981,-2.95473842530449,18
"353",0.0793685959741097,-3.24045271101878,18
"354",0.4675197279412,-3.81188128244735,18
"355",0.855670859908291,-4.38330985387592,18
"356",1.24382199187538,-4.6690241395902,18
"357",1.63197312384247,-4.81188128244735,18
"358",2.02012425580956,-4.81188128244735,18
"359",2.40827538777665,-4.81188128244735,18
"360",2.79642651974375,-4.81188128244735,18
"361",-4.57844498763098,-1.95473842530449,19
"362",-4.19029385566389,-1.95473842530449,19
"363",-3.8021427236968,-1.95473842530449,19
"364",-3.41399159172971,-1.95473842530449,19
"365",-3.02584045976262,-1.95473842530449,19
"366",-2.63768932779553,-2.6690241395902,19
"367",-2.24953819582843,-2.95473842530449,19
"368",-1.86138706386134,-3.09759556816163,19
"369",-1.47323593189425,-3.09759556816163,19
"370",-1.08508479992716,-3.09759556816163,19
"371",-0.696933667960072,-3.09759556816163,19
"372",-0.308782535992981,-3.09759556816163,19
"373",0.0793685959741097,-3.09759556816163,19
"374",0.4675197279412,-3.24045271101878,19
"375",0.855670859908291,-3.24045271101878,19
"376",1.24382199187538,-3.24045271101878,19
"377",1.63197312384247,-3.24045271101878,19
"378",2.02012425580956,-3.24045271101878,19
"379",2.40827538777665,-3.24045271101878,19
"380",2.79642651974375,-3.24045271101878,19
"381",-4.57844498763098,-1.95473842530449,20
"382",-4.19029385566389,-2.24045271101878,20
"383",-3.8021427236968,-2.38330985387592,20
"384",-3.41399159172971,-2.52616699673306,20
"385",-3.02584045976262,-2.6690241395902,20
"386",-2.63768932779553,-2.6690241395902,20
"387",-2.24953819582843,-2.95473842530449,20
"388",-1.86138706386134,-3.24045271101878,20
"389",-1.47323593189425,-3.52616699673306,20
"390",-1.08508479992716,-3.81188128244735,20
"391",-0.696933667960072,-3.95473842530449,20
"392",-0.308782535992981,-4.09759556816163,20
"393",0.0793685959741097,-4.24045271101878,20
"394",0.4675197279412,-4.38330985387592,20
"395",0.855670859908291,-4.38330985387592,20
"396",1.24382199187538,-4.38330985387592,20
"397",1.63197312384247,-4.52616699673306,20
"398",2.02012425580956,-4.52616699673306,20
"399",2.40827538777665,-4.52616699673306,20
"400",2.79642651974375,-4.52616699673306,20
"401",-4.57844498763098,-1.95473842530449,21
"402",-4.19029385566389,-1.95473842530449,21
"403",-3.8021427236968,-2.24045271101878,21
"404",-3.41399159172971,-2.52616699673306,21
"405",-3.02584045976262,-2.6690241395902,21
"406",-2.63768932779553,-2.6690241395902,21
"407",-2.24953819582843,-2.81188128244735,21
"408",-1.86138706386134,-2.81188128244735,21
"409",-1.47323593189425,-2.81188128244735,21
"410",-1.08508479992716,-2.81188128244735,21
"411",-0.696933667960072,-2.81188128244735,21
"412",-0.308782535992981,-2.95473842530449,21
"413",0.0793685959741097,-2.95473842530449,21
"414",0.4675197279412,-2.95473842530449,21
"415",0.855670859908291,-2.95473842530449,21
"416",1.24382199187538,-3.09759556816163,21
"417",1.63197312384247,-3.09759556816163,21
"418",2.02012425580956,-3.09759556816163,21
"419",2.40827538777665,-3.09759556816163,21
"420",2.79642651974375,-3.09759556816163,21
"421",-4.57844498763098,-1.95473842530449,22
"422",-4.19029385566389,-1.95473842530449,22
"423",-3.8021427236968,-1.95473842530449,22
"424",-3.41399159172971,-1.95473842530449,22
"425",-3.02584045976262,-2.09759556816163,22
"426",-2.63768932779553,-2.6690241395902,22
"427",-2.24953819582843,-2.95473842530449,22
"428",-1.86138706386134,-3.24045271101878,22
"429",-1.47323593189425,-3.52616699673306,22
"430",-1.08508479992716,-3.6690241395902,22
"431",-0.696933667960072,-3.81188128244735,22
"432",-0.308782535992981,-3.95473842530449,22
"433",0.0793685959741097,-3.95473842530449,22
"434",0.4675197279412,-4.09759556816163,22
"435",0.855670859908291,-4.09759556816163,22
"436",1.24382199187538,-4.09759556816163,22
"437",1.63197312384247,-4.09759556816163,22
"438",2.02012425580956,-4.09759556816163,22
"439",2.40827538777665,-4.09759556816163,22
"440",2.79642651974375,-4.09759556816163,22
"441",-4.57844498763098,-2.24045271101878,23
"442",-4.19029385566389,-2.52616699673306,23
"443",-3.8021427236968,-2.6690241395902,23
"444",-3.41399159172971,-2.6690241395902,23
"445",-3.02584045976262,-2.6690241395902,23
"446",-2.63768932779553,-2.6690241395902,23
"447",-2.24953819582843,-2.81188128244735,23
"448",-1.86138706386134,-2.81188128244735,23
"449",-1.47323593189425,-2.81188128244735,23
"450",-1.08508479992716,-2.81188128244735,23
"451",-0.696933667960072,-2.81188128244735,23
"452",-0.308782535992981,-2.95473842530449,23
"453",0.0793685959741097,-2.95473842530449,23
"454",0.4675197279412,-2.95473842530449,23
"455",0.855670859908291,-2.95473842530449,23
"456",1.24382199187538,-2.95473842530449,23
"457",1.63197312384247,-2.95473842530449,23
"458",2.02012425580956,-2.95473842530449,23
"459",2.40827538777665,-2.95473842530449,23
"460",2.79642651974375,-2.95473842530449,23
"461",-4.57844498763098,-1.95473842530449,24
"462",-4.19029385566389,-1.95473842530449,24
"463",-3.8021427236968,-1.95473842530449,24
"464",-3.41399159172971,-1.95473842530449,24
"465",-3.02584045976262,-1.95473842530449,24
"466",-2.63768932779553,-2.6690241395902,24
"467",-2.24953819582843,-2.95473842530449,24
"468",-1.86138706386134,-2.95473842530449,24
"469",-1.47323593189425,-2.95473842530449,24
"470",-1.08508479992716,-2.95473842530449,24
"471",-0.696933667960072,-2.95473842530449,24
"472",-0.308782535992981,-3.09759556816163,24
"473",0.0793685959741097,-3.09759556816163,24
"474",0.4675197279412,-3.38330985387592,24
"475",0.855670859908291,-3.52616699673306,24
"476",1.24382199187538,-3.6690241395902,24
"477",1.63197312384247,-3.6690241395902,24
"478",2.02012425580956,-3.81188128244735,24
"479",2.40827538777665,-3.81188128244735,24
"480",2.79642651974375,-3.81188128244735,24
"481",-4.57844498763098,-1.95473842530449,25
"482",-4.19029385566389,-1.95473842530449,25
"483",-3.8021427236968,-1.95473842530449,25
"484",-3.41399159172971,-1.95473842530449,25
"485",-3.02584045976262,-1.95473842530449,25
"486",-2.63768932779553,-2.6690241395902,25
"487",-2.24953819582843,-3.09759556816163,25
"488",-1.86138706386134,-3.38330985387592,25
"489",-1.47323593189425,-3.81188128244735,25
"490",-1.08508479992716,-4.09759556816163,25
"491",-0.696933667960072,-4.52616699673306,25
"492",-0.308782535992981,-4.6690241395902,25
"493",0.0793685959741097,-4.81188128244735,25
"494",0.4675197279412,-4.81188128244735,25
"495",0.855670859908291,-4.81188128244735,25
"496",1.24382199187538,-4.81188128244735,25
"497",1.63197312384247,-4.81188128244735,25
"498",2.02012425580956,-4.81188128244735,25
"499",2.40827538777665,-4.81188128244735,25
"500",2.79642651974375,-4.81188128244735,25
"501",-4.57844498763098,-1.95473842530449,26
"502",-4.19029385566389,-1.95473842530449,26
"503",-3.8021427236968,-1.95473842530449,26
"504",-3.41399159172971,-1.95473842530449,26
"505",-3.02584045976262,-2.52616699673306,26
"506",-2.63768932779553,-2.6690241395902,26
"507",-2.24953819582843,-2.81188128244735,26
"508",-1.86138706386134,-2.81188128244735,26
"509",-1.47323593189425,-2.95473842530449,26
"510",-1.08508479992716,-2.95473842530449,26
"511",-0.696933667960072,-2.95473842530449,26
"512",-0.308782535992981,-2.95473842530449,26
"513",0.0793685959741097,-2.95473842530449,26
"514",0.4675197279412,-2.95473842530449,26
"515",0.855670859908291,-2.95473842530449,26
"516",1.24382199187538,-3.09759556816163,26
"517",1.63197312384247,-3.09759556816163,26
"518",2.02012425580956,-3.09759556816163,26
"519",2.40827538777665,-3.09759556816163,26
"520",2.79642651974375,-3.09759556816163,26
"521",-4.57844498763098,-1.95473842530449,27
"522",-4.19029385566389,-1.95473842530449,27
"523",-3.8021427236968,-1.95473842530449,27
"524",-3.41399159172971,-1.95473842530449,27
"525",-3.02584045976262,-2.52616699673306,27
"526",-2.63768932779553,-2.6690241395902,27
"527",-2.24953819582843,-2.81188128244735,27
"528",-1.86138706386134,-2.81188128244735,27
"529",-1.47323593189425,-2.95473842530449,27
"530",-1.08508479992716,-2.95473842530449,27
"531",-0.696933667960072,-2.95473842530449,27
"532",-0.308782535992981,-2.95473842530449,27
"533",0.0793685959741097,-3.09759556816163,27
"534",0.4675197279412,-3.6690241395902,27
"535",0.855670859908291,-4.09759556816163,27
"536",1.24382199187538,-4.38330985387592,27
"537",1.63197312384247,-4.38330985387592,27
"538",2.02012425580956,-4.52616699673306,27
"539",2.40827538777665,-4.52616699673306,27
"540",2.79642651974375,-4.52616699673306,27
"541",-4.57844498763098,-1.95473842530449,28
"542",-4.19029385566389,-1.95473842530449,28
"543",-3.8021427236968,-1.95473842530449,28
"544",-3.41399159172971,-1.95473842530449,28
"545",-3.02584045976262,-2.24045271101878,28
"546",-2.63768932779553,-2.6690241395902,28
"547",-2.24953819582843,-2.95473842530449,28
"548",-1.86138706386134,-3.24045271101878,28
"549",-1.47323593189425,-3.38330985387592,28
"550",-1.08508479992716,-3.52616699673306,28
"551",-0.696933667960072,-3.6690241395902,28
"552",-0.308782535992981,-3.81188128244735,28
"553",0.0793685959741097,-3.81188128244735,28
"554",0.4675197279412,-3.81188128244735,28
"555",0.855670859908291,-3.81188128244735,28
"556",1.24382199187538,-3.81188128244735,28
"557",1.63197312384247,-3.81188128244735,28
"558",2.02012425580956,-3.81188128244735,28
"559",2.40827538777665,-3.81188128244735,28
"560",2.79642651974375,-3.81188128244735,28
"561",-4.57844498763098,-1.95473842530449,29
"562",-4.19029385566389,-1.95473842530449,29
"563",-3.8021427236968,-2.24045271101878,29
"564",-3.41399159172971,-2.38330985387592,29
"565",-3.02584045976262,-2.6690241395902,29
"566",-2.63768932779553,-2.6690241395902,29
"567",-2.24953819582843,-2.81188128244735,29
"568",-1.86138706386134,-2.95473842530449,29
"569",-1.47323593189425,-2.95473842530449,29
"570",-1.08508479992716,-2.95473842530449,29
"571",-0.696933667960072,-2.95473842530449,29
"572",-0.308782535992981,-3.09759556816163,29
"573",0.0793685959741097,-3.09759556816163,29
"574",0.4675197279412,-3.09759556816163,29
"575",0.855670859908291,-3.24045271101878,29
"576",1.24382199187538,-3.24045271101878,29
"577",1.63197312384247,-3.38330985387592,29
"578",2.02012425580956,-3.38330985387592,29
"579",2.40827538777665,-3.38330985387592,29
"580",2.79642651974375,-3.38330985387592,29
"581",-4.57844498763098,-1.95473842530449,30
"582",-4.19029385566389,-1.95473842530449,30
"583",-3.8021427236968,-1.95473842530449,30
"584",-3.41399159172971,-1.95473842530449,30
"585",-3.02584045976262,-2.38330985387592,30
"586",-2.63768932779553,-2.6690241395902,30
"587",-2.24953819582843,-2.81188128244735,30
"588",-1.86138706386134,-2.95473842530449,30
"589",-1.47323593189425,-2.95473842530449,30
"590",-1.08508479992716,-2.95473842530449,30
"591",-0.696933667960072,-3.09759556816163,30
"592",-0.308782535992981,-3.24045271101878,30
"593",0.0793685959741097,-3.24045271101878,30
"594",0.4675197279412,-3.38330985387592,30
"595",0.855670859908291,-3.38330985387592,30
"596",1.24382199187538,-3.38330985387592,30
"597",1.63197312384247,-3.38330985387592,30
"598",2.02012425580956,-3.38330985387592,30
"599",2.40827538777665,-3.38330985387592,30
"600",2.79642651974375,-3.38330985387592,30
"601",-4.57844498763098,-1.95473842530449,31
"602",-4.19029385566389,-1.95473842530449,31
"603",-3.8021427236968,-2.38330985387592,31
"604",-3.41399159172971,-2.52616699673306,31
"605",-3.02584045976262,-2.6690241395902,31
"606",-2.63768932779553,-2.6690241395902,31
"607",-2.24953819582843,-2.81188128244735,31
"608",-1.86138706386134,-2.81188128244735,31
"609",-1.47323593189425,-2.95473842530449,31
"610",-1.08508479992716,-3.81188128244735,31
"611",-0.696933667960072,-4.81188128244735,31
"612",-0.308782535992981,-4.81188128244735,31
"613",0.0793685959741097,-4.81188128244735,31
"614",0.4675197279412,-4.81188128244735,31
"615",0.855670859908291,-4.81188128244735,31
"616",1.24382199187538,-4.81188128244735,31
"617",1.63197312384247,-4.81188128244735,31
"618",2.02012425580956,-4.81188128244735,31
"619",2.40827538777665,-4.81188128244735,31
"620",2.79642651974375,-4.81188128244735,31
"621",-4.57844498763098,-1.95473842530449,32
"622",-4.19029385566389,-1.95473842530449,32
"623",-3.8021427236968,-1.95473842530449,32
"624",-3.41399159172971,-1.95473842530449,32
"625",-3.02584045976262,-2.52616699673306,32
"626",-2.63768932779553,-2.6690241395902,32
"627",-2.24953819582843,-2.81188128244735,32
"628",-1.86138706386134,-2.95473842530449,32
"629",-1.47323593189425,-2.95473842530449,32
"630",-1.08508479992716,-3.09759556816163,32
"631",-0.696933667960072,-3.09759556816163,32
"632",-0.308782535992981,-3.09759556816163,32
"633",0.0793685959741097,-3.09759556816163,32
"634",0.4675197279412,-3.09759556816163,32
"635",0.855670859908291,-3.09759556816163,32
"636",1.24382199187538,-3.09759556816163,32
"637",1.63197312384247,-3.09759556816163,32
"638",2.02012425580956,-3.09759556816163,32
"639",2.40827538777665,-3.09759556816163,32
"640",2.79642651974375,-3.09759556816163,32
"641",-4.57844498763098,-1.95473842530449,33
"642",-4.19029385566389,-1.95473842530449,33
"643",-3.8021427236968,-1.95473842530449,33
"644",-3.41399159172971,-1.95473842530449,33
"645",-3.02584045976262,-1.95473842530449,33
"646",-2.63768932779553,-2.6690241395902,33
"647",-2.24953819582843,-3.09759556816163,33
"648",-1.86138706386134,-3.24045271101878,33
"649",-1.47323593189425,-3.24045271101878,33
"650",-1.08508479992716,-3.38330985387592,33
"651",-0.696933667960072,-3.38330985387592,33
"652",-0.308782535992981,-3.38330985387592,33
"653",0.0793685959741097,-3.52616699673306,33
"654",0.4675197279412,-3.52616699673306,33
"655",0.855670859908291,-4.6690241395902,33
"656",1.24382199187538,-4.81188128244735,33
"657",1.63197312384247,-4.81188128244735,33
"658",2.02012425580956,-4.81188128244735,33
"659",2.40827538777665,-4.81188128244735,33
"660",2.79642651974375,-4.81188128244735,33
"661",-4.57844498763098,-1.95473842530449,34
"662",-4.19029385566389,-1.95473842530449,34
"663",-3.8021427236968,-1.95473842530449,34
"664",-3.41399159172971,-1.95473842530449,34
"665",-3.02584045976262,-2.24045271101878,34
"666",-2.63768932779553,-2.6690241395902,34
"667",-2.24953819582843,-3.09759556816163,34
"668",-1.86138706386134,-3.38330985387592,34
"669",-1.47323593189425,-3.6690241395902,34
"670",-1.08508479992716,-3.95473842530449,34
"671",-0.696933667960072,-4.09759556816163,34
"672",-0.308782535992981,-4.24045271101878,34
"673",0.0793685959741097,-4.38330985387592,34
"674",0.4675197279412,-4.52616699673306,34
"675",0.855670859908291,-4.6690241395902,34
"676",1.24382199187538,-4.6690241395902,34
"677",1.63197312384247,-4.6690241395902,34
"678",2.02012425580956,-4.6690241395902,34
"679",2.40827538777665,-4.6690241395902,34
"680",2.79642651974375,-4.6690241395902,34
"681",-4.57844498763098,-1.95473842530449,35
"682",-4.19029385566389,-1.95473842530449,35
"683",-3.8021427236968,-2.09759556816163,35
"684",-3.41399159172971,-2.38330985387592,35
"685",-3.02584045976262,-2.52616699673306,35
"686",-2.63768932779553,-2.6690241395902,35
"687",-2.24953819582843,-2.81188128244735,35
"688",-1.86138706386134,-2.95473842530449,35
"689",-1.47323593189425,-3.38330985387592,35
"690",-1.08508479992716,-3.6690241395902,35
"691",-0.696933667960072,-3.95473842530449,35
"692",-0.308782535992981,-4.09759556816163,35
"693",0.0793685959741097,-4.24045271101878,35
"694",0.4675197279412,-4.24045271101878,35
"695",0.855670859908291,-4.24045271101878,35
"696",1.24382199187538,-4.24045271101878,35
"697",1.63197312384247,-4.24045271101878,35
"698",2.02012425580956,-4.24045271101878,35
"699",2.40827538777665,-4.24045271101878,35
"700",2.79642651974375,-4.24045271101878,35
"701",-4.57844498763098,-1.95473842530449,36
"702",-4.19029385566389,-1.95473842530449,36
"703",-3.8021427236968,-1.95473842530449,36
"704",-3.41399159172971,-1.95473842530449,36
"705",-3.02584045976262,-2.09759556816163,36
"706",-2.63768932779553,-2.52616699673306,36
"707",-2.24953819582843,-3.38330985387592,36
"708",-1.86138706386134,-3.95473842530449,36
"709",-1.47323593189425,-4.38330985387592,36
"710",-1.08508479992716,-4.6690241395902,36
"711",-0.696933667960072,-4.81188128244735,36
"712",-0.308782535992981,-4.81188128244735,36
"713",0.0793685959741097,-4.81188128244735,36
"714",0.4675197279412,-4.81188128244735,36
"715",0.855670859908291,-4.81188128244735,36
"716",1.24382199187538,-4.81188128244735,36
"717",1.63197312384247,-4.81188128244735,36
"718",2.02012425580956,-4.81188128244735,36
"719",2.40827538777665,-4.81188128244735,36
"720",2.79642651974375,-4.81188128244735,36
"721",-4.57844498763098,-1.95473842530449,37
"722",-4.19029385566389,-1.95473842530449,37
"723",-3.8021427236968,-1.95473842530449,37
"724",-3.41399159172971,-2.09759556816163,37
"725",-3.02584045976262,-2.38330985387592,37
"726",-2.63768932779553,-2.6690241395902,37
"727",-2.24953819582843,-2.95473842530449,37
"728",-1.86138706386134,-3.09759556816163,37
"729",-1.47323593189425,-3.24045271101878,37
"730",-1.08508479992716,-3.38330985387592,37
"731",-0.696933667960072,-3.52616699673306,37
"732",-0.308782535992981,-3.6690241395902,37
"733",0.0793685959741097,-3.81188128244735,37
"734",0.4675197279412,-3.81188128244735,37
"735",0.855670859908291,-3.81188128244735,37
"736",1.24382199187538,-3.81188128244735,37
"737",1.63197312384247,-3.95473842530449,37
"738",2.02012425580956,-3.95473842530449,37
"739",2.40827538777665,-3.95473842530449,37
"740",2.79642651974375,-3.95473842530449,37
"741",-4.57844498763098,-1.95473842530449,38
"742",-4.19029385566389,-1.95473842530449,38
"743",-3.8021427236968,-1.95473842530449,38
"744",-3.41399159172971,-1.95473842530449,38
"745",-3.02584045976262,-2.24045271101878,38
"746",-2.63768932779553,-2.6690241395902,38
"747",-2.24953819582843,-2.95473842530449,38
"748",-1.86138706386134,-3.24045271101878,38
"749",-1.47323593189425,-3.52616699673306,38
"750",-1.08508479992716,-3.6690241395902,38
"751",-0.696933667960072,-3.81188128244735,38
"752",-0.308782535992981,-3.95473842530449,38
"753",0.0793685959741097,-3.95473842530449,38
"754",0.4675197279412,-4.09759556816163,38
"755",0.855670859908291,-4.09759556816163,38
"756",1.24382199187538,-4.09759556816163,38
"757",1.63197312384247,-4.09759556816163,38
"758",2.02012425580956,-4.09759556816163,38
"759",2.40827538777665,-4.09759556816163,38
"760",2.79642651974375,-4.09759556816163,38
"761",-4.57844498763098,-1.95473842530449,39
"762",-4.19029385566389,-1.95473842530449,39
"763",-3.8021427236968,-1.95473842530449,39
"764",-3.41399159172971,-2.24045271101878,39
"765",-3.02584045976262,-2.52616699673306,39
"766",-2.63768932779553,-2.6690241395902,39
"767",-2.24953819582843,-2.81188128244735,39
"768",-1.86138706386134,-2.95473842530449,39
"769",-1.47323593189425,-3.09759556816163,39
"770",-1.08508479992716,-3.09759556816163,39
"771",-0.696933667960072,-3.09759556816163,39
"772",-0.308782535992981,-3.09759556816163,39
"773",0.0793685959741097,-3.38330985387592,39
"774",0.4675197279412,-4.81188128244735,39
"775",0.855670859908291,-4.81188128244735,39
"776",1.24382199187538,-4.81188128244735,39
"777",1.63197312384247,-4.81188128244735,39
"778",2.02012425580956,-4.81188128244735,39
"779",2.40827538777665,-4.81188128244735,39
"780",2.79642651974375,-4.81188128244735,39
"781",-4.57844498763098,-1.95473842530449,40
"782",-4.19029385566389,-1.95473842530449,40
"783",-3.8021427236968,-1.95473842530449,40
"784",-3.41399159172971,-1.95473842530449,40
"785",-3.02584045976262,-2.38330985387592,40
"786",-2.63768932779553,-2.6690241395902,40
"787",-2.24953819582843,-2.95473842530449,40
"788",-1.86138706386134,-3.09759556816163,40
"789",-1.47323593189425,-3.24045271101878,40
"790",-1.08508479992716,-3.24045271101878,40
"791",-0.696933667960072,-3.38330985387592,40
"792",-0.308782535992981,-3.38330985387592,40
"793",0.0793685959741097,-3.38330985387592,40
"794",0.4675197279412,-3.38330985387592,40
"795",0.855670859908291,-3.38330985387592,40
"796",1.24382199187538,-3.38330985387592,40
"797",1.63197312384247,-3.38330985387592,40
"798",2.02012425580956,-3.38330985387592,40
"799",2.40827538777665,-3.38330985387592,40
"800",2.79642651974375,-3.38330985387592,40
"801",-4.57844498763098,-1.95473842530449,41
"802",-4.19029385566389,-1.95473842530449,41
"803",-3.8021427236968,-2.09759556816163,41
"804",-3.41399159172971,-2.38330985387592,41
"805",-3.02584045976262,-2.52616699673306,41
"806",-2.63768932779553,-2.6690241395902,41
"807",-2.24953819582843,-2.81188128244735,41
"808",-1.86138706386134,-2.95473842530449,41
"809",-1.47323593189425,-3.09759556816163,41
"810",-1.08508479992716,-3.09759556816163,41
"811",-0.696933667960072,-3.24045271101878,41
"812",-0.308782535992981,-3.24045271101878,41
"813",0.0793685959741097,-3.24045271101878,41
"814",0.4675197279412,-3.38330985387592,41
"815",0.855670859908291,-3.38330985387592,41
"816",1.24382199187538,-3.38330985387592,41
"817",1.63197312384247,-3.38330985387592,41
"818",2.02012425580956,-3.38330985387592,41
"819",2.40827538777665,-3.38330985387592,41
"820",2.79642651974375,-3.38330985387592,41
"821",-4.57844498763098,-1.95473842530449,42
"822",-4.19029385566389,-1.95473842530449,42
"823",-3.8021427236968,-1.95473842530449,42
"824",-3.41399159172971,-1.95473842530449,42
"825",-3.02584045976262,-2.38330985387592,42
"826",-2.63768932779553,-2.6690241395902,42
"827",-2.24953819582843,-2.95473842530449,42
"828",-1.86138706386134,-3.09759556816163,42
"829",-1.47323593189425,-3.24045271101878,42
"830",-1.08508479992716,-3.52616699673306,42
"831",-0.696933667960072,-3.6690241395902,42
"832",-0.308782535992981,-3.95473842530449,42
"833",0.0793685959741097,-4.09759556816163,42
"834",0.4675197279412,-4.09759556816163,42
"835",0.855670859908291,-4.24045271101878,42
"836",1.24382199187538,-4.24045271101878,42
"837",1.63197312384247,-4.24045271101878,42
"838",2.02012425580956,-4.38330985387592,42
"839",2.40827538777665,-4.38330985387592,42
"840",2.79642651974375,-4.38330985387592,42
"841",-4.57844498763098,-2.09759556816163,43
"842",-4.19029385566389,-2.24045271101878,43
"843",-3.8021427236968,-2.38330985387592,43
"844",-3.41399159172971,-2.52616699673306,43
"845",-3.02584045976262,-2.6690241395902,43
"846",-2.63768932779553,-2.6690241395902,43
"847",-2.24953819582843,-2.95473842530449,43
"848",-1.86138706386134,-3.09759556816163,43
"849",-1.47323593189425,-3.38330985387592,43
"850",-1.08508479992716,-3.52616699673306,43
"851",-0.696933667960072,-3.52616699673306,43
"852",-0.308782535992981,-3.6690241395902,43
"853",0.0793685959741097,-4.09759556816163,43
"854",0.4675197279412,-4.38330985387592,43
"855",0.855670859908291,-4.52616699673306,43
"856",1.24382199187538,-4.81188128244735,43
"857",1.63197312384247,-4.81188128244735,43
"858",2.02012425580956,-4.81188128244735,43
"859",2.40827538777665,-4.81188128244735,43
"860",2.79642651974375,-4.81188128244735,43
"861",-4.57844498763098,-1.95473842530449,44
"862",-4.19029385566389,-2.09759556816163,44
"863",-3.8021427236968,-2.38330985387592,44
"864",-3.41399159172971,-2.52616699673306,44
"865",-3.02584045976262,-2.6690241395902,44
"866",-2.63768932779553,-2.6690241395902,44
"867",-2.24953819582843,-2.81188128244735,44
"868",-1.86138706386134,-3.09759556816163,44
"869",-1.47323593189425,-3.95473842530449,44
"870",-1.08508479992716,-4.09759556816163,44
"871",-0.696933667960072,-4.09759556816163,44
"872",-0.308782535992981,-4.09759556816163,44
"873",0.0793685959741097,-4.09759556816163,44
"874",0.4675197279412,-4.38330985387592,44
"875",0.855670859908291,-4.6690241395902,44
"876",1.24382199187538,-4.81188128244735,44
"877",1.63197312384247,-4.81188128244735,44
"878",2.02012425580956,-4.81188128244735,44
"879",2.40827538777665,-4.81188128244735,44
"880",2.79642651974375,-4.81188128244735,44
"881",-4.57844498763098,-1.95473842530449,45
"882",-4.19029385566389,-1.95473842530449,45
"883",-3.8021427236968,-1.95473842530449,45
"884",-3.41399159172971,-2.09759556816163,45
"885",-3.02584045976262,-2.52616699673306,45
"886",-2.63768932779553,-2.6690241395902,45
"887",-2.24953819582843,-2.81188128244735,45
"888",-1.86138706386134,-2.95473842530449,45
"889",-1.47323593189425,-3.09759556816163,45
"890",-1.08508479992716,-3.09759556816163,45
"891",-0.696933667960072,-3.24045271101878,45
"892",-0.308782535992981,-3.24045271101878,45
"893",0.0793685959741097,-3.24045271101878,45
"894",0.4675197279412,-3.24045271101878,45
"895",0.855670859908291,-3.24045271101878,45
"896",1.24382199187538,-3.24045271101878,45
"897",1.63197312384247,-3.52616699673306,45
"898",2.02012425580956,-4.09759556816163,45
"899",2.40827538777665,-4.52616699673306,45
"900",2.79642651974375,-4.81188128244735,45
"901",-4.57844498763098,-1.95473842530449,46
"902",-4.19029385566389,-1.95473842530449,46
"903",-3.8021427236968,-1.95473842530449,46
"904",-3.41399159172971,-1.95473842530449,46
"905",-3.02584045976262,-2.24045271101878,46
"906",-2.63768932779553,-2.6690241395902,46
"907",-2.24953819582843,-2.95473842530449,46
"908",-1.86138706386134,-3.09759556816163,46
"909",-1.47323593189425,-3.24045271101878,46
"910",-1.08508479992716,-3.38330985387592,46
"911",-0.696933667960072,-3.38330985387592,46
"912",-0.308782535992981,-3.38330985387592,46
"913",0.0793685959741097,-3.38330985387592,46
"914",0.4675197279412,-3.38330985387592,46
"915",0.855670859908291,-3.52616699673306,46
"916",1.24382199187538,-3.52616699673306,46
"917",1.63197312384247,-3.52616699673306,46
"918",2.02012425580956,-3.52616699673306,46
"919",2.40827538777665,-3.52616699673306,46
"920",2.79642651974375,-3.52616699673306,46
"921",-4.57844498763098,-1.95473842530449,47
"922",-4.19029385566389,-1.95473842530449,47
"923",-3.8021427236968,-1.95473842530449,47
"924",-3.41399159172971,-1.95473842530449,47
"925",-3.02584045976262,-2.24045271101878,47
"926",-2.63768932779553,-2.6690241395902,47
"927",-2.24953819582843,-3.09759556816163,47
"928",-1.86138706386134,-3.38330985387592,47
"929",-1.47323593189425,-3.52616699673306,47
"930",-1.08508479992716,-3.81188128244735,47
"931",-0.696933667960072,-3.95473842530449,47
"932",-0.308782535992981,-3.95473842530449,47
"933",0.0793685959741097,-4.09759556816163,47
"934",0.4675197279412,-4.09759556816163,47
"935",0.855670859908291,-4.24045271101878,47
"936",1.24382199187538,-4.24045271101878,47
"937",1.63197312384247,-4.24045271101878,47
"938",2.02012425580956,-4.24045271101878,47
"939",2.40827538777665,-4.24045271101878,47
"940",2.79642651974375,-4.24045271101878,47
"941",-4.57844498763098,-1.95473842530449,48
"942",-4.19029385566389,-1.95473842530449,48
"943",-3.8021427236968,-1.95473842530449,48
"944",-3.41399159172971,-1.95473842530449,48
"945",-3.02584045976262,-1.95473842530449,48
"946",-2.63768932779553,-2.6690241395902,48
"947",-2.24953819582843,-3.09759556816163,48
"948",-1.86138706386134,-3.38330985387592,48
"949",-1.47323593189425,-3.52616699673306,48
"950",-1.08508479992716,-3.6690241395902,48
"951",-0.696933667960072,-3.81188128244735,48
"952",-0.308782535992981,-3.81188128244735,48
"953",0.0793685959741097,-3.95473842530449,48
"954",0.4675197279412,-3.95473842530449,48
"955",0.855670859908291,-3.95473842530449,48
"956",1.24382199187538,-3.95473842530449,48
"957",1.63197312384247,-3.95473842530449,48
"958",2.02012425580956,-3.95473842530449,48
"959",2.40827538777665,-3.95473842530449,48
"960",2.79642651974375,-3.95473842530449,48
"961",-4.57844498763098,-1.95473842530449,49
"962",-4.19029385566389,-1.95473842530449,49
"963",-3.8021427236968,-1.95473842530449,49
"964",-3.41399159172971,-2.24045271101878,49
"965",-3.02584045976262,-2.52616699673306,49
"966",-2.63768932779553,-2.6690241395902,49
"967",-2.24953819582843,-2.81188128244735,49
"968",-1.86138706386134,-2.95473842530449,49
"969",-1.47323593189425,-2.95473842530449,49
"970",-1.08508479992716,-3.09759556816163,49
"971",-0.696933667960072,-3.09759556816163,49
"972",-0.308782535992981,-3.09759556816163,49
"973",0.0793685959741097,-3.09759556816163,49
"974",0.4675197279412,-3.09759556816163,49
"975",0.855670859908291,-3.09759556816163,49
"976",1.24382199187538,-3.09759556816163,49
"977",1.63197312384247,-3.09759556816163,49
"978",2.02012425580956,-3.09759556816163,49
"979",2.40827538777665,-3.09759556816163,49
"980",2.79642651974375,-3.09759556816163,49
"981",-4.57844498763098,-1.95473842530449,50
"982",-4.19029385566389,-1.95473842530449,50
"983",-3.8021427236968,-1.95473842530449,50
"984",-3.41399159172971,-1.95473842530449,50
"985",-3.02584045976262,-2.38330985387592,50
"986",-2.63768932779553,-2.6690241395902,50
"987",-2.24953819582843,-2.95473842530449,50
"988",-1.86138706386134,-3.09759556816163,50
"989",-1.47323593189425,-3.24045271101878,50
"990",-1.08508479992716,-3.24045271101878,50
"991",-0.696933667960072,-3.24045271101878,50
"992",-0.308782535992981,-3.38330985387592,50
"993",0.0793685959741097,-3.38330985387592,50
"994",0.4675197279412,-3.38330985387592,50
"995",0.855670859908291,-3.38330985387592,50
"996",1.24382199187538,-3.38330985387592,50
"997",1.63197312384247,-3.38330985387592,50
"998",2.02012425580956,-3.38330985387592,50
"999",2.40827538777665,-3.38330985387592,50
"1000",2.79642651974375,-3.38330985387592,50
"1001",-4.57844498763098,-1.95473842530449,51
"1002",-4.19029385566389,-1.95473842530449,51
"1003",-3.8021427236968,-1.95473842530449,51
"1004",-3.41399159172971,-1.95473842530449,51
"1005",-3.02584045976262,-2.38330985387592,51
"1006",-2.63768932779553,-2.6690241395902,51
"1007",-2.24953819582843,-2.95473842530449,51
"1008",-1.86138706386134,-3.09759556816163,51
"1009",-1.47323593189425,-3.24045271101878,51
"1010",-1.08508479992716,-3.38330985387592,51
"1011",-0.696933667960072,-3.38330985387592,51
"1012",-0.308782535992981,-3.81188128244735,51
"1013",0.0793685959741097,-4.38330985387592,51
"1014",0.4675197279412,-4.81188128244735,51
"1015",0.855670859908291,-4.81188128244735,51
"1016",1.24382199187538,-4.81188128244735,51
"1017",1.63197312384247,-4.81188128244735,51
"1018",2.02012425580956,-4.81188128244735,51
"1019",2.40827538777665,-4.81188128244735,51
"1020",2.79642651974375,-4.81188128244735,51
"1021",-4.57844498763098,-1.95473842530449,52
"1022",-4.19029385566389,-1.95473842530449,52
"1023",-3.8021427236968,-1.95473842530449,52
"1024",-3.41399159172971,-1.95473842530449,52
"1025",-3.02584045976262,-2.38330985387592,52
"1026",-2.63768932779553,-2.6690241395902,52
"1027",-2.24953819582843,-2.95473842530449,52
"1028",-1.86138706386134,-3.09759556816163,52
"1029",-1.47323593189425,-3.24045271101878,52
"1030",-1.08508479992716,-3.24045271101878,52
"1031",-0.696933667960072,-3.38330985387592,52
"1032",-0.308782535992981,-3.38330985387592,52
"1033",0.0793685959741097,-3.38330985387592,52
"1034",0.4675197279412,-3.38330985387592,52
"1035",0.855670859908291,-3.52616699673306,52
"1036",1.24382199187538,-3.52616699673306,52
"1037",1.63197312384247,-3.52616699673306,52
"1038",2.02012425580956,-3.52616699673306,52
"1039",2.40827538777665,-3.52616699673306,52
"1040",2.79642651974375,-3.52616699673306,52
"1041",-4.57844498763098,-1.95473842530449,53
"1042",-4.19029385566389,-1.95473842530449,53
"1043",-3.8021427236968,-1.95473842530449,53
"1044",-3.41399159172971,-1.95473842530449,53
"1045",-3.02584045976262,-2.09759556816163,53
"1046",-2.63768932779553,-2.6690241395902,53
"1047",-2.24953819582843,-3.09759556816163,53
"1048",-1.86138706386134,-3.38330985387592,53
"1049",-1.47323593189425,-3.6690241395902,53
"1050",-1.08508479992716,-3.81188128244735,53
"1051",-0.696933667960072,-3.95473842530449,53
"1052",-0.308782535992981,-4.09759556816163,53
"1053",0.0793685959741097,-4.24045271101878,53
"1054",0.4675197279412,-4.24045271101878,53
"1055",0.855670859908291,-4.24045271101878,53
"1056",1.24382199187538,-4.38330985387592,53
"1057",1.63197312384247,-4.38330985387592,53
"1058",2.02012425580956,-4.38330985387592,53
"1059",2.40827538777665,-4.38330985387592,53
"1060",2.79642651974375,-4.38330985387592,53
"1061",-4.57844498763098,-1.95473842530449,54
"1062",-4.19029385566389,-1.95473842530449,54
"1063",-3.8021427236968,-1.95473842530449,54
"1064",-3.41399159172971,-1.95473842530449,54
"1065",-3.02584045976262,-2.38330985387592,54
"1066",-2.63768932779553,-2.6690241395902,54
"1067",-2.24953819582843,-2.95473842530449,54
"1068",-1.86138706386134,-3.09759556816163,54
"1069",-1.47323593189425,-3.24045271101878,54
"1070",-1.08508479992716,-3.24045271101878,54
"1071",-0.696933667960072,-3.24045271101878,54
"1072",-0.308782535992981,-3.24045271101878,54
"1073",0.0793685959741097,-3.24045271101878,54
"1074",0.4675197279412,-3.24045271101878,54
"1075",0.855670859908291,-3.24045271101878,54
"1076",1.24382199187538,-3.24045271101878,54
"1077",1.63197312384247,-3.24045271101878,54
"1078",2.02012425580956,-3.24045271101878,54
"1079",2.40827538777665,-3.24045271101878,54
"1080",2.79642651974375,-3.38330985387592,54
"1081",-4.57844498763098,-1.95473842530449,55
"1082",-4.19029385566389,-1.95473842530449,55
"1083",-3.8021427236968,-1.95473842530449,55
"1084",-3.41399159172971,-1.95473842530449,55
"1085",-3.02584045976262,-2.24045271101878,55
"1086",-2.63768932779553,-2.6690241395902,55
"1087",-2.24953819582843,-2.95473842530449,55
"1088",-1.86138706386134,-2.95473842530449,55
"1089",-1.47323593189425,-3.09759556816163,55
"1090",-1.08508479992716,-3.09759556816163,55
"1091",-0.696933667960072,-3.09759556816163,55
"1092",-0.308782535992981,-3.09759556816163,55
"1093",0.0793685959741097,-3.09759556816163,55
"1094",0.4675197279412,-3.09759556816163,55
"1095",0.855670859908291,-3.09759556816163,55
"1096",1.24382199187538,-3.09759556816163,55
"1097",1.63197312384247,-3.09759556816163,55
"1098",2.02012425580956,-3.09759556816163,55
"1099",2.40827538777665,-3.09759556816163,55
"1100",2.79642651974375,-3.09759556816163,55
"1101",-4.57844498763098,-1.95473842530449,56
"1102",-4.19029385566389,-1.95473842530449,56
"1103",-3.8021427236968,-2.09759556816163,56
"1104",-3.41399159172971,-2.24045271101878,56
"1105",-3.02584045976262,-2.52616699673306,56
"1106",-2.63768932779553,-2.6690241395902,56
"1107",-2.24953819582843,-4.52616699673306,56
"1108",-1.86138706386134,-4.81188128244735,56
"1109",-1.47323593189425,-4.81188128244735,56
"1110",-1.08508479992716,-4.81188128244735,56
"1111",-0.696933667960072,-4.81188128244735,56
"1112",-0.308782535992981,-4.81188128244735,56
"1113",0.0793685959741097,-4.81188128244735,56
"1114",0.4675197279412,-4.81188128244735,56
"1115",0.855670859908291,-4.81188128244735,56
"1116",1.24382199187538,-4.81188128244735,56
"1117",1.63197312384247,-4.81188128244735,56
"1118",2.02012425580956,-4.81188128244735,56
"1119",2.40827538777665,-4.81188128244735,56
"1120",2.79642651974375,-4.81188128244735,56
"1121",-4.57844498763098,-1.95473842530449,57
"1122",-4.19029385566389,-1.95473842530449,57
"1123",-3.8021427236968,-1.95473842530449,57
"1124",-3.41399159172971,-2.24045271101878,57
"1125",-3.02584045976262,-2.52616699673306,57
"1126",-2.63768932779553,-2.6690241395902,57
"1127",-2.24953819582843,-2.95473842530449,57
"1128",-1.86138706386134,-3.09759556816163,57
"1129",-1.47323593189425,-3.52616699673306,57
"1130",-1.08508479992716,-3.81188128244735,57
"1131",-0.696933667960072,-3.95473842530449,57
"1132",-0.308782535992981,-3.95473842530449,57
"1133",0.0793685959741097,-3.95473842530449,57
"1134",0.4675197279412,-3.95473842530449,57
"1135",0.855670859908291,-3.95473842530449,57
"1136",1.24382199187538,-3.95473842530449,57
"1137",1.63197312384247,-3.95473842530449,57
"1138",2.02012425580956,-3.95473842530449,57
"1139",2.40827538777665,-3.95473842530449,57
"1140",2.79642651974375,-3.95473842530449,57
"1141",-4.57844498763098,-1.95473842530449,58
"1142",-4.19029385566389,-1.95473842530449,58
"1143",-3.8021427236968,-2.09759556816163,58
"1144",-3.41399159172971,-2.38330985387592,58
"1145",-3.02584045976262,-2.52616699673306,58
"1146",-2.63768932779553,-2.6690241395902,58
"1147",-2.24953819582843,-2.81188128244735,58
"1148",-1.86138706386134,-2.95473842530449,58
"1149",-1.47323593189425,-3.09759556816163,58
"1150",-1.08508479992716,-3.6690241395902,58
"1151",-0.696933667960072,-4.52616699673306,58
"1152",-0.308782535992981,-4.81188128244735,58
"1153",0.0793685959741097,-4.81188128244735,58
"1154",0.4675197279412,-4.81188128244735,58
"1155",0.855670859908291,-4.81188128244735,58
"1156",1.24382199187538,-4.81188128244735,58
"1157",1.63197312384247,-4.81188128244735,58
"1158",2.02012425580956,-4.81188128244735,58
"1159",2.40827538777665,-4.81188128244735,58
"1160",2.79642651974375,-4.81188128244735,58
"1161",-4.57844498763098,-1.95473842530449,59
"1162",-4.19029385566389,-1.95473842530449,59
"1163",-3.8021427236968,-1.95473842530449,59
"1164",-3.41399159172971,-1.95473842530449,59
"1165",-3.02584045976262,-1.95473842530449,59
"1166",-2.63768932779553,-2.38330985387592,59
"1167",-2.24953819582843,-3.24045271101878,59
"1168",-1.86138706386134,-3.38330985387592,59
"1169",-1.47323593189425,-3.38330985387592,59
"1170",-1.08508479992716,-3.81188128244735,59
"1171",-0.696933667960072,-4.38330985387592,59
"1172",-0.308782535992981,-4.81188128244735,59
"1173",0.0793685959741097,-4.81188128244735,59
"1174",0.4675197279412,-4.81188128244735,59
"1175",0.855670859908291,-4.81188128244735,59
"1176",1.24382199187538,-4.81188128244735,59
"1177",1.63197312384247,-4.81188128244735,59
"1178",2.02012425580956,-4.81188128244735,59
"1179",2.40827538777665,-4.81188128244735,59
"1180",2.79642651974375,-4.81188128244735,59
"1181",-4.57844498763098,-1.95473842530449,60
"1182",-4.19029385566389,-1.95473842530449,60
"1183",-3.8021427236968,-2.09759556816163,60
"1184",-3.41399159172971,-2.38330985387592,60
"1185",-3.02584045976262,-2.52616699673306,60
"1186",-2.63768932779553,-2.6690241395902,60
"1187",-2.24953819582843,-2.81188128244735,60
"1188",-1.86138706386134,-2.95473842530449,60
"1189",-1.47323593189425,-3.09759556816163,60
"1190",-1.08508479992716,-3.38330985387592,60
"1191",-0.696933667960072,-3.52616699673306,60
"1192",-0.308782535992981,-3.81188128244735,60
"1193",0.0793685959741097,-3.95473842530449,60
"1194",0.4675197279412,-4.09759556816163,60
"1195",0.855670859908291,-4.24045271101878,60
"1196",1.24382199187538,-4.38330985387592,60
"1197",1.63197312384247,-4.38330985387592,60
"1198",2.02012425580956,-4.38330985387592,60
"1199",2.40827538777665,-4.38330985387592,60
"1200",2.79642651974375,-4.38330985387592,60
"1201",-4.57844498763098,-1.95473842530449,61
"1202",-4.19029385566389,-1.95473842530449,61
"1203",-3.8021427236968,-1.95473842530449,61
"1204",-3.41399159172971,-1.95473842530449,61
"1205",-3.02584045976262,-1.95473842530449,61
"1206",-2.63768932779553,-2.52616699673306,61
"1207",-2.24953819582843,-3.52616699673306,61
"1208",-1.86138706386134,-3.81188128244735,61
"1209",-1.47323593189425,-4.09759556816163,61
"1210",-1.08508479992716,-4.09759556816163,61
"1211",-0.696933667960072,-4.09759556816163,61
"1212",-0.308782535992981,-4.09759556816163,61
"1213",0.0793685959741097,-4.09759556816163,61
"1214",0.4675197279412,-4.09759556816163,61
"1215",0.855670859908291,-4.09759556816163,61
"1216",1.24382199187538,-4.09759556816163,61
"1217",1.63197312384247,-4.09759556816163,61
"1218",2.02012425580956,-4.09759556816163,61
"1219",2.40827538777665,-4.09759556816163,61
"1220",2.79642651974375,-4.09759556816163,61
"1221",-4.57844498763098,-1.95473842530449,62
"1222",-4.19029385566389,-1.95473842530449,62
"1223",-3.8021427236968,-1.95473842530449,62
"1224",-3.41399159172971,-2.38330985387592,62
"1225",-3.02584045976262,-2.52616699673306,62
"1226",-2.63768932779553,-2.6690241395902,62
"1227",-2.24953819582843,-3.09759556816163,62
"1228",-1.86138706386134,-3.38330985387592,62
"1229",-1.47323593189425,-3.81188128244735,62
"1230",-1.08508479992716,-4.09759556816163,62
"1231",-0.696933667960072,-4.38330985387592,62
"1232",-0.308782535992981,-4.52616699673306,62
"1233",0.0793685959741097,-4.81188128244735,62
"1234",0.4675197279412,-4.81188128244735,62
"1235",0.855670859908291,-4.81188128244735,62
"1236",1.24382199187538,-4.81188128244735,62
"1237",1.63197312384247,-4.81188128244735,62
"1238",2.02012425580956,-4.81188128244735,62
"1239",2.40827538777665,-4.81188128244735,62
"1240",2.79642651974375,-4.81188128244735,62
"1241",-4.57844498763098,-1.95473842530449,63
"1242",-4.19029385566389,-1.95473842530449,63
"1243",-3.8021427236968,-1.95473842530449,63
"1244",-3.41399159172971,-2.38330985387592,63
"1245",-3.02584045976262,-2.52616699673306,63
"1246",-2.63768932779553,-2.6690241395902,63
"1247",-2.24953819582843,-2.81188128244735,63
"1248",-1.86138706386134,-2.95473842530449,63
"1249",-1.47323593189425,-2.95473842530449,63
"1250",-1.08508479992716,-2.95473842530449,63
"1251",-0.696933667960072,-2.95473842530449,63
"1252",-0.308782535992981,-3.24045271101878,63
"1253",0.0793685959741097,-3.81188128244735,63
"1254",0.4675197279412,-4.6690241395902,63
"1255",0.855670859908291,-4.81188128244735,63
"1256",1.24382199187538,-4.81188128244735,63
"1257",1.63197312384247,-4.81188128244735,63
"1258",2.02012425580956,-4.81188128244735,63
"1259",2.40827538777665,-4.81188128244735,63
"1260",2.79642651974375,-4.81188128244735,63
"1261",-4.57844498763098,-1.95473842530449,64
"1262",-4.19029385566389,-1.95473842530449,64
"1263",-3.8021427236968,-2.09759556816163,64
"1264",-3.41399159172971,-2.38330985387592,64
"1265",-3.02584045976262,-2.52616699673306,64
"1266",-2.63768932779553,-2.6690241395902,64
"1267",-2.24953819582843,-2.81188128244735,64
"1268",-1.86138706386134,-2.95473842530449,64
"1269",-1.47323593189425,-3.09759556816163,64
"1270",-1.08508479992716,-3.24045271101878,64
"1271",-0.696933667960072,-3.38330985387592,64
"1272",-0.308782535992981,-3.81188128244735,64
"1273",0.0793685959741097,-4.09759556816163,64
"1274",0.4675197279412,-4.38330985387592,64
"1275",0.855670859908291,-4.6690241395902,64
"1276",1.24382199187538,-4.81188128244735,64
"1277",1.63197312384247,-4.81188128244735,64
"1278",2.02012425580956,-4.81188128244735,64
"1279",2.40827538777665,-4.81188128244735,64
"1280",2.79642651974375,-4.81188128244735,64
"1281",-4.57844498763098,-1.95473842530449,65
"1282",-4.19029385566389,-1.95473842530449,65
"1283",-3.8021427236968,-1.95473842530449,65
"1284",-3.41399159172971,-1.95473842530449,65
"1285",-3.02584045976262,-2.24045271101878,65
"1286",-2.63768932779553,-2.6690241395902,65
"1287",-2.24953819582843,-2.95473842530449,65
"1288",-1.86138706386134,-3.24045271101878,65
"1289",-1.47323593189425,-3.52616699673306,65
"1290",-1.08508479992716,-3.6690241395902,65
"1291",-0.696933667960072,-3.81188128244735,65
"1292",-0.308782535992981,-3.95473842530449,65
"1293",0.0793685959741097,-3.95473842530449,65
"1294",0.4675197279412,-4.09759556816163,65
"1295",0.855670859908291,-4.09759556816163,65
"1296",1.24382199187538,-4.09759556816163,65
"1297",1.63197312384247,-4.09759556816163,65
"1298",2.02012425580956,-4.24045271101878,65
"1299",2.40827538777665,-4.24045271101878,65
"1300",2.79642651974375,-4.24045271101878,65
"1301",-4.57844498763098,-1.95473842530449,66
"1302",-4.19029385566389,-1.95473842530449,66
"1303",-3.8021427236968,-1.95473842530449,66
"1304",-3.41399159172971,-1.95473842530449,66
"1305",-3.02584045976262,-1.95473842530449,66
"1306",-2.63768932779553,-2.6690241395902,66
"1307",-2.24953819582843,-3.09759556816163,66
"1308",-1.86138706386134,-3.52616699673306,66
"1309",-1.47323593189425,-3.6690241395902,66
"1310",-1.08508479992716,-3.81188128244735,66
"1311",-0.696933667960072,-3.95473842530449,66
"1312",-0.308782535992981,-4.09759556816163,66
"1313",0.0793685959741097,-4.09759556816163,66
"1314",0.4675197279412,-4.09759556816163,66
"1315",0.855670859908291,-4.09759556816163,66
"1316",1.24382199187538,-4.09759556816163,66
"1317",1.63197312384247,-4.09759556816163,66
"1318",2.02012425580956,-4.09759556816163,66
"1319",2.40827538777665,-4.09759556816163,66
"1320",2.79642651974375,-4.09759556816163,66
"1321",-4.57844498763098,-1.95473842530449,67
"1322",-4.19029385566389,-1.95473842530449,67
"1323",-3.8021427236968,-1.95473842530449,67
"1324",-3.41399159172971,-1.95473842530449,67
"1325",-3.02584045976262,-1.95473842530449,67
"1326",-2.63768932779553,-2.6690241395902,67
"1327",-2.24953819582843,-3.09759556816163,67
"1328",-1.86138706386134,-3.52616699673306,67
"1329",-1.47323593189425,-3.81188128244735,67
"1330",-1.08508479992716,-3.95473842530449,67
"1331",-0.696933667960072,-4.09759556816163,67
"1332",-0.308782535992981,-4.09759556816163,67
"1333",0.0793685959741097,-4.24045271101878,67
"1334",0.4675197279412,-4.24045271101878,67
"1335",0.855670859908291,-4.24045271101878,67
"1336",1.24382199187538,-4.24045271101878,67
"1337",1.63197312384247,-4.24045271101878,67
"1338",2.02012425580956,-4.24045271101878,67
"1339",2.40827538777665,-4.24045271101878,67
"1340",2.79642651974375,-4.24045271101878,67
"1341",-4.57844498763098,-1.95473842530449,68
"1342",-4.19029385566389,-1.95473842530449,68
"1343",-3.8021427236968,-1.95473842530449,68
"1344",-3.41399159172971,-1.95473842530449,68
"1345",-3.02584045976262,-2.24045271101878,68
"1346",-2.63768932779553,-2.6690241395902,68
"1347",-2.24953819582843,-2.95473842530449,68
"1348",-1.86138706386134,-3.24045271101878,68
"1349",-1.47323593189425,-3.38330985387592,68
"1350",-1.08508479992716,-3.52616699673306,68
"1351",-0.696933667960072,-3.6690241395902,68
"1352",-0.308782535992981,-3.6690241395902,68
"1353",0.0793685959741097,-3.81188128244735,68
"1354",0.4675197279412,-3.81188128244735,68
"1355",0.855670859908291,-3.81188128244735,68
"1356",1.24382199187538,-3.81188128244735,68
"1357",1.63197312384247,-3.81188128244735,68
"1358",2.02012425580956,-3.81188128244735,68
"1359",2.40827538777665,-3.81188128244735,68
"1360",2.79642651974375,-3.81188128244735,68
"1361",-4.57844498763098,-1.95473842530449,69
"1362",-4.19029385566389,-1.95473842530449,69
"1363",-3.8021427236968,-1.95473842530449,69
"1364",-3.41399159172971,-1.95473842530449,69
"1365",-3.02584045976262,-1.95473842530449,69
"1366",-2.63768932779553,-2.6690241395902,69
"1367",-2.24953819582843,-3.24045271101878,69
"1368",-1.86138706386134,-3.6690241395902,69
"1369",-1.47323593189425,-3.95473842530449,69
"1370",-1.08508479992716,-4.09759556816163,69
"1371",-0.696933667960072,-4.24045271101878,69
"1372",-0.308782535992981,-4.38330985387592,69
"1373",0.0793685959741097,-4.38330985387592,69
"1374",0.4675197279412,-4.52616699673306,69
"1375",0.855670859908291,-4.52616699673306,69
"1376",1.24382199187538,-4.52616699673306,69
"1377",1.63197312384247,-4.52616699673306,69
"1378",2.02012425580956,-4.52616699673306,69
"1379",2.40827538777665,-4.52616699673306,69
"1380",2.79642651974375,-4.52616699673306,69
"1381",-4.57844498763098,-1.95473842530449,70
"1382",-4.19029385566389,-1.95473842530449,70
"1383",-3.8021427236968,-1.95473842530449,70
"1384",-3.41399159172971,-2.09759556816163,70
"1385",-3.02584045976262,-2.38330985387592,70
"1386",-2.63768932779553,-2.6690241395902,70
"1387",-2.24953819582843,-2.95473842530449,70
"1388",-1.86138706386134,-3.09759556816163,70
"1389",-1.47323593189425,-3.24045271101878,70
"1390",-1.08508479992716,-3.24045271101878,70
"1391",-0.696933667960072,-3.38330985387592,70
"1392",-0.308782535992981,-3.38330985387592,70
"1393",0.0793685959741097,-3.52616699673306,70
"1394",0.4675197279412,-3.52616699673306,70
"1395",0.855670859908291,-3.52616699673306,70
"1396",1.24382199187538,-3.52616699673306,70
"1397",1.63197312384247,-3.52616699673306,70
"1398",2.02012425580956,-3.52616699673306,70
"1399",2.40827538777665,-3.52616699673306,70
"1400",2.79642651974375,-3.52616699673306,70
"1401",-4.57844498763098,-1.95473842530449,71
"1402",-4.19029385566389,-1.95473842530449,71
"1403",-3.8021427236968,-1.95473842530449,71
"1404",-3.41399159172971,-1.95473842530449,71
"1405",-3.02584045976262,-1.95473842530449,71
"1406",-2.63768932779553,-2.6690241395902,71
"1407",-2.24953819582843,-3.09759556816163,71
"1408",-1.86138706386134,-3.24045271101878,71
"1409",-1.47323593189425,-3.38330985387592,71
"1410",-1.08508479992716,-3.52616699673306,71
"1411",-0.696933667960072,-3.52616699673306,71
"1412",-0.308782535992981,-3.52616699673306,71
"1413",0.0793685959741097,-3.52616699673306,71
"1414",0.4675197279412,-3.52616699673306,71
"1415",0.855670859908291,-3.52616699673306,71
"1416",1.24382199187538,-3.52616699673306,71
"1417",1.63197312384247,-3.52616699673306,71
"1418",2.02012425580956,-3.52616699673306,71
"1419",2.40827538777665,-3.52616699673306,71
"1420",2.79642651974375,-3.52616699673306,71
"1421",-4.57844498763098,-1.95473842530449,72
"1422",-4.19029385566389,-1.95473842530449,72
"1423",-3.8021427236968,-1.95473842530449,72
"1424",-3.41399159172971,-1.95473842530449,72
"1425",-3.02584045976262,-2.09759556816163,72
"1426",-2.63768932779553,-2.6690241395902,72
"1427",-2.24953819582843,-3.09759556816163,72
"1428",-1.86138706386134,-3.38330985387592,72
"1429",-1.47323593189425,-3.52616699673306,72
"1430",-1.08508479992716,-3.6690241395902,72
"1431",-0.696933667960072,-3.81188128244735,72
"1432",-0.308782535992981,-3.81188128244735,72
"1433",0.0793685959741097,-3.95473842530449,72
"1434",0.4675197279412,-3.95473842530449,72
"1435",0.855670859908291,-3.95473842530449,72
"1436",1.24382199187538,-3.95473842530449,72
"1437",1.63197312384247,-3.95473842530449,72
"1438",2.02012425580956,-3.95473842530449,72
"1439",2.40827538777665,-3.95473842530449,72
"1440",2.79642651974375,-3.95473842530449,72
"1441",-4.57844498763098,-1.95473842530449,73
"1442",-4.19029385566389,-1.95473842530449,73
"1443",-3.8021427236968,-1.95473842530449,73
"1444",-3.41399159172971,-1.95473842530449,73
"1445",-3.02584045976262,-2.09759556816163,73
"1446",-2.63768932779553,-2.6690241395902,73
"1447",-2.24953819582843,-3.09759556816163,73
"1448",-1.86138706386134,-3.24045271101878,73
"1449",-1.47323593189425,-3.52616699673306,73
"1450",-1.08508479992716,-3.6690241395902,73
"1451",-0.696933667960072,-3.6690241395902,73
"1452",-0.308782535992981,-3.81188128244735,73
"1453",0.0793685959741097,-3.81188128244735,73
"1454",0.4675197279412,-3.81188128244735,73
"1455",0.855670859908291,-3.81188128244735,73
"1456",1.24382199187538,-3.81188128244735,73
"1457",1.63197312384247,-3.81188128244735,73
"1458",2.02012425580956,-3.81188128244735,73
"1459",2.40827538777665,-3.81188128244735,73
"1460",2.79642651974375,-3.81188128244735,73
"1461",-4.57844498763098,-1.95473842530449,74
"1462",-4.19029385566389,-1.95473842530449,74
"1463",-3.8021427236968,-1.95473842530449,74
"1464",-3.41399159172971,-2.09759556816163,74
"1465",-3.02584045976262,-2.52616699673306,74
"1466",-2.63768932779553,-2.6690241395902,74
"1467",-2.24953819582843,-2.81188128244735,74
"1468",-1.86138706386134,-2.95473842530449,74
"1469",-1.47323593189425,-3.09759556816163,74
"1470",-1.08508479992716,-3.09759556816163,74
"1471",-0.696933667960072,-3.24045271101878,74
"1472",-0.308782535992981,-3.24045271101878,74
"1473",0.0793685959741097,-3.24045271101878,74
"1474",0.4675197279412,-3.24045271101878,74
"1475",0.855670859908291,-3.24045271101878,74
"1476",1.24382199187538,-3.24045271101878,74
"1477",1.63197312384247,-3.24045271101878,74
"1478",2.02012425580956,-3.24045271101878,74
"1479",2.40827538777665,-3.24045271101878,74
"1480",2.79642651974375,-3.24045271101878,74
"1481",-4.57844498763098,-1.95473842530449,75
"1482",-4.19029385566389,-1.95473842530449,75
"1483",-3.8021427236968,-1.95473842530449,75
"1484",-3.41399159172971,-1.95473842530449,75
"1485",-3.02584045976262,-1.95473842530449,75
"1486",-2.63768932779553,-2.6690241395902,75
"1487",-2.24953819582843,-3.09759556816163,75
"1488",-1.86138706386134,-3.52616699673306,75
"1489",-1.47323593189425,-3.81188128244735,75
"1490",-1.08508479992716,-3.95473842530449,75
"1491",-0.696933667960072,-4.09759556816163,75
"1492",-0.308782535992981,-4.09759556816163,75
"1493",0.0793685959741097,-4.09759556816163,75
"1494",0.4675197279412,-4.24045271101878,75
"1495",0.855670859908291,-4.24045271101878,75
"1496",1.24382199187538,-4.24045271101878,75
"1497",1.63197312384247,-4.24045271101878,75
"1498",2.02012425580956,-4.24045271101878,75
"1499",2.40827538777665,-4.24045271101878,75
"1500",2.79642651974375,-4.24045271101878,75
"1501",-4.57844498763098,-1.95473842530449,76
"1502",-4.19029385566389,-1.95473842530449,76
"1503",-3.8021427236968,-1.95473842530449,76
"1504",-3.41399159172971,-1.95473842530449,76
"1505",-3.02584045976262,-2.24045271101878,76
"1506",-2.63768932779553,-2.6690241395902,76
"1507",-2.24953819582843,-2.95473842530449,76
"1508",-1.86138706386134,-3.24045271101878,76
"1509",-1.47323593189425,-3.38330985387592,76
"1510",-1.08508479992716,-3.38330985387592,76
"1511",-0.696933667960072,-3.52616699673306,76
"1512",-0.308782535992981,-3.52616699673306,76
"1513",0.0793685959741097,-3.52616699673306,76
"1514",0.4675197279412,-3.52616699673306,76
"1515",0.855670859908291,-3.52616699673306,76
"1516",1.24382199187538,-3.52616699673306,76
"1517",1.63197312384247,-3.52616699673306,76
"1518",2.02012425580956,-3.52616699673306,76
"1519",2.40827538777665,-3.52616699673306,76
"1520",2.79642651974375,-3.52616699673306,76
"1521",-4.57844498763098,-1.95473842530449,77
"1522",-4.19029385566389,-1.95473842530449,77
"1523",-3.8021427236968,-1.95473842530449,77
"1524",-3.41399159172971,-2.09759556816163,77
"1525",-3.02584045976262,-2.52616699673306,77
"1526",-2.63768932779553,-2.6690241395902,77
"1527",-2.24953819582843,-2.95473842530449,77
"1528",-1.86138706386134,-3.09759556816163,77
"1529",-1.47323593189425,-3.24045271101878,77
"1530",-1.08508479992716,-3.24045271101878,77
"1531",-0.696933667960072,-3.38330985387592,77
"1532",-0.308782535992981,-3.38330985387592,77
"1533",0.0793685959741097,-3.38330985387592,77
"1534",0.4675197279412,-3.52616699673306,77
"1535",0.855670859908291,-3.52616699673306,77
"1536",1.24382199187538,-3.52616699673306,77
"1537",1.63197312384247,-3.52616699673306,77
"1538",2.02012425580956,-3.52616699673306,77
"1539",2.40827538777665,-3.52616699673306,77
"1540",2.79642651974375,-3.52616699673306,77
"1541",-4.57844498763098,-1.95473842530449,78
"1542",-4.19029385566389,-1.95473842530449,78
"1543",-3.8021427236968,-1.95473842530449,78
"1544",-3.41399159172971,-2.09759556816163,78
"1545",-3.02584045976262,-2.52616699673306,78
"1546",-2.63768932779553,-2.6690241395902,78
"1547",-2.24953819582843,-2.95473842530449,78
"1548",-1.86138706386134,-2.95473842530449,78
"1549",-1.47323593189425,-3.09759556816163,78
"1550",-1.08508479992716,-3.09759556816163,78
"1551",-0.696933667960072,-3.24045271101878,78
"1552",-0.308782535992981,-3.24045271101878,78
"1553",0.0793685959741097,-3.24045271101878,78
"1554",0.4675197279412,-3.24045271101878,78
"1555",0.855670859908291,-3.24045271101878,78
"1556",1.24382199187538,-3.24045271101878,78
"1557",1.63197312384247,-3.38330985387592,78
"1558",2.02012425580956,-3.38330985387592,78
"1559",2.40827538777665,-3.38330985387592,78
"1560",2.79642651974375,-3.38330985387592,78
"1561",-4.57844498763098,-1.95473842530449,79
"1562",-4.19029385566389,-1.95473842530449,79
"1563",-3.8021427236968,-1.95473842530449,79
"1564",-3.41399159172971,-1.95473842530449,79
"1565",-3.02584045976262,-2.24045271101878,79
"1566",-2.63768932779553,-2.6690241395902,79
"1567",-2.24953819582843,-3.09759556816163,79
"1568",-1.86138706386134,-3.38330985387592,79
"1569",-1.47323593189425,-3.6690241395902,79
"1570",-1.08508479992716,-3.81188128244735,79
"1571",-0.696933667960072,-3.95473842530449,79
"1572",-0.308782535992981,-4.09759556816163,79
"1573",0.0793685959741097,-4.24045271101878,79
"1574",0.4675197279412,-4.38330985387592,79
"1575",0.855670859908291,-4.38330985387592,79
"1576",1.24382199187538,-4.38330985387592,79
"1577",1.63197312384247,-4.52616699673306,79
"1578",2.02012425580956,-4.52616699673306,79
"1579",2.40827538777665,-4.52616699673306,79
"1580",2.79642651974375,-4.52616699673306,79
"1581",-4.57844498763098,-1.95473842530449,80
"1582",-4.19029385566389,-1.95473842530449,80
"1583",-3.8021427236968,-1.95473842530449,80
"1584",-3.41399159172971,-1.95473842530449,80
"1585",-3.02584045976262,-2.24045271101878,80
"1586",-2.63768932779553,-2.6690241395902,80
"1587",-2.24953819582843,-2.95473842530449,80
"1588",-1.86138706386134,-3.24045271101878,80
"1589",-1.47323593189425,-3.38330985387592,80
"1590",-1.08508479992716,-3.52616699673306,80
"1591",-0.696933667960072,-3.6690241395902,80
"1592",-0.308782535992981,-3.6690241395902,80
"1593",0.0793685959741097,-3.6690241395902,80
"1594",0.4675197279412,-3.81188128244735,80
"1595",0.855670859908291,-3.95473842530449,80
"1596",1.24382199187538,-3.95473842530449,80
"1597",1.63197312384247,-3.95473842530449,80
"1598",2.02012425580956,-3.95473842530449,80
"1599",2.40827538777665,-3.95473842530449,80
"1600",2.79642651974375,-3.95473842530449,80
"1601",-4.57844498763098,-1.95473842530449,81
"1602",-4.19029385566389,-1.95473842530449,81
"1603",-3.8021427236968,-1.95473842530449,81
"1604",-3.41399159172971,-1.95473842530449,81
"1605",-3.02584045976262,-2.38330985387592,81
"1606",-2.63768932779553,-2.6690241395902,81
"1607",-2.24953819582843,-2.95473842530449,81
"1608",-1.86138706386134,-3.09759556816163,81
"1609",-1.47323593189425,-3.24045271101878,81
"1610",-1.08508479992716,-3.24045271101878,81
"1611",-0.696933667960072,-3.38330985387592,81
"1612",-0.308782535992981,-3.38330985387592,81
"1613",0.0793685959741097,-3.38330985387592,81
"1614",0.4675197279412,-3.38330985387592,81
"1615",0.855670859908291,-3.38330985387592,81
"1616",1.24382199187538,-3.38330985387592,81
"1617",1.63197312384247,-3.38330985387592,81
"1618",2.02012425580956,-3.38330985387592,81
"1619",2.40827538777665,-3.38330985387592,81
"1620",2.79642651974375,-3.38330985387592,81
"1621",-4.57844498763098,-1.95473842530449,82
"1622",-4.19029385566389,-1.95473842530449,82
"1623",-3.8021427236968,-1.95473842530449,82
"1624",-3.41399159172971,-1.95473842530449,82
"1625",-3.02584045976262,-2.09759556816163,82
"1626",-2.63768932779553,-2.6690241395902,82
"1627",-2.24953819582843,-3.09759556816163,82
"1628",-1.86138706386134,-3.38330985387592,82
"1629",-1.47323593189425,-3.6690241395902,82
"1630",-1.08508479992716,-3.81188128244735,82
"1631",-0.696933667960072,-3.95473842530449,82
"1632",-0.308782535992981,-4.09759556816163,82
"1633",0.0793685959741097,-4.09759556816163,82
"1634",0.4675197279412,-4.09759556816163,82
"1635",0.855670859908291,-4.09759556816163,82
"1636",1.24382199187538,-4.09759556816163,82
"1637",1.63197312384247,-4.09759556816163,82
"1638",2.02012425580956,-4.09759556816163,82
"1639",2.40827538777665,-4.09759556816163,82
"1640",2.79642651974375,-4.09759556816163,82
"1641",-4.57844498763098,-1.95473842530449,83
"1642",-4.19029385566389,-1.95473842530449,83
"1643",-3.8021427236968,-1.95473842530449,83
"1644",-3.41399159172971,-2.24045271101878,83
"1645",-3.02584045976262,-2.52616699673306,83
"1646",-2.63768932779553,-2.6690241395902,83
"1647",-2.24953819582843,-2.95473842530449,83
"1648",-1.86138706386134,-3.09759556816163,83
"1649",-1.47323593189425,-3.09759556816163,83
"1650",-1.08508479992716,-3.24045271101878,83
"1651",-0.696933667960072,-3.38330985387592,83
"1652",-0.308782535992981,-3.38330985387592,83
"1653",0.0793685959741097,-3.38330985387592,83
"1654",0.4675197279412,-3.38330985387592,83
"1655",0.855670859908291,-3.52616699673306,83
"1656",1.24382199187538,-3.52616699673306,83
"1657",1.63197312384247,-3.52616699673306,83
"1658",2.02012425580956,-3.52616699673306,83
"1659",2.40827538777665,-3.52616699673306,83
"1660",2.79642651974375,-3.52616699673306,83
"1661",-4.57844498763098,-1.95473842530449,84
"1662",-4.19029385566389,-1.95473842530449,84
"1663",-3.8021427236968,-1.95473842530449,84
"1664",-3.41399159172971,-1.95473842530449,84
"1665",-3.02584045976262,-2.24045271101878,84
"1666",-2.63768932779553,-2.6690241395902,84
"1667",-2.24953819582843,-4.24045271101878,84
"1668",-1.86138706386134,-4.38330985387592,84
"1669",-1.47323593189425,-4.38330985387592,84
"1670",-1.08508479992716,-4.38330985387592,84
"1671",-0.696933667960072,-4.38330985387592,84
"1672",-0.308782535992981,-4.38330985387592,84
"1673",0.0793685959741097,-4.38330985387592,84
"1674",0.4675197279412,-4.38330985387592,84
"1675",0.855670859908291,-4.38330985387592,84
"1676",1.24382199187538,-4.38330985387592,84
"1677",1.63197312384247,-4.38330985387592,84
"1678",2.02012425580956,-4.38330985387592,84
"1679",2.40827538777665,-4.38330985387592,84
"1680",2.79642651974375,-4.38330985387592,84
"1681",-4.57844498763098,-1.95473842530449,85
"1682",-4.19029385566389,-1.95473842530449,85
"1683",-3.8021427236968,-1.95473842530449,85
"1684",-3.41399159172971,-2.09759556816163,85
"1685",-3.02584045976262,-2.52616699673306,85
"1686",-2.63768932779553,-2.6690241395902,85
"1687",-2.24953819582843,-2.81188128244735,85
"1688",-1.86138706386134,-2.95473842530449,85
"1689",-1.47323593189425,-2.95473842530449,85
"1690",-1.08508479992716,-2.95473842530449,85
"1691",-0.696933667960072,-3.09759556816163,85
"1692",-0.308782535992981,-3.38330985387592,85
"1693",0.0793685959741097,-3.81188128244735,85
"1694",0.4675197279412,-3.95473842530449,85
"1695",0.855670859908291,-3.95473842530449,85
"1696",1.24382199187538,-3.95473842530449,85
"1697",1.63197312384247,-3.95473842530449,85
"1698",2.02012425580956,-3.95473842530449,85
"1699",2.40827538777665,-3.95473842530449,85
"1700",2.79642651974375,-3.95473842530449,85
"1701",-4.57844498763098,-1.95473842530449,86
"1702",-4.19029385566389,-1.95473842530449,86
"1703",-3.8021427236968,-1.95473842530449,86
"1704",-3.41399159172971,-1.95473842530449,86
"1705",-3.02584045976262,-2.38330985387592,86
"1706",-2.63768932779553,-2.6690241395902,86
"1707",-2.24953819582843,-2.95473842530449,86
"1708",-1.86138706386134,-3.24045271101878,86
"1709",-1.47323593189425,-3.38330985387592,86
"1710",-1.08508479992716,-3.52616699673306,86
"1711",-0.696933667960072,-3.6690241395902,86
"1712",-0.308782535992981,-3.81188128244735,86
"1713",0.0793685959741097,-3.81188128244735,86
"1714",0.4675197279412,-3.95473842530449,86
"1715",0.855670859908291,-3.95473842530449,86
"1716",1.24382199187538,-3.95473842530449,86
"1717",1.63197312384247,-3.95473842530449,86
"1718",2.02012425580956,-3.95473842530449,86
"1719",2.40827538777665,-3.95473842530449,86
"1720",2.79642651974375,-3.95473842530449,86
"1721",-4.57844498763098,-1.95473842530449,87
"1722",-4.19029385566389,-2.24045271101878,87
"1723",-3.8021427236968,-2.6690241395902,87
"1724",-3.41399159172971,-2.6690241395902,87
"1725",-3.02584045976262,-2.6690241395902,87
"1726",-2.63768932779553,-2.6690241395902,87
"1727",-2.24953819582843,-2.81188128244735,87
"1728",-1.86138706386134,-2.81188128244735,87
"1729",-1.47323593189425,-2.95473842530449,87
"1730",-1.08508479992716,-2.95473842530449,87
"1731",-0.696933667960072,-3.09759556816163,87
"1732",-0.308782535992981,-3.6690241395902,87
"1733",0.0793685959741097,-4.38330985387592,87
"1734",0.4675197279412,-4.81188128244735,87
"1735",0.855670859908291,-4.81188128244735,87
"1736",1.24382199187538,-4.81188128244735,87
"1737",1.63197312384247,-4.81188128244735,87
"1738",2.02012425580956,-4.81188128244735,87
"1739",2.40827538777665,-4.81188128244735,87
"1740",2.79642651974375,-4.81188128244735,87
"1741",-4.57844498763098,-1.95473842530449,88
"1742",-4.19029385566389,-1.95473842530449,88
"1743",-3.8021427236968,-1.95473842530449,88
"1744",-3.41399159172971,-1.95473842530449,88
"1745",-3.02584045976262,-1.95473842530449,88
"1746",-2.63768932779553,-2.6690241395902,88
"1747",-2.24953819582843,-3.09759556816163,88
"1748",-1.86138706386134,-3.24045271101878,88
"1749",-1.47323593189425,-3.38330985387592,88
"1750",-1.08508479992716,-3.52616699673306,88
"1751",-0.696933667960072,-3.52616699673306,88
"1752",-0.308782535992981,-3.52616699673306,88
"1753",0.0793685959741097,-3.52616699673306,88
"1754",0.4675197279412,-3.52616699673306,88
"1755",0.855670859908291,-3.52616699673306,88
"1756",1.24382199187538,-3.52616699673306,88
"1757",1.63197312384247,-3.52616699673306,88
"1758",2.02012425580956,-3.52616699673306,88
"1759",2.40827538777665,-3.52616699673306,88
"1760",2.79642651974375,-3.52616699673306,88
"1761",-4.57844498763098,-1.95473842530449,89
"1762",-4.19029385566389,-1.95473842530449,89
"1763",-3.8021427236968,-1.95473842530449,89
"1764",-3.41399159172971,-1.95473842530449,89
"1765",-3.02584045976262,-1.95473842530449,89
"1766",-2.63768932779553,-2.6690241395902,89
"1767",-2.24953819582843,-3.09759556816163,89
"1768",-1.86138706386134,-3.52616699673306,89
"1769",-1.47323593189425,-3.6690241395902,89
"1770",-1.08508479992716,-3.81188128244735,89
"1771",-0.696933667960072,-3.95473842530449,89
"1772",-0.308782535992981,-3.95473842530449,89
"1773",0.0793685959741097,-4.09759556816163,89
"1774",0.4675197279412,-4.09759556816163,89
"1775",0.855670859908291,-4.09759556816163,89
"1776",1.24382199187538,-4.09759556816163,89
"1777",1.63197312384247,-4.09759556816163,89
"1778",2.02012425580956,-4.09759556816163,89
"1779",2.40827538777665,-4.09759556816163,89
"1780",2.79642651974375,-4.09759556816163,89
"1781",-4.57844498763098,-1.95473842530449,90
"1782",-4.19029385566389,-1.95473842530449,90
"1783",-3.8021427236968,-1.95473842530449,90
"1784",-3.41399159172971,-2.24045271101878,90
"1785",-3.02584045976262,-2.52616699673306,90
"1786",-2.63768932779553,-2.6690241395902,90
"1787",-2.24953819582843,-2.95473842530449,90
"1788",-1.86138706386134,-2.95473842530449,90
"1789",-1.47323593189425,-3.09759556816163,90
"1790",-1.08508479992716,-3.24045271101878,90
"1791",-0.696933667960072,-3.24045271101878,90
"1792",-0.308782535992981,-3.38330985387592,90
"1793",0.0793685959741097,-3.38330985387592,90
"1794",0.4675197279412,-3.38330985387592,90
"1795",0.855670859908291,-3.38330985387592,90
"1796",1.24382199187538,-3.38330985387592,90
"1797",1.63197312384247,-3.38330985387592,90
"1798",2.02012425580956,-3.38330985387592,90
"1799",2.40827538777665,-3.38330985387592,90
"1800",2.79642651974375,-3.38330985387592,90
"1801",-4.57844498763098,-1.95473842530449,91
"1802",-4.19029385566389,-1.95473842530449,91
"1803",-3.8021427236968,-1.95473842530449,91
"1804",-3.41399159172971,-1.95473842530449,91
"1805",-3.02584045976262,-2.09759556816163,91
"1806",-2.63768932779553,-2.6690241395902,91
"1807",-2.24953819582843,-2.95473842530449,91
"1808",-1.86138706386134,-3.24045271101878,91
"1809",-1.47323593189425,-3.38330985387592,91
"1810",-1.08508479992716,-3.52616699673306,91
"1811",-0.696933667960072,-3.52616699673306,91
"1812",-0.308782535992981,-3.6690241395902,91
"1813",0.0793685959741097,-3.6690241395902,91
"1814",0.4675197279412,-3.6690241395902,91
"1815",0.855670859908291,-3.6690241395902,91
"1816",1.24382199187538,-3.6690241395902,91
"1817",1.63197312384247,-3.6690241395902,91
"1818",2.02012425580956,-3.6690241395902,91
"1819",2.40827538777665,-3.6690241395902,91
"1820",2.79642651974375,-3.6690241395902,91
"1821",-4.57844498763098,-1.95473842530449,92
"1822",-4.19029385566389,-1.95473842530449,92
"1823",-3.8021427236968,-1.95473842530449,92
"1824",-3.41399159172971,-1.95473842530449,92
"1825",-3.02584045976262,-2.09759556816163,92
"1826",-2.63768932779553,-2.6690241395902,92
"1827",-2.24953819582843,-3.09759556816163,92
"1828",-1.86138706386134,-3.38330985387592,92
"1829",-1.47323593189425,-3.6690241395902,92
"1830",-1.08508479992716,-3.95473842530449,92
"1831",-0.696933667960072,-4.09759556816163,92
"1832",-0.308782535992981,-4.09759556816163,92
"1833",0.0793685959741097,-4.24045271101878,92
"1834",0.4675197279412,-4.24045271101878,92
"1835",0.855670859908291,-4.38330985387592,92
"1836",1.24382199187538,-4.38330985387592,92
"1837",1.63197312384247,-4.38330985387592,92
"1838",2.02012425580956,-4.38330985387592,92
"1839",2.40827538777665,-4.38330985387592,92
"1840",2.79642651974375,-4.38330985387592,92
"1841",-4.57844498763098,-1.95473842530449,93
"1842",-4.19029385566389,-1.95473842530449,93
"1843",-3.8021427236968,-1.95473842530449,93
"1844",-3.41399159172971,-1.95473842530449,93
"1845",-3.02584045976262,-2.09759556816163,93
"1846",-2.63768932779553,-2.6690241395902,93
"1847",-2.24953819582843,-3.09759556816163,93
"1848",-1.86138706386134,-3.38330985387592,93
"1849",-1.47323593189425,-3.6690241395902,93
"1850",-1.08508479992716,-3.95473842530449,93
"1851",-0.696933667960072,-4.09759556816163,93
"1852",-0.308782535992981,-4.09759556816163,93
"1853",0.0793685959741097,-4.24045271101878,93
"1854",0.4675197279412,-4.24045271101878,93
"1855",0.855670859908291,-4.38330985387592,93
"1856",1.24382199187538,-4.38330985387592,93
"1857",1.63197312384247,-4.38330985387592,93
"1858",2.02012425580956,-4.38330985387592,93
"1859",2.40827538777665,-4.38330985387592,93
"1860",2.79642651974375,-4.38330985387592,93
"1861",-4.57844498763098,-1.95473842530449,94
"1862",-4.19029385566389,-1.95473842530449,94
"1863",-3.8021427236968,-1.95473842530449,94
"1864",-3.41399159172971,-1.95473842530449,94
"1865",-3.02584045976262,-2.24045271101878,94
"1866",-2.63768932779553,-2.6690241395902,94
"1867",-2.24953819582843,-2.95473842530449,94
"1868",-1.86138706386134,-3.24045271101878,94
"1869",-1.47323593189425,-3.38330985387592,94
"1870",-1.08508479992716,-3.52616699673306,94
"1871",-0.696933667960072,-3.6690241395902,94
"1872",-0.308782535992981,-3.6690241395902,94
"1873",0.0793685959741097,-3.6690241395902,94
"1874",0.4675197279412,-3.6690241395902,94
"1875",0.855670859908291,-3.81188128244735,94
"1876",1.24382199187538,-3.81188128244735,94
"1877",1.63197312384247,-3.81188128244735,94
"1878",2.02012425580956,-3.81188128244735,94
"1879",2.40827538777665,-3.81188128244735,94
"1880",2.79642651974375,-3.81188128244735,94
"1881",-4.57844498763098,-1.95473842530449,95
"1882",-4.19029385566389,-1.95473842530449,95
"1883",-3.8021427236968,-1.95473842530449,95
"1884",-3.41399159172971,-1.95473842530449,95
"1885",-3.02584045976262,-1.95473842530449,95
"1886",-2.63768932779553,-2.6690241395902,95
"1887",-2.24953819582843,-3.09759556816163,95
"1888",-1.86138706386134,-3.38330985387592,95
"1889",-1.47323593189425,-3.52616699673306,95
"1890",-1.08508479992716,-3.6690241395902,95
"1891",-0.696933667960072,-3.81188128244735,95
"1892",-0.308782535992981,-3.81188128244735,95
"1893",0.0793685959741097,-3.95473842530449,95
"1894",0.4675197279412,-3.95473842530449,95
"1895",0.855670859908291,-3.95473842530449,95
"1896",1.24382199187538,-3.95473842530449,95
"1897",1.63197312384247,-3.95473842530449,95
"1898",2.02012425580956,-3.95473842530449,95
"1899",2.40827538777665,-3.95473842530449,95
"1900",2.79642651974375,-3.95473842530449,95
"1901",-4.57844498763098,-1.95473842530449,96
"1902",-4.19029385566389,-1.95473842530449,96
"1903",-3.8021427236968,-1.95473842530449,96
"1904",-3.41399159172971,-1.95473842530449,96
"1905",-3.02584045976262,-2.38330985387592,96
"1906",-2.63768932779553,-2.6690241395902,96
"1907",-2.24953819582843,-2.95473842530449,96
"1908",-1.86138706386134,-3.09759556816163,96
"1909",-1.47323593189425,-3.09759556816163,96
"1910",-1.08508479992716,-3.24045271101878,96
"1911",-0.696933667960072,-3.24045271101878,96
"1912",-0.308782535992981,-3.24045271101878,96
"1913",0.0793685959741097,-3.38330985387592,96
"1914",0.4675197279412,-3.38330985387592,96
"1915",0.855670859908291,-3.38330985387592,96
"1916",1.24382199187538,-3.38330985387592,96
"1917",1.63197312384247,-3.38330985387592,96
"1918",2.02012425580956,-3.38330985387592,96
"1919",2.40827538777665,-3.38330985387592,96
"1920",2.79642651974375,-3.38330985387592,96
"1921",-4.57844498763098,-1.95473842530449,97
"1922",-4.19029385566389,-1.95473842530449,97
"1923",-3.8021427236968,-1.95473842530449,97
"1924",-3.41399159172971,-1.95473842530449,97
"1925",-3.02584045976262,-2.38330985387592,97
"1926",-2.63768932779553,-2.6690241395902,97
"1927",-2.24953819582843,-2.95473842530449,97
"1928",-1.86138706386134,-3.09759556816163,97
"1929",-1.47323593189425,-3.24045271101878,97
"1930",-1.08508479992716,-3.38330985387592,97
"1931",-0.696933667960072,-3.6690241395902,97
"1932",-0.308782535992981,-4.09759556816163,97
"1933",0.0793685959741097,-4.24045271101878,97
"1934",0.4675197279412,-4.38330985387592,97
"1935",0.855670859908291,-4.38330985387592,97
"1936",1.24382199187538,-4.38330985387592,97
"1937",1.63197312384247,-4.38330985387592,97
"1938",2.02012425580956,-4.38330985387592,97
"1939",2.40827538777665,-4.38330985387592,97
"1940",2.79642651974375,-4.38330985387592,97
"1941",-4.57844498763098,-1.95473842530449,98
"1942",-4.19029385566389,-1.95473842530449,98
"1943",-3.8021427236968,-1.95473842530449,98
"1944",-3.41399159172971,-1.95473842530449,98
"1945",-3.02584045976262,-2.38330985387592,98
"1946",-2.63768932779553,-2.6690241395902,98
"1947",-2.24953819582843,-2.81188128244735,98
"1948",-1.86138706386134,-2.81188128244735,98
"1949",-1.47323593189425,-2.81188128244735,98
"1950",-1.08508479992716,-2.95473842530449,98
"1951",-0.696933667960072,-2.95473842530449,98
"1952",-0.308782535992981,-2.95473842530449,98
"1953",0.0793685959741097,-2.95473842530449,98
"1954",0.4675197279412,-2.95473842530449,98
"1955",0.855670859908291,-2.95473842530449,98
"1956",1.24382199187538,-2.95473842530449,98
"1957",1.63197312384247,-2.95473842530449,98
"1958",2.02012425580956,-2.95473842530449,98
"1959",2.40827538777665,-2.95473842530449,98
"1960",2.79642651974375,-2.95473842530449,98
"1961",-4.57844498763098,-1.95473842530449,99
"1962",-4.19029385566389,-1.95473842530449,99
"1963",-3.8021427236968,-1.95473842530449,99
"1964",-3.41399159172971,-1.95473842530449,99
"1965",-3.02584045976262,-2.09759556816163,99
"1966",-2.63768932779553,-2.6690241395902,99
"1967",-2.24953819582843,-2.95473842530449,99
"1968",-1.86138706386134,-3.09759556816163,99
"1969",-1.47323593189425,-3.24045271101878,99
"1970",-1.08508479992716,-3.24045271101878,99
"1971",-0.696933667960072,-3.24045271101878,99
"1972",-0.308782535992981,-3.24045271101878,99
"1973",0.0793685959741097,-3.38330985387592,99
"1974",0.4675197279412,-3.38330985387592,99
"1975",0.855670859908291,-3.38330985387592,99
"1976",1.24382199187538,-3.38330985387592,99
"1977",1.63197312384247,-3.52616699673306,99
"1978",2.02012425580956,-3.52616699673306,99
"1979",2.40827538777665,-3.52616699673306,99
"1980",2.79642651974375,-3.52616699673306,99
"1981",-4.57844498763098,-1.95473842530449,100
"1982",-4.19029385566389,-1.95473842530449,100
"1983",-3.8021427236968,-2.09759556816163,100
"1984",-3.41399159172971,-2.24045271101878,100
"1985",-3.02584045976262,-2.38330985387592,100
"1986",-2.63768932779553,-2.6690241395902,100
"1987",-2.24953819582843,-3.09759556816163,100
"1988",-1.86138706386134,-3.52616699673306,100
"1989",-1.47323593189425,-3.81188128244735,100
"1990",-1.08508479992716,-3.95473842530449,100
"1991",-0.696933667960072,-4.24045271101878,100
"1992",-0.308782535992981,-4.52616699673306,100
"1993",0.0793685959741097,-4.81188128244735,100
"1994",0.4675197279412,-4.81188128244735,100
"1995",0.855670859908291,-4.81188128244735,100
"1996",1.24382199187538,-4.81188128244735,100
"1997",1.63197312384247,-4.81188128244735,100
"1998",2.02012425580956,-4.81188128244735,100
"1999",2.40827538777665,-4.81188128244735,100
"2000",2.79642651974375,-4.81188128244735,100
