"","x","y","sample"
"1",-5.39730222823032,0.994942726139001,1
"2",-4.97261710001302,0.994942726139001,1
"3",-4.54793197179572,0.994942726139001,1
"4",-4.12324684357842,0.994942726139001,1
"5",-3.69856171536113,0.994942726139001,1
"6",-3.27387658714383,-1.42702754337249,1
"7",-2.84919145892653,-2.0875648896029,1
"8",-2.42450633070923,-2.52792312042317,1
"9",-1.99982120249193,-2.52792312042317,1
"10",-1.57513607427463,-2.74810223583331,1
"11",-1.15045094605733,-3.40863958206372,1
"12",-0.725765817840037,-3.40863958206372,1
"13",-0.301080689622737,-3.40863958206372,1
"14",0.123604438594561,-3.40863958206372,1
"15",0.548289566811859,-3.40863958206372,1
"16",0.972974695029158,-3.40863958206372,1
"17",1.39765982324646,-3.40863958206372,1
"18",1.82234495146375,-3.40863958206372,1
"19",2.24703007968105,-3.40863958206372,1
"20",2.67171520789835,-3.40863958206372,1
"21",-5.39730222823032,0.994942726139001,2
"22",-4.97261710001302,0.994942726139001,2
"23",-4.54793197179572,0.994942726139001,2
"24",-4.12324684357842,0.994942726139001,2
"25",-3.69856171536113,0.554584495318729,2
"26",-3.27387658714383,0.114226264498458,2
"27",-2.84919145892653,-0.105952850911678,2
"28",-2.42450633070923,-0.54631108173195,2
"29",-1.99982120249193,-1.64720665878263,2
"30",-1.57513607427463,-1.86738577419276,2
"31",-1.15045094605733,-2.52792312042317,2
"32",-0.725765817840037,-3.40863958206372,2
"33",-0.301080689622737,-3.40863958206372,2
"34",0.123604438594561,-3.40863958206372,2
"35",0.548289566811859,-3.40863958206372,2
"36",0.972974695029158,-3.40863958206372,2
"37",1.39765982324646,-3.40863958206372,2
"38",1.82234495146375,-3.40863958206372,2
"39",2.24703007968105,-3.40863958206372,2
"40",2.67171520789835,-3.40863958206372,2
"41",-5.39730222823032,0.994942726139001,3
"42",-4.97261710001302,0.994942726139001,3
"43",-4.54793197179572,0.994942726139001,3
"44",-4.12324684357842,0.994942726139001,3
"45",-3.69856171536113,0.994942726139001,3
"46",-3.27387658714383,-0.986669312552221,3
"47",-2.84919145892653,-1.64720665878263,3
"48",-2.42450633070923,-1.86738577419276,3
"49",-1.99982120249193,-2.0875648896029,3
"50",-1.57513607427463,-2.96828135124344,3
"51",-1.15045094605733,-3.40863958206372,3
"52",-0.725765817840037,-3.40863958206372,3
"53",-0.301080689622737,-3.40863958206372,3
"54",0.123604438594561,-3.40863958206372,3
"55",0.548289566811859,-3.40863958206372,3
"56",0.972974695029158,-3.40863958206372,3
"57",1.39765982324646,-3.40863958206372,3
"58",1.82234495146375,-3.40863958206372,3
"59",2.24703007968105,-3.40863958206372,3
"60",2.67171520789835,-3.40863958206372,3
"61",-5.39730222823032,0.994942726139001,4
"62",-4.97261710001302,0.994942726139001,4
"63",-4.54793197179572,0.994942726139001,4
"64",-4.12324684357842,0.994942726139001,4
"65",-3.69856171536113,0.994942726139001,4
"66",-3.27387658714383,-0.54631108173195,4
"67",-2.84919145892653,-1.42702754337249,4
"68",-2.42450633070923,-1.86738577419276,4
"69",-1.99982120249193,-2.74810223583331,4
"70",-1.57513607427463,-3.40863958206372,4
"71",-1.15045094605733,-3.40863958206372,4
"72",-0.725765817840037,-3.40863958206372,4
"73",-0.301080689622737,-3.40863958206372,4
"74",0.123604438594561,-3.40863958206372,4
"75",0.548289566811859,-3.40863958206372,4
"76",0.972974695029158,-3.40863958206372,4
"77",1.39765982324646,-3.40863958206372,4
"78",1.82234495146375,-3.40863958206372,4
"79",2.24703007968105,-3.40863958206372,4
"80",2.67171520789835,-3.40863958206372,4
"81",-5.39730222823032,0.994942726139001,5
"82",-4.97261710001302,0.994942726139001,5
"83",-4.54793197179572,0.994942726139001,5
"84",-4.12324684357842,0.994942726139001,5
"85",-3.69856171536113,0.994942726139001,5
"86",-3.27387658714383,0.114226264498458,5
"87",-2.84919145892653,-0.326131966321814,5
"88",-2.42450633070923,-0.766490197142085,5
"89",-1.99982120249193,-0.986669312552221,5
"90",-1.57513607427463,-1.20684842796236,5
"91",-1.15045094605733,-1.42702754337249,5
"92",-0.725765817840037,-2.30774400501304,5
"93",-0.301080689622737,-2.74810223583331,5
"94",0.123604438594561,-2.96828135124344,5
"95",0.548289566811859,-2.96828135124344,5
"96",0.972974695029158,-2.96828135124344,5
"97",1.39765982324646,-2.96828135124344,5
"98",1.82234495146375,-2.96828135124344,5
"99",2.24703007968105,-2.96828135124344,5
"100",2.67171520789835,-2.96828135124344,5
"101",-5.39730222823032,0.994942726139001,6
"102",-4.97261710001302,0.994942726139001,6
"103",-4.54793197179572,0.994942726139001,6
"104",-4.12324684357842,0.994942726139001,6
"105",-3.69856171536113,0.994942726139001,6
"106",-3.27387658714383,0.114226264498458,6
"107",-2.84919145892653,-0.54631108173195,6
"108",-2.42450633070923,-0.766490197142085,6
"109",-1.99982120249193,-0.986669312552221,6
"110",-1.57513607427463,-1.20684842796236,6
"111",-1.15045094605733,-1.64720665878263,6
"112",-0.725765817840037,-1.86738577419276,6
"113",-0.301080689622737,-2.0875648896029,6
"114",0.123604438594561,-2.30774400501304,6
"115",0.548289566811859,-2.30774400501304,6
"116",0.972974695029158,-2.52792312042317,6
"117",1.39765982324646,-2.52792312042317,6
"118",1.82234495146375,-2.52792312042317,6
"119",2.24703007968105,-2.52792312042317,6
"120",2.67171520789835,-2.52792312042317,6
"121",-5.39730222823032,0.994942726139001,7
"122",-4.97261710001302,0.994942726139001,7
"123",-4.54793197179572,0.994942726139001,7
"124",-4.12324684357842,0.994942726139001,7
"125",-3.69856171536113,0.994942726139001,7
"126",-3.27387658714383,-0.766490197142085,7
"127",-2.84919145892653,-1.20684842796236,7
"128",-2.42450633070923,-1.20684842796236,7
"129",-1.99982120249193,-1.42702754337249,7
"130",-1.57513607427463,-1.42702754337249,7
"131",-1.15045094605733,-1.64720665878263,7
"132",-0.725765817840037,-2.30774400501304,7
"133",-0.301080689622737,-2.74810223583331,7
"134",0.123604438594561,-2.96828135124344,7
"135",0.548289566811859,-3.18846046665358,7
"136",0.972974695029158,-3.18846046665358,7
"137",1.39765982324646,-3.18846046665358,7
"138",1.82234495146375,-3.18846046665358,7
"139",2.24703007968105,-3.40863958206372,7
"140",2.67171520789835,-3.40863958206372,7
"141",-5.39730222823032,0.994942726139001,8
"142",-4.97261710001302,0.994942726139001,8
"143",-4.54793197179572,0.994942726139001,8
"144",-4.12324684357842,0.994942726139001,8
"145",-3.69856171536113,0.994942726139001,8
"146",-3.27387658714383,-1.42702754337249,8
"147",-2.84919145892653,-2.0875648896029,8
"148",-2.42450633070923,-2.30774400501304,8
"149",-1.99982120249193,-2.30774400501304,8
"150",-1.57513607427463,-2.52792312042317,8
"151",-1.15045094605733,-2.52792312042317,8
"152",-0.725765817840037,-2.74810223583331,8
"153",-0.301080689622737,-2.96828135124344,8
"154",0.123604438594561,-2.96828135124344,8
"155",0.548289566811859,-3.18846046665358,8
"156",0.972974695029158,-3.18846046665358,8
"157",1.39765982324646,-3.18846046665358,8
"158",1.82234495146375,-3.18846046665358,8
"159",2.24703007968105,-3.18846046665358,8
"160",2.67171520789835,-3.18846046665358,8
"161",-5.39730222823032,0.994942726139001,9
"162",-4.97261710001302,0.994942726139001,9
"163",-4.54793197179572,0.994942726139001,9
"164",-4.12324684357842,0.994942726139001,9
"165",-3.69856171536113,0.994942726139001,9
"166",-3.27387658714383,-0.54631108173195,9
"167",-2.84919145892653,-1.20684842796236,9
"168",-2.42450633070923,-1.42702754337249,9
"169",-1.99982120249193,-1.42702754337249,9
"170",-1.57513607427463,-1.64720665878263,9
"171",-1.15045094605733,-1.64720665878263,9
"172",-0.725765817840037,-1.86738577419276,9
"173",-0.301080689622737,-2.0875648896029,9
"174",0.123604438594561,-2.52792312042317,9
"175",0.548289566811859,-2.52792312042317,9
"176",0.972974695029158,-2.52792312042317,9
"177",1.39765982324646,-2.52792312042317,9
"178",1.82234495146375,-2.52792312042317,9
"179",2.24703007968105,-2.52792312042317,9
"180",2.67171520789835,-2.52792312042317,9
"181",-5.39730222823032,0.994942726139001,10
"182",-4.97261710001302,0.994942726139001,10
"183",-4.54793197179572,0.994942726139001,10
"184",-4.12324684357842,0.994942726139001,10
"185",-3.69856171536113,0.994942726139001,10
"186",-3.27387658714383,-0.986669312552221,10
"187",-2.84919145892653,-0.986669312552221,10
"188",-2.42450633070923,-0.986669312552221,10
"189",-1.99982120249193,-0.986669312552221,10
"190",-1.57513607427463,-1.20684842796236,10
"191",-1.15045094605733,-1.86738577419276,10
"192",-0.725765817840037,-2.52792312042317,10
"193",-0.301080689622737,-2.96828135124344,10
"194",0.123604438594561,-3.18846046665358,10
"195",0.548289566811859,-3.18846046665358,10
"196",0.972974695029158,-3.18846046665358,10
"197",1.39765982324646,-3.18846046665358,10
"198",1.82234495146375,-3.18846046665358,10
"199",2.24703007968105,-3.18846046665358,10
"200",2.67171520789835,-3.18846046665358,10
"201",-5.39730222823032,0.994942726139001,11
"202",-4.97261710001302,0.994942726139001,11
"203",-4.54793197179572,0.994942726139001,11
"204",-4.12324684357842,0.994942726139001,11
"205",-3.69856171536113,0.994942726139001,11
"206",-3.27387658714383,-1.86738577419276,11
"207",-2.84919145892653,-1.86738577419276,11
"208",-2.42450633070923,-1.86738577419276,11
"209",-1.99982120249193,-1.86738577419276,11
"210",-1.57513607427463,-2.0875648896029,11
"211",-1.15045094605733,-2.52792312042317,11
"212",-0.725765817840037,-2.96828135124344,11
"213",-0.301080689622737,-3.18846046665358,11
"214",0.123604438594561,-3.40863958206372,11
"215",0.548289566811859,-3.40863958206372,11
"216",0.972974695029158,-3.40863958206372,11
"217",1.39765982324646,-3.40863958206372,11
"218",1.82234495146375,-3.40863958206372,11
"219",2.24703007968105,-3.40863958206372,11
"220",2.67171520789835,-3.40863958206372,11
"221",-5.39730222823032,0.994942726139001,12
"222",-4.97261710001302,0.994942726139001,12
"223",-4.54793197179572,0.994942726139001,12
"224",-4.12324684357842,0.994942726139001,12
"225",-3.69856171536113,0.994942726139001,12
"226",-3.27387658714383,-0.326131966321814,12
"227",-2.84919145892653,-2.30774400501304,12
"228",-2.42450633070923,-3.40863958206372,12
"229",-1.99982120249193,-3.40863958206372,12
"230",-1.57513607427463,-3.40863958206372,12
"231",-1.15045094605733,-3.40863958206372,12
"232",-0.725765817840037,-3.40863958206372,12
"233",-0.301080689622737,-3.40863958206372,12
"234",0.123604438594561,-3.40863958206372,12
"235",0.548289566811859,-3.40863958206372,12
"236",0.972974695029158,-3.40863958206372,12
"237",1.39765982324646,-3.40863958206372,12
"238",1.82234495146375,-3.40863958206372,12
"239",2.24703007968105,-3.40863958206372,12
"240",2.67171520789835,-3.40863958206372,12
"241",-5.39730222823032,0.994942726139001,13
"242",-4.97261710001302,0.994942726139001,13
"243",-4.54793197179572,0.994942726139001,13
"244",-4.12324684357842,0.994942726139001,13
"245",-3.69856171536113,0.994942726139001,13
"246",-3.27387658714383,0.334405379908594,13
"247",-2.84919145892653,0.114226264498458,13
"248",-2.42450633070923,-0.326131966321814,13
"249",-1.99982120249193,-2.74810223583331,13
"250",-1.57513607427463,-2.74810223583331,13
"251",-1.15045094605733,-2.96828135124344,13
"252",-0.725765817840037,-3.40863958206372,13
"253",-0.301080689622737,-3.40863958206372,13
"254",0.123604438594561,-3.40863958206372,13
"255",0.548289566811859,-3.40863958206372,13
"256",0.972974695029158,-3.40863958206372,13
"257",1.39765982324646,-3.40863958206372,13
"258",1.82234495146375,-3.40863958206372,13
"259",2.24703007968105,-3.40863958206372,13
"260",2.67171520789835,-3.40863958206372,13
"261",-5.39730222823032,0.994942726139001,14
"262",-4.97261710001302,0.994942726139001,14
"263",-4.54793197179572,0.994942726139001,14
"264",-4.12324684357842,0.994942726139001,14
"265",-3.69856171536113,0.994942726139001,14
"266",-3.27387658714383,0.114226264498458,14
"267",-2.84919145892653,-0.105952850911678,14
"268",-2.42450633070923,-0.766490197142085,14
"269",-1.99982120249193,-1.86738577419276,14
"270",-1.57513607427463,-2.74810223583331,14
"271",-1.15045094605733,-3.18846046665358,14
"272",-0.725765817840037,-3.40863958206372,14
"273",-0.301080689622737,-3.40863958206372,14
"274",0.123604438594561,-3.40863958206372,14
"275",0.548289566811859,-3.40863958206372,14
"276",0.972974695029158,-3.40863958206372,14
"277",1.39765982324646,-3.40863958206372,14
"278",1.82234495146375,-3.40863958206372,14
"279",2.24703007968105,-3.40863958206372,14
"280",2.67171520789835,-3.40863958206372,14
"281",-5.39730222823032,0.994942726139001,15
"282",-4.97261710001302,0.994942726139001,15
"283",-4.54793197179572,0.994942726139001,15
"284",-4.12324684357842,0.994942726139001,15
"285",-3.69856171536113,0.994942726139001,15
"286",-3.27387658714383,-1.42702754337249,15
"287",-2.84919145892653,-1.86738577419276,15
"288",-2.42450633070923,-2.0875648896029,15
"289",-1.99982120249193,-2.0875648896029,15
"290",-1.57513607427463,-2.0875648896029,15
"291",-1.15045094605733,-2.30774400501304,15
"292",-0.725765817840037,-2.96828135124344,15
"293",-0.301080689622737,-3.40863958206372,15
"294",0.123604438594561,-3.40863958206372,15
"295",0.548289566811859,-3.40863958206372,15
"296",0.972974695029158,-3.40863958206372,15
"297",1.39765982324646,-3.40863958206372,15
"298",1.82234495146375,-3.40863958206372,15
"299",2.24703007968105,-3.40863958206372,15
"300",2.67171520789835,-3.40863958206372,15
"301",-5.39730222823032,0.994942726139001,16
"302",-4.97261710001302,0.994942726139001,16
"303",-4.54793197179572,0.994942726139001,16
"304",-4.12324684357842,0.994942726139001,16
"305",-3.69856171536113,0.994942726139001,16
"306",-3.27387658714383,-0.54631108173195,16
"307",-2.84919145892653,-1.42702754337249,16
"308",-2.42450633070923,-1.86738577419276,16
"309",-1.99982120249193,-2.0875648896029,16
"310",-1.57513607427463,-2.0875648896029,16
"311",-1.15045094605733,-2.30774400501304,16
"312",-0.725765817840037,-2.52792312042317,16
"313",-0.301080689622737,-2.74810223583331,16
"314",0.123604438594561,-2.96828135124344,16
"315",0.548289566811859,-3.18846046665358,16
"316",0.972974695029158,-3.18846046665358,16
"317",1.39765982324646,-3.18846046665358,16
"318",1.82234495146375,-3.18846046665358,16
"319",2.24703007968105,-3.18846046665358,16
"320",2.67171520789835,-3.18846046665358,16
"321",-5.39730222823032,0.994942726139001,17
"322",-4.97261710001302,0.994942726139001,17
"323",-4.54793197179572,0.994942726139001,17
"324",-4.12324684357842,0.994942726139001,17
"325",-3.69856171536113,0.994942726139001,17
"326",-3.27387658714383,-1.42702754337249,17
"327",-2.84919145892653,-1.86738577419276,17
"328",-2.42450633070923,-2.0875648896029,17
"329",-1.99982120249193,-2.0875648896029,17
"330",-1.57513607427463,-2.0875648896029,17
"331",-1.15045094605733,-2.30774400501304,17
"332",-0.725765817840037,-3.40863958206372,17
"333",-0.301080689622737,-3.40863958206372,17
"334",0.123604438594561,-3.40863958206372,17
"335",0.548289566811859,-3.40863958206372,17
"336",0.972974695029158,-3.40863958206372,17
"337",1.39765982324646,-3.40863958206372,17
"338",1.82234495146375,-3.40863958206372,17
"339",2.24703007968105,-3.40863958206372,17
"340",2.67171520789835,-3.40863958206372,17
"341",-5.39730222823032,0.994942726139001,18
"342",-4.97261710001302,0.994942726139001,18
"343",-4.54793197179572,0.994942726139001,18
"344",-4.12324684357842,0.994942726139001,18
"345",-3.69856171536113,0.994942726139001,18
"346",-3.27387658714383,-1.20684842796236,18
"347",-2.84919145892653,-1.64720665878263,18
"348",-2.42450633070923,-1.86738577419276,18
"349",-1.99982120249193,-2.0875648896029,18
"350",-1.57513607427463,-2.0875648896029,18
"351",-1.15045094605733,-2.96828135124344,18
"352",-0.725765817840037,-3.40863958206372,18
"353",-0.301080689622737,-3.40863958206372,18
"354",0.123604438594561,-3.40863958206372,18
"355",0.548289566811859,-3.40863958206372,18
"356",0.972974695029158,-3.40863958206372,18
"357",1.39765982324646,-3.40863958206372,18
"358",1.82234495146375,-3.40863958206372,18
"359",2.24703007968105,-3.40863958206372,18
"360",2.67171520789835,-3.40863958206372,18
"361",-5.39730222823032,0.994942726139001,19
"362",-4.97261710001302,0.994942726139001,19
"363",-4.54793197179572,0.994942726139001,19
"364",-4.12324684357842,0.994942726139001,19
"365",-3.69856171536113,0.994942726139001,19
"366",-3.27387658714383,-3.18846046665358,19
"367",-2.84919145892653,-3.40863958206372,19
"368",-2.42450633070923,-3.40863958206372,19
"369",-1.99982120249193,-3.40863958206372,19
"370",-1.57513607427463,-3.40863958206372,19
"371",-1.15045094605733,-3.40863958206372,19
"372",-0.725765817840037,-3.40863958206372,19
"373",-0.301080689622737,-3.40863958206372,19
"374",0.123604438594561,-3.40863958206372,19
"375",0.548289566811859,-3.40863958206372,19
"376",0.972974695029158,-3.40863958206372,19
"377",1.39765982324646,-3.40863958206372,19
"378",1.82234495146375,-3.40863958206372,19
"379",2.24703007968105,-3.40863958206372,19
"380",2.67171520789835,-3.40863958206372,19
"381",-5.39730222823032,0.994942726139001,20
"382",-4.97261710001302,0.994942726139001,20
"383",-4.54793197179572,0.994942726139001,20
"384",-4.12324684357842,0.994942726139001,20
"385",-3.69856171536113,0.994942726139001,20
"386",-3.27387658714383,-0.326131966321814,20
"387",-2.84919145892653,-1.20684842796236,20
"388",-2.42450633070923,-1.64720665878263,20
"389",-1.99982120249193,-2.0875648896029,20
"390",-1.57513607427463,-2.52792312042317,20
"391",-1.15045094605733,-2.74810223583331,20
"392",-0.725765817840037,-2.96828135124344,20
"393",-0.301080689622737,-3.18846046665358,20
"394",0.123604438594561,-3.40863958206372,20
"395",0.548289566811859,-3.40863958206372,20
"396",0.972974695029158,-3.40863958206372,20
"397",1.39765982324646,-3.40863958206372,20
"398",1.82234495146375,-3.40863958206372,20
"399",2.24703007968105,-3.40863958206372,20
"400",2.67171520789835,-3.40863958206372,20
"401",-5.39730222823032,0.994942726139001,21
"402",-4.97261710001302,0.994942726139001,21
"403",-4.54793197179572,0.994942726139001,21
"404",-4.12324684357842,0.994942726139001,21
"405",-3.69856171536113,0.994942726139001,21
"406",-3.27387658714383,-0.326131966321814,21
"407",-2.84919145892653,-1.20684842796236,21
"408",-2.42450633070923,-1.86738577419276,21
"409",-1.99982120249193,-2.30774400501304,21
"410",-1.57513607427463,-2.74810223583331,21
"411",-1.15045094605733,-3.40863958206372,21
"412",-0.725765817840037,-3.40863958206372,21
"413",-0.301080689622737,-3.40863958206372,21
"414",0.123604438594561,-3.40863958206372,21
"415",0.548289566811859,-3.40863958206372,21
"416",0.972974695029158,-3.40863958206372,21
"417",1.39765982324646,-3.40863958206372,21
"418",1.82234495146375,-3.40863958206372,21
"419",2.24703007968105,-3.40863958206372,21
"420",2.67171520789835,-3.40863958206372,21
"421",-5.39730222823032,0.994942726139001,22
"422",-4.97261710001302,0.994942726139001,22
"423",-4.54793197179572,0.994942726139001,22
"424",-4.12324684357842,0.994942726139001,22
"425",-3.69856171536113,0.994942726139001,22
"426",-3.27387658714383,-0.986669312552221,22
"427",-2.84919145892653,-1.20684842796236,22
"428",-2.42450633070923,-1.42702754337249,22
"429",-1.99982120249193,-1.42702754337249,22
"430",-1.57513607427463,-1.86738577419276,22
"431",-1.15045094605733,-2.0875648896029,22
"432",-0.725765817840037,-2.52792312042317,22
"433",-0.301080689622737,-2.74810223583331,22
"434",0.123604438594561,-2.96828135124344,22
"435",0.548289566811859,-3.18846046665358,22
"436",0.972974695029158,-3.18846046665358,22
"437",1.39765982324646,-3.18846046665358,22
"438",1.82234495146375,-3.18846046665358,22
"439",2.24703007968105,-3.18846046665358,22
"440",2.67171520789835,-3.18846046665358,22
"441",-5.39730222823032,0.994942726139001,23
"442",-4.97261710001302,0.994942726139001,23
"443",-4.54793197179572,0.994942726139001,23
"444",-4.12324684357842,0.994942726139001,23
"445",-3.69856171536113,0.994942726139001,23
"446",-3.27387658714383,-2.74810223583331,23
"447",-2.84919145892653,-3.18846046665358,23
"448",-2.42450633070923,-3.18846046665358,23
"449",-1.99982120249193,-3.18846046665358,23
"450",-1.57513607427463,-3.18846046665358,23
"451",-1.15045094605733,-3.40863958206372,23
"452",-0.725765817840037,-3.40863958206372,23
"453",-0.301080689622737,-3.40863958206372,23
"454",0.123604438594561,-3.40863958206372,23
"455",0.548289566811859,-3.40863958206372,23
"456",0.972974695029158,-3.40863958206372,23
"457",1.39765982324646,-3.40863958206372,23
"458",1.82234495146375,-3.40863958206372,23
"459",2.24703007968105,-3.40863958206372,23
"460",2.67171520789835,-3.40863958206372,23
"461",-5.39730222823032,0.994942726139001,24
"462",-4.97261710001302,0.994942726139001,24
"463",-4.54793197179572,0.994942726139001,24
"464",-4.12324684357842,0.994942726139001,24
"465",-3.69856171536113,0.994942726139001,24
"466",-3.27387658714383,0.114226264498458,24
"467",-2.84919145892653,-0.326131966321814,24
"468",-2.42450633070923,-0.54631108173195,24
"469",-1.99982120249193,-0.766490197142085,24
"470",-1.57513607427463,-1.64720665878263,24
"471",-1.15045094605733,-2.96828135124344,24
"472",-0.725765817840037,-3.40863958206372,24
"473",-0.301080689622737,-3.40863958206372,24
"474",0.123604438594561,-3.40863958206372,24
"475",0.548289566811859,-3.40863958206372,24
"476",0.972974695029158,-3.40863958206372,24
"477",1.39765982324646,-3.40863958206372,24
"478",1.82234495146375,-3.40863958206372,24
"479",2.24703007968105,-3.40863958206372,24
"480",2.67171520789835,-3.40863958206372,24
"481",-5.39730222823032,0.994942726139001,25
"482",-4.97261710001302,0.994942726139001,25
"483",-4.54793197179572,0.994942726139001,25
"484",-4.12324684357842,0.994942726139001,25
"485",-3.69856171536113,0.994942726139001,25
"486",-3.27387658714383,0.114226264498458,25
"487",-2.84919145892653,-0.54631108173195,25
"488",-2.42450633070923,-1.20684842796236,25
"489",-1.99982120249193,-1.42702754337249,25
"490",-1.57513607427463,-1.64720665878263,25
"491",-1.15045094605733,-1.86738577419276,25
"492",-0.725765817840037,-2.30774400501304,25
"493",-0.301080689622737,-2.74810223583331,25
"494",0.123604438594561,-3.18846046665358,25
"495",0.548289566811859,-3.40863958206372,25
"496",0.972974695029158,-3.40863958206372,25
"497",1.39765982324646,-3.40863958206372,25
"498",1.82234495146375,-3.40863958206372,25
"499",2.24703007968105,-3.40863958206372,25
"500",2.67171520789835,-3.40863958206372,25
"501",-5.39730222823032,0.994942726139001,26
"502",-4.97261710001302,0.994942726139001,26
"503",-4.54793197179572,0.994942726139001,26
"504",-4.12324684357842,0.994942726139001,26
"505",-3.69856171536113,0.994942726139001,26
"506",-3.27387658714383,0.114226264498458,26
"507",-2.84919145892653,-0.105952850911678,26
"508",-2.42450633070923,-0.54631108173195,26
"509",-1.99982120249193,-0.766490197142085,26
"510",-1.57513607427463,-1.42702754337249,26
"511",-1.15045094605733,-2.30774400501304,26
"512",-0.725765817840037,-2.74810223583331,26
"513",-0.301080689622737,-2.96828135124344,26
"514",0.123604438594561,-2.96828135124344,26
"515",0.548289566811859,-2.96828135124344,26
"516",0.972974695029158,-2.96828135124344,26
"517",1.39765982324646,-2.96828135124344,26
"518",1.82234495146375,-2.96828135124344,26
"519",2.24703007968105,-2.96828135124344,26
"520",2.67171520789835,-2.96828135124344,26
"521",-5.39730222823032,0.994942726139001,27
"522",-4.97261710001302,0.994942726139001,27
"523",-4.54793197179572,0.994942726139001,27
"524",-4.12324684357842,0.994942726139001,27
"525",-3.69856171536113,0.994942726139001,27
"526",-3.27387658714383,-0.986669312552221,27
"527",-2.84919145892653,-1.64720665878263,27
"528",-2.42450633070923,-1.86738577419276,27
"529",-1.99982120249193,-2.0875648896029,27
"530",-1.57513607427463,-2.52792312042317,27
"531",-1.15045094605733,-2.74810223583331,27
"532",-0.725765817840037,-2.74810223583331,27
"533",-0.301080689622737,-2.96828135124344,27
"534",0.123604438594561,-2.96828135124344,27
"535",0.548289566811859,-3.18846046665358,27
"536",0.972974695029158,-3.18846046665358,27
"537",1.39765982324646,-3.18846046665358,27
"538",1.82234495146375,-3.18846046665358,27
"539",2.24703007968105,-3.18846046665358,27
"540",2.67171520789835,-3.18846046665358,27
"541",-5.39730222823032,0.994942726139001,28
"542",-4.97261710001302,0.994942726139001,28
"543",-4.54793197179572,0.994942726139001,28
"544",-4.12324684357842,0.994942726139001,28
"545",-3.69856171536113,0.994942726139001,28
"546",-3.27387658714383,-1.20684842796236,28
"547",-2.84919145892653,-2.0875648896029,28
"548",-2.42450633070923,-2.74810223583331,28
"549",-1.99982120249193,-2.96828135124344,28
"550",-1.57513607427463,-3.18846046665358,28
"551",-1.15045094605733,-3.40863958206372,28
"552",-0.725765817840037,-3.40863958206372,28
"553",-0.301080689622737,-3.40863958206372,28
"554",0.123604438594561,-3.40863958206372,28
"555",0.548289566811859,-3.40863958206372,28
"556",0.972974695029158,-3.40863958206372,28
"557",1.39765982324646,-3.40863958206372,28
"558",1.82234495146375,-3.40863958206372,28
"559",2.24703007968105,-3.40863958206372,28
"560",2.67171520789835,-3.40863958206372,28
"561",-5.39730222823032,0.994942726139001,29
"562",-4.97261710001302,0.994942726139001,29
"563",-4.54793197179572,0.994942726139001,29
"564",-4.12324684357842,0.994942726139001,29
"565",-3.69856171536113,0.994942726139001,29
"566",-3.27387658714383,0.114226264498458,29
"567",-2.84919145892653,-0.326131966321814,29
"568",-2.42450633070923,-0.54631108173195,29
"569",-1.99982120249193,-1.20684842796236,29
"570",-1.57513607427463,-1.86738577419276,29
"571",-1.15045094605733,-2.30774400501304,29
"572",-0.725765817840037,-2.30774400501304,29
"573",-0.301080689622737,-2.52792312042317,29
"574",0.123604438594561,-2.52792312042317,29
"575",0.548289566811859,-2.74810223583331,29
"576",0.972974695029158,-2.96828135124344,29
"577",1.39765982324646,-2.96828135124344,29
"578",1.82234495146375,-2.96828135124344,29
"579",2.24703007968105,-2.96828135124344,29
"580",2.67171520789835,-2.96828135124344,29
"581",-5.39730222823032,0.994942726139001,30
"582",-4.97261710001302,0.994942726139001,30
"583",-4.54793197179572,0.994942726139001,30
"584",-4.12324684357842,0.994942726139001,30
"585",-3.69856171536113,0.994942726139001,30
"586",-3.27387658714383,-0.326131966321814,30
"587",-2.84919145892653,-0.986669312552221,30
"588",-2.42450633070923,-0.986669312552221,30
"589",-1.99982120249193,-1.20684842796236,30
"590",-1.57513607427463,-1.42702754337249,30
"591",-1.15045094605733,-1.64720665878263,30
"592",-0.725765817840037,-1.64720665878263,30
"593",-0.301080689622737,-1.86738577419276,30
"594",0.123604438594561,-2.52792312042317,30
"595",0.548289566811859,-2.74810223583331,30
"596",0.972974695029158,-2.96828135124344,30
"597",1.39765982324646,-2.96828135124344,30
"598",1.82234495146375,-2.96828135124344,30
"599",2.24703007968105,-2.96828135124344,30
"600",2.67171520789835,-2.96828135124344,30
"601",-5.39730222823032,0.994942726139001,31
"602",-4.97261710001302,0.994942726139001,31
"603",-4.54793197179572,0.994942726139001,31
"604",-4.12324684357842,0.994942726139001,31
"605",-3.69856171536113,0.994942726139001,31
"606",-3.27387658714383,-3.40863958206372,31
"607",-2.84919145892653,-3.40863958206372,31
"608",-2.42450633070923,-3.40863958206372,31
"609",-1.99982120249193,-3.40863958206372,31
"610",-1.57513607427463,-3.40863958206372,31
"611",-1.15045094605733,-3.40863958206372,31
"612",-0.725765817840037,-3.40863958206372,31
"613",-0.301080689622737,-3.40863958206372,31
"614",0.123604438594561,-3.40863958206372,31
"615",0.548289566811859,-3.40863958206372,31
"616",0.972974695029158,-3.40863958206372,31
"617",1.39765982324646,-3.40863958206372,31
"618",1.82234495146375,-3.40863958206372,31
"619",2.24703007968105,-3.40863958206372,31
"620",2.67171520789835,-3.40863958206372,31
"621",-5.39730222823032,0.994942726139001,32
"622",-4.97261710001302,0.994942726139001,32
"623",-4.54793197179572,0.994942726139001,32
"624",-4.12324684357842,0.994942726139001,32
"625",-3.69856171536113,0.994942726139001,32
"626",-3.27387658714383,-1.86738577419276,32
"627",-2.84919145892653,-2.30774400501304,32
"628",-2.42450633070923,-2.52792312042317,32
"629",-1.99982120249193,-2.52792312042317,32
"630",-1.57513607427463,-2.52792312042317,32
"631",-1.15045094605733,-2.74810223583331,32
"632",-0.725765817840037,-2.74810223583331,32
"633",-0.301080689622737,-3.18846046665358,32
"634",0.123604438594561,-3.40863958206372,32
"635",0.548289566811859,-3.40863958206372,32
"636",0.972974695029158,-3.40863958206372,32
"637",1.39765982324646,-3.40863958206372,32
"638",1.82234495146375,-3.40863958206372,32
"639",2.24703007968105,-3.40863958206372,32
"640",2.67171520789835,-3.40863958206372,32
"641",-5.39730222823032,0.994942726139001,33
"642",-4.97261710001302,0.994942726139001,33
"643",-4.54793197179572,0.994942726139001,33
"644",-4.12324684357842,0.994942726139001,33
"645",-3.69856171536113,0.994942726139001,33
"646",-3.27387658714383,-0.986669312552221,33
"647",-2.84919145892653,-1.42702754337249,33
"648",-2.42450633070923,-1.64720665878263,33
"649",-1.99982120249193,-1.86738577419276,33
"650",-1.57513607427463,-1.86738577419276,33
"651",-1.15045094605733,-2.0875648896029,33
"652",-0.725765817840037,-2.0875648896029,33
"653",-0.301080689622737,-2.30774400501304,33
"654",0.123604438594561,-2.52792312042317,33
"655",0.548289566811859,-2.52792312042317,33
"656",0.972974695029158,-2.74810223583331,33
"657",1.39765982324646,-2.74810223583331,33
"658",1.82234495146375,-2.74810223583331,33
"659",2.24703007968105,-2.74810223583331,33
"660",2.67171520789835,-2.74810223583331,33
"661",-5.39730222823032,0.994942726139001,34
"662",-4.97261710001302,0.994942726139001,34
"663",-4.54793197179572,0.994942726139001,34
"664",-4.12324684357842,0.774763610728865,34
"665",-3.69856171536113,0.554584495318729,34
"666",-3.27387658714383,0.334405379908594,34
"667",-2.84919145892653,0.114226264498458,34
"668",-2.42450633070923,0.114226264498458,34
"669",-1.99982120249193,-0.54631108173195,34
"670",-1.57513607427463,-1.42702754337249,34
"671",-1.15045094605733,-1.42702754337249,34
"672",-0.725765817840037,-1.64720665878263,34
"673",-0.301080689622737,-1.86738577419276,34
"674",0.123604438594561,-2.30774400501304,34
"675",0.548289566811859,-2.52792312042317,34
"676",0.972974695029158,-2.74810223583331,34
"677",1.39765982324646,-2.74810223583331,34
"678",1.82234495146375,-2.74810223583331,34
"679",2.24703007968105,-2.74810223583331,34
"680",2.67171520789835,-2.74810223583331,34
"681",-5.39730222823032,0.994942726139001,35
"682",-4.97261710001302,0.994942726139001,35
"683",-4.54793197179572,0.994942726139001,35
"684",-4.12324684357842,0.994942726139001,35
"685",-3.69856171536113,0.994942726139001,35
"686",-3.27387658714383,-1.20684842796236,35
"687",-2.84919145892653,-1.64720665878263,35
"688",-2.42450633070923,-1.86738577419276,35
"689",-1.99982120249193,-1.86738577419276,35
"690",-1.57513607427463,-2.0875648896029,35
"691",-1.15045094605733,-2.74810223583331,35
"692",-0.725765817840037,-3.40863958206372,35
"693",-0.301080689622737,-3.40863958206372,35
"694",0.123604438594561,-3.40863958206372,35
"695",0.548289566811859,-3.40863958206372,35
"696",0.972974695029158,-3.40863958206372,35
"697",1.39765982324646,-3.40863958206372,35
"698",1.82234495146375,-3.40863958206372,35
"699",2.24703007968105,-3.40863958206372,35
"700",2.67171520789835,-3.40863958206372,35
"701",-5.39730222823032,0.994942726139001,36
"702",-4.97261710001302,0.994942726139001,36
"703",-4.54793197179572,0.994942726139001,36
"704",-4.12324684357842,0.994942726139001,36
"705",-3.69856171536113,0.994942726139001,36
"706",-3.27387658714383,-0.105952850911678,36
"707",-2.84919145892653,-1.64720665878263,36
"708",-2.42450633070923,-2.0875648896029,36
"709",-1.99982120249193,-2.52792312042317,36
"710",-1.57513607427463,-2.74810223583331,36
"711",-1.15045094605733,-3.40863958206372,36
"712",-0.725765817840037,-3.40863958206372,36
"713",-0.301080689622737,-3.40863958206372,36
"714",0.123604438594561,-3.40863958206372,36
"715",0.548289566811859,-3.40863958206372,36
"716",0.972974695029158,-3.40863958206372,36
"717",1.39765982324646,-3.40863958206372,36
"718",1.82234495146375,-3.40863958206372,36
"719",2.24703007968105,-3.40863958206372,36
"720",2.67171520789835,-3.40863958206372,36
"721",-5.39730222823032,0.994942726139001,37
"722",-4.97261710001302,0.994942726139001,37
"723",-4.54793197179572,0.994942726139001,37
"724",-4.12324684357842,0.994942726139001,37
"725",-3.69856171536113,0.994942726139001,37
"726",-3.27387658714383,0.114226264498458,37
"727",-2.84919145892653,-0.54631108173195,37
"728",-2.42450633070923,-1.20684842796236,37
"729",-1.99982120249193,-1.86738577419276,37
"730",-1.57513607427463,-2.0875648896029,37
"731",-1.15045094605733,-2.52792312042317,37
"732",-0.725765817840037,-2.52792312042317,37
"733",-0.301080689622737,-2.74810223583331,37
"734",0.123604438594561,-3.40863958206372,37
"735",0.548289566811859,-3.40863958206372,37
"736",0.972974695029158,-3.40863958206372,37
"737",1.39765982324646,-3.40863958206372,37
"738",1.82234495146375,-3.40863958206372,37
"739",2.24703007968105,-3.40863958206372,37
"740",2.67171520789835,-3.40863958206372,37
"741",-5.39730222823032,0.994942726139001,38
"742",-4.97261710001302,0.994942726139001,38
"743",-4.54793197179572,0.994942726139001,38
"744",-4.12324684357842,0.994942726139001,38
"745",-3.69856171536113,0.994942726139001,38
"746",-3.27387658714383,-0.105952850911678,38
"747",-2.84919145892653,-1.86738577419276,38
"748",-2.42450633070923,-2.0875648896029,38
"749",-1.99982120249193,-2.0875648896029,38
"750",-1.57513607427463,-2.0875648896029,38
"751",-1.15045094605733,-2.30774400501304,38
"752",-0.725765817840037,-2.30774400501304,38
"753",-0.301080689622737,-2.52792312042317,38
"754",0.123604438594561,-2.52792312042317,38
"755",0.548289566811859,-2.52792312042317,38
"756",0.972974695029158,-2.52792312042317,38
"757",1.39765982324646,-2.52792312042317,38
"758",1.82234495146375,-2.74810223583331,38
"759",2.24703007968105,-2.74810223583331,38
"760",2.67171520789835,-2.74810223583331,38
"761",-5.39730222823032,0.994942726139001,39
"762",-4.97261710001302,0.994942726139001,39
"763",-4.54793197179572,0.994942726139001,39
"764",-4.12324684357842,0.994942726139001,39
"765",-3.69856171536113,0.994942726139001,39
"766",-3.27387658714383,0.114226264498458,39
"767",-2.84919145892653,-0.766490197142085,39
"768",-2.42450633070923,-1.42702754337249,39
"769",-1.99982120249193,-2.0875648896029,39
"770",-1.57513607427463,-2.96828135124344,39
"771",-1.15045094605733,-3.40863958206372,39
"772",-0.725765817840037,-3.40863958206372,39
"773",-0.301080689622737,-3.40863958206372,39
"774",0.123604438594561,-3.40863958206372,39
"775",0.548289566811859,-3.40863958206372,39
"776",0.972974695029158,-3.40863958206372,39
"777",1.39765982324646,-3.40863958206372,39
"778",1.82234495146375,-3.40863958206372,39
"779",2.24703007968105,-3.40863958206372,39
"780",2.67171520789835,-3.40863958206372,39
"781",-5.39730222823032,0.994942726139001,40
"782",-4.97261710001302,0.994942726139001,40
"783",-4.54793197179572,0.994942726139001,40
"784",-4.12324684357842,0.994942726139001,40
"785",-3.69856171536113,0.994942726139001,40
"786",-3.27387658714383,-0.54631108173195,40
"787",-2.84919145892653,-1.42702754337249,40
"788",-2.42450633070923,-1.64720665878263,40
"789",-1.99982120249193,-1.64720665878263,40
"790",-1.57513607427463,-1.86738577419276,40
"791",-1.15045094605733,-2.0875648896029,40
"792",-0.725765817840037,-2.52792312042317,40
"793",-0.301080689622737,-2.74810223583331,40
"794",0.123604438594561,-3.18846046665358,40
"795",0.548289566811859,-3.40863958206372,40
"796",0.972974695029158,-3.40863958206372,40
"797",1.39765982324646,-3.40863958206372,40
"798",1.82234495146375,-3.40863958206372,40
"799",2.24703007968105,-3.40863958206372,40
"800",2.67171520789835,-3.40863958206372,40
"801",-5.39730222823032,0.994942726139001,41
"802",-4.97261710001302,0.994942726139001,41
"803",-4.54793197179572,0.994942726139001,41
"804",-4.12324684357842,0.994942726139001,41
"805",-3.69856171536113,0.994942726139001,41
"806",-3.27387658714383,-0.766490197142085,41
"807",-2.84919145892653,-1.20684842796236,41
"808",-2.42450633070923,-1.42702754337249,41
"809",-1.99982120249193,-1.86738577419276,41
"810",-1.57513607427463,-2.30774400501304,41
"811",-1.15045094605733,-2.52792312042317,41
"812",-0.725765817840037,-2.52792312042317,41
"813",-0.301080689622737,-2.52792312042317,41
"814",0.123604438594561,-2.74810223583331,41
"815",0.548289566811859,-2.74810223583331,41
"816",0.972974695029158,-2.96828135124344,41
"817",1.39765982324646,-2.96828135124344,41
"818",1.82234495146375,-2.96828135124344,41
"819",2.24703007968105,-2.96828135124344,41
"820",2.67171520789835,-2.96828135124344,41
"821",-5.39730222823032,0.994942726139001,42
"822",-4.97261710001302,0.994942726139001,42
"823",-4.54793197179572,0.994942726139001,42
"824",-4.12324684357842,0.994942726139001,42
"825",-3.69856171536113,0.774763610728865,42
"826",-3.27387658714383,-0.986669312552221,42
"827",-2.84919145892653,-1.42702754337249,42
"828",-2.42450633070923,-1.64720665878263,42
"829",-1.99982120249193,-1.64720665878263,42
"830",-1.57513607427463,-2.74810223583331,42
"831",-1.15045094605733,-3.40863958206372,42
"832",-0.725765817840037,-3.40863958206372,42
"833",-0.301080689622737,-3.40863958206372,42
"834",0.123604438594561,-3.40863958206372,42
"835",0.548289566811859,-3.40863958206372,42
"836",0.972974695029158,-3.40863958206372,42
"837",1.39765982324646,-3.40863958206372,42
"838",1.82234495146375,-3.40863958206372,42
"839",2.24703007968105,-3.40863958206372,42
"840",2.67171520789835,-3.40863958206372,42
"841",-5.39730222823032,0.994942726139001,43
"842",-4.97261710001302,0.994942726139001,43
"843",-4.54793197179572,0.994942726139001,43
"844",-4.12324684357842,0.994942726139001,43
"845",-3.69856171536113,0.994942726139001,43
"846",-3.27387658714383,-0.105952850911678,43
"847",-2.84919145892653,-0.766490197142085,43
"848",-2.42450633070923,-0.986669312552221,43
"849",-1.99982120249193,-1.20684842796236,43
"850",-1.57513607427463,-1.42702754337249,43
"851",-1.15045094605733,-1.64720665878263,43
"852",-0.725765817840037,-1.86738577419276,43
"853",-0.301080689622737,-2.96828135124344,43
"854",0.123604438594561,-2.96828135124344,43
"855",0.548289566811859,-3.18846046665358,43
"856",0.972974695029158,-3.40863958206372,43
"857",1.39765982324646,-3.40863958206372,43
"858",1.82234495146375,-3.40863958206372,43
"859",2.24703007968105,-3.40863958206372,43
"860",2.67171520789835,-3.40863958206372,43
"861",-5.39730222823032,0.994942726139001,44
"862",-4.97261710001302,0.994942726139001,44
"863",-4.54793197179572,0.994942726139001,44
"864",-4.12324684357842,0.994942726139001,44
"865",-3.69856171536113,0.994942726139001,44
"866",-3.27387658714383,-1.64720665878263,44
"867",-2.84919145892653,-1.86738577419276,44
"868",-2.42450633070923,-1.86738577419276,44
"869",-1.99982120249193,-2.0875648896029,44
"870",-1.57513607427463,-2.0875648896029,44
"871",-1.15045094605733,-2.0875648896029,44
"872",-0.725765817840037,-2.30774400501304,44
"873",-0.301080689622737,-2.30774400501304,44
"874",0.123604438594561,-2.74810223583331,44
"875",0.548289566811859,-3.40863958206372,44
"876",0.972974695029158,-3.40863958206372,44
"877",1.39765982324646,-3.40863958206372,44
"878",1.82234495146375,-3.40863958206372,44
"879",2.24703007968105,-3.40863958206372,44
"880",2.67171520789835,-3.40863958206372,44
"881",-5.39730222823032,0.994942726139001,45
"882",-4.97261710001302,0.994942726139001,45
"883",-4.54793197179572,0.994942726139001,45
"884",-4.12324684357842,0.994942726139001,45
"885",-3.69856171536113,0.994942726139001,45
"886",-3.27387658714383,-2.96828135124344,45
"887",-2.84919145892653,-3.18846046665358,45
"888",-2.42450633070923,-3.18846046665358,45
"889",-1.99982120249193,-3.18846046665358,45
"890",-1.57513607427463,-3.18846046665358,45
"891",-1.15045094605733,-3.18846046665358,45
"892",-0.725765817840037,-3.40863958206372,45
"893",-0.301080689622737,-3.40863958206372,45
"894",0.123604438594561,-3.40863958206372,45
"895",0.548289566811859,-3.40863958206372,45
"896",0.972974695029158,-3.40863958206372,45
"897",1.39765982324646,-3.40863958206372,45
"898",1.82234495146375,-3.40863958206372,45
"899",2.24703007968105,-3.40863958206372,45
"900",2.67171520789835,-3.40863958206372,45
"901",-5.39730222823032,0.994942726139001,46
"902",-4.97261710001302,0.994942726139001,46
"903",-4.54793197179572,0.994942726139001,46
"904",-4.12324684357842,0.994942726139001,46
"905",-3.69856171536113,0.774763610728865,46
"906",-3.27387658714383,0.114226264498458,46
"907",-2.84919145892653,-0.326131966321814,46
"908",-2.42450633070923,-0.766490197142085,46
"909",-1.99982120249193,-1.42702754337249,46
"910",-1.57513607427463,-1.86738577419276,46
"911",-1.15045094605733,-2.0875648896029,46
"912",-0.725765817840037,-2.30774400501304,46
"913",-0.301080689622737,-2.52792312042317,46
"914",0.123604438594561,-3.18846046665358,46
"915",0.548289566811859,-3.40863958206372,46
"916",0.972974695029158,-3.40863958206372,46
"917",1.39765982324646,-3.40863958206372,46
"918",1.82234495146375,-3.40863958206372,46
"919",2.24703007968105,-3.40863958206372,46
"920",2.67171520789835,-3.40863958206372,46
"921",-5.39730222823032,0.994942726139001,47
"922",-4.97261710001302,0.994942726139001,47
"923",-4.54793197179572,0.994942726139001,47
"924",-4.12324684357842,0.994942726139001,47
"925",-3.69856171536113,0.994942726139001,47
"926",-3.27387658714383,-0.986669312552221,47
"927",-2.84919145892653,-2.30774400501304,47
"928",-2.42450633070923,-2.96828135124344,47
"929",-1.99982120249193,-3.40863958206372,47
"930",-1.57513607427463,-3.40863958206372,47
"931",-1.15045094605733,-3.40863958206372,47
"932",-0.725765817840037,-3.40863958206372,47
"933",-0.301080689622737,-3.40863958206372,47
"934",0.123604438594561,-3.40863958206372,47
"935",0.548289566811859,-3.40863958206372,47
"936",0.972974695029158,-3.40863958206372,47
"937",1.39765982324646,-3.40863958206372,47
"938",1.82234495146375,-3.40863958206372,47
"939",2.24703007968105,-3.40863958206372,47
"940",2.67171520789835,-3.40863958206372,47
"941",-5.39730222823032,0.994942726139001,48
"942",-4.97261710001302,0.994942726139001,48
"943",-4.54793197179572,0.994942726139001,48
"944",-4.12324684357842,0.994942726139001,48
"945",-3.69856171536113,0.994942726139001,48
"946",-3.27387658714383,-2.0875648896029,48
"947",-2.84919145892653,-2.52792312042317,48
"948",-2.42450633070923,-2.52792312042317,48
"949",-1.99982120249193,-2.52792312042317,48
"950",-1.57513607427463,-2.52792312042317,48
"951",-1.15045094605733,-2.52792312042317,48
"952",-0.725765817840037,-2.52792312042317,48
"953",-0.301080689622737,-2.52792312042317,48
"954",0.123604438594561,-2.74810223583331,48
"955",0.548289566811859,-2.96828135124344,48
"956",0.972974695029158,-3.18846046665358,48
"957",1.39765982324646,-3.40863958206372,48
"958",1.82234495146375,-3.40863958206372,48
"959",2.24703007968105,-3.40863958206372,48
"960",2.67171520789835,-3.40863958206372,48
"961",-5.39730222823032,0.994942726139001,49
"962",-4.97261710001302,0.994942726139001,49
"963",-4.54793197179572,0.774763610728865,49
"964",-4.12324684357842,0.554584495318729,49
"965",-3.69856171536113,0.334405379908594,49
"966",-3.27387658714383,0.334405379908594,49
"967",-2.84919145892653,0.114226264498458,49
"968",-2.42450633070923,-0.105952850911678,49
"969",-1.99982120249193,-0.54631108173195,49
"970",-1.57513607427463,-0.986669312552221,49
"971",-1.15045094605733,-1.42702754337249,49
"972",-0.725765817840037,-1.86738577419276,49
"973",-0.301080689622737,-2.30774400501304,49
"974",0.123604438594561,-2.52792312042317,49
"975",0.548289566811859,-2.74810223583331,49
"976",0.972974695029158,-2.96828135124344,49
"977",1.39765982324646,-2.96828135124344,49
"978",1.82234495146375,-2.96828135124344,49
"979",2.24703007968105,-2.96828135124344,49
"980",2.67171520789835,-2.96828135124344,49
"981",-5.39730222823032,0.994942726139001,50
"982",-4.97261710001302,0.994942726139001,50
"983",-4.54793197179572,0.994942726139001,50
"984",-4.12324684357842,0.994942726139001,50
"985",-3.69856171536113,0.994942726139001,50
"986",-3.27387658714383,-0.105952850911678,50
"987",-2.84919145892653,-0.986669312552221,50
"988",-2.42450633070923,-1.42702754337249,50
"989",-1.99982120249193,-1.64720665878263,50
"990",-1.57513607427463,-1.86738577419276,50
"991",-1.15045094605733,-2.0875648896029,50
"992",-0.725765817840037,-2.30774400501304,50
"993",-0.301080689622737,-2.30774400501304,50
"994",0.123604438594561,-2.52792312042317,50
"995",0.548289566811859,-2.52792312042317,50
"996",0.972974695029158,-2.52792312042317,50
"997",1.39765982324646,-2.52792312042317,50
"998",1.82234495146375,-2.52792312042317,50
"999",2.24703007968105,-2.52792312042317,50
"1000",2.67171520789835,-2.52792312042317,50
"1001",-5.39730222823032,0.994942726139001,51
"1002",-4.97261710001302,0.994942726139001,51
"1003",-4.54793197179572,0.994942726139001,51
"1004",-4.12324684357842,0.994942726139001,51
"1005",-3.69856171536113,0.554584495318729,51
"1006",-3.27387658714383,0.334405379908594,51
"1007",-2.84919145892653,-0.105952850911678,51
"1008",-2.42450633070923,-0.54631108173195,51
"1009",-1.99982120249193,-1.86738577419276,51
"1010",-1.57513607427463,-1.86738577419276,51
"1011",-1.15045094605733,-2.0875648896029,51
"1012",-0.725765817840037,-2.30774400501304,51
"1013",-0.301080689622737,-2.30774400501304,51
"1014",0.123604438594561,-2.52792312042317,51
"1015",0.548289566811859,-2.52792312042317,51
"1016",0.972974695029158,-2.52792312042317,51
"1017",1.39765982324646,-2.52792312042317,51
"1018",1.82234495146375,-2.52792312042317,51
"1019",2.24703007968105,-2.52792312042317,51
"1020",2.67171520789835,-2.52792312042317,51
"1021",-5.39730222823032,0.994942726139001,52
"1022",-4.97261710001302,0.994942726139001,52
"1023",-4.54793197179572,0.994942726139001,52
"1024",-4.12324684357842,0.994942726139001,52
"1025",-3.69856171536113,0.994942726139001,52
"1026",-3.27387658714383,-0.105952850911678,52
"1027",-2.84919145892653,-0.766490197142085,52
"1028",-2.42450633070923,-0.986669312552221,52
"1029",-1.99982120249193,-1.20684842796236,52
"1030",-1.57513607427463,-1.42702754337249,52
"1031",-1.15045094605733,-2.0875648896029,52
"1032",-0.725765817840037,-2.52792312042317,52
"1033",-0.301080689622737,-2.96828135124344,52
"1034",0.123604438594561,-2.96828135124344,52
"1035",0.548289566811859,-2.96828135124344,52
"1036",0.972974695029158,-3.18846046665358,52
"1037",1.39765982324646,-3.18846046665358,52
"1038",1.82234495146375,-3.18846046665358,52
"1039",2.24703007968105,-3.18846046665358,52
"1040",2.67171520789835,-3.18846046665358,52
"1041",-5.39730222823032,0.994942726139001,53
"1042",-4.97261710001302,0.994942726139001,53
"1043",-4.54793197179572,0.994942726139001,53
"1044",-4.12324684357842,0.994942726139001,53
"1045",-3.69856171536113,0.994942726139001,53
"1046",-3.27387658714383,-0.105952850911678,53
"1047",-2.84919145892653,-0.766490197142085,53
"1048",-2.42450633070923,-1.20684842796236,53
"1049",-1.99982120249193,-1.64720665878263,53
"1050",-1.57513607427463,-2.30774400501304,53
"1051",-1.15045094605733,-2.96828135124344,53
"1052",-0.725765817840037,-3.40863958206372,53
"1053",-0.301080689622737,-3.40863958206372,53
"1054",0.123604438594561,-3.40863958206372,53
"1055",0.548289566811859,-3.40863958206372,53
"1056",0.972974695029158,-3.40863958206372,53
"1057",1.39765982324646,-3.40863958206372,53
"1058",1.82234495146375,-3.40863958206372,53
"1059",2.24703007968105,-3.40863958206372,53
"1060",2.67171520789835,-3.40863958206372,53
"1061",-5.39730222823032,0.994942726139001,54
"1062",-4.97261710001302,0.994942726139001,54
"1063",-4.54793197179572,0.994942726139001,54
"1064",-4.12324684357842,0.994942726139001,54
"1065",-3.69856171536113,0.994942726139001,54
"1066",-3.27387658714383,-2.0875648896029,54
"1067",-2.84919145892653,-2.30774400501304,54
"1068",-2.42450633070923,-2.30774400501304,54
"1069",-1.99982120249193,-2.30774400501304,54
"1070",-1.57513607427463,-2.52792312042317,54
"1071",-1.15045094605733,-2.52792312042317,54
"1072",-0.725765817840037,-2.74810223583331,54
"1073",-0.301080689622737,-2.96828135124344,54
"1074",0.123604438594561,-3.18846046665358,54
"1075",0.548289566811859,-3.18846046665358,54
"1076",0.972974695029158,-3.40863958206372,54
"1077",1.39765982324646,-3.40863958206372,54
"1078",1.82234495146375,-3.40863958206372,54
"1079",2.24703007968105,-3.40863958206372,54
"1080",2.67171520789835,-3.40863958206372,54
"1081",-5.39730222823032,0.994942726139001,55
"1082",-4.97261710001302,0.994942726139001,55
"1083",-4.54793197179572,0.994942726139001,55
"1084",-4.12324684357842,0.994942726139001,55
"1085",-3.69856171536113,0.994942726139001,55
"1086",-3.27387658714383,0.114226264498458,55
"1087",-2.84919145892653,-0.326131966321814,55
"1088",-2.42450633070923,-0.54631108173195,55
"1089",-1.99982120249193,-0.766490197142085,55
"1090",-1.57513607427463,-1.20684842796236,55
"1091",-1.15045094605733,-2.52792312042317,55
"1092",-0.725765817840037,-3.18846046665358,55
"1093",-0.301080689622737,-3.40863958206372,55
"1094",0.123604438594561,-3.40863958206372,55
"1095",0.548289566811859,-3.40863958206372,55
"1096",0.972974695029158,-3.40863958206372,55
"1097",1.39765982324646,-3.40863958206372,55
"1098",1.82234495146375,-3.40863958206372,55
"1099",2.24703007968105,-3.40863958206372,55
"1100",2.67171520789835,-3.40863958206372,55
"1101",-5.39730222823032,0.994942726139001,56
"1102",-4.97261710001302,0.994942726139001,56
"1103",-4.54793197179572,0.994942726139001,56
"1104",-4.12324684357842,0.994942726139001,56
"1105",-3.69856171536113,0.994942726139001,56
"1106",-3.27387658714383,-0.766490197142085,56
"1107",-2.84919145892653,-0.986669312552221,56
"1108",-2.42450633070923,-0.986669312552221,56
"1109",-1.99982120249193,-1.42702754337249,56
"1110",-1.57513607427463,-1.86738577419276,56
"1111",-1.15045094605733,-2.0875648896029,56
"1112",-0.725765817840037,-2.52792312042317,56
"1113",-0.301080689622737,-2.96828135124344,56
"1114",0.123604438594561,-3.18846046665358,56
"1115",0.548289566811859,-3.40863958206372,56
"1116",0.972974695029158,-3.40863958206372,56
"1117",1.39765982324646,-3.40863958206372,56
"1118",1.82234495146375,-3.40863958206372,56
"1119",2.24703007968105,-3.40863958206372,56
"1120",2.67171520789835,-3.40863958206372,56
"1121",-5.39730222823032,0.994942726139001,57
"1122",-4.97261710001302,0.994942726139001,57
"1123",-4.54793197179572,0.994942726139001,57
"1124",-4.12324684357842,0.994942726139001,57
"1125",-3.69856171536113,0.994942726139001,57
"1126",-3.27387658714383,-1.20684842796236,57
"1127",-2.84919145892653,-1.86738577419276,57
"1128",-2.42450633070923,-2.0875648896029,57
"1129",-1.99982120249193,-2.0875648896029,57
"1130",-1.57513607427463,-2.30774400501304,57
"1131",-1.15045094605733,-2.30774400501304,57
"1132",-0.725765817840037,-2.30774400501304,57
"1133",-0.301080689622737,-2.30774400501304,57
"1134",0.123604438594561,-2.30774400501304,57
"1135",0.548289566811859,-2.30774400501304,57
"1136",0.972974695029158,-2.52792312042317,57
"1137",1.39765982324646,-2.52792312042317,57
"1138",1.82234495146375,-2.52792312042317,57
"1139",2.24703007968105,-2.52792312042317,57
"1140",2.67171520789835,-2.52792312042317,57
"1141",-5.39730222823032,0.994942726139001,58
"1142",-4.97261710001302,0.994942726139001,58
"1143",-4.54793197179572,0.994942726139001,58
"1144",-4.12324684357842,0.994942726139001,58
"1145",-3.69856171536113,0.994942726139001,58
"1146",-3.27387658714383,-1.64720665878263,58
"1147",-2.84919145892653,-2.96828135124344,58
"1148",-2.42450633070923,-3.40863958206372,58
"1149",-1.99982120249193,-3.40863958206372,58
"1150",-1.57513607427463,-3.40863958206372,58
"1151",-1.15045094605733,-3.40863958206372,58
"1152",-0.725765817840037,-3.40863958206372,58
"1153",-0.301080689622737,-3.40863958206372,58
"1154",0.123604438594561,-3.40863958206372,58
"1155",0.548289566811859,-3.40863958206372,58
"1156",0.972974695029158,-3.40863958206372,58
"1157",1.39765982324646,-3.40863958206372,58
"1158",1.82234495146375,-3.40863958206372,58
"1159",2.24703007968105,-3.40863958206372,58
"1160",2.67171520789835,-3.40863958206372,58
"1161",-5.39730222823032,0.994942726139001,59
"1162",-4.97261710001302,0.994942726139001,59
"1163",-4.54793197179572,0.994942726139001,59
"1164",-4.12324684357842,0.994942726139001,59
"1165",-3.69856171536113,0.994942726139001,59
"1166",-3.27387658714383,-0.105952850911678,59
"1167",-2.84919145892653,-0.105952850911678,59
"1168",-2.42450633070923,-0.326131966321814,59
"1169",-1.99982120249193,-1.86738577419276,59
"1170",-1.57513607427463,-2.74810223583331,59
"1171",-1.15045094605733,-3.18846046665358,59
"1172",-0.725765817840037,-3.40863958206372,59
"1173",-0.301080689622737,-3.40863958206372,59
"1174",0.123604438594561,-3.40863958206372,59
"1175",0.548289566811859,-3.40863958206372,59
"1176",0.972974695029158,-3.40863958206372,59
"1177",1.39765982324646,-3.40863958206372,59
"1178",1.82234495146375,-3.40863958206372,59
"1179",2.24703007968105,-3.40863958206372,59
"1180",2.67171520789835,-3.40863958206372,59
"1181",-5.39730222823032,0.994942726139001,60
"1182",-4.97261710001302,0.994942726139001,60
"1183",-4.54793197179572,0.994942726139001,60
"1184",-4.12324684357842,0.994942726139001,60
"1185",-3.69856171536113,0.994942726139001,60
"1186",-3.27387658714383,-0.326131966321814,60
"1187",-2.84919145892653,-0.986669312552221,60
"1188",-2.42450633070923,-1.20684842796236,60
"1189",-1.99982120249193,-1.42702754337249,60
"1190",-1.57513607427463,-1.64720665878263,60
"1191",-1.15045094605733,-1.86738577419276,60
"1192",-0.725765817840037,-1.86738577419276,60
"1193",-0.301080689622737,-2.30774400501304,60
"1194",0.123604438594561,-2.52792312042317,60
"1195",0.548289566811859,-2.74810223583331,60
"1196",0.972974695029158,-2.96828135124344,60
"1197",1.39765982324646,-2.96828135124344,60
"1198",1.82234495146375,-2.96828135124344,60
"1199",2.24703007968105,-2.96828135124344,60
"1200",2.67171520789835,-2.96828135124344,60
"1201",-5.39730222823032,0.994942726139001,61
"1202",-4.97261710001302,0.994942726139001,61
"1203",-4.54793197179572,0.994942726139001,61
"1204",-4.12324684357842,0.994942726139001,61
"1205",-3.69856171536113,0.994942726139001,61
"1206",-3.27387658714383,-0.326131966321814,61
"1207",-2.84919145892653,-1.64720665878263,61
"1208",-2.42450633070923,-2.0875648896029,61
"1209",-1.99982120249193,-2.30774400501304,61
"1210",-1.57513607427463,-2.52792312042317,61
"1211",-1.15045094605733,-3.18846046665358,61
"1212",-0.725765817840037,-3.40863958206372,61
"1213",-0.301080689622737,-3.40863958206372,61
"1214",0.123604438594561,-3.40863958206372,61
"1215",0.548289566811859,-3.40863958206372,61
"1216",0.972974695029158,-3.40863958206372,61
"1217",1.39765982324646,-3.40863958206372,61
"1218",1.82234495146375,-3.40863958206372,61
"1219",2.24703007968105,-3.40863958206372,61
"1220",2.67171520789835,-3.40863958206372,61
"1221",-5.39730222823032,0.994942726139001,62
"1222",-4.97261710001302,0.994942726139001,62
"1223",-4.54793197179572,0.994942726139001,62
"1224",-4.12324684357842,0.994942726139001,62
"1225",-3.69856171536113,0.994942726139001,62
"1226",-3.27387658714383,-0.54631108173195,62
"1227",-2.84919145892653,-0.766490197142085,62
"1228",-2.42450633070923,-1.20684842796236,62
"1229",-1.99982120249193,-1.42702754337249,62
"1230",-1.57513607427463,-1.64720665878263,62
"1231",-1.15045094605733,-2.30774400501304,62
"1232",-0.725765817840037,-3.40863958206372,62
"1233",-0.301080689622737,-3.40863958206372,62
"1234",0.123604438594561,-3.40863958206372,62
"1235",0.548289566811859,-3.40863958206372,62
"1236",0.972974695029158,-3.40863958206372,62
"1237",1.39765982324646,-3.40863958206372,62
"1238",1.82234495146375,-3.40863958206372,62
"1239",2.24703007968105,-3.40863958206372,62
"1240",2.67171520789835,-3.40863958206372,62
"1241",-5.39730222823032,0.994942726139001,63
"1242",-4.97261710001302,0.994942726139001,63
"1243",-4.54793197179572,0.994942726139001,63
"1244",-4.12324684357842,0.994942726139001,63
"1245",-3.69856171536113,0.994942726139001,63
"1246",-3.27387658714383,-1.20684842796236,63
"1247",-2.84919145892653,-1.64720665878263,63
"1248",-2.42450633070923,-1.86738577419276,63
"1249",-1.99982120249193,-2.0875648896029,63
"1250",-1.57513607427463,-2.30774400501304,63
"1251",-1.15045094605733,-2.30774400501304,63
"1252",-0.725765817840037,-2.74810223583331,63
"1253",-0.301080689622737,-2.96828135124344,63
"1254",0.123604438594561,-3.18846046665358,63
"1255",0.548289566811859,-3.18846046665358,63
"1256",0.972974695029158,-3.18846046665358,63
"1257",1.39765982324646,-3.18846046665358,63
"1258",1.82234495146375,-3.18846046665358,63
"1259",2.24703007968105,-3.18846046665358,63
"1260",2.67171520789835,-3.18846046665358,63
"1261",-5.39730222823032,0.994942726139001,64
"1262",-4.97261710001302,0.994942726139001,64
"1263",-4.54793197179572,0.994942726139001,64
"1264",-4.12324684357842,0.994942726139001,64
"1265",-3.69856171536113,0.994942726139001,64
"1266",-3.27387658714383,-0.105952850911678,64
"1267",-2.84919145892653,-0.105952850911678,64
"1268",-2.42450633070923,-0.326131966321814,64
"1269",-1.99982120249193,-0.326131966321814,64
"1270",-1.57513607427463,-1.20684842796236,64
"1271",-1.15045094605733,-2.30774400501304,64
"1272",-0.725765817840037,-2.96828135124344,64
"1273",-0.301080689622737,-3.18846046665358,64
"1274",0.123604438594561,-3.40863958206372,64
"1275",0.548289566811859,-3.40863958206372,64
"1276",0.972974695029158,-3.40863958206372,64
"1277",1.39765982324646,-3.40863958206372,64
"1278",1.82234495146375,-3.40863958206372,64
"1279",2.24703007968105,-3.40863958206372,64
"1280",2.67171520789835,-3.40863958206372,64
"1281",-5.39730222823032,0.994942726139001,65
"1282",-4.97261710001302,0.994942726139001,65
"1283",-4.54793197179572,0.774763610728865,65
"1284",-4.12324684357842,0.554584495318729,65
"1285",-3.69856171536113,0.554584495318729,65
"1286",-3.27387658714383,-0.105952850911678,65
"1287",-2.84919145892653,-1.20684842796236,65
"1288",-2.42450633070923,-1.86738577419276,65
"1289",-1.99982120249193,-2.30774400501304,65
"1290",-1.57513607427463,-2.74810223583331,65
"1291",-1.15045094605733,-3.40863958206372,65
"1292",-0.725765817840037,-3.40863958206372,65
"1293",-0.301080689622737,-3.40863958206372,65
"1294",0.123604438594561,-3.40863958206372,65
"1295",0.548289566811859,-3.40863958206372,65
"1296",0.972974695029158,-3.40863958206372,65
"1297",1.39765982324646,-3.40863958206372,65
"1298",1.82234495146375,-3.40863958206372,65
"1299",2.24703007968105,-3.40863958206372,65
"1300",2.67171520789835,-3.40863958206372,65
"1301",-5.39730222823032,0.994942726139001,66
"1302",-4.97261710001302,0.994942726139001,66
"1303",-4.54793197179572,0.994942726139001,66
"1304",-4.12324684357842,0.774763610728865,66
"1305",-3.69856171536113,0.554584495318729,66
"1306",-3.27387658714383,0.114226264498458,66
"1307",-2.84919145892653,-2.30774400501304,66
"1308",-2.42450633070923,-2.74810223583331,66
"1309",-1.99982120249193,-2.96828135124344,66
"1310",-1.57513607427463,-2.96828135124344,66
"1311",-1.15045094605733,-3.18846046665358,66
"1312",-0.725765817840037,-3.40863958206372,66
"1313",-0.301080689622737,-3.40863958206372,66
"1314",0.123604438594561,-3.40863958206372,66
"1315",0.548289566811859,-3.40863958206372,66
"1316",0.972974695029158,-3.40863958206372,66
"1317",1.39765982324646,-3.40863958206372,66
"1318",1.82234495146375,-3.40863958206372,66
"1319",2.24703007968105,-3.40863958206372,66
"1320",2.67171520789835,-3.40863958206372,66
"1321",-5.39730222823032,0.994942726139001,67
"1322",-4.97261710001302,0.994942726139001,67
"1323",-4.54793197179572,0.994942726139001,67
"1324",-4.12324684357842,0.994942726139001,67
"1325",-3.69856171536113,0.994942726139001,67
"1326",-3.27387658714383,0.114226264498458,67
"1327",-2.84919145892653,-0.105952850911678,67
"1328",-2.42450633070923,-0.54631108173195,67
"1329",-1.99982120249193,-0.54631108173195,67
"1330",-1.57513607427463,-0.766490197142085,67
"1331",-1.15045094605733,-0.986669312552221,67
"1332",-0.725765817840037,-1.64720665878263,67
"1333",-0.301080689622737,-2.30774400501304,67
"1334",0.123604438594561,-2.74810223583331,67
"1335",0.548289566811859,-2.96828135124344,67
"1336",0.972974695029158,-2.96828135124344,67
"1337",1.39765982324646,-2.96828135124344,67
"1338",1.82234495146375,-2.96828135124344,67
"1339",2.24703007968105,-2.96828135124344,67
"1340",2.67171520789835,-2.96828135124344,67
"1341",-5.39730222823032,0.994942726139001,68
"1342",-4.97261710001302,0.994942726139001,68
"1343",-4.54793197179572,0.994942726139001,68
"1344",-4.12324684357842,0.994942726139001,68
"1345",-3.69856171536113,0.994942726139001,68
"1346",-3.27387658714383,-0.766490197142085,68
"1347",-2.84919145892653,-3.18846046665358,68
"1348",-2.42450633070923,-3.18846046665358,68
"1349",-1.99982120249193,-3.18846046665358,68
"1350",-1.57513607427463,-3.18846046665358,68
"1351",-1.15045094605733,-3.18846046665358,68
"1352",-0.725765817840037,-3.40863958206372,68
"1353",-0.301080689622737,-3.40863958206372,68
"1354",0.123604438594561,-3.40863958206372,68
"1355",0.548289566811859,-3.40863958206372,68
"1356",0.972974695029158,-3.40863958206372,68
"1357",1.39765982324646,-3.40863958206372,68
"1358",1.82234495146375,-3.40863958206372,68
"1359",2.24703007968105,-3.40863958206372,68
"1360",2.67171520789835,-3.40863958206372,68
"1361",-5.39730222823032,0.994942726139001,69
"1362",-4.97261710001302,0.994942726139001,69
"1363",-4.54793197179572,0.994942726139001,69
"1364",-4.12324684357842,0.994942726139001,69
"1365",-3.69856171536113,0.774763610728865,69
"1366",-3.27387658714383,0.114226264498458,69
"1367",-2.84919145892653,-0.54631108173195,69
"1368",-2.42450633070923,-1.42702754337249,69
"1369",-1.99982120249193,-1.86738577419276,69
"1370",-1.57513607427463,-2.0875648896029,69
"1371",-1.15045094605733,-2.30774400501304,69
"1372",-0.725765817840037,-2.74810223583331,69
"1373",-0.301080689622737,-3.18846046665358,69
"1374",0.123604438594561,-3.40863958206372,69
"1375",0.548289566811859,-3.40863958206372,69
"1376",0.972974695029158,-3.40863958206372,69
"1377",1.39765982324646,-3.40863958206372,69
"1378",1.82234495146375,-3.40863958206372,69
"1379",2.24703007968105,-3.40863958206372,69
"1380",2.67171520789835,-3.40863958206372,69
"1381",-5.39730222823032,0.994942726139001,70
"1382",-4.97261710001302,0.994942726139001,70
"1383",-4.54793197179572,0.994942726139001,70
"1384",-4.12324684357842,0.994942726139001,70
"1385",-3.69856171536113,0.994942726139001,70
"1386",-3.27387658714383,-0.326131966321814,70
"1387",-2.84919145892653,-0.986669312552221,70
"1388",-2.42450633070923,-1.20684842796236,70
"1389",-1.99982120249193,-1.42702754337249,70
"1390",-1.57513607427463,-1.64720665878263,70
"1391",-1.15045094605733,-2.0875648896029,70
"1392",-0.725765817840037,-2.74810223583331,70
"1393",-0.301080689622737,-2.96828135124344,70
"1394",0.123604438594561,-3.18846046665358,70
"1395",0.548289566811859,-3.18846046665358,70
"1396",0.972974695029158,-3.18846046665358,70
"1397",1.39765982324646,-3.18846046665358,70
"1398",1.82234495146375,-3.18846046665358,70
"1399",2.24703007968105,-3.18846046665358,70
"1400",2.67171520789835,-3.18846046665358,70
"1401",-5.39730222823032,0.994942726139001,71
"1402",-4.97261710001302,0.994942726139001,71
"1403",-4.54793197179572,0.994942726139001,71
"1404",-4.12324684357842,0.994942726139001,71
"1405",-3.69856171536113,0.994942726139001,71
"1406",-3.27387658714383,-0.326131966321814,71
"1407",-2.84919145892653,-0.54631108173195,71
"1408",-2.42450633070923,-0.54631108173195,71
"1409",-1.99982120249193,-0.54631108173195,71
"1410",-1.57513607427463,-0.766490197142085,71
"1411",-1.15045094605733,-1.42702754337249,71
"1412",-0.725765817840037,-2.30774400501304,71
"1413",-0.301080689622737,-2.74810223583331,71
"1414",0.123604438594561,-2.96828135124344,71
"1415",0.548289566811859,-3.18846046665358,71
"1416",0.972974695029158,-3.18846046665358,71
"1417",1.39765982324646,-3.18846046665358,71
"1418",1.82234495146375,-3.18846046665358,71
"1419",2.24703007968105,-3.18846046665358,71
"1420",2.67171520789835,-3.18846046665358,71
"1421",-5.39730222823032,0.994942726139001,72
"1422",-4.97261710001302,0.994942726139001,72
"1423",-4.54793197179572,0.994942726139001,72
"1424",-4.12324684357842,0.994942726139001,72
"1425",-3.69856171536113,0.994942726139001,72
"1426",-3.27387658714383,-0.54631108173195,72
"1427",-2.84919145892653,-0.766490197142085,72
"1428",-2.42450633070923,-0.986669312552221,72
"1429",-1.99982120249193,-0.986669312552221,72
"1430",-1.57513607427463,-1.20684842796236,72
"1431",-1.15045094605733,-1.20684842796236,72
"1432",-0.725765817840037,-1.86738577419276,72
"1433",-0.301080689622737,-2.52792312042317,72
"1434",0.123604438594561,-2.96828135124344,72
"1435",0.548289566811859,-3.18846046665358,72
"1436",0.972974695029158,-3.18846046665358,72
"1437",1.39765982324646,-3.18846046665358,72
"1438",1.82234495146375,-3.18846046665358,72
"1439",2.24703007968105,-3.18846046665358,72
"1440",2.67171520789835,-3.18846046665358,72
"1441",-5.39730222823032,0.994942726139001,73
"1442",-4.97261710001302,0.994942726139001,73
"1443",-4.54793197179572,0.994942726139001,73
"1444",-4.12324684357842,0.994942726139001,73
"1445",-3.69856171536113,0.994942726139001,73
"1446",-3.27387658714383,-0.54631108173195,73
"1447",-2.84919145892653,-0.766490197142085,73
"1448",-2.42450633070923,-0.986669312552221,73
"1449",-1.99982120249193,-0.986669312552221,73
"1450",-1.57513607427463,-1.20684842796236,73
"1451",-1.15045094605733,-1.64720665878263,73
"1452",-0.725765817840037,-2.0875648896029,73
"1453",-0.301080689622737,-2.30774400501304,73
"1454",0.123604438594561,-2.74810223583331,73
"1455",0.548289566811859,-2.74810223583331,73
"1456",0.972974695029158,-2.96828135124344,73
"1457",1.39765982324646,-2.96828135124344,73
"1458",1.82234495146375,-2.96828135124344,73
"1459",2.24703007968105,-2.96828135124344,73
"1460",2.67171520789835,-2.96828135124344,73
"1461",-5.39730222823032,0.994942726139001,74
"1462",-4.97261710001302,0.994942726139001,74
"1463",-4.54793197179572,0.994942726139001,74
"1464",-4.12324684357842,0.994942726139001,74
"1465",-3.69856171536113,0.994942726139001,74
"1466",-3.27387658714383,-0.54631108173195,74
"1467",-2.84919145892653,-0.766490197142085,74
"1468",-2.42450633070923,-0.766490197142085,74
"1469",-1.99982120249193,-0.986669312552221,74
"1470",-1.57513607427463,-1.42702754337249,74
"1471",-1.15045094605733,-2.0875648896029,74
"1472",-0.725765817840037,-2.30774400501304,74
"1473",-0.301080689622737,-2.52792312042317,74
"1474",0.123604438594561,-2.74810223583331,74
"1475",0.548289566811859,-2.74810223583331,74
"1476",0.972974695029158,-2.74810223583331,74
"1477",1.39765982324646,-2.74810223583331,74
"1478",1.82234495146375,-2.74810223583331,74
"1479",2.24703007968105,-2.74810223583331,74
"1480",2.67171520789835,-2.74810223583331,74
"1481",-5.39730222823032,0.994942726139001,75
"1482",-4.97261710001302,0.994942726139001,75
"1483",-4.54793197179572,0.994942726139001,75
"1484",-4.12324684357842,0.994942726139001,75
"1485",-3.69856171536113,0.994942726139001,75
"1486",-3.27387658714383,-0.54631108173195,75
"1487",-2.84919145892653,-0.986669312552221,75
"1488",-2.42450633070923,-1.20684842796236,75
"1489",-1.99982120249193,-1.20684842796236,75
"1490",-1.57513607427463,-1.42702754337249,75
"1491",-1.15045094605733,-1.64720665878263,75
"1492",-0.725765817840037,-1.86738577419276,75
"1493",-0.301080689622737,-2.0875648896029,75
"1494",0.123604438594561,-2.0875648896029,75
"1495",0.548289566811859,-2.30774400501304,75
"1496",0.972974695029158,-2.52792312042317,75
"1497",1.39765982324646,-2.52792312042317,75
"1498",1.82234495146375,-2.52792312042317,75
"1499",2.24703007968105,-2.52792312042317,75
"1500",2.67171520789835,-2.52792312042317,75
"1501",-5.39730222823032,0.994942726139001,76
"1502",-4.97261710001302,0.994942726139001,76
"1503",-4.54793197179572,0.994942726139001,76
"1504",-4.12324684357842,0.994942726139001,76
"1505",-3.69856171536113,0.994942726139001,76
"1506",-3.27387658714383,-1.42702754337249,76
"1507",-2.84919145892653,-1.64720665878263,76
"1508",-2.42450633070923,-1.64720665878263,76
"1509",-1.99982120249193,-1.86738577419276,76
"1510",-1.57513607427463,-2.0875648896029,76
"1511",-1.15045094605733,-3.18846046665358,76
"1512",-0.725765817840037,-3.40863958206372,76
"1513",-0.301080689622737,-3.40863958206372,76
"1514",0.123604438594561,-3.40863958206372,76
"1515",0.548289566811859,-3.40863958206372,76
"1516",0.972974695029158,-3.40863958206372,76
"1517",1.39765982324646,-3.40863958206372,76
"1518",1.82234495146375,-3.40863958206372,76
"1519",2.24703007968105,-3.40863958206372,76
"1520",2.67171520789835,-3.40863958206372,76
"1521",-5.39730222823032,0.994942726139001,77
"1522",-4.97261710001302,0.994942726139001,77
"1523",-4.54793197179572,0.994942726139001,77
"1524",-4.12324684357842,0.994942726139001,77
"1525",-3.69856171536113,0.994942726139001,77
"1526",-3.27387658714383,0.114226264498458,77
"1527",-2.84919145892653,-0.326131966321814,77
"1528",-2.42450633070923,-0.54631108173195,77
"1529",-1.99982120249193,-0.766490197142085,77
"1530",-1.57513607427463,-0.986669312552221,77
"1531",-1.15045094605733,-1.42702754337249,77
"1532",-0.725765817840037,-2.0875648896029,77
"1533",-0.301080689622737,-2.74810223583331,77
"1534",0.123604438594561,-3.18846046665358,77
"1535",0.548289566811859,-3.40863958206372,77
"1536",0.972974695029158,-3.40863958206372,77
"1537",1.39765982324646,-3.40863958206372,77
"1538",1.82234495146375,-3.40863958206372,77
"1539",2.24703007968105,-3.40863958206372,77
"1540",2.67171520789835,-3.40863958206372,77
"1541",-5.39730222823032,0.994942726139001,78
"1542",-4.97261710001302,0.994942726139001,78
"1543",-4.54793197179572,0.994942726139001,78
"1544",-4.12324684357842,0.994942726139001,78
"1545",-3.69856171536113,0.994942726139001,78
"1546",-3.27387658714383,-2.0875648896029,78
"1547",-2.84919145892653,-2.52792312042317,78
"1548",-2.42450633070923,-2.52792312042317,78
"1549",-1.99982120249193,-2.74810223583331,78
"1550",-1.57513607427463,-2.74810223583331,78
"1551",-1.15045094605733,-2.74810223583331,78
"1552",-0.725765817840037,-2.74810223583331,78
"1553",-0.301080689622737,-2.74810223583331,78
"1554",0.123604438594561,-2.74810223583331,78
"1555",0.548289566811859,-2.74810223583331,78
"1556",0.972974695029158,-2.74810223583331,78
"1557",1.39765982324646,-2.74810223583331,78
"1558",1.82234495146375,-2.74810223583331,78
"1559",2.24703007968105,-2.74810223583331,78
"1560",2.67171520789835,-2.74810223583331,78
"1561",-5.39730222823032,0.994942726139001,79
"1562",-4.97261710001302,0.994942726139001,79
"1563",-4.54793197179572,0.994942726139001,79
"1564",-4.12324684357842,0.994942726139001,79
"1565",-3.69856171536113,0.994942726139001,79
"1566",-3.27387658714383,-0.105952850911678,79
"1567",-2.84919145892653,-0.766490197142085,79
"1568",-2.42450633070923,-1.20684842796236,79
"1569",-1.99982120249193,-1.64720665878263,79
"1570",-1.57513607427463,-2.30774400501304,79
"1571",-1.15045094605733,-2.96828135124344,79
"1572",-0.725765817840037,-3.40863958206372,79
"1573",-0.301080689622737,-3.40863958206372,79
"1574",0.123604438594561,-3.40863958206372,79
"1575",0.548289566811859,-3.40863958206372,79
"1576",0.972974695029158,-3.40863958206372,79
"1577",1.39765982324646,-3.40863958206372,79
"1578",1.82234495146375,-3.40863958206372,79
"1579",2.24703007968105,-3.40863958206372,79
"1580",2.67171520789835,-3.40863958206372,79
"1581",-5.39730222823032,0.994942726139001,80
"1582",-4.97261710001302,0.994942726139001,80
"1583",-4.54793197179572,0.994942726139001,80
"1584",-4.12324684357842,0.994942726139001,80
"1585",-3.69856171536113,0.994942726139001,80
"1586",-3.27387658714383,-0.766490197142085,80
"1587",-2.84919145892653,-1.20684842796236,80
"1588",-2.42450633070923,-1.42702754337249,80
"1589",-1.99982120249193,-1.42702754337249,80
"1590",-1.57513607427463,-1.64720665878263,80
"1591",-1.15045094605733,-1.86738577419276,80
"1592",-0.725765817840037,-2.30774400501304,80
"1593",-0.301080689622737,-2.52792312042317,80
"1594",0.123604438594561,-2.96828135124344,80
"1595",0.548289566811859,-2.96828135124344,80
"1596",0.972974695029158,-2.96828135124344,80
"1597",1.39765982324646,-2.96828135124344,80
"1598",1.82234495146375,-2.96828135124344,80
"1599",2.24703007968105,-2.96828135124344,80
"1600",2.67171520789835,-2.96828135124344,80
"1601",-5.39730222823032,0.994942726139001,81
"1602",-4.97261710001302,0.994942726139001,81
"1603",-4.54793197179572,0.994942726139001,81
"1604",-4.12324684357842,0.994942726139001,81
"1605",-3.69856171536113,0.994942726139001,81
"1606",-3.27387658714383,-0.105952850911678,81
"1607",-2.84919145892653,-0.766490197142085,81
"1608",-2.42450633070923,-1.42702754337249,81
"1609",-1.99982120249193,-1.86738577419276,81
"1610",-1.57513607427463,-2.52792312042317,81
"1611",-1.15045094605733,-3.18846046665358,81
"1612",-0.725765817840037,-3.40863958206372,81
"1613",-0.301080689622737,-3.40863958206372,81
"1614",0.123604438594561,-3.40863958206372,81
"1615",0.548289566811859,-3.40863958206372,81
"1616",0.972974695029158,-3.40863958206372,81
"1617",1.39765982324646,-3.40863958206372,81
"1618",1.82234495146375,-3.40863958206372,81
"1619",2.24703007968105,-3.40863958206372,81
"1620",2.67171520789835,-3.40863958206372,81
"1621",-5.39730222823032,0.994942726139001,82
"1622",-4.97261710001302,0.994942726139001,82
"1623",-4.54793197179572,0.994942726139001,82
"1624",-4.12324684357842,0.994942726139001,82
"1625",-3.69856171536113,0.994942726139001,82
"1626",-3.27387658714383,-0.105952850911678,82
"1627",-2.84919145892653,-1.42702754337249,82
"1628",-2.42450633070923,-2.52792312042317,82
"1629",-1.99982120249193,-3.40863958206372,82
"1630",-1.57513607427463,-3.40863958206372,82
"1631",-1.15045094605733,-3.40863958206372,82
"1632",-0.725765817840037,-3.40863958206372,82
"1633",-0.301080689622737,-3.40863958206372,82
"1634",0.123604438594561,-3.40863958206372,82
"1635",0.548289566811859,-3.40863958206372,82
"1636",0.972974695029158,-3.40863958206372,82
"1637",1.39765982324646,-3.40863958206372,82
"1638",1.82234495146375,-3.40863958206372,82
"1639",2.24703007968105,-3.40863958206372,82
"1640",2.67171520789835,-3.40863958206372,82
"1641",-5.39730222823032,0.994942726139001,83
"1642",-4.97261710001302,0.994942726139001,83
"1643",-4.54793197179572,0.994942726139001,83
"1644",-4.12324684357842,0.994942726139001,83
"1645",-3.69856171536113,0.994942726139001,83
"1646",-3.27387658714383,-0.105952850911678,83
"1647",-2.84919145892653,-0.54631108173195,83
"1648",-2.42450633070923,-0.766490197142085,83
"1649",-1.99982120249193,-0.986669312552221,83
"1650",-1.57513607427463,-1.20684842796236,83
"1651",-1.15045094605733,-1.42702754337249,83
"1652",-0.725765817840037,-2.0875648896029,83
"1653",-0.301080689622737,-2.74810223583331,83
"1654",0.123604438594561,-2.96828135124344,83
"1655",0.548289566811859,-3.18846046665358,83
"1656",0.972974695029158,-3.18846046665358,83
"1657",1.39765982324646,-3.18846046665358,83
"1658",1.82234495146375,-3.18846046665358,83
"1659",2.24703007968105,-3.18846046665358,83
"1660",2.67171520789835,-3.18846046665358,83
"1661",-5.39730222823032,0.994942726139001,84
"1662",-4.97261710001302,0.994942726139001,84
"1663",-4.54793197179572,0.994942726139001,84
"1664",-4.12324684357842,0.994942726139001,84
"1665",-3.69856171536113,0.994942726139001,84
"1666",-3.27387658714383,0.114226264498458,84
"1667",-2.84919145892653,-0.326131966321814,84
"1668",-2.42450633070923,-0.766490197142085,84
"1669",-1.99982120249193,-0.986669312552221,84
"1670",-1.57513607427463,-1.42702754337249,84
"1671",-1.15045094605733,-2.52792312042317,84
"1672",-0.725765817840037,-3.40863958206372,84
"1673",-0.301080689622737,-3.40863958206372,84
"1674",0.123604438594561,-3.40863958206372,84
"1675",0.548289566811859,-3.40863958206372,84
"1676",0.972974695029158,-3.40863958206372,84
"1677",1.39765982324646,-3.40863958206372,84
"1678",1.82234495146375,-3.40863958206372,84
"1679",2.24703007968105,-3.40863958206372,84
"1680",2.67171520789835,-3.40863958206372,84
"1681",-5.39730222823032,0.994942726139001,85
"1682",-4.97261710001302,0.994942726139001,85
"1683",-4.54793197179572,0.994942726139001,85
"1684",-4.12324684357842,0.994942726139001,85
"1685",-3.69856171536113,0.994942726139001,85
"1686",-3.27387658714383,-0.326131966321814,85
"1687",-2.84919145892653,-1.20684842796236,85
"1688",-2.42450633070923,-1.42702754337249,85
"1689",-1.99982120249193,-1.64720665878263,85
"1690",-1.57513607427463,-1.86738577419276,85
"1691",-1.15045094605733,-2.30774400501304,85
"1692",-0.725765817840037,-2.74810223583331,85
"1693",-0.301080689622737,-2.96828135124344,85
"1694",0.123604438594561,-3.18846046665358,85
"1695",0.548289566811859,-3.18846046665358,85
"1696",0.972974695029158,-3.40863958206372,85
"1697",1.39765982324646,-3.40863958206372,85
"1698",1.82234495146375,-3.40863958206372,85
"1699",2.24703007968105,-3.40863958206372,85
"1700",2.67171520789835,-3.40863958206372,85
"1701",-5.39730222823032,0.994942726139001,86
"1702",-4.97261710001302,0.994942726139001,86
"1703",-4.54793197179572,0.994942726139001,86
"1704",-4.12324684357842,0.994942726139001,86
"1705",-3.69856171536113,0.994942726139001,86
"1706",-3.27387658714383,-0.105952850911678,86
"1707",-2.84919145892653,-1.42702754337249,86
"1708",-2.42450633070923,-1.86738577419276,86
"1709",-1.99982120249193,-2.0875648896029,86
"1710",-1.57513607427463,-2.0875648896029,86
"1711",-1.15045094605733,-2.30774400501304,86
"1712",-0.725765817840037,-2.30774400501304,86
"1713",-0.301080689622737,-2.52792312042317,86
"1714",0.123604438594561,-2.52792312042317,86
"1715",0.548289566811859,-2.74810223583331,86
"1716",0.972974695029158,-2.74810223583331,86
"1717",1.39765982324646,-2.74810223583331,86
"1718",1.82234495146375,-2.74810223583331,86
"1719",2.24703007968105,-2.74810223583331,86
"1720",2.67171520789835,-2.74810223583331,86
"1721",-5.39730222823032,0.994942726139001,87
"1722",-4.97261710001302,0.994942726139001,87
"1723",-4.54793197179572,0.994942726139001,87
"1724",-4.12324684357842,0.994942726139001,87
"1725",-3.69856171536113,0.994942726139001,87
"1726",-3.27387658714383,-0.986669312552221,87
"1727",-2.84919145892653,-1.20684842796236,87
"1728",-2.42450633070923,-1.42702754337249,87
"1729",-1.99982120249193,-1.42702754337249,87
"1730",-1.57513607427463,-1.64720665878263,87
"1731",-1.15045094605733,-1.64720665878263,87
"1732",-0.725765817840037,-2.0875648896029,87
"1733",-0.301080689622737,-2.30774400501304,87
"1734",0.123604438594561,-2.74810223583331,87
"1735",0.548289566811859,-2.74810223583331,87
"1736",0.972974695029158,-2.74810223583331,87
"1737",1.39765982324646,-2.74810223583331,87
"1738",1.82234495146375,-2.74810223583331,87
"1739",2.24703007968105,-2.74810223583331,87
"1740",2.67171520789835,-2.74810223583331,87
"1741",-5.39730222823032,0.994942726139001,88
"1742",-4.97261710001302,0.994942726139001,88
"1743",-4.54793197179572,0.994942726139001,88
"1744",-4.12324684357842,0.994942726139001,88
"1745",-3.69856171536113,0.994942726139001,88
"1746",-3.27387658714383,-0.986669312552221,88
"1747",-2.84919145892653,-1.42702754337249,88
"1748",-2.42450633070923,-1.64720665878263,88
"1749",-1.99982120249193,-1.86738577419276,88
"1750",-1.57513607427463,-1.86738577419276,88
"1751",-1.15045094605733,-2.0875648896029,88
"1752",-0.725765817840037,-2.52792312042317,88
"1753",-0.301080689622737,-2.96828135124344,88
"1754",0.123604438594561,-2.96828135124344,88
"1755",0.548289566811859,-3.18846046665358,88
"1756",0.972974695029158,-3.18846046665358,88
"1757",1.39765982324646,-3.18846046665358,88
"1758",1.82234495146375,-3.18846046665358,88
"1759",2.24703007968105,-3.18846046665358,88
"1760",2.67171520789835,-3.18846046665358,88
"1761",-5.39730222823032,0.994942726139001,89
"1762",-4.97261710001302,0.994942726139001,89
"1763",-4.54793197179572,0.994942726139001,89
"1764",-4.12324684357842,0.994942726139001,89
"1765",-3.69856171536113,0.994942726139001,89
"1766",-3.27387658714383,-0.326131966321814,89
"1767",-2.84919145892653,-0.986669312552221,89
"1768",-2.42450633070923,-1.20684842796236,89
"1769",-1.99982120249193,-1.42702754337249,89
"1770",-1.57513607427463,-1.86738577419276,89
"1771",-1.15045094605733,-2.74810223583331,89
"1772",-0.725765817840037,-3.40863958206372,89
"1773",-0.301080689622737,-3.40863958206372,89
"1774",0.123604438594561,-3.40863958206372,89
"1775",0.548289566811859,-3.40863958206372,89
"1776",0.972974695029158,-3.40863958206372,89
"1777",1.39765982324646,-3.40863958206372,89
"1778",1.82234495146375,-3.40863958206372,89
"1779",2.24703007968105,-3.40863958206372,89
"1780",2.67171520789835,-3.40863958206372,89
"1781",-5.39730222823032,0.994942726139001,90
"1782",-4.97261710001302,0.994942726139001,90
"1783",-4.54793197179572,0.994942726139001,90
"1784",-4.12324684357842,0.994942726139001,90
"1785",-3.69856171536113,0.994942726139001,90
"1786",-3.27387658714383,-1.42702754337249,90
"1787",-2.84919145892653,-1.86738577419276,90
"1788",-2.42450633070923,-2.0875648896029,90
"1789",-1.99982120249193,-2.0875648896029,90
"1790",-1.57513607427463,-2.30774400501304,90
"1791",-1.15045094605733,-2.30774400501304,90
"1792",-0.725765817840037,-2.74810223583331,90
"1793",-0.301080689622737,-2.96828135124344,90
"1794",0.123604438594561,-3.18846046665358,90
"1795",0.548289566811859,-3.40863958206372,90
"1796",0.972974695029158,-3.40863958206372,90
"1797",1.39765982324646,-3.40863958206372,90
"1798",1.82234495146375,-3.40863958206372,90
"1799",2.24703007968105,-3.40863958206372,90
"1800",2.67171520789835,-3.40863958206372,90
"1801",-5.39730222823032,0.994942726139001,91
"1802",-4.97261710001302,0.994942726139001,91
"1803",-4.54793197179572,0.994942726139001,91
"1804",-4.12324684357842,0.994942726139001,91
"1805",-3.69856171536113,0.994942726139001,91
"1806",-3.27387658714383,-0.766490197142085,91
"1807",-2.84919145892653,-2.0875648896029,91
"1808",-2.42450633070923,-2.30774400501304,91
"1809",-1.99982120249193,-2.74810223583331,91
"1810",-1.57513607427463,-2.96828135124344,91
"1811",-1.15045094605733,-3.40863958206372,91
"1812",-0.725765817840037,-3.40863958206372,91
"1813",-0.301080689622737,-3.40863958206372,91
"1814",0.123604438594561,-3.40863958206372,91
"1815",0.548289566811859,-3.40863958206372,91
"1816",0.972974695029158,-3.40863958206372,91
"1817",1.39765982324646,-3.40863958206372,91
"1818",1.82234495146375,-3.40863958206372,91
"1819",2.24703007968105,-3.40863958206372,91
"1820",2.67171520789835,-3.40863958206372,91
"1821",-5.39730222823032,0.994942726139001,92
"1822",-4.97261710001302,0.994942726139001,92
"1823",-4.54793197179572,0.994942726139001,92
"1824",-4.12324684357842,0.994942726139001,92
"1825",-3.69856171536113,0.994942726139001,92
"1826",-3.27387658714383,-0.326131966321814,92
"1827",-2.84919145892653,-0.766490197142085,92
"1828",-2.42450633070923,-0.986669312552221,92
"1829",-1.99982120249193,-0.986669312552221,92
"1830",-1.57513607427463,-0.986669312552221,92
"1831",-1.15045094605733,-1.42702754337249,92
"1832",-0.725765817840037,-2.0875648896029,92
"1833",-0.301080689622737,-2.30774400501304,92
"1834",0.123604438594561,-2.52792312042317,92
"1835",0.548289566811859,-2.52792312042317,92
"1836",0.972974695029158,-2.52792312042317,92
"1837",1.39765982324646,-2.52792312042317,92
"1838",1.82234495146375,-2.52792312042317,92
"1839",2.24703007968105,-2.52792312042317,92
"1840",2.67171520789835,-2.52792312042317,92
"1841",-5.39730222823032,0.994942726139001,93
"1842",-4.97261710001302,0.994942726139001,93
"1843",-4.54793197179572,0.994942726139001,93
"1844",-4.12324684357842,0.994942726139001,93
"1845",-3.69856171536113,0.994942726139001,93
"1846",-3.27387658714383,0.114226264498458,93
"1847",-2.84919145892653,-1.20684842796236,93
"1848",-2.42450633070923,-1.64720665878263,93
"1849",-1.99982120249193,-1.86738577419276,93
"1850",-1.57513607427463,-2.0875648896029,93
"1851",-1.15045094605733,-2.30774400501304,93
"1852",-0.725765817840037,-2.74810223583331,93
"1853",-0.301080689622737,-2.96828135124344,93
"1854",0.123604438594561,-3.18846046665358,93
"1855",0.548289566811859,-3.18846046665358,93
"1856",0.972974695029158,-3.18846046665358,93
"1857",1.39765982324646,-3.18846046665358,93
"1858",1.82234495146375,-3.18846046665358,93
"1859",2.24703007968105,-3.40863958206372,93
"1860",2.67171520789835,-3.40863958206372,93
"1861",-5.39730222823032,0.994942726139001,94
"1862",-4.97261710001302,0.994942726139001,94
"1863",-4.54793197179572,0.994942726139001,94
"1864",-4.12324684357842,0.994942726139001,94
"1865",-3.69856171536113,0.994942726139001,94
"1866",-3.27387658714383,-0.326131966321814,94
"1867",-2.84919145892653,-1.20684842796236,94
"1868",-2.42450633070923,-1.64720665878263,94
"1869",-1.99982120249193,-2.52792312042317,94
"1870",-1.57513607427463,-3.18846046665358,94
"1871",-1.15045094605733,-3.40863958206372,94
"1872",-0.725765817840037,-3.40863958206372,94
"1873",-0.301080689622737,-3.40863958206372,94
"1874",0.123604438594561,-3.40863958206372,94
"1875",0.548289566811859,-3.40863958206372,94
"1876",0.972974695029158,-3.40863958206372,94
"1877",1.39765982324646,-3.40863958206372,94
"1878",1.82234495146375,-3.40863958206372,94
"1879",2.24703007968105,-3.40863958206372,94
"1880",2.67171520789835,-3.40863958206372,94
"1881",-5.39730222823032,0.994942726139001,95
"1882",-4.97261710001302,0.994942726139001,95
"1883",-4.54793197179572,0.994942726139001,95
"1884",-4.12324684357842,0.994942726139001,95
"1885",-3.69856171536113,0.994942726139001,95
"1886",-3.27387658714383,0.114226264498458,95
"1887",-2.84919145892653,-0.326131966321814,95
"1888",-2.42450633070923,-0.54631108173195,95
"1889",-1.99982120249193,-0.54631108173195,95
"1890",-1.57513607427463,-0.766490197142085,95
"1891",-1.15045094605733,-1.20684842796236,95
"1892",-0.725765817840037,-1.64720665878263,95
"1893",-0.301080689622737,-2.30774400501304,95
"1894",0.123604438594561,-2.52792312042317,95
"1895",0.548289566811859,-2.52792312042317,95
"1896",0.972974695029158,-2.52792312042317,95
"1897",1.39765982324646,-2.52792312042317,95
"1898",1.82234495146375,-2.74810223583331,95
"1899",2.24703007968105,-2.74810223583331,95
"1900",2.67171520789835,-2.74810223583331,95
"1901",-5.39730222823032,0.994942726139001,96
"1902",-4.97261710001302,0.994942726139001,96
"1903",-4.54793197179572,0.994942726139001,96
"1904",-4.12324684357842,0.994942726139001,96
"1905",-3.69856171536113,0.994942726139001,96
"1906",-3.27387658714383,-0.986669312552221,96
"1907",-2.84919145892653,-1.42702754337249,96
"1908",-2.42450633070923,-1.42702754337249,96
"1909",-1.99982120249193,-1.42702754337249,96
"1910",-1.57513607427463,-1.64720665878263,96
"1911",-1.15045094605733,-1.64720665878263,96
"1912",-0.725765817840037,-2.30774400501304,96
"1913",-0.301080689622737,-2.96828135124344,96
"1914",0.123604438594561,-3.40863958206372,96
"1915",0.548289566811859,-3.40863958206372,96
"1916",0.972974695029158,-3.40863958206372,96
"1917",1.39765982324646,-3.40863958206372,96
"1918",1.82234495146375,-3.40863958206372,96
"1919",2.24703007968105,-3.40863958206372,96
"1920",2.67171520789835,-3.40863958206372,96
"1921",-5.39730222823032,0.994942726139001,97
"1922",-4.97261710001302,0.994942726139001,97
"1923",-4.54793197179572,0.994942726139001,97
"1924",-4.12324684357842,0.994942726139001,97
"1925",-3.69856171536113,0.994942726139001,97
"1926",-3.27387658714383,-1.64720665878263,97
"1927",-2.84919145892653,-2.0875648896029,97
"1928",-2.42450633070923,-2.30774400501304,97
"1929",-1.99982120249193,-2.30774400501304,97
"1930",-1.57513607427463,-2.30774400501304,97
"1931",-1.15045094605733,-2.30774400501304,97
"1932",-0.725765817840037,-2.30774400501304,97
"1933",-0.301080689622737,-2.52792312042317,97
"1934",0.123604438594561,-2.74810223583331,97
"1935",0.548289566811859,-2.96828135124344,97
"1936",0.972974695029158,-2.96828135124344,97
"1937",1.39765982324646,-2.96828135124344,97
"1938",1.82234495146375,-2.96828135124344,97
"1939",2.24703007968105,-2.96828135124344,97
"1940",2.67171520789835,-2.96828135124344,97
"1941",-5.39730222823032,0.994942726139001,98
"1942",-4.97261710001302,0.994942726139001,98
"1943",-4.54793197179572,0.994942726139001,98
"1944",-4.12324684357842,0.994942726139001,98
"1945",-3.69856171536113,0.994942726139001,98
"1946",-3.27387658714383,-3.40863958206372,98
"1947",-2.84919145892653,-3.40863958206372,98
"1948",-2.42450633070923,-3.40863958206372,98
"1949",-1.99982120249193,-3.40863958206372,98
"1950",-1.57513607427463,-3.40863958206372,98
"1951",-1.15045094605733,-3.40863958206372,98
"1952",-0.725765817840037,-3.40863958206372,98
"1953",-0.301080689622737,-3.40863958206372,98
"1954",0.123604438594561,-3.40863958206372,98
"1955",0.548289566811859,-3.40863958206372,98
"1956",0.972974695029158,-3.40863958206372,98
"1957",1.39765982324646,-3.40863958206372,98
"1958",1.82234495146375,-3.40863958206372,98
"1959",2.24703007968105,-3.40863958206372,98
"1960",2.67171520789835,-3.40863958206372,98
"1961",-5.39730222823032,0.994942726139001,99
"1962",-4.97261710001302,0.994942726139001,99
"1963",-4.54793197179572,0.994942726139001,99
"1964",-4.12324684357842,0.994942726139001,99
"1965",-3.69856171536113,0.994942726139001,99
"1966",-3.27387658714383,0.114226264498458,99
"1967",-2.84919145892653,-0.326131966321814,99
"1968",-2.42450633070923,-0.54631108173195,99
"1969",-1.99982120249193,-0.766490197142085,99
"1970",-1.57513607427463,-0.986669312552221,99
"1971",-1.15045094605733,-1.42702754337249,99
"1972",-0.725765817840037,-1.64720665878263,99
"1973",-0.301080689622737,-2.0875648896029,99
"1974",0.123604438594561,-2.74810223583331,99
"1975",0.548289566811859,-2.96828135124344,99
"1976",0.972974695029158,-3.18846046665358,99
"1977",1.39765982324646,-3.18846046665358,99
"1978",1.82234495146375,-3.18846046665358,99
"1979",2.24703007968105,-3.18846046665358,99
"1980",2.67171520789835,-3.18846046665358,99
"1981",-5.39730222823032,0.994942726139001,100
"1982",-4.97261710001302,0.994942726139001,100
"1983",-4.54793197179572,0.994942726139001,100
"1984",-4.12324684357842,0.994942726139001,100
"1985",-3.69856171536113,0.994942726139001,100
"1986",-3.27387658714383,0.114226264498458,100
"1987",-2.84919145892653,-0.326131966321814,100
"1988",-2.42450633070923,-0.986669312552221,100
"1989",-1.99982120249193,-1.86738577419276,100
"1990",-1.57513607427463,-2.74810223583331,100
"1991",-1.15045094605733,-2.96828135124344,100
"1992",-0.725765817840037,-3.18846046665358,100
"1993",-0.301080689622737,-3.40863958206372,100
"1994",0.123604438594561,-3.40863958206372,100
"1995",0.548289566811859,-3.40863958206372,100
"1996",0.972974695029158,-3.40863958206372,100
"1997",1.39765982324646,-3.40863958206372,100
"1998",1.82234495146375,-3.40863958206372,100
"1999",2.24703007968105,-3.40863958206372,100
"2000",2.67171520789835,-3.40863958206372,100
