"","x","y","sample"
"1",-4.28358197780073,0.163091412658318,1
"2",-3.93270730351663,0.163091412658318,1
"3",-3.58183262923253,0.163091412658318,1
"4",-3.23095795494844,0.163091412658318,1
"5",-2.88008328066434,0.163091412658318,1
"6",-2.52920860638024,0.163091412658318,1
"7",-2.17833393209614,-0.961860661772141,1
"8",-1.82745925781204,-1.71182871139245,1
"9",-1.47658458352794,-2.0868127362026,1
"10",-1.12570990924384,-2.46179676101275,1
"11",-0.774835234959744,-2.64928877341783,1
"12",-0.423960560675646,-2.64928877341783,1
"13",-0.0730858863915476,-2.83678078582291,1
"14",0.277788787892551,-2.83678078582291,1
"15",0.62866346217665,-2.83678078582291,1
"16",0.979538136460749,-2.83678078582291,1
"17",1.33041281074485,-2.83678078582291,1
"18",1.68128748502895,-2.83678078582291,1
"19",2.03216215931305,-2.83678078582291,1
"20",2.38303683359714,-2.83678078582291,1
"21",-4.28358197780073,0.163091412658318,2
"22",-3.93270730351663,0.163091412658318,2
"23",-3.58183262923253,0.163091412658318,2
"24",-3.23095795494844,0.163091412658318,2
"25",-2.88008328066434,0.163091412658318,2
"26",-2.52920860638024,0.163091412658318,2
"27",-2.17833393209614,-0.774368649367064,2
"28",-1.82745925781204,-1.33684468658229,2
"29",-1.47658458352794,-1.71182871139245,2
"30",-1.12570990924384,-1.89932072379752,2
"31",-0.774835234959744,-2.0868127362026,2
"32",-0.423960560675646,-2.27430474860768,2
"33",-0.0730858863915476,-2.46179676101275,2
"34",0.277788787892551,-2.46179676101275,2
"35",0.62866346217665,-2.46179676101275,2
"36",0.979538136460749,-2.64928877341783,2
"37",1.33041281074485,-2.64928877341783,2
"38",1.68128748502895,-2.64928877341783,2
"39",2.03216215931305,-2.64928877341783,2
"40",2.38303683359714,-2.64928877341783,2
"41",-4.28358197780073,0.163091412658318,3
"42",-3.93270730351663,0.163091412658318,3
"43",-3.58183262923253,-0.0244005997467585,3
"44",-3.23095795494844,-0.211892612151835,3
"45",-2.88008328066434,-0.211892612151835,3
"46",-2.52920860638024,-0.399384624556911,3
"47",-2.17833393209614,-0.586876636961988,3
"48",-1.82745925781204,-0.961860661772141,3
"49",-1.47658458352794,-1.71182871139245,3
"50",-1.12570990924384,-2.0868127362026,3
"51",-0.774835234959744,-2.46179676101275,3
"52",-0.423960560675646,-2.64928877341783,3
"53",-0.0730858863915476,-2.83678078582291,3
"54",0.277788787892551,-3.02427279822798,3
"55",0.62866346217665,-3.02427279822798,3
"56",0.979538136460749,-3.02427279822798,3
"57",1.33041281074485,-3.02427279822798,3
"58",1.68128748502895,-3.02427279822798,3
"59",2.03216215931305,-3.02427279822798,3
"60",2.38303683359714,-3.02427279822798,3
"61",-4.28358197780073,0.163091412658318,4
"62",-3.93270730351663,0.163091412658318,4
"63",-3.58183262923253,0.163091412658318,4
"64",-3.23095795494844,0.163091412658318,4
"65",-2.88008328066434,0.163091412658318,4
"66",-2.52920860638024,0.163091412658318,4
"67",-2.17833393209614,-0.774368649367064,4
"68",-1.82745925781204,-1.33684468658229,4
"69",-1.47658458352794,-1.89932072379752,4
"70",-1.12570990924384,-2.46179676101275,4
"71",-0.774835234959744,-3.02427279822798,4
"72",-0.423960560675646,-3.21176481063306,4
"73",-0.0730858863915476,-3.39925682303813,4
"74",0.277788787892551,-3.58674883544321,4
"75",0.62866346217665,-3.58674883544321,4
"76",0.979538136460749,-3.58674883544321,4
"77",1.33041281074485,-3.58674883544321,4
"78",1.68128748502895,-3.58674883544321,4
"79",2.03216215931305,-3.58674883544321,4
"80",2.38303683359714,-3.58674883544321,4
"81",-4.28358197780073,0.163091412658318,5
"82",-3.93270730351663,0.163091412658318,5
"83",-3.58183262923253,0.163091412658318,5
"84",-3.23095795494844,0.163091412658318,5
"85",-2.88008328066434,0.163091412658318,5
"86",-2.52920860638024,0.163091412658318,5
"87",-2.17833393209614,-0.961860661772141,5
"88",-1.82745925781204,-1.71182871139245,5
"89",-1.47658458352794,-2.27430474860768,5
"90",-1.12570990924384,-2.46179676101275,5
"91",-0.774835234959744,-2.46179676101275,5
"92",-0.423960560675646,-2.64928877341783,5
"93",-0.0730858863915476,-2.64928877341783,5
"94",0.277788787892551,-2.64928877341783,5
"95",0.62866346217665,-2.64928877341783,5
"96",0.979538136460749,-2.64928877341783,5
"97",1.33041281074485,-2.64928877341783,5
"98",1.68128748502895,-2.64928877341783,5
"99",2.03216215931305,-2.64928877341783,5
"100",2.38303683359714,-2.64928877341783,5
"101",-4.28358197780073,0.163091412658318,6
"102",-3.93270730351663,0.163091412658318,6
"103",-3.58183262923253,0.163091412658318,6
"104",-3.23095795494844,0.163091412658318,6
"105",-2.88008328066434,-0.399384624556911,6
"106",-2.52920860638024,-0.399384624556911,6
"107",-2.17833393209614,-0.586876636961988,6
"108",-1.82745925781204,-1.14935267417722,6
"109",-1.47658458352794,-1.71182871139245,6
"110",-1.12570990924384,-1.89932072379752,6
"111",-0.774835234959744,-2.27430474860768,6
"112",-0.423960560675646,-2.27430474860768,6
"113",-0.0730858863915476,-2.46179676101275,6
"114",0.277788787892551,-2.46179676101275,6
"115",0.62866346217665,-2.64928877341783,6
"116",0.979538136460749,-2.64928877341783,6
"117",1.33041281074485,-2.64928877341783,6
"118",1.68128748502895,-2.64928877341783,6
"119",2.03216215931305,-2.64928877341783,6
"120",2.38303683359714,-2.64928877341783,6
"121",-4.28358197780073,0.163091412658318,7
"122",-3.93270730351663,0.163091412658318,7
"123",-3.58183262923253,0.163091412658318,7
"124",-3.23095795494844,0.163091412658318,7
"125",-2.88008328066434,0.163091412658318,7
"126",-2.52920860638024,0.163091412658318,7
"127",-2.17833393209614,-0.774368649367064,7
"128",-1.82745925781204,-1.33684468658229,7
"129",-1.47658458352794,-1.52433669898737,7
"130",-1.12570990924384,-1.89932072379752,7
"131",-0.774835234959744,-2.0868127362026,7
"132",-0.423960560675646,-2.27430474860768,7
"133",-0.0730858863915476,-2.27430474860768,7
"134",0.277788787892551,-2.46179676101275,7
"135",0.62866346217665,-2.46179676101275,7
"136",0.979538136460749,-2.64928877341783,7
"137",1.33041281074485,-2.64928877341783,7
"138",1.68128748502895,-2.64928877341783,7
"139",2.03216215931305,-2.64928877341783,7
"140",2.38303683359714,-2.64928877341783,7
"141",-4.28358197780073,0.163091412658318,8
"142",-3.93270730351663,0.163091412658318,8
"143",-3.58183262923253,0.163091412658318,8
"144",-3.23095795494844,0.163091412658318,8
"145",-2.88008328066434,0.163091412658318,8
"146",-2.52920860638024,-0.0244005997467585,8
"147",-2.17833393209614,-0.774368649367064,8
"148",-1.82745925781204,-1.52433669898737,8
"149",-1.47658458352794,-2.0868127362026,8
"150",-1.12570990924384,-2.46179676101275,8
"151",-0.774835234959744,-2.83678078582291,8
"152",-0.423960560675646,-3.02427279822798,8
"153",-0.0730858863915476,-3.21176481063306,8
"154",0.277788787892551,-3.21176481063306,8
"155",0.62866346217665,-3.21176481063306,8
"156",0.979538136460749,-3.21176481063306,8
"157",1.33041281074485,-3.21176481063306,8
"158",1.68128748502895,-3.21176481063306,8
"159",2.03216215931305,-3.21176481063306,8
"160",2.38303683359714,-3.21176481063306,8
"161",-4.28358197780073,0.163091412658318,9
"162",-3.93270730351663,0.163091412658318,9
"163",-3.58183262923253,-0.0244005997467585,9
"164",-3.23095795494844,-0.211892612151835,9
"165",-2.88008328066434,-0.211892612151835,9
"166",-2.52920860638024,-0.399384624556911,9
"167",-2.17833393209614,-0.774368649367064,9
"168",-1.82745925781204,-1.33684468658229,9
"169",-1.47658458352794,-1.71182871139245,9
"170",-1.12570990924384,-2.46179676101275,9
"171",-0.774835234959744,-2.83678078582291,9
"172",-0.423960560675646,-3.02427279822798,9
"173",-0.0730858863915476,-3.02427279822798,9
"174",0.277788787892551,-3.02427279822798,9
"175",0.62866346217665,-3.21176481063306,9
"176",0.979538136460749,-3.21176481063306,9
"177",1.33041281074485,-3.21176481063306,9
"178",1.68128748502895,-3.21176481063306,9
"179",2.03216215931305,-3.21176481063306,9
"180",2.38303683359714,-3.21176481063306,9
"181",-4.28358197780073,0.163091412658318,10
"182",-3.93270730351663,0.163091412658318,10
"183",-3.58183262923253,0.163091412658318,10
"184",-3.23095795494844,0.163091412658318,10
"185",-2.88008328066434,0.163091412658318,10
"186",-2.52920860638024,0.163091412658318,10
"187",-2.17833393209614,-1.14935267417722,10
"188",-1.82745925781204,-1.52433669898737,10
"189",-1.47658458352794,-2.0868127362026,10
"190",-1.12570990924384,-2.83678078582291,10
"191",-0.774835234959744,-3.21176481063306,10
"192",-0.423960560675646,-3.39925682303813,10
"193",-0.0730858863915476,-3.58674883544321,10
"194",0.277788787892551,-3.58674883544321,10
"195",0.62866346217665,-3.58674883544321,10
"196",0.979538136460749,-3.58674883544321,10
"197",1.33041281074485,-3.58674883544321,10
"198",1.68128748502895,-3.58674883544321,10
"199",2.03216215931305,-3.58674883544321,10
"200",2.38303683359714,-3.58674883544321,10
"201",-4.28358197780073,0.163091412658318,11
"202",-3.93270730351663,0.163091412658318,11
"203",-3.58183262923253,0.163091412658318,11
"204",-3.23095795494844,0.163091412658318,11
"205",-2.88008328066434,0.163091412658318,11
"206",-2.52920860638024,0.163091412658318,11
"207",-2.17833393209614,-0.961860661772141,11
"208",-1.82745925781204,-1.89932072379752,11
"209",-1.47658458352794,-2.46179676101275,11
"210",-1.12570990924384,-2.64928877341783,11
"211",-0.774835234959744,-3.02427279822798,11
"212",-0.423960560675646,-3.02427279822798,11
"213",-0.0730858863915476,-3.21176481063306,11
"214",0.277788787892551,-3.21176481063306,11
"215",0.62866346217665,-3.21176481063306,11
"216",0.979538136460749,-3.21176481063306,11
"217",1.33041281074485,-3.21176481063306,11
"218",1.68128748502895,-3.21176481063306,11
"219",2.03216215931305,-3.21176481063306,11
"220",2.38303683359714,-3.21176481063306,11
"221",-4.28358197780073,0.163091412658318,12
"222",-3.93270730351663,0.163091412658318,12
"223",-3.58183262923253,0.163091412658318,12
"224",-3.23095795494844,0.163091412658318,12
"225",-2.88008328066434,-0.0244005997467585,12
"226",-2.52920860638024,-0.211892612151835,12
"227",-2.17833393209614,-0.774368649367064,12
"228",-1.82745925781204,-1.14935267417722,12
"229",-1.47658458352794,-1.71182871139245,12
"230",-1.12570990924384,-2.0868127362026,12
"231",-0.774835234959744,-2.27430474860768,12
"232",-0.423960560675646,-2.46179676101275,12
"233",-0.0730858863915476,-2.64928877341783,12
"234",0.277788787892551,-2.64928877341783,12
"235",0.62866346217665,-2.83678078582291,12
"236",0.979538136460749,-2.83678078582291,12
"237",1.33041281074485,-2.83678078582291,12
"238",1.68128748502895,-2.83678078582291,12
"239",2.03216215931305,-2.83678078582291,12
"240",2.38303683359714,-2.83678078582291,12
"241",-4.28358197780073,0.163091412658318,13
"242",-3.93270730351663,0.163091412658318,13
"243",-3.58183262923253,0.163091412658318,13
"244",-3.23095795494844,0.163091412658318,13
"245",-2.88008328066434,0.163091412658318,13
"246",-2.52920860638024,0.163091412658318,13
"247",-2.17833393209614,-0.774368649367064,13
"248",-1.82745925781204,-1.52433669898737,13
"249",-1.47658458352794,-1.89932072379752,13
"250",-1.12570990924384,-2.27430474860768,13
"251",-0.774835234959744,-2.46179676101275,13
"252",-0.423960560675646,-2.64928877341783,13
"253",-0.0730858863915476,-2.64928877341783,13
"254",0.277788787892551,-2.83678078582291,13
"255",0.62866346217665,-2.83678078582291,13
"256",0.979538136460749,-2.83678078582291,13
"257",1.33041281074485,-2.83678078582291,13
"258",1.68128748502895,-2.83678078582291,13
"259",2.03216215931305,-2.83678078582291,13
"260",2.38303683359714,-2.83678078582291,13
"261",-4.28358197780073,0.163091412658318,14
"262",-3.93270730351663,0.163091412658318,14
"263",-3.58183262923253,0.163091412658318,14
"264",-3.23095795494844,0.163091412658318,14
"265",-2.88008328066434,0.163091412658318,14
"266",-2.52920860638024,-0.211892612151835,14
"267",-2.17833393209614,-0.774368649367064,14
"268",-1.82745925781204,-1.52433669898737,14
"269",-1.47658458352794,-2.0868127362026,14
"270",-1.12570990924384,-2.46179676101275,14
"271",-0.774835234959744,-2.64928877341783,14
"272",-0.423960560675646,-2.64928877341783,14
"273",-0.0730858863915476,-2.64928877341783,14
"274",0.277788787892551,-2.64928877341783,14
"275",0.62866346217665,-2.83678078582291,14
"276",0.979538136460749,-2.83678078582291,14
"277",1.33041281074485,-2.83678078582291,14
"278",1.68128748502895,-2.83678078582291,14
"279",2.03216215931305,-2.83678078582291,14
"280",2.38303683359714,-2.83678078582291,14
"281",-4.28358197780073,0.163091412658318,15
"282",-3.93270730351663,0.163091412658318,15
"283",-3.58183262923253,0.163091412658318,15
"284",-3.23095795494844,0.163091412658318,15
"285",-2.88008328066434,0.163091412658318,15
"286",-2.52920860638024,0.163091412658318,15
"287",-2.17833393209614,-1.14935267417722,15
"288",-1.82745925781204,-2.0868127362026,15
"289",-1.47658458352794,-2.64928877341783,15
"290",-1.12570990924384,-2.83678078582291,15
"291",-0.774835234959744,-3.02427279822798,15
"292",-0.423960560675646,-3.02427279822798,15
"293",-0.0730858863915476,-3.02427279822798,15
"294",0.277788787892551,-3.02427279822798,15
"295",0.62866346217665,-3.21176481063306,15
"296",0.979538136460749,-3.21176481063306,15
"297",1.33041281074485,-3.21176481063306,15
"298",1.68128748502895,-3.21176481063306,15
"299",2.03216215931305,-3.21176481063306,15
"300",2.38303683359714,-3.21176481063306,15
"301",-4.28358197780073,0.163091412658318,16
"302",-3.93270730351663,0.163091412658318,16
"303",-3.58183262923253,0.163091412658318,16
"304",-3.23095795494844,0.163091412658318,16
"305",-2.88008328066434,0.163091412658318,16
"306",-2.52920860638024,0.163091412658318,16
"307",-2.17833393209614,-0.961860661772141,16
"308",-1.82745925781204,-1.52433669898737,16
"309",-1.47658458352794,-1.89932072379752,16
"310",-1.12570990924384,-2.0868127362026,16
"311",-0.774835234959744,-2.27430474860768,16
"312",-0.423960560675646,-2.27430474860768,16
"313",-0.0730858863915476,-2.46179676101275,16
"314",0.277788787892551,-2.46179676101275,16
"315",0.62866346217665,-2.46179676101275,16
"316",0.979538136460749,-2.46179676101275,16
"317",1.33041281074485,-2.46179676101275,16
"318",1.68128748502895,-2.46179676101275,16
"319",2.03216215931305,-2.46179676101275,16
"320",2.38303683359714,-2.46179676101275,16
"321",-4.28358197780073,0.163091412658318,17
"322",-3.93270730351663,0.163091412658318,17
"323",-3.58183262923253,0.163091412658318,17
"324",-3.23095795494844,0.163091412658318,17
"325",-2.88008328066434,0.163091412658318,17
"326",-2.52920860638024,0.163091412658318,17
"327",-2.17833393209614,-1.33684468658229,17
"328",-1.82745925781204,-2.64928877341783,17
"329",-1.47658458352794,-3.02427279822798,17
"330",-1.12570990924384,-3.21176481063306,17
"331",-0.774835234959744,-3.39925682303813,17
"332",-0.423960560675646,-3.39925682303813,17
"333",-0.0730858863915476,-3.39925682303813,17
"334",0.277788787892551,-3.39925682303813,17
"335",0.62866346217665,-3.39925682303813,17
"336",0.979538136460749,-3.39925682303813,17
"337",1.33041281074485,-3.39925682303813,17
"338",1.68128748502895,-3.39925682303813,17
"339",2.03216215931305,-3.39925682303813,17
"340",2.38303683359714,-3.39925682303813,17
"341",-4.28358197780073,0.163091412658318,18
"342",-3.93270730351663,0.163091412658318,18
"343",-3.58183262923253,0.163091412658318,18
"344",-3.23095795494844,0.163091412658318,18
"345",-2.88008328066434,0.163091412658318,18
"346",-2.52920860638024,-0.211892612151835,18
"347",-2.17833393209614,-0.774368649367064,18
"348",-1.82745925781204,-1.14935267417722,18
"349",-1.47658458352794,-1.52433669898737,18
"350",-1.12570990924384,-2.27430474860768,18
"351",-0.774835234959744,-3.21176481063306,18
"352",-0.423960560675646,-3.58674883544321,18
"353",-0.0730858863915476,-3.58674883544321,18
"354",0.277788787892551,-3.58674883544321,18
"355",0.62866346217665,-3.58674883544321,18
"356",0.979538136460749,-3.58674883544321,18
"357",1.33041281074485,-3.58674883544321,18
"358",1.68128748502895,-3.58674883544321,18
"359",2.03216215931305,-3.58674883544321,18
"360",2.38303683359714,-3.58674883544321,18
"361",-4.28358197780073,0.163091412658318,19
"362",-3.93270730351663,0.163091412658318,19
"363",-3.58183262923253,0.163091412658318,19
"364",-3.23095795494844,0.163091412658318,19
"365",-2.88008328066434,0.163091412658318,19
"366",-2.52920860638024,-0.211892612151835,19
"367",-2.17833393209614,-0.774368649367064,19
"368",-1.82745925781204,-1.14935267417722,19
"369",-1.47658458352794,-1.52433669898737,19
"370",-1.12570990924384,-1.71182871139245,19
"371",-0.774835234959744,-1.89932072379752,19
"372",-0.423960560675646,-2.0868127362026,19
"373",-0.0730858863915476,-2.27430474860768,19
"374",0.277788787892551,-2.46179676101275,19
"375",0.62866346217665,-2.46179676101275,19
"376",0.979538136460749,-2.64928877341783,19
"377",1.33041281074485,-2.64928877341783,19
"378",1.68128748502895,-2.64928877341783,19
"379",2.03216215931305,-2.64928877341783,19
"380",2.38303683359714,-2.83678078582291,19
"381",-4.28358197780073,0.163091412658318,20
"382",-3.93270730351663,0.163091412658318,20
"383",-3.58183262923253,0.163091412658318,20
"384",-3.23095795494844,0.163091412658318,20
"385",-2.88008328066434,0.163091412658318,20
"386",-2.52920860638024,0.163091412658318,20
"387",-2.17833393209614,-1.14935267417722,20
"388",-1.82745925781204,-1.89932072379752,20
"389",-1.47658458352794,-2.27430474860768,20
"390",-1.12570990924384,-2.46179676101275,20
"391",-0.774835234959744,-2.64928877341783,20
"392",-0.423960560675646,-2.83678078582291,20
"393",-0.0730858863915476,-2.83678078582291,20
"394",0.277788787892551,-2.83678078582291,20
"395",0.62866346217665,-3.02427279822798,20
"396",0.979538136460749,-3.02427279822798,20
"397",1.33041281074485,-3.02427279822798,20
"398",1.68128748502895,-3.02427279822798,20
"399",2.03216215931305,-3.02427279822798,20
"400",2.38303683359714,-3.02427279822798,20
"401",-4.28358197780073,0.163091412658318,21
"402",-3.93270730351663,0.163091412658318,21
"403",-3.58183262923253,0.163091412658318,21
"404",-3.23095795494844,0.163091412658318,21
"405",-2.88008328066434,0.163091412658318,21
"406",-2.52920860638024,0.163091412658318,21
"407",-2.17833393209614,-0.961860661772141,21
"408",-1.82745925781204,-1.33684468658229,21
"409",-1.47658458352794,-1.52433669898737,21
"410",-1.12570990924384,-2.0868127362026,21
"411",-0.774835234959744,-3.21176481063306,21
"412",-0.423960560675646,-3.58674883544321,21
"413",-0.0730858863915476,-3.58674883544321,21
"414",0.277788787892551,-3.58674883544321,21
"415",0.62866346217665,-3.58674883544321,21
"416",0.979538136460749,-3.58674883544321,21
"417",1.33041281074485,-3.58674883544321,21
"418",1.68128748502895,-3.58674883544321,21
"419",2.03216215931305,-3.58674883544321,21
"420",2.38303683359714,-3.58674883544321,21
"421",-4.28358197780073,0.163091412658318,22
"422",-3.93270730351663,0.163091412658318,22
"423",-3.58183262923253,0.163091412658318,22
"424",-3.23095795494844,0.163091412658318,22
"425",-2.88008328066434,0.163091412658318,22
"426",-2.52920860638024,0.163091412658318,22
"427",-2.17833393209614,-0.961860661772141,22
"428",-1.82745925781204,-1.89932072379752,22
"429",-1.47658458352794,-2.46179676101275,22
"430",-1.12570990924384,-2.64928877341783,22
"431",-0.774835234959744,-2.83678078582291,22
"432",-0.423960560675646,-3.02427279822798,22
"433",-0.0730858863915476,-3.02427279822798,22
"434",0.277788787892551,-3.02427279822798,22
"435",0.62866346217665,-3.02427279822798,22
"436",0.979538136460749,-3.02427279822798,22
"437",1.33041281074485,-3.21176481063306,22
"438",1.68128748502895,-3.21176481063306,22
"439",2.03216215931305,-3.21176481063306,22
"440",2.38303683359714,-3.21176481063306,22
"441",-4.28358197780073,0.163091412658318,23
"442",-3.93270730351663,0.163091412658318,23
"443",-3.58183262923253,0.163091412658318,23
"444",-3.23095795494844,0.163091412658318,23
"445",-2.88008328066434,0.163091412658318,23
"446",-2.52920860638024,-0.0244005997467585,23
"447",-2.17833393209614,-0.774368649367064,23
"448",-1.82745925781204,-1.71182871139245,23
"449",-1.47658458352794,-2.27430474860768,23
"450",-1.12570990924384,-2.83678078582291,23
"451",-0.774835234959744,-3.21176481063306,23
"452",-0.423960560675646,-3.39925682303813,23
"453",-0.0730858863915476,-3.58674883544321,23
"454",0.277788787892551,-3.58674883544321,23
"455",0.62866346217665,-3.58674883544321,23
"456",0.979538136460749,-3.58674883544321,23
"457",1.33041281074485,-3.58674883544321,23
"458",1.68128748502895,-3.58674883544321,23
"459",2.03216215931305,-3.58674883544321,23
"460",2.38303683359714,-3.58674883544321,23
"461",-4.28358197780073,0.163091412658318,24
"462",-3.93270730351663,0.163091412658318,24
"463",-3.58183262923253,0.163091412658318,24
"464",-3.23095795494844,0.163091412658318,24
"465",-2.88008328066434,0.163091412658318,24
"466",-2.52920860638024,0.163091412658318,24
"467",-2.17833393209614,-0.961860661772141,24
"468",-1.82745925781204,-2.64928877341783,24
"469",-1.47658458352794,-2.83678078582291,24
"470",-1.12570990924384,-3.02427279822798,24
"471",-0.774835234959744,-3.02427279822798,24
"472",-0.423960560675646,-3.21176481063306,24
"473",-0.0730858863915476,-3.21176481063306,24
"474",0.277788787892551,-3.21176481063306,24
"475",0.62866346217665,-3.39925682303813,24
"476",0.979538136460749,-3.39925682303813,24
"477",1.33041281074485,-3.39925682303813,24
"478",1.68128748502895,-3.58674883544321,24
"479",2.03216215931305,-3.58674883544321,24
"480",2.38303683359714,-3.58674883544321,24
"481",-4.28358197780073,0.163091412658318,25
"482",-3.93270730351663,0.163091412658318,25
"483",-3.58183262923253,0.163091412658318,25
"484",-3.23095795494844,0.163091412658318,25
"485",-2.88008328066434,0.163091412658318,25
"486",-2.52920860638024,0.163091412658318,25
"487",-2.17833393209614,-1.14935267417722,25
"488",-1.82745925781204,-1.89932072379752,25
"489",-1.47658458352794,-2.0868127362026,25
"490",-1.12570990924384,-2.46179676101275,25
"491",-0.774835234959744,-2.64928877341783,25
"492",-0.423960560675646,-2.83678078582291,25
"493",-0.0730858863915476,-3.02427279822798,25
"494",0.277788787892551,-3.21176481063306,25
"495",0.62866346217665,-3.21176481063306,25
"496",0.979538136460749,-3.21176481063306,25
"497",1.33041281074485,-3.21176481063306,25
"498",1.68128748502895,-3.21176481063306,25
"499",2.03216215931305,-3.21176481063306,25
"500",2.38303683359714,-3.21176481063306,25
"501",-4.28358197780073,0.163091412658318,26
"502",-3.93270730351663,0.163091412658318,26
"503",-3.58183262923253,0.163091412658318,26
"504",-3.23095795494844,0.163091412658318,26
"505",-2.88008328066434,0.163091412658318,26
"506",-2.52920860638024,0.163091412658318,26
"507",-2.17833393209614,-0.961860661772141,26
"508",-1.82745925781204,-1.71182871139245,26
"509",-1.47658458352794,-2.0868127362026,26
"510",-1.12570990924384,-2.46179676101275,26
"511",-0.774835234959744,-2.83678078582291,26
"512",-0.423960560675646,-3.02427279822798,26
"513",-0.0730858863915476,-3.21176481063306,26
"514",0.277788787892551,-3.21176481063306,26
"515",0.62866346217665,-3.21176481063306,26
"516",0.979538136460749,-3.21176481063306,26
"517",1.33041281074485,-3.21176481063306,26
"518",1.68128748502895,-3.21176481063306,26
"519",2.03216215931305,-3.21176481063306,26
"520",2.38303683359714,-3.21176481063306,26
"521",-4.28358197780073,0.163091412658318,27
"522",-3.93270730351663,0.163091412658318,27
"523",-3.58183262923253,0.163091412658318,27
"524",-3.23095795494844,0.163091412658318,27
"525",-2.88008328066434,0.163091412658318,27
"526",-2.52920860638024,0.163091412658318,27
"527",-2.17833393209614,-0.961860661772141,27
"528",-1.82745925781204,-1.52433669898737,27
"529",-1.47658458352794,-2.0868127362026,27
"530",-1.12570990924384,-2.46179676101275,27
"531",-0.774835234959744,-2.64928877341783,27
"532",-0.423960560675646,-2.83678078582291,27
"533",-0.0730858863915476,-2.83678078582291,27
"534",0.277788787892551,-2.83678078582291,27
"535",0.62866346217665,-3.02427279822798,27
"536",0.979538136460749,-3.02427279822798,27
"537",1.33041281074485,-3.02427279822798,27
"538",1.68128748502895,-3.02427279822798,27
"539",2.03216215931305,-3.02427279822798,27
"540",2.38303683359714,-3.02427279822798,27
"541",-4.28358197780073,0.163091412658318,28
"542",-3.93270730351663,0.163091412658318,28
"543",-3.58183262923253,0.163091412658318,28
"544",-3.23095795494844,0.163091412658318,28
"545",-2.88008328066434,0.163091412658318,28
"546",-2.52920860638024,0.163091412658318,28
"547",-2.17833393209614,-0.774368649367064,28
"548",-1.82745925781204,-0.961860661772141,28
"549",-1.47658458352794,-1.14935267417722,28
"550",-1.12570990924384,-2.0868127362026,28
"551",-0.774835234959744,-2.64928877341783,28
"552",-0.423960560675646,-3.02427279822798,28
"553",-0.0730858863915476,-3.21176481063306,28
"554",0.277788787892551,-3.21176481063306,28
"555",0.62866346217665,-3.39925682303813,28
"556",0.979538136460749,-3.39925682303813,28
"557",1.33041281074485,-3.39925682303813,28
"558",1.68128748502895,-3.39925682303813,28
"559",2.03216215931305,-3.39925682303813,28
"560",2.38303683359714,-3.39925682303813,28
"561",-4.28358197780073,0.163091412658318,29
"562",-3.93270730351663,0.163091412658318,29
"563",-3.58183262923253,0.163091412658318,29
"564",-3.23095795494844,0.163091412658318,29
"565",-2.88008328066434,0.163091412658318,29
"566",-2.52920860638024,0.163091412658318,29
"567",-2.17833393209614,-0.961860661772141,29
"568",-1.82745925781204,-1.33684468658229,29
"569",-1.47658458352794,-1.71182871139245,29
"570",-1.12570990924384,-1.89932072379752,29
"571",-0.774835234959744,-2.0868127362026,29
"572",-0.423960560675646,-2.0868127362026,29
"573",-0.0730858863915476,-2.0868127362026,29
"574",0.277788787892551,-2.27430474860768,29
"575",0.62866346217665,-2.27430474860768,29
"576",0.979538136460749,-2.27430474860768,29
"577",1.33041281074485,-2.27430474860768,29
"578",1.68128748502895,-2.27430474860768,29
"579",2.03216215931305,-2.27430474860768,29
"580",2.38303683359714,-2.27430474860768,29
"581",-4.28358197780073,0.163091412658318,30
"582",-3.93270730351663,0.163091412658318,30
"583",-3.58183262923253,0.163091412658318,30
"584",-3.23095795494844,0.163091412658318,30
"585",-2.88008328066434,0.163091412658318,30
"586",-2.52920860638024,0.163091412658318,30
"587",-2.17833393209614,-1.14935267417722,30
"588",-1.82745925781204,-1.89932072379752,30
"589",-1.47658458352794,-2.27430474860768,30
"590",-1.12570990924384,-2.46179676101275,30
"591",-0.774835234959744,-2.46179676101275,30
"592",-0.423960560675646,-2.64928877341783,30
"593",-0.0730858863915476,-2.64928877341783,30
"594",0.277788787892551,-2.83678078582291,30
"595",0.62866346217665,-2.83678078582291,30
"596",0.979538136460749,-2.83678078582291,30
"597",1.33041281074485,-2.83678078582291,30
"598",1.68128748502895,-3.02427279822798,30
"599",2.03216215931305,-3.02427279822798,30
"600",2.38303683359714,-3.02427279822798,30
"601",-4.28358197780073,0.163091412658318,31
"602",-3.93270730351663,0.163091412658318,31
"603",-3.58183262923253,0.163091412658318,31
"604",-3.23095795494844,0.163091412658318,31
"605",-2.88008328066434,0.163091412658318,31
"606",-2.52920860638024,0.163091412658318,31
"607",-2.17833393209614,-0.774368649367064,31
"608",-1.82745925781204,-1.33684468658229,31
"609",-1.47658458352794,-1.71182871139245,31
"610",-1.12570990924384,-1.89932072379752,31
"611",-0.774835234959744,-2.0868127362026,31
"612",-0.423960560675646,-2.27430474860768,31
"613",-0.0730858863915476,-2.27430474860768,31
"614",0.277788787892551,-2.27430474860768,31
"615",0.62866346217665,-2.46179676101275,31
"616",0.979538136460749,-2.46179676101275,31
"617",1.33041281074485,-2.46179676101275,31
"618",1.68128748502895,-2.46179676101275,31
"619",2.03216215931305,-2.46179676101275,31
"620",2.38303683359714,-2.46179676101275,31
"621",-4.28358197780073,0.163091412658318,32
"622",-3.93270730351663,0.163091412658318,32
"623",-3.58183262923253,0.163091412658318,32
"624",-3.23095795494844,0.163091412658318,32
"625",-2.88008328066434,0.163091412658318,32
"626",-2.52920860638024,0.163091412658318,32
"627",-2.17833393209614,-0.774368649367064,32
"628",-1.82745925781204,-1.33684468658229,32
"629",-1.47658458352794,-1.71182871139245,32
"630",-1.12570990924384,-1.89932072379752,32
"631",-0.774835234959744,-2.0868127362026,32
"632",-0.423960560675646,-2.27430474860768,32
"633",-0.0730858863915476,-2.46179676101275,32
"634",0.277788787892551,-2.46179676101275,32
"635",0.62866346217665,-2.46179676101275,32
"636",0.979538136460749,-2.46179676101275,32
"637",1.33041281074485,-2.64928877341783,32
"638",1.68128748502895,-2.64928877341783,32
"639",2.03216215931305,-2.64928877341783,32
"640",2.38303683359714,-2.64928877341783,32
"641",-4.28358197780073,0.163091412658318,33
"642",-3.93270730351663,0.163091412658318,33
"643",-3.58183262923253,0.163091412658318,33
"644",-3.23095795494844,0.163091412658318,33
"645",-2.88008328066434,0.163091412658318,33
"646",-2.52920860638024,-0.0244005997467585,33
"647",-2.17833393209614,-0.774368649367064,33
"648",-1.82745925781204,-1.52433669898737,33
"649",-1.47658458352794,-2.27430474860768,33
"650",-1.12570990924384,-2.83678078582291,33
"651",-0.774835234959744,-3.02427279822798,33
"652",-0.423960560675646,-3.02427279822798,33
"653",-0.0730858863915476,-3.21176481063306,33
"654",0.277788787892551,-3.21176481063306,33
"655",0.62866346217665,-3.21176481063306,33
"656",0.979538136460749,-3.21176481063306,33
"657",1.33041281074485,-3.21176481063306,33
"658",1.68128748502895,-3.21176481063306,33
"659",2.03216215931305,-3.21176481063306,33
"660",2.38303683359714,-3.21176481063306,33
"661",-4.28358197780073,0.163091412658318,34
"662",-3.93270730351663,0.163091412658318,34
"663",-3.58183262923253,0.163091412658318,34
"664",-3.23095795494844,0.163091412658318,34
"665",-2.88008328066434,0.163091412658318,34
"666",-2.52920860638024,0.163091412658318,34
"667",-2.17833393209614,-0.586876636961988,34
"668",-1.82745925781204,-0.774368649367064,34
"669",-1.47658458352794,-0.961860661772141,34
"670",-1.12570990924384,-1.33684468658229,34
"671",-0.774835234959744,-1.71182871139245,34
"672",-0.423960560675646,-2.0868127362026,34
"673",-0.0730858863915476,-2.0868127362026,34
"674",0.277788787892551,-2.27430474860768,34
"675",0.62866346217665,-2.27430474860768,34
"676",0.979538136460749,-2.27430474860768,34
"677",1.33041281074485,-2.27430474860768,34
"678",1.68128748502895,-2.27430474860768,34
"679",2.03216215931305,-2.27430474860768,34
"680",2.38303683359714,-2.27430474860768,34
"681",-4.28358197780073,0.163091412658318,35
"682",-3.93270730351663,0.163091412658318,35
"683",-3.58183262923253,0.163091412658318,35
"684",-3.23095795494844,0.163091412658318,35
"685",-2.88008328066434,0.163091412658318,35
"686",-2.52920860638024,0.163091412658318,35
"687",-2.17833393209614,-0.774368649367064,35
"688",-1.82745925781204,-1.14935267417722,35
"689",-1.47658458352794,-1.52433669898737,35
"690",-1.12570990924384,-2.64928877341783,35
"691",-0.774835234959744,-3.39925682303813,35
"692",-0.423960560675646,-3.58674883544321,35
"693",-0.0730858863915476,-3.58674883544321,35
"694",0.277788787892551,-3.58674883544321,35
"695",0.62866346217665,-3.58674883544321,35
"696",0.979538136460749,-3.58674883544321,35
"697",1.33041281074485,-3.58674883544321,35
"698",1.68128748502895,-3.58674883544321,35
"699",2.03216215931305,-3.58674883544321,35
"700",2.38303683359714,-3.58674883544321,35
"701",-4.28358197780073,0.163091412658318,36
"702",-3.93270730351663,0.163091412658318,36
"703",-3.58183262923253,0.163091412658318,36
"704",-3.23095795494844,0.163091412658318,36
"705",-2.88008328066434,0.163091412658318,36
"706",-2.52920860638024,0.163091412658318,36
"707",-2.17833393209614,-0.774368649367064,36
"708",-1.82745925781204,-1.14935267417722,36
"709",-1.47658458352794,-1.52433669898737,36
"710",-1.12570990924384,-1.71182871139245,36
"711",-0.774835234959744,-1.89932072379752,36
"712",-0.423960560675646,-2.0868127362026,36
"713",-0.0730858863915476,-2.0868127362026,36
"714",0.277788787892551,-2.27430474860768,36
"715",0.62866346217665,-2.27430474860768,36
"716",0.979538136460749,-2.27430474860768,36
"717",1.33041281074485,-2.27430474860768,36
"718",1.68128748502895,-2.27430474860768,36
"719",2.03216215931305,-2.27430474860768,36
"720",2.38303683359714,-2.27430474860768,36
"721",-4.28358197780073,0.163091412658318,37
"722",-3.93270730351663,0.163091412658318,37
"723",-3.58183262923253,0.163091412658318,37
"724",-3.23095795494844,0.163091412658318,37
"725",-2.88008328066434,0.163091412658318,37
"726",-2.52920860638024,0.163091412658318,37
"727",-2.17833393209614,-1.14935267417722,37
"728",-1.82745925781204,-1.89932072379752,37
"729",-1.47658458352794,-2.0868127362026,37
"730",-1.12570990924384,-2.27430474860768,37
"731",-0.774835234959744,-2.27430474860768,37
"732",-0.423960560675646,-2.46179676101275,37
"733",-0.0730858863915476,-2.64928877341783,37
"734",0.277788787892551,-3.02427279822798,37
"735",0.62866346217665,-3.02427279822798,37
"736",0.979538136460749,-3.21176481063306,37
"737",1.33041281074485,-3.21176481063306,37
"738",1.68128748502895,-3.21176481063306,37
"739",2.03216215931305,-3.21176481063306,37
"740",2.38303683359714,-3.21176481063306,37
"741",-4.28358197780073,0.163091412658318,38
"742",-3.93270730351663,0.163091412658318,38
"743",-3.58183262923253,0.163091412658318,38
"744",-3.23095795494844,0.163091412658318,38
"745",-2.88008328066434,0.163091412658318,38
"746",-2.52920860638024,0.163091412658318,38
"747",-2.17833393209614,-0.774368649367064,38
"748",-1.82745925781204,-1.33684468658229,38
"749",-1.47658458352794,-1.89932072379752,38
"750",-1.12570990924384,-2.27430474860768,38
"751",-0.774835234959744,-2.46179676101275,38
"752",-0.423960560675646,-2.64928877341783,38
"753",-0.0730858863915476,-2.83678078582291,38
"754",0.277788787892551,-3.02427279822798,38
"755",0.62866346217665,-3.02427279822798,38
"756",0.979538136460749,-3.21176481063306,38
"757",1.33041281074485,-3.21176481063306,38
"758",1.68128748502895,-3.21176481063306,38
"759",2.03216215931305,-3.21176481063306,38
"760",2.38303683359714,-3.21176481063306,38
"761",-4.28358197780073,0.163091412658318,39
"762",-3.93270730351663,0.163091412658318,39
"763",-3.58183262923253,0.163091412658318,39
"764",-3.23095795494844,0.163091412658318,39
"765",-2.88008328066434,0.163091412658318,39
"766",-2.52920860638024,0.163091412658318,39
"767",-2.17833393209614,-0.774368649367064,39
"768",-1.82745925781204,-1.52433669898737,39
"769",-1.47658458352794,-1.89932072379752,39
"770",-1.12570990924384,-2.27430474860768,39
"771",-0.774835234959744,-2.46179676101275,39
"772",-0.423960560675646,-2.64928877341783,39
"773",-0.0730858863915476,-2.64928877341783,39
"774",0.277788787892551,-2.83678078582291,39
"775",0.62866346217665,-2.83678078582291,39
"776",0.979538136460749,-2.83678078582291,39
"777",1.33041281074485,-2.83678078582291,39
"778",1.68128748502895,-2.83678078582291,39
"779",2.03216215931305,-2.83678078582291,39
"780",2.38303683359714,-2.83678078582291,39
"781",-4.28358197780073,0.163091412658318,40
"782",-3.93270730351663,0.163091412658318,40
"783",-3.58183262923253,0.163091412658318,40
"784",-3.23095795494844,0.163091412658318,40
"785",-2.88008328066434,0.163091412658318,40
"786",-2.52920860638024,0.163091412658318,40
"787",-2.17833393209614,-0.774368649367064,40
"788",-1.82745925781204,-1.52433669898737,40
"789",-1.47658458352794,-1.89932072379752,40
"790",-1.12570990924384,-2.27430474860768,40
"791",-0.774835234959744,-2.46179676101275,40
"792",-0.423960560675646,-2.46179676101275,40
"793",-0.0730858863915476,-2.64928877341783,40
"794",0.277788787892551,-2.64928877341783,40
"795",0.62866346217665,-2.83678078582291,40
"796",0.979538136460749,-2.83678078582291,40
"797",1.33041281074485,-2.83678078582291,40
"798",1.68128748502895,-2.83678078582291,40
"799",2.03216215931305,-2.83678078582291,40
"800",2.38303683359714,-2.83678078582291,40
"801",-4.28358197780073,0.163091412658318,41
"802",-3.93270730351663,0.163091412658318,41
"803",-3.58183262923253,0.163091412658318,41
"804",-3.23095795494844,0.163091412658318,41
"805",-2.88008328066434,0.163091412658318,41
"806",-2.52920860638024,0.163091412658318,41
"807",-2.17833393209614,-0.961860661772141,41
"808",-1.82745925781204,-1.89932072379752,41
"809",-1.47658458352794,-2.46179676101275,41
"810",-1.12570990924384,-2.83678078582291,41
"811",-0.774835234959744,-3.02427279822798,41
"812",-0.423960560675646,-3.21176481063306,41
"813",-0.0730858863915476,-3.39925682303813,41
"814",0.277788787892551,-3.39925682303813,41
"815",0.62866346217665,-3.58674883544321,41
"816",0.979538136460749,-3.58674883544321,41
"817",1.33041281074485,-3.58674883544321,41
"818",1.68128748502895,-3.58674883544321,41
"819",2.03216215931305,-3.58674883544321,41
"820",2.38303683359714,-3.58674883544321,41
"821",-4.28358197780073,0.163091412658318,42
"822",-3.93270730351663,0.163091412658318,42
"823",-3.58183262923253,0.163091412658318,42
"824",-3.23095795494844,0.163091412658318,42
"825",-2.88008328066434,0.163091412658318,42
"826",-2.52920860638024,0.163091412658318,42
"827",-2.17833393209614,-0.774368649367064,42
"828",-1.82745925781204,-1.33684468658229,42
"829",-1.47658458352794,-1.71182871139245,42
"830",-1.12570990924384,-1.89932072379752,42
"831",-0.774835234959744,-2.0868127362026,42
"832",-0.423960560675646,-2.27430474860768,42
"833",-0.0730858863915476,-2.46179676101275,42
"834",0.277788787892551,-2.64928877341783,42
"835",0.62866346217665,-2.64928877341783,42
"836",0.979538136460749,-2.83678078582291,42
"837",1.33041281074485,-2.83678078582291,42
"838",1.68128748502895,-2.83678078582291,42
"839",2.03216215931305,-2.83678078582291,42
"840",2.38303683359714,-2.83678078582291,42
"841",-4.28358197780073,0.163091412658318,43
"842",-3.93270730351663,0.163091412658318,43
"843",-3.58183262923253,0.163091412658318,43
"844",-3.23095795494844,0.163091412658318,43
"845",-2.88008328066434,0.163091412658318,43
"846",-2.52920860638024,-0.0244005997467585,43
"847",-2.17833393209614,-0.774368649367064,43
"848",-1.82745925781204,-1.14935267417722,43
"849",-1.47658458352794,-1.71182871139245,43
"850",-1.12570990924384,-2.0868127362026,43
"851",-0.774835234959744,-2.46179676101275,43
"852",-0.423960560675646,-2.64928877341783,43
"853",-0.0730858863915476,-2.64928877341783,43
"854",0.277788787892551,-2.83678078582291,43
"855",0.62866346217665,-2.83678078582291,43
"856",0.979538136460749,-2.83678078582291,43
"857",1.33041281074485,-2.83678078582291,43
"858",1.68128748502895,-2.83678078582291,43
"859",2.03216215931305,-2.83678078582291,43
"860",2.38303683359714,-2.83678078582291,43
"861",-4.28358197780073,0.163091412658318,44
"862",-3.93270730351663,0.163091412658318,44
"863",-3.58183262923253,0.163091412658318,44
"864",-3.23095795494844,0.163091412658318,44
"865",-2.88008328066434,0.163091412658318,44
"866",-2.52920860638024,-0.211892612151835,44
"867",-2.17833393209614,-0.586876636961988,44
"868",-1.82745925781204,-0.961860661772141,44
"869",-1.47658458352794,-1.33684468658229,44
"870",-1.12570990924384,-1.71182871139245,44
"871",-0.774835234959744,-2.0868127362026,44
"872",-0.423960560675646,-2.27430474860768,44
"873",-0.0730858863915476,-2.46179676101275,44
"874",0.277788787892551,-2.64928877341783,44
"875",0.62866346217665,-2.64928877341783,44
"876",0.979538136460749,-2.64928877341783,44
"877",1.33041281074485,-2.64928877341783,44
"878",1.68128748502895,-2.64928877341783,44
"879",2.03216215931305,-2.64928877341783,44
"880",2.38303683359714,-2.64928877341783,44
"881",-4.28358197780073,0.163091412658318,45
"882",-3.93270730351663,0.163091412658318,45
"883",-3.58183262923253,0.163091412658318,45
"884",-3.23095795494844,0.163091412658318,45
"885",-2.88008328066434,0.163091412658318,45
"886",-2.52920860638024,0.163091412658318,45
"887",-2.17833393209614,-0.774368649367064,45
"888",-1.82745925781204,-1.33684468658229,45
"889",-1.47658458352794,-1.71182871139245,45
"890",-1.12570990924384,-2.27430474860768,45
"891",-0.774835234959744,-2.64928877341783,45
"892",-0.423960560675646,-2.83678078582291,45
"893",-0.0730858863915476,-3.02427279822798,45
"894",0.277788787892551,-3.02427279822798,45
"895",0.62866346217665,-3.02427279822798,45
"896",0.979538136460749,-3.02427279822798,45
"897",1.33041281074485,-3.02427279822798,45
"898",1.68128748502895,-3.02427279822798,45
"899",2.03216215931305,-3.02427279822798,45
"900",2.38303683359714,-3.02427279822798,45
"901",-4.28358197780073,0.163091412658318,46
"902",-3.93270730351663,0.163091412658318,46
"903",-3.58183262923253,0.163091412658318,46
"904",-3.23095795494844,0.163091412658318,46
"905",-2.88008328066434,0.163091412658318,46
"906",-2.52920860638024,-0.211892612151835,46
"907",-2.17833393209614,-0.774368649367064,46
"908",-1.82745925781204,-1.33684468658229,46
"909",-1.47658458352794,-1.71182871139245,46
"910",-1.12570990924384,-1.89932072379752,46
"911",-0.774835234959744,-2.27430474860768,46
"912",-0.423960560675646,-2.46179676101275,46
"913",-0.0730858863915476,-2.64928877341783,46
"914",0.277788787892551,-2.64928877341783,46
"915",0.62866346217665,-2.83678078582291,46
"916",0.979538136460749,-2.83678078582291,46
"917",1.33041281074485,-3.02427279822798,46
"918",1.68128748502895,-3.02427279822798,46
"919",2.03216215931305,-3.21176481063306,46
"920",2.38303683359714,-3.21176481063306,46
"921",-4.28358197780073,0.163091412658318,47
"922",-3.93270730351663,0.163091412658318,47
"923",-3.58183262923253,0.163091412658318,47
"924",-3.23095795494844,0.163091412658318,47
"925",-2.88008328066434,0.163091412658318,47
"926",-2.52920860638024,0.163091412658318,47
"927",-2.17833393209614,-0.961860661772141,47
"928",-1.82745925781204,-1.52433669898737,47
"929",-1.47658458352794,-1.71182871139245,47
"930",-1.12570990924384,-1.71182871139245,47
"931",-0.774835234959744,-1.89932072379752,47
"932",-0.423960560675646,-1.89932072379752,47
"933",-0.0730858863915476,-2.0868127362026,47
"934",0.277788787892551,-2.0868127362026,47
"935",0.62866346217665,-2.27430474860768,47
"936",0.979538136460749,-2.46179676101275,47
"937",1.33041281074485,-2.46179676101275,47
"938",1.68128748502895,-2.46179676101275,47
"939",2.03216215931305,-2.46179676101275,47
"940",2.38303683359714,-2.46179676101275,47
"941",-4.28358197780073,0.163091412658318,48
"942",-3.93270730351663,0.163091412658318,48
"943",-3.58183262923253,0.163091412658318,48
"944",-3.23095795494844,0.163091412658318,48
"945",-2.88008328066434,0.163091412658318,48
"946",-2.52920860638024,0.163091412658318,48
"947",-2.17833393209614,-0.961860661772141,48
"948",-1.82745925781204,-1.33684468658229,48
"949",-1.47658458352794,-1.71182871139245,48
"950",-1.12570990924384,-1.89932072379752,48
"951",-0.774835234959744,-2.27430474860768,48
"952",-0.423960560675646,-2.27430474860768,48
"953",-0.0730858863915476,-2.46179676101275,48
"954",0.277788787892551,-2.46179676101275,48
"955",0.62866346217665,-2.46179676101275,48
"956",0.979538136460749,-2.46179676101275,48
"957",1.33041281074485,-2.46179676101275,48
"958",1.68128748502895,-2.46179676101275,48
"959",2.03216215931305,-2.46179676101275,48
"960",2.38303683359714,-2.46179676101275,48
"961",-4.28358197780073,0.163091412658318,49
"962",-3.93270730351663,0.163091412658318,49
"963",-3.58183262923253,0.163091412658318,49
"964",-3.23095795494844,0.163091412658318,49
"965",-2.88008328066434,0.163091412658318,49
"966",-2.52920860638024,0.163091412658318,49
"967",-2.17833393209614,-1.14935267417722,49
"968",-1.82745925781204,-1.71182871139245,49
"969",-1.47658458352794,-1.89932072379752,49
"970",-1.12570990924384,-2.27430474860768,49
"971",-0.774835234959744,-2.64928877341783,49
"972",-0.423960560675646,-2.83678078582291,49
"973",-0.0730858863915476,-3.21176481063306,49
"974",0.277788787892551,-3.21176481063306,49
"975",0.62866346217665,-3.39925682303813,49
"976",0.979538136460749,-3.39925682303813,49
"977",1.33041281074485,-3.39925682303813,49
"978",1.68128748502895,-3.39925682303813,49
"979",2.03216215931305,-3.39925682303813,49
"980",2.38303683359714,-3.39925682303813,49
"981",-4.28358197780073,0.163091412658318,50
"982",-3.93270730351663,0.163091412658318,50
"983",-3.58183262923253,0.163091412658318,50
"984",-3.23095795494844,-0.399384624556911,50
"985",-2.88008328066434,-0.399384624556911,50
"986",-2.52920860638024,-0.586876636961988,50
"987",-2.17833393209614,-0.586876636961988,50
"988",-1.82745925781204,-2.0868127362026,50
"989",-1.47658458352794,-2.46179676101275,50
"990",-1.12570990924384,-2.64928877341783,50
"991",-0.774835234959744,-2.83678078582291,50
"992",-0.423960560675646,-2.83678078582291,50
"993",-0.0730858863915476,-2.83678078582291,50
"994",0.277788787892551,-3.02427279822798,50
"995",0.62866346217665,-3.02427279822798,50
"996",0.979538136460749,-3.02427279822798,50
"997",1.33041281074485,-3.02427279822798,50
"998",1.68128748502895,-3.02427279822798,50
"999",2.03216215931305,-3.02427279822798,50
"1000",2.38303683359714,-3.02427279822798,50
"1001",-4.28358197780073,0.163091412658318,51
"1002",-3.93270730351663,0.163091412658318,51
"1003",-3.58183262923253,0.163091412658318,51
"1004",-3.23095795494844,0.163091412658318,51
"1005",-2.88008328066434,0.163091412658318,51
"1006",-2.52920860638024,0.163091412658318,51
"1007",-2.17833393209614,-0.774368649367064,51
"1008",-1.82745925781204,-1.33684468658229,51
"1009",-1.47658458352794,-1.71182871139245,51
"1010",-1.12570990924384,-1.89932072379752,51
"1011",-0.774835234959744,-1.89932072379752,51
"1012",-0.423960560675646,-2.0868127362026,51
"1013",-0.0730858863915476,-2.27430474860768,51
"1014",0.277788787892551,-2.27430474860768,51
"1015",0.62866346217665,-2.27430474860768,51
"1016",0.979538136460749,-2.46179676101275,51
"1017",1.33041281074485,-2.46179676101275,51
"1018",1.68128748502895,-2.46179676101275,51
"1019",2.03216215931305,-2.46179676101275,51
"1020",2.38303683359714,-2.46179676101275,51
"1021",-4.28358197780073,0.163091412658318,52
"1022",-3.93270730351663,0.163091412658318,52
"1023",-3.58183262923253,0.163091412658318,52
"1024",-3.23095795494844,0.163091412658318,52
"1025",-2.88008328066434,0.163091412658318,52
"1026",-2.52920860638024,0.163091412658318,52
"1027",-2.17833393209614,-1.52433669898737,52
"1028",-1.82745925781204,-2.0868127362026,52
"1029",-1.47658458352794,-2.27430474860768,52
"1030",-1.12570990924384,-2.46179676101275,52
"1031",-0.774835234959744,-2.46179676101275,52
"1032",-0.423960560675646,-2.64928877341783,52
"1033",-0.0730858863915476,-2.64928877341783,52
"1034",0.277788787892551,-2.64928877341783,52
"1035",0.62866346217665,-2.64928877341783,52
"1036",0.979538136460749,-2.64928877341783,52
"1037",1.33041281074485,-2.64928877341783,52
"1038",1.68128748502895,-2.83678078582291,52
"1039",2.03216215931305,-2.83678078582291,52
"1040",2.38303683359714,-2.83678078582291,52
"1041",-4.28358197780073,0.163091412658318,53
"1042",-3.93270730351663,0.163091412658318,53
"1043",-3.58183262923253,0.163091412658318,53
"1044",-3.23095795494844,-0.0244005997467585,53
"1045",-2.88008328066434,-0.211892612151835,53
"1046",-2.52920860638024,-0.399384624556911,53
"1047",-2.17833393209614,-0.586876636961988,53
"1048",-1.82745925781204,-1.14935267417722,53
"1049",-1.47658458352794,-2.46179676101275,53
"1050",-1.12570990924384,-2.83678078582291,53
"1051",-0.774835234959744,-3.02427279822798,53
"1052",-0.423960560675646,-3.02427279822798,53
"1053",-0.0730858863915476,-3.21176481063306,53
"1054",0.277788787892551,-3.21176481063306,53
"1055",0.62866346217665,-3.21176481063306,53
"1056",0.979538136460749,-3.21176481063306,53
"1057",1.33041281074485,-3.21176481063306,53
"1058",1.68128748502895,-3.21176481063306,53
"1059",2.03216215931305,-3.21176481063306,53
"1060",2.38303683359714,-3.21176481063306,53
"1061",-4.28358197780073,0.163091412658318,54
"1062",-3.93270730351663,0.163091412658318,54
"1063",-3.58183262923253,0.163091412658318,54
"1064",-3.23095795494844,0.163091412658318,54
"1065",-2.88008328066434,0.163091412658318,54
"1066",-2.52920860638024,0.163091412658318,54
"1067",-2.17833393209614,-1.14935267417722,54
"1068",-1.82745925781204,-1.89932072379752,54
"1069",-1.47658458352794,-2.64928877341783,54
"1070",-1.12570990924384,-3.21176481063306,54
"1071",-0.774835234959744,-3.58674883544321,54
"1072",-0.423960560675646,-3.58674883544321,54
"1073",-0.0730858863915476,-3.58674883544321,54
"1074",0.277788787892551,-3.58674883544321,54
"1075",0.62866346217665,-3.58674883544321,54
"1076",0.979538136460749,-3.58674883544321,54
"1077",1.33041281074485,-3.58674883544321,54
"1078",1.68128748502895,-3.58674883544321,54
"1079",2.03216215931305,-3.58674883544321,54
"1080",2.38303683359714,-3.58674883544321,54
"1081",-4.28358197780073,0.163091412658318,55
"1082",-3.93270730351663,0.163091412658318,55
"1083",-3.58183262923253,0.163091412658318,55
"1084",-3.23095795494844,0.163091412658318,55
"1085",-2.88008328066434,0.163091412658318,55
"1086",-2.52920860638024,0.163091412658318,55
"1087",-2.17833393209614,-0.961860661772141,55
"1088",-1.82745925781204,-1.52433669898737,55
"1089",-1.47658458352794,-2.27430474860768,55
"1090",-1.12570990924384,-2.64928877341783,55
"1091",-0.774835234959744,-2.83678078582291,55
"1092",-0.423960560675646,-3.02427279822798,55
"1093",-0.0730858863915476,-3.02427279822798,55
"1094",0.277788787892551,-3.02427279822798,55
"1095",0.62866346217665,-3.02427279822798,55
"1096",0.979538136460749,-3.02427279822798,55
"1097",1.33041281074485,-3.02427279822798,55
"1098",1.68128748502895,-3.02427279822798,55
"1099",2.03216215931305,-3.02427279822798,55
"1100",2.38303683359714,-3.02427279822798,55
"1101",-4.28358197780073,0.163091412658318,56
"1102",-3.93270730351663,0.163091412658318,56
"1103",-3.58183262923253,0.163091412658318,56
"1104",-3.23095795494844,0.163091412658318,56
"1105",-2.88008328066434,0.163091412658318,56
"1106",-2.52920860638024,0.163091412658318,56
"1107",-2.17833393209614,-0.961860661772141,56
"1108",-1.82745925781204,-1.33684468658229,56
"1109",-1.47658458352794,-1.52433669898737,56
"1110",-1.12570990924384,-1.71182871139245,56
"1111",-0.774835234959744,-2.0868127362026,56
"1112",-0.423960560675646,-2.27430474860768,56
"1113",-0.0730858863915476,-2.64928877341783,56
"1114",0.277788787892551,-2.64928877341783,56
"1115",0.62866346217665,-2.83678078582291,56
"1116",0.979538136460749,-2.83678078582291,56
"1117",1.33041281074485,-2.83678078582291,56
"1118",1.68128748502895,-2.83678078582291,56
"1119",2.03216215931305,-2.83678078582291,56
"1120",2.38303683359714,-2.83678078582291,56
"1121",-4.28358197780073,0.163091412658318,57
"1122",-3.93270730351663,0.163091412658318,57
"1123",-3.58183262923253,0.163091412658318,57
"1124",-3.23095795494844,0.163091412658318,57
"1125",-2.88008328066434,0.163091412658318,57
"1126",-2.52920860638024,-0.211892612151835,57
"1127",-2.17833393209614,-0.774368649367064,57
"1128",-1.82745925781204,-1.14935267417722,57
"1129",-1.47658458352794,-1.33684468658229,57
"1130",-1.12570990924384,-1.71182871139245,57
"1131",-0.774835234959744,-2.0868127362026,57
"1132",-0.423960560675646,-2.46179676101275,57
"1133",-0.0730858863915476,-2.83678078582291,57
"1134",0.277788787892551,-3.02427279822798,57
"1135",0.62866346217665,-3.21176481063306,57
"1136",0.979538136460749,-3.21176481063306,57
"1137",1.33041281074485,-3.21176481063306,57
"1138",1.68128748502895,-3.21176481063306,57
"1139",2.03216215931305,-3.21176481063306,57
"1140",2.38303683359714,-3.21176481063306,57
"1141",-4.28358197780073,0.163091412658318,58
"1142",-3.93270730351663,0.163091412658318,58
"1143",-3.58183262923253,0.163091412658318,58
"1144",-3.23095795494844,0.163091412658318,58
"1145",-2.88008328066434,0.163091412658318,58
"1146",-2.52920860638024,0.163091412658318,58
"1147",-2.17833393209614,-0.774368649367064,58
"1148",-1.82745925781204,-1.14935267417722,58
"1149",-1.47658458352794,-1.71182871139245,58
"1150",-1.12570990924384,-2.46179676101275,58
"1151",-0.774835234959744,-2.83678078582291,58
"1152",-0.423960560675646,-3.02427279822798,58
"1153",-0.0730858863915476,-3.02427279822798,58
"1154",0.277788787892551,-3.21176481063306,58
"1155",0.62866346217665,-3.21176481063306,58
"1156",0.979538136460749,-3.21176481063306,58
"1157",1.33041281074485,-3.21176481063306,58
"1158",1.68128748502895,-3.21176481063306,58
"1159",2.03216215931305,-3.21176481063306,58
"1160",2.38303683359714,-3.21176481063306,58
"1161",-4.28358197780073,0.163091412658318,59
"1162",-3.93270730351663,0.163091412658318,59
"1163",-3.58183262923253,0.163091412658318,59
"1164",-3.23095795494844,0.163091412658318,59
"1165",-2.88008328066434,0.163091412658318,59
"1166",-2.52920860638024,0.163091412658318,59
"1167",-2.17833393209614,-0.961860661772141,59
"1168",-1.82745925781204,-1.52433669898737,59
"1169",-1.47658458352794,-1.71182871139245,59
"1170",-1.12570990924384,-1.89932072379752,59
"1171",-0.774835234959744,-2.0868127362026,59
"1172",-0.423960560675646,-2.0868127362026,59
"1173",-0.0730858863915476,-2.0868127362026,59
"1174",0.277788787892551,-2.0868127362026,59
"1175",0.62866346217665,-2.0868127362026,59
"1176",0.979538136460749,-2.0868127362026,59
"1177",1.33041281074485,-2.0868127362026,59
"1178",1.68128748502895,-2.0868127362026,59
"1179",2.03216215931305,-2.0868127362026,59
"1180",2.38303683359714,-2.0868127362026,59
"1181",-4.28358197780073,0.163091412658318,60
"1182",-3.93270730351663,0.163091412658318,60
"1183",-3.58183262923253,0.163091412658318,60
"1184",-3.23095795494844,0.163091412658318,60
"1185",-2.88008328066434,0.163091412658318,60
"1186",-2.52920860638024,0.163091412658318,60
"1187",-2.17833393209614,-0.961860661772141,60
"1188",-1.82745925781204,-1.89932072379752,60
"1189",-1.47658458352794,-2.27430474860768,60
"1190",-1.12570990924384,-2.64928877341783,60
"1191",-0.774835234959744,-3.02427279822798,60
"1192",-0.423960560675646,-3.21176481063306,60
"1193",-0.0730858863915476,-3.39925682303813,60
"1194",0.277788787892551,-3.39925682303813,60
"1195",0.62866346217665,-3.58674883544321,60
"1196",0.979538136460749,-3.58674883544321,60
"1197",1.33041281074485,-3.58674883544321,60
"1198",1.68128748502895,-3.58674883544321,60
"1199",2.03216215931305,-3.58674883544321,60
"1200",2.38303683359714,-3.58674883544321,60
"1201",-4.28358197780073,0.163091412658318,61
"1202",-3.93270730351663,0.163091412658318,61
"1203",-3.58183262923253,0.163091412658318,61
"1204",-3.23095795494844,0.163091412658318,61
"1205",-2.88008328066434,0.163091412658318,61
"1206",-2.52920860638024,0.163091412658318,61
"1207",-2.17833393209614,-0.961860661772141,61
"1208",-1.82745925781204,-1.71182871139245,61
"1209",-1.47658458352794,-2.0868127362026,61
"1210",-1.12570990924384,-2.27430474860768,61
"1211",-0.774835234959744,-2.27430474860768,61
"1212",-0.423960560675646,-2.46179676101275,61
"1213",-0.0730858863915476,-2.46179676101275,61
"1214",0.277788787892551,-2.46179676101275,61
"1215",0.62866346217665,-2.46179676101275,61
"1216",0.979538136460749,-2.46179676101275,61
"1217",1.33041281074485,-2.46179676101275,61
"1218",1.68128748502895,-2.46179676101275,61
"1219",2.03216215931305,-2.46179676101275,61
"1220",2.38303683359714,-2.46179676101275,61
"1221",-4.28358197780073,0.163091412658318,62
"1222",-3.93270730351663,0.163091412658318,62
"1223",-3.58183262923253,0.163091412658318,62
"1224",-3.23095795494844,0.163091412658318,62
"1225",-2.88008328066434,0.163091412658318,62
"1226",-2.52920860638024,0.163091412658318,62
"1227",-2.17833393209614,-1.71182871139245,62
"1228",-1.82745925781204,-2.64928877341783,62
"1229",-1.47658458352794,-2.83678078582291,62
"1230",-1.12570990924384,-2.83678078582291,62
"1231",-0.774835234959744,-3.02427279822798,62
"1232",-0.423960560675646,-3.02427279822798,62
"1233",-0.0730858863915476,-3.02427279822798,62
"1234",0.277788787892551,-3.02427279822798,62
"1235",0.62866346217665,-3.02427279822798,62
"1236",0.979538136460749,-3.02427279822798,62
"1237",1.33041281074485,-3.02427279822798,62
"1238",1.68128748502895,-3.02427279822798,62
"1239",2.03216215931305,-3.02427279822798,62
"1240",2.38303683359714,-3.02427279822798,62
"1241",-4.28358197780073,0.163091412658318,63
"1242",-3.93270730351663,0.163091412658318,63
"1243",-3.58183262923253,0.163091412658318,63
"1244",-3.23095795494844,0.163091412658318,63
"1245",-2.88008328066434,-0.0244005997467585,63
"1246",-2.52920860638024,-0.399384624556911,63
"1247",-2.17833393209614,-0.774368649367064,63
"1248",-1.82745925781204,-1.52433669898737,63
"1249",-1.47658458352794,-2.0868127362026,63
"1250",-1.12570990924384,-2.27430474860768,63
"1251",-0.774835234959744,-2.27430474860768,63
"1252",-0.423960560675646,-2.46179676101275,63
"1253",-0.0730858863915476,-2.64928877341783,63
"1254",0.277788787892551,-2.83678078582291,63
"1255",0.62866346217665,-3.02427279822798,63
"1256",0.979538136460749,-3.21176481063306,63
"1257",1.33041281074485,-3.21176481063306,63
"1258",1.68128748502895,-3.21176481063306,63
"1259",2.03216215931305,-3.39925682303813,63
"1260",2.38303683359714,-3.39925682303813,63
"1261",-4.28358197780073,0.163091412658318,64
"1262",-3.93270730351663,0.163091412658318,64
"1263",-3.58183262923253,0.163091412658318,64
"1264",-3.23095795494844,0.163091412658318,64
"1265",-2.88008328066434,0.163091412658318,64
"1266",-2.52920860638024,0.163091412658318,64
"1267",-2.17833393209614,-0.774368649367064,64
"1268",-1.82745925781204,-0.961860661772141,64
"1269",-1.47658458352794,-1.14935267417722,64
"1270",-1.12570990924384,-1.33684468658229,64
"1271",-0.774835234959744,-1.71182871139245,64
"1272",-0.423960560675646,-1.89932072379752,64
"1273",-0.0730858863915476,-2.0868127362026,64
"1274",0.277788787892551,-2.27430474860768,64
"1275",0.62866346217665,-2.46179676101275,64
"1276",0.979538136460749,-2.46179676101275,64
"1277",1.33041281074485,-2.46179676101275,64
"1278",1.68128748502895,-2.46179676101275,64
"1279",2.03216215931305,-2.46179676101275,64
"1280",2.38303683359714,-2.46179676101275,64
"1281",-4.28358197780073,0.163091412658318,65
"1282",-3.93270730351663,0.163091412658318,65
"1283",-3.58183262923253,0.163091412658318,65
"1284",-3.23095795494844,0.163091412658318,65
"1285",-2.88008328066434,0.163091412658318,65
"1286",-2.52920860638024,0.163091412658318,65
"1287",-2.17833393209614,-1.33684468658229,65
"1288",-1.82745925781204,-1.89932072379752,65
"1289",-1.47658458352794,-2.0868127362026,65
"1290",-1.12570990924384,-2.46179676101275,65
"1291",-0.774835234959744,-2.64928877341783,65
"1292",-0.423960560675646,-2.83678078582291,65
"1293",-0.0730858863915476,-3.02427279822798,65
"1294",0.277788787892551,-3.02427279822798,65
"1295",0.62866346217665,-3.02427279822798,65
"1296",0.979538136460749,-3.02427279822798,65
"1297",1.33041281074485,-3.02427279822798,65
"1298",1.68128748502895,-3.02427279822798,65
"1299",2.03216215931305,-3.02427279822798,65
"1300",2.38303683359714,-3.02427279822798,65
"1301",-4.28358197780073,0.163091412658318,66
"1302",-3.93270730351663,0.163091412658318,66
"1303",-3.58183262923253,0.163091412658318,66
"1304",-3.23095795494844,0.163091412658318,66
"1305",-2.88008328066434,0.163091412658318,66
"1306",-2.52920860638024,0.163091412658318,66
"1307",-2.17833393209614,-0.774368649367064,66
"1308",-1.82745925781204,-1.52433669898737,66
"1309",-1.47658458352794,-2.46179676101275,66
"1310",-1.12570990924384,-3.02427279822798,66
"1311",-0.774835234959744,-3.39925682303813,66
"1312",-0.423960560675646,-3.58674883544321,66
"1313",-0.0730858863915476,-3.58674883544321,66
"1314",0.277788787892551,-3.58674883544321,66
"1315",0.62866346217665,-3.58674883544321,66
"1316",0.979538136460749,-3.58674883544321,66
"1317",1.33041281074485,-3.58674883544321,66
"1318",1.68128748502895,-3.58674883544321,66
"1319",2.03216215931305,-3.58674883544321,66
"1320",2.38303683359714,-3.58674883544321,66
"1321",-4.28358197780073,0.163091412658318,67
"1322",-3.93270730351663,0.163091412658318,67
"1323",-3.58183262923253,0.163091412658318,67
"1324",-3.23095795494844,0.163091412658318,67
"1325",-2.88008328066434,0.163091412658318,67
"1326",-2.52920860638024,0.163091412658318,67
"1327",-2.17833393209614,-1.14935267417722,67
"1328",-1.82745925781204,-2.0868127362026,67
"1329",-1.47658458352794,-2.46179676101275,67
"1330",-1.12570990924384,-2.83678078582291,67
"1331",-0.774835234959744,-2.83678078582291,67
"1332",-0.423960560675646,-3.02427279822798,67
"1333",-0.0730858863915476,-3.02427279822798,67
"1334",0.277788787892551,-3.02427279822798,67
"1335",0.62866346217665,-3.02427279822798,67
"1336",0.979538136460749,-3.02427279822798,67
"1337",1.33041281074485,-3.02427279822798,67
"1338",1.68128748502895,-3.02427279822798,67
"1339",2.03216215931305,-3.02427279822798,67
"1340",2.38303683359714,-3.02427279822798,67
"1341",-4.28358197780073,0.163091412658318,68
"1342",-3.93270730351663,0.163091412658318,68
"1343",-3.58183262923253,0.163091412658318,68
"1344",-3.23095795494844,0.163091412658318,68
"1345",-2.88008328066434,0.163091412658318,68
"1346",-2.52920860638024,0.163091412658318,68
"1347",-2.17833393209614,-0.774368649367064,68
"1348",-1.82745925781204,-1.33684468658229,68
"1349",-1.47658458352794,-1.71182871139245,68
"1350",-1.12570990924384,-2.0868127362026,68
"1351",-0.774835234959744,-2.27430474860768,68
"1352",-0.423960560675646,-2.27430474860768,68
"1353",-0.0730858863915476,-2.46179676101275,68
"1354",0.277788787892551,-2.46179676101275,68
"1355",0.62866346217665,-2.46179676101275,68
"1356",0.979538136460749,-2.46179676101275,68
"1357",1.33041281074485,-2.46179676101275,68
"1358",1.68128748502895,-2.46179676101275,68
"1359",2.03216215931305,-2.46179676101275,68
"1360",2.38303683359714,-2.46179676101275,68
"1361",-4.28358197780073,0.163091412658318,69
"1362",-3.93270730351663,0.163091412658318,69
"1363",-3.58183262923253,0.163091412658318,69
"1364",-3.23095795494844,0.163091412658318,69
"1365",-2.88008328066434,0.163091412658318,69
"1366",-2.52920860638024,0.163091412658318,69
"1367",-2.17833393209614,-0.961860661772141,69
"1368",-1.82745925781204,-1.71182871139245,69
"1369",-1.47658458352794,-2.0868127362026,69
"1370",-1.12570990924384,-2.27430474860768,69
"1371",-0.774835234959744,-2.27430474860768,69
"1372",-0.423960560675646,-2.27430474860768,69
"1373",-0.0730858863915476,-2.46179676101275,69
"1374",0.277788787892551,-2.46179676101275,69
"1375",0.62866346217665,-2.46179676101275,69
"1376",0.979538136460749,-2.46179676101275,69
"1377",1.33041281074485,-2.46179676101275,69
"1378",1.68128748502895,-2.46179676101275,69
"1379",2.03216215931305,-2.46179676101275,69
"1380",2.38303683359714,-2.46179676101275,69
"1381",-4.28358197780073,0.163091412658318,70
"1382",-3.93270730351663,0.163091412658318,70
"1383",-3.58183262923253,0.163091412658318,70
"1384",-3.23095795494844,0.163091412658318,70
"1385",-2.88008328066434,0.163091412658318,70
"1386",-2.52920860638024,0.163091412658318,70
"1387",-2.17833393209614,-0.774368649367064,70
"1388",-1.82745925781204,-1.52433669898737,70
"1389",-1.47658458352794,-2.27430474860768,70
"1390",-1.12570990924384,-2.64928877341783,70
"1391",-0.774835234959744,-3.02427279822798,70
"1392",-0.423960560675646,-3.21176481063306,70
"1393",-0.0730858863915476,-3.21176481063306,70
"1394",0.277788787892551,-3.21176481063306,70
"1395",0.62866346217665,-3.21176481063306,70
"1396",0.979538136460749,-3.39925682303813,70
"1397",1.33041281074485,-3.39925682303813,70
"1398",1.68128748502895,-3.39925682303813,70
"1399",2.03216215931305,-3.39925682303813,70
"1400",2.38303683359714,-3.39925682303813,70
"1401",-4.28358197780073,0.163091412658318,71
"1402",-3.93270730351663,0.163091412658318,71
"1403",-3.58183262923253,0.163091412658318,71
"1404",-3.23095795494844,0.163091412658318,71
"1405",-2.88008328066434,0.163091412658318,71
"1406",-2.52920860638024,0.163091412658318,71
"1407",-2.17833393209614,-0.961860661772141,71
"1408",-1.82745925781204,-1.52433669898737,71
"1409",-1.47658458352794,-1.89932072379752,71
"1410",-1.12570990924384,-2.0868127362026,71
"1411",-0.774835234959744,-2.27430474860768,71
"1412",-0.423960560675646,-2.27430474860768,71
"1413",-0.0730858863915476,-2.46179676101275,71
"1414",0.277788787892551,-2.46179676101275,71
"1415",0.62866346217665,-2.46179676101275,71
"1416",0.979538136460749,-2.46179676101275,71
"1417",1.33041281074485,-2.46179676101275,71
"1418",1.68128748502895,-2.46179676101275,71
"1419",2.03216215931305,-2.46179676101275,71
"1420",2.38303683359714,-2.46179676101275,71
"1421",-4.28358197780073,0.163091412658318,72
"1422",-3.93270730351663,0.163091412658318,72
"1423",-3.58183262923253,0.163091412658318,72
"1424",-3.23095795494844,0.163091412658318,72
"1425",-2.88008328066434,0.163091412658318,72
"1426",-2.52920860638024,0.163091412658318,72
"1427",-2.17833393209614,-1.14935267417722,72
"1428",-1.82745925781204,-1.89932072379752,72
"1429",-1.47658458352794,-2.27430474860768,72
"1430",-1.12570990924384,-2.46179676101275,72
"1431",-0.774835234959744,-2.46179676101275,72
"1432",-0.423960560675646,-2.46179676101275,72
"1433",-0.0730858863915476,-2.46179676101275,72
"1434",0.277788787892551,-2.46179676101275,72
"1435",0.62866346217665,-2.46179676101275,72
"1436",0.979538136460749,-2.46179676101275,72
"1437",1.33041281074485,-2.46179676101275,72
"1438",1.68128748502895,-2.46179676101275,72
"1439",2.03216215931305,-2.46179676101275,72
"1440",2.38303683359714,-2.46179676101275,72
"1441",-4.28358197780073,0.163091412658318,73
"1442",-3.93270730351663,0.163091412658318,73
"1443",-3.58183262923253,0.163091412658318,73
"1444",-3.23095795494844,0.163091412658318,73
"1445",-2.88008328066434,0.163091412658318,73
"1446",-2.52920860638024,0.163091412658318,73
"1447",-2.17833393209614,-0.961860661772141,73
"1448",-1.82745925781204,-1.52433669898737,73
"1449",-1.47658458352794,-1.71182871139245,73
"1450",-1.12570990924384,-1.89932072379752,73
"1451",-0.774835234959744,-1.89932072379752,73
"1452",-0.423960560675646,-2.0868127362026,73
"1453",-0.0730858863915476,-2.0868127362026,73
"1454",0.277788787892551,-2.0868127362026,73
"1455",0.62866346217665,-2.27430474860768,73
"1456",0.979538136460749,-2.27430474860768,73
"1457",1.33041281074485,-2.27430474860768,73
"1458",1.68128748502895,-2.27430474860768,73
"1459",2.03216215931305,-2.27430474860768,73
"1460",2.38303683359714,-2.27430474860768,73
"1461",-4.28358197780073,0.163091412658318,74
"1462",-3.93270730351663,0.163091412658318,74
"1463",-3.58183262923253,0.163091412658318,74
"1464",-3.23095795494844,0.163091412658318,74
"1465",-2.88008328066434,0.163091412658318,74
"1466",-2.52920860638024,0.163091412658318,74
"1467",-2.17833393209614,-1.14935267417722,74
"1468",-1.82745925781204,-1.89932072379752,74
"1469",-1.47658458352794,-2.27430474860768,74
"1470",-1.12570990924384,-2.27430474860768,74
"1471",-0.774835234959744,-2.46179676101275,74
"1472",-0.423960560675646,-2.46179676101275,74
"1473",-0.0730858863915476,-2.46179676101275,74
"1474",0.277788787892551,-2.46179676101275,74
"1475",0.62866346217665,-2.46179676101275,74
"1476",0.979538136460749,-2.46179676101275,74
"1477",1.33041281074485,-2.46179676101275,74
"1478",1.68128748502895,-2.46179676101275,74
"1479",2.03216215931305,-2.46179676101275,74
"1480",2.38303683359714,-2.46179676101275,74
"1481",-4.28358197780073,0.163091412658318,75
"1482",-3.93270730351663,0.163091412658318,75
"1483",-3.58183262923253,0.163091412658318,75
"1484",-3.23095795494844,0.163091412658318,75
"1485",-2.88008328066434,0.163091412658318,75
"1486",-2.52920860638024,0.163091412658318,75
"1487",-2.17833393209614,-1.71182871139245,75
"1488",-1.82745925781204,-2.46179676101275,75
"1489",-1.47658458352794,-2.64928877341783,75
"1490",-1.12570990924384,-2.83678078582291,75
"1491",-0.774835234959744,-2.83678078582291,75
"1492",-0.423960560675646,-2.83678078582291,75
"1493",-0.0730858863915476,-2.83678078582291,75
"1494",0.277788787892551,-2.83678078582291,75
"1495",0.62866346217665,-3.02427279822798,75
"1496",0.979538136460749,-3.02427279822798,75
"1497",1.33041281074485,-3.02427279822798,75
"1498",1.68128748502895,-3.02427279822798,75
"1499",2.03216215931305,-3.02427279822798,75
"1500",2.38303683359714,-3.02427279822798,75
"1501",-4.28358197780073,0.163091412658318,76
"1502",-3.93270730351663,0.163091412658318,76
"1503",-3.58183262923253,0.163091412658318,76
"1504",-3.23095795494844,0.163091412658318,76
"1505",-2.88008328066434,0.163091412658318,76
"1506",-2.52920860638024,-0.211892612151835,76
"1507",-2.17833393209614,-0.586876636961988,76
"1508",-1.82745925781204,-0.961860661772141,76
"1509",-1.47658458352794,-1.33684468658229,76
"1510",-1.12570990924384,-1.52433669898737,76
"1511",-0.774835234959744,-1.71182871139245,76
"1512",-0.423960560675646,-1.89932072379752,76
"1513",-0.0730858863915476,-1.89932072379752,76
"1514",0.277788787892551,-1.89932072379752,76
"1515",0.62866346217665,-2.0868127362026,76
"1516",0.979538136460749,-2.0868127362026,76
"1517",1.33041281074485,-2.0868127362026,76
"1518",1.68128748502895,-2.0868127362026,76
"1519",2.03216215931305,-2.0868127362026,76
"1520",2.38303683359714,-2.0868127362026,76
"1521",-4.28358197780073,0.163091412658318,77
"1522",-3.93270730351663,0.163091412658318,77
"1523",-3.58183262923253,0.163091412658318,77
"1524",-3.23095795494844,0.163091412658318,77
"1525",-2.88008328066434,0.163091412658318,77
"1526",-2.52920860638024,0.163091412658318,77
"1527",-2.17833393209614,-0.774368649367064,77
"1528",-1.82745925781204,-1.33684468658229,77
"1529",-1.47658458352794,-1.89932072379752,77
"1530",-1.12570990924384,-2.27430474860768,77
"1531",-0.774835234959744,-2.46179676101275,77
"1532",-0.423960560675646,-2.46179676101275,77
"1533",-0.0730858863915476,-2.64928877341783,77
"1534",0.277788787892551,-2.64928877341783,77
"1535",0.62866346217665,-2.64928877341783,77
"1536",0.979538136460749,-2.64928877341783,77
"1537",1.33041281074485,-2.64928877341783,77
"1538",1.68128748502895,-2.64928877341783,77
"1539",2.03216215931305,-2.64928877341783,77
"1540",2.38303683359714,-2.64928877341783,77
"1541",-4.28358197780073,0.163091412658318,78
"1542",-3.93270730351663,0.163091412658318,78
"1543",-3.58183262923253,0.163091412658318,78
"1544",-3.23095795494844,0.163091412658318,78
"1545",-2.88008328066434,0.163091412658318,78
"1546",-2.52920860638024,0.163091412658318,78
"1547",-2.17833393209614,-1.33684468658229,78
"1548",-1.82745925781204,-2.0868127362026,78
"1549",-1.47658458352794,-2.46179676101275,78
"1550",-1.12570990924384,-2.64928877341783,78
"1551",-0.774835234959744,-2.64928877341783,78
"1552",-0.423960560675646,-2.64928877341783,78
"1553",-0.0730858863915476,-2.83678078582291,78
"1554",0.277788787892551,-2.83678078582291,78
"1555",0.62866346217665,-2.83678078582291,78
"1556",0.979538136460749,-2.83678078582291,78
"1557",1.33041281074485,-2.83678078582291,78
"1558",1.68128748502895,-2.83678078582291,78
"1559",2.03216215931305,-2.83678078582291,78
"1560",2.38303683359714,-2.83678078582291,78
"1561",-4.28358197780073,0.163091412658318,79
"1562",-3.93270730351663,0.163091412658318,79
"1563",-3.58183262923253,0.163091412658318,79
"1564",-3.23095795494844,0.163091412658318,79
"1565",-2.88008328066434,0.163091412658318,79
"1566",-2.52920860638024,0.163091412658318,79
"1567",-2.17833393209614,-1.71182871139245,79
"1568",-1.82745925781204,-2.0868127362026,79
"1569",-1.47658458352794,-2.0868127362026,79
"1570",-1.12570990924384,-2.27430474860768,79
"1571",-0.774835234959744,-2.46179676101275,79
"1572",-0.423960560675646,-2.83678078582291,79
"1573",-0.0730858863915476,-2.83678078582291,79
"1574",0.277788787892551,-3.02427279822798,79
"1575",0.62866346217665,-3.02427279822798,79
"1576",0.979538136460749,-3.02427279822798,79
"1577",1.33041281074485,-3.02427279822798,79
"1578",1.68128748502895,-3.02427279822798,79
"1579",2.03216215931305,-3.02427279822798,79
"1580",2.38303683359714,-3.02427279822798,79
"1581",-4.28358197780073,0.163091412658318,80
"1582",-3.93270730351663,0.163091412658318,80
"1583",-3.58183262923253,0.163091412658318,80
"1584",-3.23095795494844,0.163091412658318,80
"1585",-2.88008328066434,0.163091412658318,80
"1586",-2.52920860638024,0.163091412658318,80
"1587",-2.17833393209614,-0.774368649367064,80
"1588",-1.82745925781204,-1.52433669898737,80
"1589",-1.47658458352794,-2.0868127362026,80
"1590",-1.12570990924384,-2.46179676101275,80
"1591",-0.774835234959744,-2.83678078582291,80
"1592",-0.423960560675646,-3.02427279822798,80
"1593",-0.0730858863915476,-3.21176481063306,80
"1594",0.277788787892551,-3.39925682303813,80
"1595",0.62866346217665,-3.39925682303813,80
"1596",0.979538136460749,-3.39925682303813,80
"1597",1.33041281074485,-3.39925682303813,80
"1598",1.68128748502895,-3.39925682303813,80
"1599",2.03216215931305,-3.39925682303813,80
"1600",2.38303683359714,-3.39925682303813,80
"1601",-4.28358197780073,0.163091412658318,81
"1602",-3.93270730351663,0.163091412658318,81
"1603",-3.58183262923253,-0.399384624556911,81
"1604",-3.23095795494844,-0.399384624556911,81
"1605",-2.88008328066434,-0.399384624556911,81
"1606",-2.52920860638024,-0.399384624556911,81
"1607",-2.17833393209614,-0.586876636961988,81
"1608",-1.82745925781204,-0.961860661772141,81
"1609",-1.47658458352794,-1.33684468658229,81
"1610",-1.12570990924384,-1.89932072379752,81
"1611",-0.774835234959744,-2.0868127362026,81
"1612",-0.423960560675646,-2.46179676101275,81
"1613",-0.0730858863915476,-2.64928877341783,81
"1614",0.277788787892551,-2.64928877341783,81
"1615",0.62866346217665,-2.64928877341783,81
"1616",0.979538136460749,-2.83678078582291,81
"1617",1.33041281074485,-2.83678078582291,81
"1618",1.68128748502895,-2.83678078582291,81
"1619",2.03216215931305,-2.83678078582291,81
"1620",2.38303683359714,-2.83678078582291,81
"1621",-4.28358197780073,0.163091412658318,82
"1622",-3.93270730351663,0.163091412658318,82
"1623",-3.58183262923253,0.163091412658318,82
"1624",-3.23095795494844,0.163091412658318,82
"1625",-2.88008328066434,0.163091412658318,82
"1626",-2.52920860638024,0.163091412658318,82
"1627",-2.17833393209614,-0.774368649367064,82
"1628",-1.82745925781204,-1.33684468658229,82
"1629",-1.47658458352794,-1.71182871139245,82
"1630",-1.12570990924384,-2.0868127362026,82
"1631",-0.774835234959744,-2.46179676101275,82
"1632",-0.423960560675646,-2.64928877341783,82
"1633",-0.0730858863915476,-2.83678078582291,82
"1634",0.277788787892551,-3.02427279822798,82
"1635",0.62866346217665,-3.02427279822798,82
"1636",0.979538136460749,-3.21176481063306,82
"1637",1.33041281074485,-3.21176481063306,82
"1638",1.68128748502895,-3.21176481063306,82
"1639",2.03216215931305,-3.21176481063306,82
"1640",2.38303683359714,-3.21176481063306,82
"1641",-4.28358197780073,0.163091412658318,83
"1642",-3.93270730351663,0.163091412658318,83
"1643",-3.58183262923253,0.163091412658318,83
"1644",-3.23095795494844,0.163091412658318,83
"1645",-2.88008328066434,0.163091412658318,83
"1646",-2.52920860638024,-0.211892612151835,83
"1647",-2.17833393209614,-0.586876636961988,83
"1648",-1.82745925781204,-0.961860661772141,83
"1649",-1.47658458352794,-1.14935267417722,83
"1650",-1.12570990924384,-1.33684468658229,83
"1651",-0.774835234959744,-1.52433669898737,83
"1652",-0.423960560675646,-1.71182871139245,83
"1653",-0.0730858863915476,-1.71182871139245,83
"1654",0.277788787892551,-1.89932072379752,83
"1655",0.62866346217665,-1.89932072379752,83
"1656",0.979538136460749,-2.0868127362026,83
"1657",1.33041281074485,-2.0868127362026,83
"1658",1.68128748502895,-2.0868127362026,83
"1659",2.03216215931305,-2.0868127362026,83
"1660",2.38303683359714,-2.0868127362026,83
"1661",-4.28358197780073,0.163091412658318,84
"1662",-3.93270730351663,0.163091412658318,84
"1663",-3.58183262923253,0.163091412658318,84
"1664",-3.23095795494844,0.163091412658318,84
"1665",-2.88008328066434,0.163091412658318,84
"1666",-2.52920860638024,0.163091412658318,84
"1667",-2.17833393209614,-1.33684468658229,84
"1668",-1.82745925781204,-2.27430474860768,84
"1669",-1.47658458352794,-2.64928877341783,84
"1670",-1.12570990924384,-3.02427279822798,84
"1671",-0.774835234959744,-3.21176481063306,84
"1672",-0.423960560675646,-3.39925682303813,84
"1673",-0.0730858863915476,-3.58674883544321,84
"1674",0.277788787892551,-3.58674883544321,84
"1675",0.62866346217665,-3.58674883544321,84
"1676",0.979538136460749,-3.58674883544321,84
"1677",1.33041281074485,-3.58674883544321,84
"1678",1.68128748502895,-3.58674883544321,84
"1679",2.03216215931305,-3.58674883544321,84
"1680",2.38303683359714,-3.58674883544321,84
"1681",-4.28358197780073,0.163091412658318,85
"1682",-3.93270730351663,0.163091412658318,85
"1683",-3.58183262923253,0.163091412658318,85
"1684",-3.23095795494844,0.163091412658318,85
"1685",-2.88008328066434,0.163091412658318,85
"1686",-2.52920860638024,-0.211892612151835,85
"1687",-2.17833393209614,-0.774368649367064,85
"1688",-1.82745925781204,-1.14935267417722,85
"1689",-1.47658458352794,-1.71182871139245,85
"1690",-1.12570990924384,-2.0868127362026,85
"1691",-0.774835234959744,-2.46179676101275,85
"1692",-0.423960560675646,-2.83678078582291,85
"1693",-0.0730858863915476,-3.02427279822798,85
"1694",0.277788787892551,-3.39925682303813,85
"1695",0.62866346217665,-3.58674883544321,85
"1696",0.979538136460749,-3.58674883544321,85
"1697",1.33041281074485,-3.58674883544321,85
"1698",1.68128748502895,-3.58674883544321,85
"1699",2.03216215931305,-3.58674883544321,85
"1700",2.38303683359714,-3.58674883544321,85
"1701",-4.28358197780073,0.163091412658318,86
"1702",-3.93270730351663,0.163091412658318,86
"1703",-3.58183262923253,0.163091412658318,86
"1704",-3.23095795494844,0.163091412658318,86
"1705",-2.88008328066434,0.163091412658318,86
"1706",-2.52920860638024,-0.0244005997467585,86
"1707",-2.17833393209614,-0.961860661772141,86
"1708",-1.82745925781204,-1.33684468658229,86
"1709",-1.47658458352794,-1.71182871139245,86
"1710",-1.12570990924384,-1.71182871139245,86
"1711",-0.774835234959744,-2.0868127362026,86
"1712",-0.423960560675646,-2.27430474860768,86
"1713",-0.0730858863915476,-2.46179676101275,86
"1714",0.277788787892551,-2.83678078582291,86
"1715",0.62866346217665,-2.83678078582291,86
"1716",0.979538136460749,-3.02427279822798,86
"1717",1.33041281074485,-3.02427279822798,86
"1718",1.68128748502895,-3.02427279822798,86
"1719",2.03216215931305,-3.02427279822798,86
"1720",2.38303683359714,-3.02427279822798,86
"1721",-4.28358197780073,0.163091412658318,87
"1722",-3.93270730351663,0.163091412658318,87
"1723",-3.58183262923253,0.163091412658318,87
"1724",-3.23095795494844,0.163091412658318,87
"1725",-2.88008328066434,0.163091412658318,87
"1726",-2.52920860638024,0.163091412658318,87
"1727",-2.17833393209614,-1.71182871139245,87
"1728",-1.82745925781204,-2.0868127362026,87
"1729",-1.47658458352794,-2.0868127362026,87
"1730",-1.12570990924384,-2.27430474860768,87
"1731",-0.774835234959744,-2.27430474860768,87
"1732",-0.423960560675646,-2.46179676101275,87
"1733",-0.0730858863915476,-2.64928877341783,87
"1734",0.277788787892551,-2.64928877341783,87
"1735",0.62866346217665,-2.64928877341783,87
"1736",0.979538136460749,-2.64928877341783,87
"1737",1.33041281074485,-2.64928877341783,87
"1738",1.68128748502895,-2.64928877341783,87
"1739",2.03216215931305,-2.64928877341783,87
"1740",2.38303683359714,-2.64928877341783,87
"1741",-4.28358197780073,0.163091412658318,88
"1742",-3.93270730351663,0.163091412658318,88
"1743",-3.58183262923253,0.163091412658318,88
"1744",-3.23095795494844,0.163091412658318,88
"1745",-2.88008328066434,0.163091412658318,88
"1746",-2.52920860638024,-0.399384624556911,88
"1747",-2.17833393209614,-0.586876636961988,88
"1748",-1.82745925781204,-0.774368649367064,88
"1749",-1.47658458352794,-0.961860661772141,88
"1750",-1.12570990924384,-1.14935267417722,88
"1751",-0.774835234959744,-1.33684468658229,88
"1752",-0.423960560675646,-1.33684468658229,88
"1753",-0.0730858863915476,-1.52433669898737,88
"1754",0.277788787892551,-1.52433669898737,88
"1755",0.62866346217665,-1.52433669898737,88
"1756",0.979538136460749,-1.71182871139245,88
"1757",1.33041281074485,-1.71182871139245,88
"1758",1.68128748502895,-1.71182871139245,88
"1759",2.03216215931305,-1.71182871139245,88
"1760",2.38303683359714,-1.71182871139245,88
"1761",-4.28358197780073,0.163091412658318,89
"1762",-3.93270730351663,0.163091412658318,89
"1763",-3.58183262923253,0.163091412658318,89
"1764",-3.23095795494844,0.163091412658318,89
"1765",-2.88008328066434,0.163091412658318,89
"1766",-2.52920860638024,0.163091412658318,89
"1767",-2.17833393209614,-0.774368649367064,89
"1768",-1.82745925781204,-1.33684468658229,89
"1769",-1.47658458352794,-1.71182871139245,89
"1770",-1.12570990924384,-1.89932072379752,89
"1771",-0.774835234959744,-2.0868127362026,89
"1772",-0.423960560675646,-2.46179676101275,89
"1773",-0.0730858863915476,-3.02427279822798,89
"1774",0.277788787892551,-3.39925682303813,89
"1775",0.62866346217665,-3.58674883544321,89
"1776",0.979538136460749,-3.58674883544321,89
"1777",1.33041281074485,-3.58674883544321,89
"1778",1.68128748502895,-3.58674883544321,89
"1779",2.03216215931305,-3.58674883544321,89
"1780",2.38303683359714,-3.58674883544321,89
"1781",-4.28358197780073,0.163091412658318,90
"1782",-3.93270730351663,0.163091412658318,90
"1783",-3.58183262923253,0.163091412658318,90
"1784",-3.23095795494844,0.163091412658318,90
"1785",-2.88008328066434,0.163091412658318,90
"1786",-2.52920860638024,-0.0244005997467585,90
"1787",-2.17833393209614,-0.774368649367064,90
"1788",-1.82745925781204,-1.14935267417722,90
"1789",-1.47658458352794,-1.33684468658229,90
"1790",-1.12570990924384,-1.52433669898737,90
"1791",-0.774835234959744,-1.71182871139245,90
"1792",-0.423960560675646,-1.89932072379752,90
"1793",-0.0730858863915476,-1.89932072379752,90
"1794",0.277788787892551,-1.89932072379752,90
"1795",0.62866346217665,-1.89932072379752,90
"1796",0.979538136460749,-1.89932072379752,90
"1797",1.33041281074485,-2.0868127362026,90
"1798",1.68128748502895,-2.0868127362026,90
"1799",2.03216215931305,-2.0868127362026,90
"1800",2.38303683359714,-2.0868127362026,90
"1801",-4.28358197780073,0.163091412658318,91
"1802",-3.93270730351663,0.163091412658318,91
"1803",-3.58183262923253,0.163091412658318,91
"1804",-3.23095795494844,0.163091412658318,91
"1805",-2.88008328066434,0.163091412658318,91
"1806",-2.52920860638024,0.163091412658318,91
"1807",-2.17833393209614,-0.586876636961988,91
"1808",-1.82745925781204,-0.961860661772141,91
"1809",-1.47658458352794,-1.14935267417722,91
"1810",-1.12570990924384,-1.52433669898737,91
"1811",-0.774835234959744,-1.71182871139245,91
"1812",-0.423960560675646,-1.89932072379752,91
"1813",-0.0730858863915476,-2.0868127362026,91
"1814",0.277788787892551,-2.0868127362026,91
"1815",0.62866346217665,-2.0868127362026,91
"1816",0.979538136460749,-2.0868127362026,91
"1817",1.33041281074485,-2.0868127362026,91
"1818",1.68128748502895,-2.0868127362026,91
"1819",2.03216215931305,-2.0868127362026,91
"1820",2.38303683359714,-2.0868127362026,91
"1821",-4.28358197780073,0.163091412658318,92
"1822",-3.93270730351663,0.163091412658318,92
"1823",-3.58183262923253,0.163091412658318,92
"1824",-3.23095795494844,0.163091412658318,92
"1825",-2.88008328066434,0.163091412658318,92
"1826",-2.52920860638024,-0.0244005997467585,92
"1827",-2.17833393209614,-0.774368649367064,92
"1828",-1.82745925781204,-1.14935267417722,92
"1829",-1.47658458352794,-1.33684468658229,92
"1830",-1.12570990924384,-1.71182871139245,92
"1831",-0.774835234959744,-2.27430474860768,92
"1832",-0.423960560675646,-2.46179676101275,92
"1833",-0.0730858863915476,-2.46179676101275,92
"1834",0.277788787892551,-2.64928877341783,92
"1835",0.62866346217665,-2.64928877341783,92
"1836",0.979538136460749,-2.64928877341783,92
"1837",1.33041281074485,-2.64928877341783,92
"1838",1.68128748502895,-2.64928877341783,92
"1839",2.03216215931305,-2.64928877341783,92
"1840",2.38303683359714,-2.64928877341783,92
"1841",-4.28358197780073,0.163091412658318,93
"1842",-3.93270730351663,0.163091412658318,93
"1843",-3.58183262923253,0.163091412658318,93
"1844",-3.23095795494844,0.163091412658318,93
"1845",-2.88008328066434,0.163091412658318,93
"1846",-2.52920860638024,-0.211892612151835,93
"1847",-2.17833393209614,-0.586876636961988,93
"1848",-1.82745925781204,-0.961860661772141,93
"1849",-1.47658458352794,-1.33684468658229,93
"1850",-1.12570990924384,-1.52433669898737,93
"1851",-0.774835234959744,-1.71182871139245,93
"1852",-0.423960560675646,-2.0868127362026,93
"1853",-0.0730858863915476,-2.27430474860768,93
"1854",0.277788787892551,-2.46179676101275,93
"1855",0.62866346217665,-2.46179676101275,93
"1856",0.979538136460749,-2.64928877341783,93
"1857",1.33041281074485,-2.64928877341783,93
"1858",1.68128748502895,-2.64928877341783,93
"1859",2.03216215931305,-2.64928877341783,93
"1860",2.38303683359714,-2.64928877341783,93
"1861",-4.28358197780073,0.163091412658318,94
"1862",-3.93270730351663,0.163091412658318,94
"1863",-3.58183262923253,0.163091412658318,94
"1864",-3.23095795494844,0.163091412658318,94
"1865",-2.88008328066434,0.163091412658318,94
"1866",-2.52920860638024,0.163091412658318,94
"1867",-2.17833393209614,-1.14935267417722,94
"1868",-1.82745925781204,-1.71182871139245,94
"1869",-1.47658458352794,-1.71182871139245,94
"1870",-1.12570990924384,-1.89932072379752,94
"1871",-0.774835234959744,-1.89932072379752,94
"1872",-0.423960560675646,-2.0868127362026,94
"1873",-0.0730858863915476,-2.27430474860768,94
"1874",0.277788787892551,-2.27430474860768,94
"1875",0.62866346217665,-2.46179676101275,94
"1876",0.979538136460749,-2.64928877341783,94
"1877",1.33041281074485,-2.64928877341783,94
"1878",1.68128748502895,-2.83678078582291,94
"1879",2.03216215931305,-2.83678078582291,94
"1880",2.38303683359714,-2.83678078582291,94
"1881",-4.28358197780073,0.163091412658318,95
"1882",-3.93270730351663,0.163091412658318,95
"1883",-3.58183262923253,0.163091412658318,95
"1884",-3.23095795494844,0.163091412658318,95
"1885",-2.88008328066434,0.163091412658318,95
"1886",-2.52920860638024,0.163091412658318,95
"1887",-2.17833393209614,-0.774368649367064,95
"1888",-1.82745925781204,-1.33684468658229,95
"1889",-1.47658458352794,-1.52433669898737,95
"1890",-1.12570990924384,-1.89932072379752,95
"1891",-0.774835234959744,-2.64928877341783,95
"1892",-0.423960560675646,-2.83678078582291,95
"1893",-0.0730858863915476,-3.02427279822798,95
"1894",0.277788787892551,-3.02427279822798,95
"1895",0.62866346217665,-3.02427279822798,95
"1896",0.979538136460749,-3.02427279822798,95
"1897",1.33041281074485,-3.02427279822798,95
"1898",1.68128748502895,-3.02427279822798,95
"1899",2.03216215931305,-3.02427279822798,95
"1900",2.38303683359714,-3.21176481063306,95
"1901",-4.28358197780073,0.163091412658318,96
"1902",-3.93270730351663,0.163091412658318,96
"1903",-3.58183262923253,0.163091412658318,96
"1904",-3.23095795494844,0.163091412658318,96
"1905",-2.88008328066434,0.163091412658318,96
"1906",-2.52920860638024,0.163091412658318,96
"1907",-2.17833393209614,-0.961860661772141,96
"1908",-1.82745925781204,-1.33684468658229,96
"1909",-1.47658458352794,-1.71182871139245,96
"1910",-1.12570990924384,-2.0868127362026,96
"1911",-0.774835234959744,-2.27430474860768,96
"1912",-0.423960560675646,-2.46179676101275,96
"1913",-0.0730858863915476,-2.46179676101275,96
"1914",0.277788787892551,-2.46179676101275,96
"1915",0.62866346217665,-2.64928877341783,96
"1916",0.979538136460749,-2.64928877341783,96
"1917",1.33041281074485,-2.83678078582291,96
"1918",1.68128748502895,-3.02427279822798,96
"1919",2.03216215931305,-3.02427279822798,96
"1920",2.38303683359714,-3.02427279822798,96
"1921",-4.28358197780073,0.163091412658318,97
"1922",-3.93270730351663,0.163091412658318,97
"1923",-3.58183262923253,0.163091412658318,97
"1924",-3.23095795494844,0.163091412658318,97
"1925",-2.88008328066434,0.163091412658318,97
"1926",-2.52920860638024,0.163091412658318,97
"1927",-2.17833393209614,-0.774368649367064,97
"1928",-1.82745925781204,-1.52433669898737,97
"1929",-1.47658458352794,-2.0868127362026,97
"1930",-1.12570990924384,-2.46179676101275,97
"1931",-0.774835234959744,-2.83678078582291,97
"1932",-0.423960560675646,-3.02427279822798,97
"1933",-0.0730858863915476,-3.21176481063306,97
"1934",0.277788787892551,-3.39925682303813,97
"1935",0.62866346217665,-3.39925682303813,97
"1936",0.979538136460749,-3.39925682303813,97
"1937",1.33041281074485,-3.39925682303813,97
"1938",1.68128748502895,-3.39925682303813,97
"1939",2.03216215931305,-3.39925682303813,97
"1940",2.38303683359714,-3.39925682303813,97
"1941",-4.28358197780073,0.163091412658318,98
"1942",-3.93270730351663,0.163091412658318,98
"1943",-3.58183262923253,0.163091412658318,98
"1944",-3.23095795494844,0.163091412658318,98
"1945",-2.88008328066434,0.163091412658318,98
"1946",-2.52920860638024,-0.211892612151835,98
"1947",-2.17833393209614,-0.586876636961988,98
"1948",-1.82745925781204,-0.961860661772141,98
"1949",-1.47658458352794,-1.33684468658229,98
"1950",-1.12570990924384,-2.83678078582291,98
"1951",-0.774835234959744,-3.21176481063306,98
"1952",-0.423960560675646,-3.21176481063306,98
"1953",-0.0730858863915476,-3.21176481063306,98
"1954",0.277788787892551,-3.21176481063306,98
"1955",0.62866346217665,-3.21176481063306,98
"1956",0.979538136460749,-3.21176481063306,98
"1957",1.33041281074485,-3.21176481063306,98
"1958",1.68128748502895,-3.21176481063306,98
"1959",2.03216215931305,-3.21176481063306,98
"1960",2.38303683359714,-3.21176481063306,98
"1961",-4.28358197780073,0.163091412658318,99
"1962",-3.93270730351663,0.163091412658318,99
"1963",-3.58183262923253,0.163091412658318,99
"1964",-3.23095795494844,0.163091412658318,99
"1965",-2.88008328066434,0.163091412658318,99
"1966",-2.52920860638024,0.163091412658318,99
"1967",-2.17833393209614,-0.774368649367064,99
"1968",-1.82745925781204,-1.33684468658229,99
"1969",-1.47658458352794,-1.71182871139245,99
"1970",-1.12570990924384,-2.0868127362026,99
"1971",-0.774835234959744,-2.46179676101275,99
"1972",-0.423960560675646,-2.64928877341783,99
"1973",-0.0730858863915476,-2.64928877341783,99
"1974",0.277788787892551,-2.64928877341783,99
"1975",0.62866346217665,-2.64928877341783,99
"1976",0.979538136460749,-2.64928877341783,99
"1977",1.33041281074485,-2.64928877341783,99
"1978",1.68128748502895,-2.64928877341783,99
"1979",2.03216215931305,-2.64928877341783,99
"1980",2.38303683359714,-2.64928877341783,99
"1981",-4.28358197780073,0.163091412658318,100
"1982",-3.93270730351663,0.163091412658318,100
"1983",-3.58183262923253,0.163091412658318,100
"1984",-3.23095795494844,0.163091412658318,100
"1985",-2.88008328066434,0.163091412658318,100
"1986",-2.52920860638024,0.163091412658318,100
"1987",-2.17833393209614,-0.961860661772141,100
"1988",-1.82745925781204,-1.71182871139245,100
"1989",-1.47658458352794,-2.46179676101275,100
"1990",-1.12570990924384,-2.64928877341783,100
"1991",-0.774835234959744,-2.83678078582291,100
"1992",-0.423960560675646,-3.02427279822798,100
"1993",-0.0730858863915476,-3.02427279822798,100
"1994",0.277788787892551,-3.02427279822798,100
"1995",0.62866346217665,-3.02427279822798,100
"1996",0.979538136460749,-3.02427279822798,100
"1997",1.33041281074485,-3.02427279822798,100
"1998",1.68128748502895,-3.02427279822798,100
"1999",2.03216215931305,-3.02427279822798,100
"2000",2.38303683359714,-3.02427279822798,100
