"","x","y","sample"
"1",-4.4834711193852,-4.34208730338863,1
"2",-4.0915951490824,-4.34208730338863,1
"3",-3.69971917877959,-4.34208730338863,1
"4",-3.30784320847679,-4.48494444624577,1
"5",-2.91596723817399,-4.77065873196005,1
"6",-2.52409126787118,-5.05637301767434,1
"7",-2.13221529756838,-5.19923016053148,1
"8",-1.74033932726557,-5.48494444624577,1
"9",-1.34846335696277,-5.48494444624577,1
"10",-0.956587386659963,-5.62780158910291,1
"11",-0.564711416357158,-5.77065873196005,1
"12",-0.172835446054354,-5.77065873196005,1
"13",0.219040524248451,-5.77065873196005,1
"14",0.610916494551256,-5.77065873196005,1
"15",1.00279246485406,-5.9135158748172,1
"16",1.39466843515686,-5.9135158748172,1
"17",1.78654440545967,-5.9135158748172,1
"18",2.17842037576247,-5.9135158748172,1
"19",2.57029634606528,-5.9135158748172,1
"20",2.96217231636808,-5.9135158748172,1
"21",-4.4834711193852,-4.34208730338863,2
"22",-4.0915951490824,-4.34208730338863,2
"23",-3.69971917877959,-4.34208730338863,2
"24",-3.30784320847679,-4.34208730338863,2
"25",-2.91596723817399,-4.34208730338863,2
"26",-2.52409126787118,-4.9135158748172,2
"27",-2.13221529756838,-5.48494444624577,2
"28",-1.74033932726557,-5.77065873196005,2
"29",-1.34846335696277,-5.9135158748172,2
"30",-0.956587386659963,-5.9135158748172,2
"31",-0.564711416357158,-5.9135158748172,2
"32",-0.172835446054354,-5.9135158748172,2
"33",0.219040524248451,-5.9135158748172,2
"34",0.610916494551256,-5.9135158748172,2
"35",1.00279246485406,-5.9135158748172,2
"36",1.39466843515686,-5.9135158748172,2
"37",1.78654440545967,-5.9135158748172,2
"38",2.17842037576247,-5.9135158748172,2
"39",2.57029634606528,-5.9135158748172,2
"40",2.96217231636808,-5.9135158748172,2
"41",-4.4834711193852,-4.34208730338863,3
"42",-4.0915951490824,-4.62780158910291,3
"43",-3.69971917877959,-4.77065873196005,3
"44",-3.30784320847679,-4.9135158748172,3
"45",-2.91596723817399,-5.05637301767434,3
"46",-2.52409126787118,-5.05637301767434,3
"47",-2.13221529756838,-5.19923016053148,3
"48",-1.74033932726557,-5.19923016053148,3
"49",-1.34846335696277,-5.19923016053148,3
"50",-0.956587386659963,-5.19923016053148,3
"51",-0.564711416357158,-5.19923016053148,3
"52",-0.172835446054354,-5.19923016053148,3
"53",0.219040524248451,-5.19923016053148,3
"54",0.610916494551256,-5.19923016053148,3
"55",1.00279246485406,-5.19923016053148,3
"56",1.39466843515686,-5.19923016053148,3
"57",1.78654440545967,-5.19923016053148,3
"58",2.17842037576247,-5.19923016053148,3
"59",2.57029634606528,-5.19923016053148,3
"60",2.96217231636808,-5.19923016053148,3
"61",-4.4834711193852,-4.34208730338863,4
"62",-4.0915951490824,-4.34208730338863,4
"63",-3.69971917877959,-4.34208730338863,4
"64",-3.30784320847679,-4.62780158910291,4
"65",-2.91596723817399,-4.9135158748172,4
"66",-2.52409126787118,-5.05637301767434,4
"67",-2.13221529756838,-5.19923016053148,4
"68",-1.74033932726557,-5.34208730338863,4
"69",-1.34846335696277,-5.34208730338863,4
"70",-0.956587386659963,-5.34208730338863,4
"71",-0.564711416357158,-5.48494444624577,4
"72",-0.172835446054354,-5.48494444624577,4
"73",0.219040524248451,-5.48494444624577,4
"74",0.610916494551256,-5.48494444624577,4
"75",1.00279246485406,-5.48494444624577,4
"76",1.39466843515686,-5.48494444624577,4
"77",1.78654440545967,-5.48494444624577,4
"78",2.17842037576247,-5.48494444624577,4
"79",2.57029634606528,-5.48494444624577,4
"80",2.96217231636808,-5.48494444624577,4
"81",-4.4834711193852,-4.34208730338863,5
"82",-4.0915951490824,-4.34208730338863,5
"83",-3.69971917877959,-4.48494444624577,5
"84",-3.30784320847679,-4.77065873196005,5
"85",-2.91596723817399,-4.9135158748172,5
"86",-2.52409126787118,-5.05637301767434,5
"87",-2.13221529756838,-5.19923016053148,5
"88",-1.74033932726557,-5.34208730338863,5
"89",-1.34846335696277,-5.34208730338863,5
"90",-0.956587386659963,-5.34208730338863,5
"91",-0.564711416357158,-5.48494444624577,5
"92",-0.172835446054354,-5.48494444624577,5
"93",0.219040524248451,-5.48494444624577,5
"94",0.610916494551256,-5.48494444624577,5
"95",1.00279246485406,-5.48494444624577,5
"96",1.39466843515686,-5.48494444624577,5
"97",1.78654440545967,-5.48494444624577,5
"98",2.17842037576247,-5.48494444624577,5
"99",2.57029634606528,-5.48494444624577,5
"100",2.96217231636808,-5.48494444624577,5
"101",-4.4834711193852,-4.34208730338863,6
"102",-4.0915951490824,-4.34208730338863,6
"103",-3.69971917877959,-4.62780158910291,6
"104",-3.30784320847679,-4.77065873196005,6
"105",-2.91596723817399,-4.9135158748172,6
"106",-2.52409126787118,-5.05637301767434,6
"107",-2.13221529756838,-5.19923016053148,6
"108",-1.74033932726557,-5.19923016053148,6
"109",-1.34846335696277,-5.34208730338863,6
"110",-0.956587386659963,-5.34208730338863,6
"111",-0.564711416357158,-5.34208730338863,6
"112",-0.172835446054354,-5.34208730338863,6
"113",0.219040524248451,-5.34208730338863,6
"114",0.610916494551256,-5.48494444624577,6
"115",1.00279246485406,-5.48494444624577,6
"116",1.39466843515686,-5.48494444624577,6
"117",1.78654440545967,-5.48494444624577,6
"118",2.17842037576247,-5.48494444624577,6
"119",2.57029634606528,-5.48494444624577,6
"120",2.96217231636808,-5.48494444624577,6
"121",-4.4834711193852,-4.34208730338863,7
"122",-4.0915951490824,-4.34208730338863,7
"123",-3.69971917877959,-4.48494444624577,7
"124",-3.30784320847679,-4.77065873196005,7
"125",-2.91596723817399,-4.9135158748172,7
"126",-2.52409126787118,-5.05637301767434,7
"127",-2.13221529756838,-5.19923016053148,7
"128",-1.74033932726557,-5.34208730338863,7
"129",-1.34846335696277,-5.34208730338863,7
"130",-0.956587386659963,-5.48494444624577,7
"131",-0.564711416357158,-5.48494444624577,7
"132",-0.172835446054354,-5.48494444624577,7
"133",0.219040524248451,-5.62780158910291,7
"134",0.610916494551256,-5.62780158910291,7
"135",1.00279246485406,-5.62780158910291,7
"136",1.39466843515686,-5.62780158910291,7
"137",1.78654440545967,-5.62780158910291,7
"138",2.17842037576247,-5.62780158910291,7
"139",2.57029634606528,-5.62780158910291,7
"140",2.96217231636808,-5.62780158910291,7
"141",-4.4834711193852,-4.34208730338863,8
"142",-4.0915951490824,-4.34208730338863,8
"143",-3.69971917877959,-4.48494444624577,8
"144",-3.30784320847679,-4.77065873196005,8
"145",-2.91596723817399,-4.9135158748172,8
"146",-2.52409126787118,-5.05637301767434,8
"147",-2.13221529756838,-5.19923016053148,8
"148",-1.74033932726557,-5.34208730338863,8
"149",-1.34846335696277,-5.34208730338863,8
"150",-0.956587386659963,-5.34208730338863,8
"151",-0.564711416357158,-5.34208730338863,8
"152",-0.172835446054354,-5.34208730338863,8
"153",0.219040524248451,-5.34208730338863,8
"154",0.610916494551256,-5.34208730338863,8
"155",1.00279246485406,-5.34208730338863,8
"156",1.39466843515686,-5.34208730338863,8
"157",1.78654440545967,-5.34208730338863,8
"158",2.17842037576247,-5.34208730338863,8
"159",2.57029634606528,-5.34208730338863,8
"160",2.96217231636808,-5.34208730338863,8
"161",-4.4834711193852,-4.48494444624577,9
"162",-4.0915951490824,-4.62780158910291,9
"163",-3.69971917877959,-4.77065873196005,9
"164",-3.30784320847679,-4.9135158748172,9
"165",-2.91596723817399,-5.05637301767434,9
"166",-2.52409126787118,-5.05637301767434,9
"167",-2.13221529756838,-5.19923016053148,9
"168",-1.74033932726557,-5.19923016053148,9
"169",-1.34846335696277,-5.19923016053148,9
"170",-0.956587386659963,-5.34208730338863,9
"171",-0.564711416357158,-5.9135158748172,9
"172",-0.172835446054354,-6.48494444624577,9
"173",0.219040524248451,-6.9135158748172,9
"174",0.610916494551256,-7.19923016053148,9
"175",1.00279246485406,-7.19923016053148,9
"176",1.39466843515686,-7.19923016053148,9
"177",1.78654440545967,-7.19923016053148,9
"178",2.17842037576247,-7.19923016053148,9
"179",2.57029634606528,-7.19923016053148,9
"180",2.96217231636808,-7.19923016053148,9
"181",-4.4834711193852,-4.34208730338863,10
"182",-4.0915951490824,-4.48494444624577,10
"183",-3.69971917877959,-4.77065873196005,10
"184",-3.30784320847679,-4.9135158748172,10
"185",-2.91596723817399,-5.05637301767434,10
"186",-2.52409126787118,-5.05637301767434,10
"187",-2.13221529756838,-5.19923016053148,10
"188",-1.74033932726557,-5.19923016053148,10
"189",-1.34846335696277,-5.19923016053148,10
"190",-0.956587386659963,-5.19923016053148,10
"191",-0.564711416357158,-5.34208730338863,10
"192",-0.172835446054354,-5.34208730338863,10
"193",0.219040524248451,-5.34208730338863,10
"194",0.610916494551256,-5.34208730338863,10
"195",1.00279246485406,-5.34208730338863,10
"196",1.39466843515686,-5.34208730338863,10
"197",1.78654440545967,-5.34208730338863,10
"198",2.17842037576247,-5.34208730338863,10
"199",2.57029634606528,-5.34208730338863,10
"200",2.96217231636808,-5.34208730338863,10
"201",-4.4834711193852,-4.34208730338863,11
"202",-4.0915951490824,-4.34208730338863,11
"203",-3.69971917877959,-4.62780158910291,11
"204",-3.30784320847679,-4.77065873196005,11
"205",-2.91596723817399,-4.9135158748172,11
"206",-2.52409126787118,-5.05637301767434,11
"207",-2.13221529756838,-5.19923016053148,11
"208",-1.74033932726557,-5.34208730338863,11
"209",-1.34846335696277,-5.34208730338863,11
"210",-0.956587386659963,-5.48494444624577,11
"211",-0.564711416357158,-5.48494444624577,11
"212",-0.172835446054354,-5.48494444624577,11
"213",0.219040524248451,-5.48494444624577,11
"214",0.610916494551256,-5.48494444624577,11
"215",1.00279246485406,-5.48494444624577,11
"216",1.39466843515686,-5.48494444624577,11
"217",1.78654440545967,-5.48494444624577,11
"218",2.17842037576247,-5.48494444624577,11
"219",2.57029634606528,-5.48494444624577,11
"220",2.96217231636808,-5.48494444624577,11
"221",-4.4834711193852,-4.34208730338863,12
"222",-4.0915951490824,-4.34208730338863,12
"223",-3.69971917877959,-4.34208730338863,12
"224",-3.30784320847679,-4.34208730338863,12
"225",-2.91596723817399,-4.62780158910291,12
"226",-2.52409126787118,-5.05637301767434,12
"227",-2.13221529756838,-5.34208730338863,12
"228",-1.74033932726557,-5.62780158910291,12
"229",-1.34846335696277,-5.77065873196005,12
"230",-0.956587386659963,-5.9135158748172,12
"231",-0.564711416357158,-5.9135158748172,12
"232",-0.172835446054354,-5.9135158748172,12
"233",0.219040524248451,-6.05637301767434,12
"234",0.610916494551256,-6.05637301767434,12
"235",1.00279246485406,-6.05637301767434,12
"236",1.39466843515686,-6.05637301767434,12
"237",1.78654440545967,-6.05637301767434,12
"238",2.17842037576247,-6.05637301767434,12
"239",2.57029634606528,-6.05637301767434,12
"240",2.96217231636808,-6.05637301767434,12
"241",-4.4834711193852,-4.34208730338863,13
"242",-4.0915951490824,-4.34208730338863,13
"243",-3.69971917877959,-4.62780158910291,13
"244",-3.30784320847679,-4.77065873196005,13
"245",-2.91596723817399,-4.9135158748172,13
"246",-2.52409126787118,-5.05637301767434,13
"247",-2.13221529756838,-5.19923016053148,13
"248",-1.74033932726557,-5.19923016053148,13
"249",-1.34846335696277,-5.34208730338863,13
"250",-0.956587386659963,-5.34208730338863,13
"251",-0.564711416357158,-5.34208730338863,13
"252",-0.172835446054354,-5.34208730338863,13
"253",0.219040524248451,-5.34208730338863,13
"254",0.610916494551256,-5.34208730338863,13
"255",1.00279246485406,-5.34208730338863,13
"256",1.39466843515686,-5.34208730338863,13
"257",1.78654440545967,-5.34208730338863,13
"258",2.17842037576247,-5.34208730338863,13
"259",2.57029634606528,-5.34208730338863,13
"260",2.96217231636808,-5.34208730338863,13
"261",-4.4834711193852,-4.34208730338863,14
"262",-4.0915951490824,-4.34208730338863,14
"263",-3.69971917877959,-4.34208730338863,14
"264",-3.30784320847679,-4.62780158910291,14
"265",-2.91596723817399,-4.9135158748172,14
"266",-2.52409126787118,-5.05637301767434,14
"267",-2.13221529756838,-5.19923016053148,14
"268",-1.74033932726557,-5.34208730338863,14
"269",-1.34846335696277,-5.48494444624577,14
"270",-0.956587386659963,-5.48494444624577,14
"271",-0.564711416357158,-5.48494444624577,14
"272",-0.172835446054354,-5.48494444624577,14
"273",0.219040524248451,-5.62780158910291,14
"274",0.610916494551256,-5.62780158910291,14
"275",1.00279246485406,-5.62780158910291,14
"276",1.39466843515686,-5.62780158910291,14
"277",1.78654440545967,-5.62780158910291,14
"278",2.17842037576247,-5.62780158910291,14
"279",2.57029634606528,-5.62780158910291,14
"280",2.96217231636808,-5.62780158910291,14
"281",-4.4834711193852,-4.48494444624577,15
"282",-4.0915951490824,-4.62780158910291,15
"283",-3.69971917877959,-4.77065873196005,15
"284",-3.30784320847679,-4.9135158748172,15
"285",-2.91596723817399,-5.05637301767434,15
"286",-2.52409126787118,-5.05637301767434,15
"287",-2.13221529756838,-5.19923016053148,15
"288",-1.74033932726557,-5.19923016053148,15
"289",-1.34846335696277,-5.34208730338863,15
"290",-0.956587386659963,-5.34208730338863,15
"291",-0.564711416357158,-5.34208730338863,15
"292",-0.172835446054354,-5.34208730338863,15
"293",0.219040524248451,-5.34208730338863,15
"294",0.610916494551256,-5.34208730338863,15
"295",1.00279246485406,-5.34208730338863,15
"296",1.39466843515686,-5.34208730338863,15
"297",1.78654440545967,-5.34208730338863,15
"298",2.17842037576247,-5.34208730338863,15
"299",2.57029634606528,-5.34208730338863,15
"300",2.96217231636808,-5.34208730338863,15
"301",-4.4834711193852,-4.34208730338863,16
"302",-4.0915951490824,-4.48494444624577,16
"303",-3.69971917877959,-4.62780158910291,16
"304",-3.30784320847679,-4.77065873196005,16
"305",-2.91596723817399,-4.9135158748172,16
"306",-2.52409126787118,-5.05637301767434,16
"307",-2.13221529756838,-5.19923016053148,16
"308",-1.74033932726557,-5.19923016053148,16
"309",-1.34846335696277,-5.34208730338863,16
"310",-0.956587386659963,-5.34208730338863,16
"311",-0.564711416357158,-5.34208730338863,16
"312",-0.172835446054354,-5.34208730338863,16
"313",0.219040524248451,-5.34208730338863,16
"314",0.610916494551256,-5.34208730338863,16
"315",1.00279246485406,-5.34208730338863,16
"316",1.39466843515686,-5.34208730338863,16
"317",1.78654440545967,-5.34208730338863,16
"318",2.17842037576247,-5.34208730338863,16
"319",2.57029634606528,-5.34208730338863,16
"320",2.96217231636808,-5.34208730338863,16
"321",-4.4834711193852,-4.34208730338863,17
"322",-4.0915951490824,-4.34208730338863,17
"323",-3.69971917877959,-4.34208730338863,17
"324",-3.30784320847679,-4.48494444624577,17
"325",-2.91596723817399,-4.77065873196005,17
"326",-2.52409126787118,-5.05637301767434,17
"327",-2.13221529756838,-5.19923016053148,17
"328",-1.74033932726557,-5.34208730338863,17
"329",-1.34846335696277,-5.34208730338863,17
"330",-0.956587386659963,-5.48494444624577,17
"331",-0.564711416357158,-5.48494444624577,17
"332",-0.172835446054354,-5.48494444624577,17
"333",0.219040524248451,-5.48494444624577,17
"334",0.610916494551256,-5.48494444624577,17
"335",1.00279246485406,-5.48494444624577,17
"336",1.39466843515686,-5.48494444624577,17
"337",1.78654440545967,-5.48494444624577,17
"338",2.17842037576247,-5.48494444624577,17
"339",2.57029634606528,-5.48494444624577,17
"340",2.96217231636808,-5.48494444624577,17
"341",-4.4834711193852,-4.34208730338863,18
"342",-4.0915951490824,-4.34208730338863,18
"343",-3.69971917877959,-4.34208730338863,18
"344",-3.30784320847679,-4.48494444624577,18
"345",-2.91596723817399,-4.77065873196005,18
"346",-2.52409126787118,-5.05637301767434,18
"347",-2.13221529756838,-5.19923016053148,18
"348",-1.74033932726557,-5.34208730338863,18
"349",-1.34846335696277,-5.48494444624577,18
"350",-0.956587386659963,-5.48494444624577,18
"351",-0.564711416357158,-5.48494444624577,18
"352",-0.172835446054354,-5.48494444624577,18
"353",0.219040524248451,-5.48494444624577,18
"354",0.610916494551256,-5.48494444624577,18
"355",1.00279246485406,-5.48494444624577,18
"356",1.39466843515686,-5.48494444624577,18
"357",1.78654440545967,-5.48494444624577,18
"358",2.17842037576247,-5.48494444624577,18
"359",2.57029634606528,-5.48494444624577,18
"360",2.96217231636808,-5.48494444624577,18
"361",-4.4834711193852,-4.34208730338863,19
"362",-4.0915951490824,-4.34208730338863,19
"363",-3.69971917877959,-4.48494444624577,19
"364",-3.30784320847679,-4.77065873196005,19
"365",-2.91596723817399,-4.9135158748172,19
"366",-2.52409126787118,-5.05637301767434,19
"367",-2.13221529756838,-5.19923016053148,19
"368",-1.74033932726557,-5.19923016053148,19
"369",-1.34846335696277,-5.34208730338863,19
"370",-0.956587386659963,-5.34208730338863,19
"371",-0.564711416357158,-5.34208730338863,19
"372",-0.172835446054354,-5.34208730338863,19
"373",0.219040524248451,-5.34208730338863,19
"374",0.610916494551256,-5.34208730338863,19
"375",1.00279246485406,-5.34208730338863,19
"376",1.39466843515686,-5.34208730338863,19
"377",1.78654440545967,-5.34208730338863,19
"378",2.17842037576247,-5.34208730338863,19
"379",2.57029634606528,-5.34208730338863,19
"380",2.96217231636808,-5.34208730338863,19
"381",-4.4834711193852,-4.34208730338863,20
"382",-4.0915951490824,-4.34208730338863,20
"383",-3.69971917877959,-4.34208730338863,20
"384",-3.30784320847679,-4.34208730338863,20
"385",-2.91596723817399,-4.77065873196005,20
"386",-2.52409126787118,-5.05637301767434,20
"387",-2.13221529756838,-5.19923016053148,20
"388",-1.74033932726557,-5.34208730338863,20
"389",-1.34846335696277,-5.34208730338863,20
"390",-0.956587386659963,-5.34208730338863,20
"391",-0.564711416357158,-5.34208730338863,20
"392",-0.172835446054354,-5.34208730338863,20
"393",0.219040524248451,-5.34208730338863,20
"394",0.610916494551256,-5.34208730338863,20
"395",1.00279246485406,-5.34208730338863,20
"396",1.39466843515686,-5.34208730338863,20
"397",1.78654440545967,-5.34208730338863,20
"398",2.17842037576247,-5.34208730338863,20
"399",2.57029634606528,-5.34208730338863,20
"400",2.96217231636808,-5.34208730338863,20
"401",-4.4834711193852,-4.34208730338863,21
"402",-4.0915951490824,-4.34208730338863,21
"403",-3.69971917877959,-4.34208730338863,21
"404",-3.30784320847679,-4.62780158910291,21
"405",-2.91596723817399,-4.9135158748172,21
"406",-2.52409126787118,-5.05637301767434,21
"407",-2.13221529756838,-5.19923016053148,21
"408",-1.74033932726557,-5.34208730338863,21
"409",-1.34846335696277,-5.34208730338863,21
"410",-0.956587386659963,-5.48494444624577,21
"411",-0.564711416357158,-5.48494444624577,21
"412",-0.172835446054354,-5.48494444624577,21
"413",0.219040524248451,-5.48494444624577,21
"414",0.610916494551256,-5.48494444624577,21
"415",1.00279246485406,-5.48494444624577,21
"416",1.39466843515686,-5.48494444624577,21
"417",1.78654440545967,-5.48494444624577,21
"418",2.17842037576247,-5.48494444624577,21
"419",2.57029634606528,-5.48494444624577,21
"420",2.96217231636808,-5.48494444624577,21
"421",-4.4834711193852,-4.34208730338863,22
"422",-4.0915951490824,-4.34208730338863,22
"423",-3.69971917877959,-4.34208730338863,22
"424",-3.30784320847679,-4.48494444624577,22
"425",-2.91596723817399,-4.9135158748172,22
"426",-2.52409126787118,-5.05637301767434,22
"427",-2.13221529756838,-5.19923016053148,22
"428",-1.74033932726557,-5.34208730338863,22
"429",-1.34846335696277,-5.48494444624577,22
"430",-0.956587386659963,-5.48494444624577,22
"431",-0.564711416357158,-5.48494444624577,22
"432",-0.172835446054354,-5.48494444624577,22
"433",0.219040524248451,-5.48494444624577,22
"434",0.610916494551256,-5.48494444624577,22
"435",1.00279246485406,-5.48494444624577,22
"436",1.39466843515686,-5.48494444624577,22
"437",1.78654440545967,-5.48494444624577,22
"438",2.17842037576247,-5.48494444624577,22
"439",2.57029634606528,-5.48494444624577,22
"440",2.96217231636808,-5.48494444624577,22
"441",-4.4834711193852,-4.48494444624577,23
"442",-4.0915951490824,-4.62780158910291,23
"443",-3.69971917877959,-4.77065873196005,23
"444",-3.30784320847679,-4.9135158748172,23
"445",-2.91596723817399,-5.05637301767434,23
"446",-2.52409126787118,-5.05637301767434,23
"447",-2.13221529756838,-5.19923016053148,23
"448",-1.74033932726557,-5.19923016053148,23
"449",-1.34846335696277,-5.19923016053148,23
"450",-0.956587386659963,-5.34208730338863,23
"451",-0.564711416357158,-5.34208730338863,23
"452",-0.172835446054354,-5.34208730338863,23
"453",0.219040524248451,-5.34208730338863,23
"454",0.610916494551256,-5.34208730338863,23
"455",1.00279246485406,-5.34208730338863,23
"456",1.39466843515686,-5.34208730338863,23
"457",1.78654440545967,-5.34208730338863,23
"458",2.17842037576247,-5.34208730338863,23
"459",2.57029634606528,-5.34208730338863,23
"460",2.96217231636808,-5.34208730338863,23
"461",-4.4834711193852,-4.34208730338863,24
"462",-4.0915951490824,-4.34208730338863,24
"463",-3.69971917877959,-4.48494444624577,24
"464",-3.30784320847679,-4.77065873196005,24
"465",-2.91596723817399,-4.9135158748172,24
"466",-2.52409126787118,-5.05637301767434,24
"467",-2.13221529756838,-5.19923016053148,24
"468",-1.74033932726557,-5.19923016053148,24
"469",-1.34846335696277,-5.34208730338863,24
"470",-0.956587386659963,-5.34208730338863,24
"471",-0.564711416357158,-5.34208730338863,24
"472",-0.172835446054354,-5.34208730338863,24
"473",0.219040524248451,-5.34208730338863,24
"474",0.610916494551256,-5.34208730338863,24
"475",1.00279246485406,-5.34208730338863,24
"476",1.39466843515686,-5.34208730338863,24
"477",1.78654440545967,-5.34208730338863,24
"478",2.17842037576247,-5.34208730338863,24
"479",2.57029634606528,-5.34208730338863,24
"480",2.96217231636808,-5.34208730338863,24
"481",-4.4834711193852,-4.34208730338863,25
"482",-4.0915951490824,-4.34208730338863,25
"483",-3.69971917877959,-4.34208730338863,25
"484",-3.30784320847679,-4.62780158910291,25
"485",-2.91596723817399,-4.9135158748172,25
"486",-2.52409126787118,-5.05637301767434,25
"487",-2.13221529756838,-5.19923016053148,25
"488",-1.74033932726557,-5.19923016053148,25
"489",-1.34846335696277,-5.34208730338863,25
"490",-0.956587386659963,-5.34208730338863,25
"491",-0.564711416357158,-5.34208730338863,25
"492",-0.172835446054354,-5.34208730338863,25
"493",0.219040524248451,-5.34208730338863,25
"494",0.610916494551256,-5.34208730338863,25
"495",1.00279246485406,-5.34208730338863,25
"496",1.39466843515686,-5.34208730338863,25
"497",1.78654440545967,-5.34208730338863,25
"498",2.17842037576247,-5.34208730338863,25
"499",2.57029634606528,-5.34208730338863,25
"500",2.96217231636808,-5.34208730338863,25
"501",-4.4834711193852,-4.34208730338863,26
"502",-4.0915951490824,-4.34208730338863,26
"503",-3.69971917877959,-4.34208730338863,26
"504",-3.30784320847679,-4.34208730338863,26
"505",-2.91596723817399,-4.62780158910291,26
"506",-2.52409126787118,-5.05637301767434,26
"507",-2.13221529756838,-5.34208730338863,26
"508",-1.74033932726557,-5.48494444624577,26
"509",-1.34846335696277,-5.62780158910291,26
"510",-0.956587386659963,-5.77065873196005,26
"511",-0.564711416357158,-5.77065873196005,26
"512",-0.172835446054354,-5.77065873196005,26
"513",0.219040524248451,-5.77065873196005,26
"514",0.610916494551256,-5.77065873196005,26
"515",1.00279246485406,-5.77065873196005,26
"516",1.39466843515686,-5.77065873196005,26
"517",1.78654440545967,-5.77065873196005,26
"518",2.17842037576247,-5.77065873196005,26
"519",2.57029634606528,-5.77065873196005,26
"520",2.96217231636808,-5.77065873196005,26
"521",-4.4834711193852,-4.34208730338863,27
"522",-4.0915951490824,-4.34208730338863,27
"523",-3.69971917877959,-4.34208730338863,27
"524",-3.30784320847679,-4.62780158910291,27
"525",-2.91596723817399,-4.9135158748172,27
"526",-2.52409126787118,-5.05637301767434,27
"527",-2.13221529756838,-5.19923016053148,27
"528",-1.74033932726557,-5.34208730338863,27
"529",-1.34846335696277,-5.48494444624577,27
"530",-0.956587386659963,-5.48494444624577,27
"531",-0.564711416357158,-5.62780158910291,27
"532",-0.172835446054354,-5.62780158910291,27
"533",0.219040524248451,-5.62780158910291,27
"534",0.610916494551256,-5.62780158910291,27
"535",1.00279246485406,-5.62780158910291,27
"536",1.39466843515686,-5.62780158910291,27
"537",1.78654440545967,-5.62780158910291,27
"538",2.17842037576247,-5.62780158910291,27
"539",2.57029634606528,-5.62780158910291,27
"540",2.96217231636808,-5.62780158910291,27
"541",-4.4834711193852,-4.34208730338863,28
"542",-4.0915951490824,-4.34208730338863,28
"543",-3.69971917877959,-4.34208730338863,28
"544",-3.30784320847679,-4.34208730338863,28
"545",-2.91596723817399,-4.77065873196005,28
"546",-2.52409126787118,-5.05637301767434,28
"547",-2.13221529756838,-5.34208730338863,28
"548",-1.74033932726557,-5.48494444624577,28
"549",-1.34846335696277,-5.62780158910291,28
"550",-0.956587386659963,-5.77065873196005,28
"551",-0.564711416357158,-5.77065873196005,28
"552",-0.172835446054354,-5.9135158748172,28
"553",0.219040524248451,-5.9135158748172,28
"554",0.610916494551256,-5.9135158748172,28
"555",1.00279246485406,-5.9135158748172,28
"556",1.39466843515686,-5.9135158748172,28
"557",1.78654440545967,-5.9135158748172,28
"558",2.17842037576247,-5.9135158748172,28
"559",2.57029634606528,-5.9135158748172,28
"560",2.96217231636808,-5.9135158748172,28
"561",-4.4834711193852,-4.34208730338863,29
"562",-4.0915951490824,-4.34208730338863,29
"563",-3.69971917877959,-4.34208730338863,29
"564",-3.30784320847679,-4.62780158910291,29
"565",-2.91596723817399,-4.9135158748172,29
"566",-2.52409126787118,-5.05637301767434,29
"567",-2.13221529756838,-5.19923016053148,29
"568",-1.74033932726557,-5.34208730338863,29
"569",-1.34846335696277,-5.48494444624577,29
"570",-0.956587386659963,-5.48494444624577,29
"571",-0.564711416357158,-5.62780158910291,29
"572",-0.172835446054354,-5.62780158910291,29
"573",0.219040524248451,-5.62780158910291,29
"574",0.610916494551256,-5.62780158910291,29
"575",1.00279246485406,-5.77065873196005,29
"576",1.39466843515686,-5.77065873196005,29
"577",1.78654440545967,-5.77065873196005,29
"578",2.17842037576247,-5.77065873196005,29
"579",2.57029634606528,-5.77065873196005,29
"580",2.96217231636808,-5.77065873196005,29
"581",-4.4834711193852,-4.9135158748172,30
"582",-4.0915951490824,-4.9135158748172,30
"583",-3.69971917877959,-5.05637301767434,30
"584",-3.30784320847679,-5.05637301767434,30
"585",-2.91596723817399,-5.05637301767434,30
"586",-2.52409126787118,-5.05637301767434,30
"587",-2.13221529756838,-5.19923016053148,30
"588",-1.74033932726557,-5.19923016053148,30
"589",-1.34846335696277,-5.19923016053148,30
"590",-0.956587386659963,-5.19923016053148,30
"591",-0.564711416357158,-5.19923016053148,30
"592",-0.172835446054354,-5.19923016053148,30
"593",0.219040524248451,-5.19923016053148,30
"594",0.610916494551256,-5.19923016053148,30
"595",1.00279246485406,-5.48494444624577,30
"596",1.39466843515686,-6.05637301767434,30
"597",1.78654440545967,-6.62780158910291,30
"598",2.17842037576247,-7.05637301767434,30
"599",2.57029634606528,-7.19923016053148,30
"600",2.96217231636808,-7.19923016053148,30
"601",-4.4834711193852,-4.34208730338863,31
"602",-4.0915951490824,-4.34208730338863,31
"603",-3.69971917877959,-4.34208730338863,31
"604",-3.30784320847679,-4.62780158910291,31
"605",-2.91596723817399,-4.9135158748172,31
"606",-2.52409126787118,-5.05637301767434,31
"607",-2.13221529756838,-5.19923016053148,31
"608",-1.74033932726557,-5.34208730338863,31
"609",-1.34846335696277,-5.34208730338863,31
"610",-0.956587386659963,-5.48494444624577,31
"611",-0.564711416357158,-5.48494444624577,31
"612",-0.172835446054354,-5.48494444624577,31
"613",0.219040524248451,-5.48494444624577,31
"614",0.610916494551256,-5.48494444624577,31
"615",1.00279246485406,-5.48494444624577,31
"616",1.39466843515686,-5.48494444624577,31
"617",1.78654440545967,-5.48494444624577,31
"618",2.17842037576247,-5.48494444624577,31
"619",2.57029634606528,-5.48494444624577,31
"620",2.96217231636808,-5.48494444624577,31
"621",-4.4834711193852,-4.48494444624577,32
"622",-4.0915951490824,-4.77065873196005,32
"623",-3.69971917877959,-4.9135158748172,32
"624",-3.30784320847679,-4.9135158748172,32
"625",-2.91596723817399,-5.05637301767434,32
"626",-2.52409126787118,-5.05637301767434,32
"627",-2.13221529756838,-5.19923016053148,32
"628",-1.74033932726557,-5.19923016053148,32
"629",-1.34846335696277,-6.62780158910291,32
"630",-0.956587386659963,-7.19923016053148,32
"631",-0.564711416357158,-7.19923016053148,32
"632",-0.172835446054354,-7.19923016053148,32
"633",0.219040524248451,-7.19923016053148,32
"634",0.610916494551256,-7.19923016053148,32
"635",1.00279246485406,-7.19923016053148,32
"636",1.39466843515686,-7.19923016053148,32
"637",1.78654440545967,-7.19923016053148,32
"638",2.17842037576247,-7.19923016053148,32
"639",2.57029634606528,-7.19923016053148,32
"640",2.96217231636808,-7.19923016053148,32
"641",-4.4834711193852,-4.34208730338863,33
"642",-4.0915951490824,-4.34208730338863,33
"643",-3.69971917877959,-4.34208730338863,33
"644",-3.30784320847679,-4.34208730338863,33
"645",-2.91596723817399,-4.77065873196005,33
"646",-2.52409126787118,-5.05637301767434,33
"647",-2.13221529756838,-5.34208730338863,33
"648",-1.74033932726557,-5.48494444624577,33
"649",-1.34846335696277,-5.48494444624577,33
"650",-0.956587386659963,-5.62780158910291,33
"651",-0.564711416357158,-5.62780158910291,33
"652",-0.172835446054354,-5.62780158910291,33
"653",0.219040524248451,-5.62780158910291,33
"654",0.610916494551256,-5.62780158910291,33
"655",1.00279246485406,-5.62780158910291,33
"656",1.39466843515686,-5.62780158910291,33
"657",1.78654440545967,-5.62780158910291,33
"658",2.17842037576247,-5.62780158910291,33
"659",2.57029634606528,-5.62780158910291,33
"660",2.96217231636808,-5.62780158910291,33
"661",-4.4834711193852,-4.34208730338863,34
"662",-4.0915951490824,-4.34208730338863,34
"663",-3.69971917877959,-4.34208730338863,34
"664",-3.30784320847679,-4.34208730338863,34
"665",-2.91596723817399,-4.34208730338863,34
"666",-2.52409126787118,-4.9135158748172,34
"667",-2.13221529756838,-5.48494444624577,34
"668",-1.74033932726557,-5.9135158748172,34
"669",-1.34846335696277,-6.05637301767434,34
"670",-0.956587386659963,-6.19923016053148,34
"671",-0.564711416357158,-6.19923016053148,34
"672",-0.172835446054354,-6.19923016053148,34
"673",0.219040524248451,-6.19923016053148,34
"674",0.610916494551256,-6.19923016053148,34
"675",1.00279246485406,-6.19923016053148,34
"676",1.39466843515686,-6.19923016053148,34
"677",1.78654440545967,-6.19923016053148,34
"678",2.17842037576247,-6.19923016053148,34
"679",2.57029634606528,-6.19923016053148,34
"680",2.96217231636808,-6.19923016053148,34
"681",-4.4834711193852,-4.34208730338863,35
"682",-4.0915951490824,-4.34208730338863,35
"683",-3.69971917877959,-4.34208730338863,35
"684",-3.30784320847679,-4.34208730338863,35
"685",-2.91596723817399,-4.77065873196005,35
"686",-2.52409126787118,-5.05637301767434,35
"687",-2.13221529756838,-5.19923016053148,35
"688",-1.74033932726557,-5.34208730338863,35
"689",-1.34846335696277,-5.34208730338863,35
"690",-0.956587386659963,-5.34208730338863,35
"691",-0.564711416357158,-5.34208730338863,35
"692",-0.172835446054354,-5.34208730338863,35
"693",0.219040524248451,-5.34208730338863,35
"694",0.610916494551256,-5.34208730338863,35
"695",1.00279246485406,-5.34208730338863,35
"696",1.39466843515686,-5.34208730338863,35
"697",1.78654440545967,-5.34208730338863,35
"698",2.17842037576247,-5.34208730338863,35
"699",2.57029634606528,-5.34208730338863,35
"700",2.96217231636808,-5.34208730338863,35
"701",-4.4834711193852,-4.34208730338863,36
"702",-4.0915951490824,-4.34208730338863,36
"703",-3.69971917877959,-4.48494444624577,36
"704",-3.30784320847679,-4.62780158910291,36
"705",-2.91596723817399,-4.9135158748172,36
"706",-2.52409126787118,-5.05637301767434,36
"707",-2.13221529756838,-6.19923016053148,36
"708",-1.74033932726557,-7.05637301767434,36
"709",-1.34846335696277,-7.19923016053148,36
"710",-0.956587386659963,-7.19923016053148,36
"711",-0.564711416357158,-7.19923016053148,36
"712",-0.172835446054354,-7.19923016053148,36
"713",0.219040524248451,-7.19923016053148,36
"714",0.610916494551256,-7.19923016053148,36
"715",1.00279246485406,-7.19923016053148,36
"716",1.39466843515686,-7.19923016053148,36
"717",1.78654440545967,-7.19923016053148,36
"718",2.17842037576247,-7.19923016053148,36
"719",2.57029634606528,-7.19923016053148,36
"720",2.96217231636808,-7.19923016053148,36
"721",-4.4834711193852,-4.34208730338863,37
"722",-4.0915951490824,-4.34208730338863,37
"723",-3.69971917877959,-4.34208730338863,37
"724",-3.30784320847679,-4.62780158910291,37
"725",-2.91596723817399,-4.9135158748172,37
"726",-2.52409126787118,-5.05637301767434,37
"727",-2.13221529756838,-5.19923016053148,37
"728",-1.74033932726557,-5.19923016053148,37
"729",-1.34846335696277,-5.34208730338863,37
"730",-0.956587386659963,-5.34208730338863,37
"731",-0.564711416357158,-5.34208730338863,37
"732",-0.172835446054354,-5.34208730338863,37
"733",0.219040524248451,-5.34208730338863,37
"734",0.610916494551256,-5.34208730338863,37
"735",1.00279246485406,-5.34208730338863,37
"736",1.39466843515686,-5.34208730338863,37
"737",1.78654440545967,-5.34208730338863,37
"738",2.17842037576247,-5.34208730338863,37
"739",2.57029634606528,-5.34208730338863,37
"740",2.96217231636808,-5.34208730338863,37
"741",-4.4834711193852,-4.34208730338863,38
"742",-4.0915951490824,-4.34208730338863,38
"743",-3.69971917877959,-4.34208730338863,38
"744",-3.30784320847679,-4.77065873196005,38
"745",-2.91596723817399,-4.9135158748172,38
"746",-2.52409126787118,-5.05637301767434,38
"747",-2.13221529756838,-5.19923016053148,38
"748",-1.74033932726557,-6.34208730338863,38
"749",-1.34846335696277,-7.19923016053148,38
"750",-0.956587386659963,-7.19923016053148,38
"751",-0.564711416357158,-7.19923016053148,38
"752",-0.172835446054354,-7.19923016053148,38
"753",0.219040524248451,-7.19923016053148,38
"754",0.610916494551256,-7.19923016053148,38
"755",1.00279246485406,-7.19923016053148,38
"756",1.39466843515686,-7.19923016053148,38
"757",1.78654440545967,-7.19923016053148,38
"758",2.17842037576247,-7.19923016053148,38
"759",2.57029634606528,-7.19923016053148,38
"760",2.96217231636808,-7.19923016053148,38
"761",-4.4834711193852,-4.34208730338863,39
"762",-4.0915951490824,-4.34208730338863,39
"763",-3.69971917877959,-4.34208730338863,39
"764",-3.30784320847679,-4.34208730338863,39
"765",-2.91596723817399,-4.62780158910291,39
"766",-2.52409126787118,-5.05637301767434,39
"767",-2.13221529756838,-5.34208730338863,39
"768",-1.74033932726557,-5.48494444624577,39
"769",-1.34846335696277,-5.62780158910291,39
"770",-0.956587386659963,-5.77065873196005,39
"771",-0.564711416357158,-5.77065873196005,39
"772",-0.172835446054354,-5.9135158748172,39
"773",0.219040524248451,-5.9135158748172,39
"774",0.610916494551256,-5.9135158748172,39
"775",1.00279246485406,-5.9135158748172,39
"776",1.39466843515686,-5.9135158748172,39
"777",1.78654440545967,-5.9135158748172,39
"778",2.17842037576247,-5.9135158748172,39
"779",2.57029634606528,-5.9135158748172,39
"780",2.96217231636808,-5.9135158748172,39
"781",-4.4834711193852,-4.34208730338863,40
"782",-4.0915951490824,-4.34208730338863,40
"783",-3.69971917877959,-4.34208730338863,40
"784",-3.30784320847679,-4.34208730338863,40
"785",-2.91596723817399,-4.34208730338863,40
"786",-2.52409126787118,-4.9135158748172,40
"787",-2.13221529756838,-5.48494444624577,40
"788",-1.74033932726557,-6.05637301767434,40
"789",-1.34846335696277,-6.34208730338863,40
"790",-0.956587386659963,-6.77065873196005,40
"791",-0.564711416357158,-6.9135158748172,40
"792",-0.172835446054354,-7.05637301767434,40
"793",0.219040524248451,-7.19923016053148,40
"794",0.610916494551256,-7.19923016053148,40
"795",1.00279246485406,-7.19923016053148,40
"796",1.39466843515686,-7.19923016053148,40
"797",1.78654440545967,-7.19923016053148,40
"798",2.17842037576247,-7.19923016053148,40
"799",2.57029634606528,-7.19923016053148,40
"800",2.96217231636808,-7.19923016053148,40
"801",-4.4834711193852,-4.34208730338863,41
"802",-4.0915951490824,-4.48494444624577,41
"803",-3.69971917877959,-4.9135158748172,41
"804",-3.30784320847679,-5.05637301767434,41
"805",-2.91596723817399,-5.05637301767434,41
"806",-2.52409126787118,-5.05637301767434,41
"807",-2.13221529756838,-5.19923016053148,41
"808",-1.74033932726557,-5.19923016053148,41
"809",-1.34846335696277,-5.19923016053148,41
"810",-0.956587386659963,-5.19923016053148,41
"811",-0.564711416357158,-5.19923016053148,41
"812",-0.172835446054354,-5.19923016053148,41
"813",0.219040524248451,-5.48494444624577,41
"814",0.610916494551256,-5.9135158748172,41
"815",1.00279246485406,-6.19923016053148,41
"816",1.39466843515686,-6.34208730338863,41
"817",1.78654440545967,-6.34208730338863,41
"818",2.17842037576247,-6.34208730338863,41
"819",2.57029634606528,-6.34208730338863,41
"820",2.96217231636808,-6.34208730338863,41
"821",-4.4834711193852,-4.34208730338863,42
"822",-4.0915951490824,-4.34208730338863,42
"823",-3.69971917877959,-4.34208730338863,42
"824",-3.30784320847679,-4.34208730338863,42
"825",-2.91596723817399,-4.62780158910291,42
"826",-2.52409126787118,-5.05637301767434,42
"827",-2.13221529756838,-5.34208730338863,42
"828",-1.74033932726557,-5.48494444624577,42
"829",-1.34846335696277,-5.62780158910291,42
"830",-0.956587386659963,-5.62780158910291,42
"831",-0.564711416357158,-5.62780158910291,42
"832",-0.172835446054354,-5.62780158910291,42
"833",0.219040524248451,-5.62780158910291,42
"834",0.610916494551256,-5.62780158910291,42
"835",1.00279246485406,-5.62780158910291,42
"836",1.39466843515686,-5.62780158910291,42
"837",1.78654440545967,-5.62780158910291,42
"838",2.17842037576247,-5.62780158910291,42
"839",2.57029634606528,-5.62780158910291,42
"840",2.96217231636808,-5.62780158910291,42
"841",-4.4834711193852,-4.34208730338863,43
"842",-4.0915951490824,-4.62780158910291,43
"843",-3.69971917877959,-4.77065873196005,43
"844",-3.30784320847679,-4.9135158748172,43
"845",-2.91596723817399,-5.05637301767434,43
"846",-2.52409126787118,-5.05637301767434,43
"847",-2.13221529756838,-5.19923016053148,43
"848",-1.74033932726557,-5.19923016053148,43
"849",-1.34846335696277,-5.19923016053148,43
"850",-0.956587386659963,-5.19923016053148,43
"851",-0.564711416357158,-5.19923016053148,43
"852",-0.172835446054354,-5.19923016053148,43
"853",0.219040524248451,-5.19923016053148,43
"854",0.610916494551256,-5.19923016053148,43
"855",1.00279246485406,-5.19923016053148,43
"856",1.39466843515686,-5.19923016053148,43
"857",1.78654440545967,-5.19923016053148,43
"858",2.17842037576247,-5.19923016053148,43
"859",2.57029634606528,-5.19923016053148,43
"860",2.96217231636808,-5.19923016053148,43
"861",-4.4834711193852,-4.48494444624577,44
"862",-4.0915951490824,-4.77065873196005,44
"863",-3.69971917877959,-4.77065873196005,44
"864",-3.30784320847679,-4.9135158748172,44
"865",-2.91596723817399,-5.05637301767434,44
"866",-2.52409126787118,-5.05637301767434,44
"867",-2.13221529756838,-5.19923016053148,44
"868",-1.74033932726557,-5.19923016053148,44
"869",-1.34846335696277,-5.19923016053148,44
"870",-0.956587386659963,-5.34208730338863,44
"871",-0.564711416357158,-5.34208730338863,44
"872",-0.172835446054354,-5.34208730338863,44
"873",0.219040524248451,-5.34208730338863,44
"874",0.610916494551256,-5.34208730338863,44
"875",1.00279246485406,-5.34208730338863,44
"876",1.39466843515686,-5.34208730338863,44
"877",1.78654440545967,-5.34208730338863,44
"878",2.17842037576247,-5.34208730338863,44
"879",2.57029634606528,-5.34208730338863,44
"880",2.96217231636808,-5.34208730338863,44
"881",-4.4834711193852,-4.48494444624577,45
"882",-4.0915951490824,-4.62780158910291,45
"883",-3.69971917877959,-4.77065873196005,45
"884",-3.30784320847679,-4.9135158748172,45
"885",-2.91596723817399,-5.05637301767434,45
"886",-2.52409126787118,-5.05637301767434,45
"887",-2.13221529756838,-5.19923016053148,45
"888",-1.74033932726557,-5.19923016053148,45
"889",-1.34846335696277,-5.19923016053148,45
"890",-0.956587386659963,-5.34208730338863,45
"891",-0.564711416357158,-5.34208730338863,45
"892",-0.172835446054354,-5.34208730338863,45
"893",0.219040524248451,-5.34208730338863,45
"894",0.610916494551256,-5.34208730338863,45
"895",1.00279246485406,-5.34208730338863,45
"896",1.39466843515686,-5.34208730338863,45
"897",1.78654440545967,-5.34208730338863,45
"898",2.17842037576247,-5.34208730338863,45
"899",2.57029634606528,-5.34208730338863,45
"900",2.96217231636808,-5.34208730338863,45
"901",-4.4834711193852,-4.34208730338863,46
"902",-4.0915951490824,-4.48494444624577,46
"903",-3.69971917877959,-4.77065873196005,46
"904",-3.30784320847679,-4.9135158748172,46
"905",-2.91596723817399,-5.05637301767434,46
"906",-2.52409126787118,-5.05637301767434,46
"907",-2.13221529756838,-5.19923016053148,46
"908",-1.74033932726557,-5.19923016053148,46
"909",-1.34846335696277,-5.19923016053148,46
"910",-0.956587386659963,-5.19923016053148,46
"911",-0.564711416357158,-5.19923016053148,46
"912",-0.172835446054354,-5.19923016053148,46
"913",0.219040524248451,-5.19923016053148,46
"914",0.610916494551256,-5.19923016053148,46
"915",1.00279246485406,-5.19923016053148,46
"916",1.39466843515686,-5.19923016053148,46
"917",1.78654440545967,-5.19923016053148,46
"918",2.17842037576247,-5.19923016053148,46
"919",2.57029634606528,-5.19923016053148,46
"920",2.96217231636808,-5.19923016053148,46
"921",-4.4834711193852,-4.34208730338863,47
"922",-4.0915951490824,-4.34208730338863,47
"923",-3.69971917877959,-4.34208730338863,47
"924",-3.30784320847679,-4.34208730338863,47
"925",-2.91596723817399,-4.34208730338863,47
"926",-2.52409126787118,-4.62780158910291,47
"927",-2.13221529756838,-6.05637301767434,47
"928",-1.74033932726557,-6.9135158748172,47
"929",-1.34846335696277,-7.19923016053148,47
"930",-0.956587386659963,-7.19923016053148,47
"931",-0.564711416357158,-7.19923016053148,47
"932",-0.172835446054354,-7.19923016053148,47
"933",0.219040524248451,-7.19923016053148,47
"934",0.610916494551256,-7.19923016053148,47
"935",1.00279246485406,-7.19923016053148,47
"936",1.39466843515686,-7.19923016053148,47
"937",1.78654440545967,-7.19923016053148,47
"938",2.17842037576247,-7.19923016053148,47
"939",2.57029634606528,-7.19923016053148,47
"940",2.96217231636808,-7.19923016053148,47
"941",-4.4834711193852,-4.34208730338863,48
"942",-4.0915951490824,-4.34208730338863,48
"943",-3.69971917877959,-4.34208730338863,48
"944",-3.30784320847679,-4.34208730338863,48
"945",-2.91596723817399,-4.34208730338863,48
"946",-2.52409126787118,-4.9135158748172,48
"947",-2.13221529756838,-5.48494444624577,48
"948",-1.74033932726557,-5.77065873196005,48
"949",-1.34846335696277,-5.9135158748172,48
"950",-0.956587386659963,-6.05637301767434,48
"951",-0.564711416357158,-6.05637301767434,48
"952",-0.172835446054354,-6.19923016053148,48
"953",0.219040524248451,-6.19923016053148,48
"954",0.610916494551256,-6.19923016053148,48
"955",1.00279246485406,-6.19923016053148,48
"956",1.39466843515686,-6.19923016053148,48
"957",1.78654440545967,-6.19923016053148,48
"958",2.17842037576247,-6.19923016053148,48
"959",2.57029634606528,-6.19923016053148,48
"960",2.96217231636808,-6.19923016053148,48
"961",-4.4834711193852,-4.34208730338863,49
"962",-4.0915951490824,-4.34208730338863,49
"963",-3.69971917877959,-4.34208730338863,49
"964",-3.30784320847679,-4.34208730338863,49
"965",-2.91596723817399,-4.34208730338863,49
"966",-2.52409126787118,-4.9135158748172,49
"967",-2.13221529756838,-5.48494444624577,49
"968",-1.74033932726557,-5.9135158748172,49
"969",-1.34846335696277,-6.05637301767434,49
"970",-0.956587386659963,-6.19923016053148,49
"971",-0.564711416357158,-6.19923016053148,49
"972",-0.172835446054354,-6.19923016053148,49
"973",0.219040524248451,-6.19923016053148,49
"974",0.610916494551256,-6.19923016053148,49
"975",1.00279246485406,-6.19923016053148,49
"976",1.39466843515686,-6.19923016053148,49
"977",1.78654440545967,-6.19923016053148,49
"978",2.17842037576247,-6.19923016053148,49
"979",2.57029634606528,-6.19923016053148,49
"980",2.96217231636808,-6.19923016053148,49
"981",-4.4834711193852,-4.34208730338863,50
"982",-4.0915951490824,-4.48494444624577,50
"983",-3.69971917877959,-4.77065873196005,50
"984",-3.30784320847679,-4.9135158748172,50
"985",-2.91596723817399,-5.05637301767434,50
"986",-2.52409126787118,-5.05637301767434,50
"987",-2.13221529756838,-5.19923016053148,50
"988",-1.74033932726557,-5.19923016053148,50
"989",-1.34846335696277,-5.19923016053148,50
"990",-0.956587386659963,-5.19923016053148,50
"991",-0.564711416357158,-5.19923016053148,50
"992",-0.172835446054354,-5.19923016053148,50
"993",0.219040524248451,-5.19923016053148,50
"994",0.610916494551256,-5.19923016053148,50
"995",1.00279246485406,-5.19923016053148,50
"996",1.39466843515686,-5.19923016053148,50
"997",1.78654440545967,-5.19923016053148,50
"998",2.17842037576247,-5.19923016053148,50
"999",2.57029634606528,-5.19923016053148,50
"1000",2.96217231636808,-5.19923016053148,50
"1001",-4.4834711193852,-4.34208730338863,51
"1002",-4.0915951490824,-4.34208730338863,51
"1003",-3.69971917877959,-4.62780158910291,51
"1004",-3.30784320847679,-4.77065873196005,51
"1005",-2.91596723817399,-4.9135158748172,51
"1006",-2.52409126787118,-5.05637301767434,51
"1007",-2.13221529756838,-5.19923016053148,51
"1008",-1.74033932726557,-5.19923016053148,51
"1009",-1.34846335696277,-5.34208730338863,51
"1010",-0.956587386659963,-5.34208730338863,51
"1011",-0.564711416357158,-5.34208730338863,51
"1012",-0.172835446054354,-5.34208730338863,51
"1013",0.219040524248451,-5.34208730338863,51
"1014",0.610916494551256,-5.34208730338863,51
"1015",1.00279246485406,-5.34208730338863,51
"1016",1.39466843515686,-5.34208730338863,51
"1017",1.78654440545967,-5.34208730338863,51
"1018",2.17842037576247,-5.34208730338863,51
"1019",2.57029634606528,-5.34208730338863,51
"1020",2.96217231636808,-5.34208730338863,51
"1021",-4.4834711193852,-4.34208730338863,52
"1022",-4.0915951490824,-4.48494444624577,52
"1023",-3.69971917877959,-4.77065873196005,52
"1024",-3.30784320847679,-4.9135158748172,52
"1025",-2.91596723817399,-5.05637301767434,52
"1026",-2.52409126787118,-5.05637301767434,52
"1027",-2.13221529756838,-5.19923016053148,52
"1028",-1.74033932726557,-5.19923016053148,52
"1029",-1.34846335696277,-5.19923016053148,52
"1030",-0.956587386659963,-5.19923016053148,52
"1031",-0.564711416357158,-5.19923016053148,52
"1032",-0.172835446054354,-5.19923016053148,52
"1033",0.219040524248451,-5.19923016053148,52
"1034",0.610916494551256,-5.19923016053148,52
"1035",1.00279246485406,-5.19923016053148,52
"1036",1.39466843515686,-5.19923016053148,52
"1037",1.78654440545967,-5.19923016053148,52
"1038",2.17842037576247,-5.19923016053148,52
"1039",2.57029634606528,-5.19923016053148,52
"1040",2.96217231636808,-5.19923016053148,52
"1041",-4.4834711193852,-4.34208730338863,53
"1042",-4.0915951490824,-4.34208730338863,53
"1043",-3.69971917877959,-4.62780158910291,53
"1044",-3.30784320847679,-4.9135158748172,53
"1045",-2.91596723817399,-5.05637301767434,53
"1046",-2.52409126787118,-5.05637301767434,53
"1047",-2.13221529756838,-5.19923016053148,53
"1048",-1.74033932726557,-5.19923016053148,53
"1049",-1.34846335696277,-5.19923016053148,53
"1050",-0.956587386659963,-5.19923016053148,53
"1051",-0.564711416357158,-5.19923016053148,53
"1052",-0.172835446054354,-5.19923016053148,53
"1053",0.219040524248451,-5.19923016053148,53
"1054",0.610916494551256,-5.19923016053148,53
"1055",1.00279246485406,-5.19923016053148,53
"1056",1.39466843515686,-5.19923016053148,53
"1057",1.78654440545967,-5.19923016053148,53
"1058",2.17842037576247,-5.19923016053148,53
"1059",2.57029634606528,-5.19923016053148,53
"1060",2.96217231636808,-5.19923016053148,53
"1061",-4.4834711193852,-4.34208730338863,54
"1062",-4.0915951490824,-4.34208730338863,54
"1063",-3.69971917877959,-4.34208730338863,54
"1064",-3.30784320847679,-4.34208730338863,54
"1065",-2.91596723817399,-4.62780158910291,54
"1066",-2.52409126787118,-5.05637301767434,54
"1067",-2.13221529756838,-5.34208730338863,54
"1068",-1.74033932726557,-5.48494444624577,54
"1069",-1.34846335696277,-5.62780158910291,54
"1070",-0.956587386659963,-5.62780158910291,54
"1071",-0.564711416357158,-5.77065873196005,54
"1072",-0.172835446054354,-5.77065873196005,54
"1073",0.219040524248451,-5.77065873196005,54
"1074",0.610916494551256,-5.77065873196005,54
"1075",1.00279246485406,-5.77065873196005,54
"1076",1.39466843515686,-5.77065873196005,54
"1077",1.78654440545967,-5.77065873196005,54
"1078",2.17842037576247,-5.77065873196005,54
"1079",2.57029634606528,-5.77065873196005,54
"1080",2.96217231636808,-5.77065873196005,54
"1081",-4.4834711193852,-4.34208730338863,55
"1082",-4.0915951490824,-4.34208730338863,55
"1083",-3.69971917877959,-4.48494444624577,55
"1084",-3.30784320847679,-4.77065873196005,55
"1085",-2.91596723817399,-5.05637301767434,55
"1086",-2.52409126787118,-5.05637301767434,55
"1087",-2.13221529756838,-5.19923016053148,55
"1088",-1.74033932726557,-5.19923016053148,55
"1089",-1.34846335696277,-5.19923016053148,55
"1090",-0.956587386659963,-5.19923016053148,55
"1091",-0.564711416357158,-5.19923016053148,55
"1092",-0.172835446054354,-5.19923016053148,55
"1093",0.219040524248451,-5.19923016053148,55
"1094",0.610916494551256,-5.19923016053148,55
"1095",1.00279246485406,-5.19923016053148,55
"1096",1.39466843515686,-5.19923016053148,55
"1097",1.78654440545967,-5.19923016053148,55
"1098",2.17842037576247,-5.19923016053148,55
"1099",2.57029634606528,-5.19923016053148,55
"1100",2.96217231636808,-5.19923016053148,55
"1101",-4.4834711193852,-4.34208730338863,56
"1102",-4.0915951490824,-4.34208730338863,56
"1103",-3.69971917877959,-4.34208730338863,56
"1104",-3.30784320847679,-4.48494444624577,56
"1105",-2.91596723817399,-4.77065873196005,56
"1106",-2.52409126787118,-5.05637301767434,56
"1107",-2.13221529756838,-5.19923016053148,56
"1108",-1.74033932726557,-5.34208730338863,56
"1109",-1.34846335696277,-5.48494444624577,56
"1110",-0.956587386659963,-5.48494444624577,56
"1111",-0.564711416357158,-5.48494444624577,56
"1112",-0.172835446054354,-5.48494444624577,56
"1113",0.219040524248451,-5.48494444624577,56
"1114",0.610916494551256,-5.48494444624577,56
"1115",1.00279246485406,-5.48494444624577,56
"1116",1.39466843515686,-5.48494444624577,56
"1117",1.78654440545967,-5.48494444624577,56
"1118",2.17842037576247,-5.48494444624577,56
"1119",2.57029634606528,-5.48494444624577,56
"1120",2.96217231636808,-5.48494444624577,56
"1121",-4.4834711193852,-4.34208730338863,57
"1122",-4.0915951490824,-4.34208730338863,57
"1123",-3.69971917877959,-4.34208730338863,57
"1124",-3.30784320847679,-4.34208730338863,57
"1125",-2.91596723817399,-4.62780158910291,57
"1126",-2.52409126787118,-5.05637301767434,57
"1127",-2.13221529756838,-5.34208730338863,57
"1128",-1.74033932726557,-5.62780158910291,57
"1129",-1.34846335696277,-5.77065873196005,57
"1130",-0.956587386659963,-5.9135158748172,57
"1131",-0.564711416357158,-5.9135158748172,57
"1132",-0.172835446054354,-6.05637301767434,57
"1133",0.219040524248451,-6.05637301767434,57
"1134",0.610916494551256,-6.05637301767434,57
"1135",1.00279246485406,-6.05637301767434,57
"1136",1.39466843515686,-6.05637301767434,57
"1137",1.78654440545967,-6.05637301767434,57
"1138",2.17842037576247,-6.05637301767434,57
"1139",2.57029634606528,-6.05637301767434,57
"1140",2.96217231636808,-6.05637301767434,57
"1141",-4.4834711193852,-4.34208730338863,58
"1142",-4.0915951490824,-4.34208730338863,58
"1143",-3.69971917877959,-4.62780158910291,58
"1144",-3.30784320847679,-4.77065873196005,58
"1145",-2.91596723817399,-4.9135158748172,58
"1146",-2.52409126787118,-5.05637301767434,58
"1147",-2.13221529756838,-5.19923016053148,58
"1148",-1.74033932726557,-5.34208730338863,58
"1149",-1.34846335696277,-5.34208730338863,58
"1150",-0.956587386659963,-5.34208730338863,58
"1151",-0.564711416357158,-5.48494444624577,58
"1152",-0.172835446054354,-5.48494444624577,58
"1153",0.219040524248451,-5.48494444624577,58
"1154",0.610916494551256,-5.48494444624577,58
"1155",1.00279246485406,-5.48494444624577,58
"1156",1.39466843515686,-5.48494444624577,58
"1157",1.78654440545967,-5.48494444624577,58
"1158",2.17842037576247,-5.48494444624577,58
"1159",2.57029634606528,-5.48494444624577,58
"1160",2.96217231636808,-5.48494444624577,58
"1161",-4.4834711193852,-4.34208730338863,59
"1162",-4.0915951490824,-4.34208730338863,59
"1163",-3.69971917877959,-4.62780158910291,59
"1164",-3.30784320847679,-4.77065873196005,59
"1165",-2.91596723817399,-4.9135158748172,59
"1166",-2.52409126787118,-5.05637301767434,59
"1167",-2.13221529756838,-5.19923016053148,59
"1168",-1.74033932726557,-5.19923016053148,59
"1169",-1.34846335696277,-5.34208730338863,59
"1170",-0.956587386659963,-5.34208730338863,59
"1171",-0.564711416357158,-5.34208730338863,59
"1172",-0.172835446054354,-5.34208730338863,59
"1173",0.219040524248451,-5.34208730338863,59
"1174",0.610916494551256,-5.34208730338863,59
"1175",1.00279246485406,-5.34208730338863,59
"1176",1.39466843515686,-5.34208730338863,59
"1177",1.78654440545967,-5.34208730338863,59
"1178",2.17842037576247,-5.34208730338863,59
"1179",2.57029634606528,-5.34208730338863,59
"1180",2.96217231636808,-5.34208730338863,59
"1181",-4.4834711193852,-4.34208730338863,60
"1182",-4.0915951490824,-4.34208730338863,60
"1183",-3.69971917877959,-4.34208730338863,60
"1184",-3.30784320847679,-4.48494444624577,60
"1185",-2.91596723817399,-4.77065873196005,60
"1186",-2.52409126787118,-5.05637301767434,60
"1187",-2.13221529756838,-5.19923016053148,60
"1188",-1.74033932726557,-5.48494444624577,60
"1189",-1.34846335696277,-5.48494444624577,60
"1190",-0.956587386659963,-5.62780158910291,60
"1191",-0.564711416357158,-5.62780158910291,60
"1192",-0.172835446054354,-5.77065873196005,60
"1193",0.219040524248451,-5.77065873196005,60
"1194",0.610916494551256,-5.77065873196005,60
"1195",1.00279246485406,-5.77065873196005,60
"1196",1.39466843515686,-5.77065873196005,60
"1197",1.78654440545967,-5.77065873196005,60
"1198",2.17842037576247,-5.77065873196005,60
"1199",2.57029634606528,-5.77065873196005,60
"1200",2.96217231636808,-5.77065873196005,60
"1201",-4.4834711193852,-4.34208730338863,61
"1202",-4.0915951490824,-4.62780158910291,61
"1203",-3.69971917877959,-4.77065873196005,61
"1204",-3.30784320847679,-4.9135158748172,61
"1205",-2.91596723817399,-5.05637301767434,61
"1206",-2.52409126787118,-5.05637301767434,61
"1207",-2.13221529756838,-5.19923016053148,61
"1208",-1.74033932726557,-5.19923016053148,61
"1209",-1.34846335696277,-5.19923016053148,61
"1210",-0.956587386659963,-5.19923016053148,61
"1211",-0.564711416357158,-5.19923016053148,61
"1212",-0.172835446054354,-5.34208730338863,61
"1213",0.219040524248451,-5.34208730338863,61
"1214",0.610916494551256,-5.34208730338863,61
"1215",1.00279246485406,-5.34208730338863,61
"1216",1.39466843515686,-5.34208730338863,61
"1217",1.78654440545967,-5.34208730338863,61
"1218",2.17842037576247,-5.34208730338863,61
"1219",2.57029634606528,-5.34208730338863,61
"1220",2.96217231636808,-5.34208730338863,61
"1221",-4.4834711193852,-4.34208730338863,62
"1222",-4.0915951490824,-4.34208730338863,62
"1223",-3.69971917877959,-4.62780158910291,62
"1224",-3.30784320847679,-4.9135158748172,62
"1225",-2.91596723817399,-5.05637301767434,62
"1226",-2.52409126787118,-5.05637301767434,62
"1227",-2.13221529756838,-5.19923016053148,62
"1228",-1.74033932726557,-5.19923016053148,62
"1229",-1.34846335696277,-5.19923016053148,62
"1230",-0.956587386659963,-5.19923016053148,62
"1231",-0.564711416357158,-5.19923016053148,62
"1232",-0.172835446054354,-5.19923016053148,62
"1233",0.219040524248451,-5.19923016053148,62
"1234",0.610916494551256,-5.19923016053148,62
"1235",1.00279246485406,-5.19923016053148,62
"1236",1.39466843515686,-5.19923016053148,62
"1237",1.78654440545967,-5.19923016053148,62
"1238",2.17842037576247,-5.19923016053148,62
"1239",2.57029634606528,-5.19923016053148,62
"1240",2.96217231636808,-5.19923016053148,62
"1241",-4.4834711193852,-4.34208730338863,63
"1242",-4.0915951490824,-4.34208730338863,63
"1243",-3.69971917877959,-4.62780158910291,63
"1244",-3.30784320847679,-4.77065873196005,63
"1245",-2.91596723817399,-4.9135158748172,63
"1246",-2.52409126787118,-5.05637301767434,63
"1247",-2.13221529756838,-5.19923016053148,63
"1248",-1.74033932726557,-5.19923016053148,63
"1249",-1.34846335696277,-5.34208730338863,63
"1250",-0.956587386659963,-5.34208730338863,63
"1251",-0.564711416357158,-5.34208730338863,63
"1252",-0.172835446054354,-5.34208730338863,63
"1253",0.219040524248451,-5.34208730338863,63
"1254",0.610916494551256,-5.34208730338863,63
"1255",1.00279246485406,-5.34208730338863,63
"1256",1.39466843515686,-5.34208730338863,63
"1257",1.78654440545967,-5.34208730338863,63
"1258",2.17842037576247,-5.34208730338863,63
"1259",2.57029634606528,-5.34208730338863,63
"1260",2.96217231636808,-5.34208730338863,63
"1261",-4.4834711193852,-4.34208730338863,64
"1262",-4.0915951490824,-4.34208730338863,64
"1263",-3.69971917877959,-4.48494444624577,64
"1264",-3.30784320847679,-4.77065873196005,64
"1265",-2.91596723817399,-4.9135158748172,64
"1266",-2.52409126787118,-5.05637301767434,64
"1267",-2.13221529756838,-5.19923016053148,64
"1268",-1.74033932726557,-5.34208730338863,64
"1269",-1.34846335696277,-5.34208730338863,64
"1270",-0.956587386659963,-5.48494444624577,64
"1271",-0.564711416357158,-5.48494444624577,64
"1272",-0.172835446054354,-5.48494444624577,64
"1273",0.219040524248451,-5.48494444624577,64
"1274",0.610916494551256,-5.48494444624577,64
"1275",1.00279246485406,-5.48494444624577,64
"1276",1.39466843515686,-5.48494444624577,64
"1277",1.78654440545967,-5.48494444624577,64
"1278",2.17842037576247,-5.48494444624577,64
"1279",2.57029634606528,-5.48494444624577,64
"1280",2.96217231636808,-5.48494444624577,64
"1281",-4.4834711193852,-4.34208730338863,65
"1282",-4.0915951490824,-4.34208730338863,65
"1283",-3.69971917877959,-4.34208730338863,65
"1284",-3.30784320847679,-4.48494444624577,65
"1285",-2.91596723817399,-4.62780158910291,65
"1286",-2.52409126787118,-4.9135158748172,65
"1287",-2.13221529756838,-6.77065873196005,65
"1288",-1.74033932726557,-7.19923016053148,65
"1289",-1.34846335696277,-7.19923016053148,65
"1290",-0.956587386659963,-7.19923016053148,65
"1291",-0.564711416357158,-7.19923016053148,65
"1292",-0.172835446054354,-7.19923016053148,65
"1293",0.219040524248451,-7.19923016053148,65
"1294",0.610916494551256,-7.19923016053148,65
"1295",1.00279246485406,-7.19923016053148,65
"1296",1.39466843515686,-7.19923016053148,65
"1297",1.78654440545967,-7.19923016053148,65
"1298",2.17842037576247,-7.19923016053148,65
"1299",2.57029634606528,-7.19923016053148,65
"1300",2.96217231636808,-7.19923016053148,65
"1301",-4.4834711193852,-5.05637301767434,66
"1302",-4.0915951490824,-5.05637301767434,66
"1303",-3.69971917877959,-5.05637301767434,66
"1304",-3.30784320847679,-5.05637301767434,66
"1305",-2.91596723817399,-5.05637301767434,66
"1306",-2.52409126787118,-5.05637301767434,66
"1307",-2.13221529756838,-5.19923016053148,66
"1308",-1.74033932726557,-5.19923016053148,66
"1309",-1.34846335696277,-5.19923016053148,66
"1310",-0.956587386659963,-5.19923016053148,66
"1311",-0.564711416357158,-5.19923016053148,66
"1312",-0.172835446054354,-5.19923016053148,66
"1313",0.219040524248451,-5.34208730338863,66
"1314",0.610916494551256,-5.62780158910291,66
"1315",1.00279246485406,-5.9135158748172,66
"1316",1.39466843515686,-6.05637301767434,66
"1317",1.78654440545967,-6.34208730338863,66
"1318",2.17842037576247,-6.48494444624577,66
"1319",2.57029634606528,-6.62780158910291,66
"1320",2.96217231636808,-6.62780158910291,66
"1321",-4.4834711193852,-4.34208730338863,67
"1322",-4.0915951490824,-4.34208730338863,67
"1323",-3.69971917877959,-4.34208730338863,67
"1324",-3.30784320847679,-4.34208730338863,67
"1325",-2.91596723817399,-4.34208730338863,67
"1326",-2.52409126787118,-4.34208730338863,67
"1327",-2.13221529756838,-7.19923016053148,67
"1328",-1.74033932726557,-7.19923016053148,67
"1329",-1.34846335696277,-7.19923016053148,67
"1330",-0.956587386659963,-7.19923016053148,67
"1331",-0.564711416357158,-7.19923016053148,67
"1332",-0.172835446054354,-7.19923016053148,67
"1333",0.219040524248451,-7.19923016053148,67
"1334",0.610916494551256,-7.19923016053148,67
"1335",1.00279246485406,-7.19923016053148,67
"1336",1.39466843515686,-7.19923016053148,67
"1337",1.78654440545967,-7.19923016053148,67
"1338",2.17842037576247,-7.19923016053148,67
"1339",2.57029634606528,-7.19923016053148,67
"1340",2.96217231636808,-7.19923016053148,67
"1341",-4.4834711193852,-4.34208730338863,68
"1342",-4.0915951490824,-4.34208730338863,68
"1343",-3.69971917877959,-4.34208730338863,68
"1344",-3.30784320847679,-4.34208730338863,68
"1345",-2.91596723817399,-4.34208730338863,68
"1346",-2.52409126787118,-5.05637301767434,68
"1347",-2.13221529756838,-5.34208730338863,68
"1348",-1.74033932726557,-5.34208730338863,68
"1349",-1.34846335696277,-5.48494444624577,68
"1350",-0.956587386659963,-5.48494444624577,68
"1351",-0.564711416357158,-5.48494444624577,68
"1352",-0.172835446054354,-5.48494444624577,68
"1353",0.219040524248451,-5.48494444624577,68
"1354",0.610916494551256,-5.48494444624577,68
"1355",1.00279246485406,-5.48494444624577,68
"1356",1.39466843515686,-5.48494444624577,68
"1357",1.78654440545967,-5.48494444624577,68
"1358",2.17842037576247,-5.48494444624577,68
"1359",2.57029634606528,-5.48494444624577,68
"1360",2.96217231636808,-5.48494444624577,68
"1361",-4.4834711193852,-4.34208730338863,69
"1362",-4.0915951490824,-4.34208730338863,69
"1363",-3.69971917877959,-4.34208730338863,69
"1364",-3.30784320847679,-4.48494444624577,69
"1365",-2.91596723817399,-4.9135158748172,69
"1366",-2.52409126787118,-5.05637301767434,69
"1367",-2.13221529756838,-5.19923016053148,69
"1368",-1.74033932726557,-5.34208730338863,69
"1369",-1.34846335696277,-5.34208730338863,69
"1370",-0.956587386659963,-5.34208730338863,69
"1371",-0.564711416357158,-5.34208730338863,69
"1372",-0.172835446054354,-5.34208730338863,69
"1373",0.219040524248451,-5.34208730338863,69
"1374",0.610916494551256,-5.34208730338863,69
"1375",1.00279246485406,-5.34208730338863,69
"1376",1.39466843515686,-5.34208730338863,69
"1377",1.78654440545967,-5.34208730338863,69
"1378",2.17842037576247,-5.34208730338863,69
"1379",2.57029634606528,-5.34208730338863,69
"1380",2.96217231636808,-5.34208730338863,69
"1381",-4.4834711193852,-4.34208730338863,70
"1382",-4.0915951490824,-4.34208730338863,70
"1383",-3.69971917877959,-4.34208730338863,70
"1384",-3.30784320847679,-4.34208730338863,70
"1385",-2.91596723817399,-4.34208730338863,70
"1386",-2.52409126787118,-4.9135158748172,70
"1387",-2.13221529756838,-5.48494444624577,70
"1388",-1.74033932726557,-5.77065873196005,70
"1389",-1.34846335696277,-6.05637301767434,70
"1390",-0.956587386659963,-6.19923016053148,70
"1391",-0.564711416357158,-6.19923016053148,70
"1392",-0.172835446054354,-6.19923016053148,70
"1393",0.219040524248451,-6.19923016053148,70
"1394",0.610916494551256,-6.19923016053148,70
"1395",1.00279246485406,-6.19923016053148,70
"1396",1.39466843515686,-6.19923016053148,70
"1397",1.78654440545967,-6.19923016053148,70
"1398",2.17842037576247,-6.19923016053148,70
"1399",2.57029634606528,-6.19923016053148,70
"1400",2.96217231636808,-6.19923016053148,70
"1401",-4.4834711193852,-4.34208730338863,71
"1402",-4.0915951490824,-4.34208730338863,71
"1403",-3.69971917877959,-4.34208730338863,71
"1404",-3.30784320847679,-4.34208730338863,71
"1405",-2.91596723817399,-4.34208730338863,71
"1406",-2.52409126787118,-4.62780158910291,71
"1407",-2.13221529756838,-5.9135158748172,71
"1408",-1.74033932726557,-6.62780158910291,71
"1409",-1.34846335696277,-7.05637301767434,71
"1410",-0.956587386659963,-7.19923016053148,71
"1411",-0.564711416357158,-7.19923016053148,71
"1412",-0.172835446054354,-7.19923016053148,71
"1413",0.219040524248451,-7.19923016053148,71
"1414",0.610916494551256,-7.19923016053148,71
"1415",1.00279246485406,-7.19923016053148,71
"1416",1.39466843515686,-7.19923016053148,71
"1417",1.78654440545967,-7.19923016053148,71
"1418",2.17842037576247,-7.19923016053148,71
"1419",2.57029634606528,-7.19923016053148,71
"1420",2.96217231636808,-7.19923016053148,71
"1421",-4.4834711193852,-4.34208730338863,72
"1422",-4.0915951490824,-4.34208730338863,72
"1423",-3.69971917877959,-4.34208730338863,72
"1424",-3.30784320847679,-4.34208730338863,72
"1425",-2.91596723817399,-4.34208730338863,72
"1426",-2.52409126787118,-4.62780158910291,72
"1427",-2.13221529756838,-5.77065873196005,72
"1428",-1.74033932726557,-6.19923016053148,72
"1429",-1.34846335696277,-6.34208730338863,72
"1430",-0.956587386659963,-6.34208730338863,72
"1431",-0.564711416357158,-6.48494444624577,72
"1432",-0.172835446054354,-6.48494444624577,72
"1433",0.219040524248451,-6.48494444624577,72
"1434",0.610916494551256,-6.48494444624577,72
"1435",1.00279246485406,-6.48494444624577,72
"1436",1.39466843515686,-6.48494444624577,72
"1437",1.78654440545967,-6.48494444624577,72
"1438",2.17842037576247,-6.48494444624577,72
"1439",2.57029634606528,-6.48494444624577,72
"1440",2.96217231636808,-6.48494444624577,72
"1441",-4.4834711193852,-4.34208730338863,73
"1442",-4.0915951490824,-4.48494444624577,73
"1443",-3.69971917877959,-4.62780158910291,73
"1444",-3.30784320847679,-4.77065873196005,73
"1445",-2.91596723817399,-4.9135158748172,73
"1446",-2.52409126787118,-5.05637301767434,73
"1447",-2.13221529756838,-5.19923016053148,73
"1448",-1.74033932726557,-5.19923016053148,73
"1449",-1.34846335696277,-5.34208730338863,73
"1450",-0.956587386659963,-5.34208730338863,73
"1451",-0.564711416357158,-5.34208730338863,73
"1452",-0.172835446054354,-5.34208730338863,73
"1453",0.219040524248451,-5.34208730338863,73
"1454",0.610916494551256,-5.34208730338863,73
"1455",1.00279246485406,-5.34208730338863,73
"1456",1.39466843515686,-5.34208730338863,73
"1457",1.78654440545967,-5.34208730338863,73
"1458",2.17842037576247,-5.34208730338863,73
"1459",2.57029634606528,-5.34208730338863,73
"1460",2.96217231636808,-5.34208730338863,73
"1461",-4.4834711193852,-4.34208730338863,74
"1462",-4.0915951490824,-4.34208730338863,74
"1463",-3.69971917877959,-4.34208730338863,74
"1464",-3.30784320847679,-4.48494444624577,74
"1465",-2.91596723817399,-4.77065873196005,74
"1466",-2.52409126787118,-5.05637301767434,74
"1467",-2.13221529756838,-5.34208730338863,74
"1468",-1.74033932726557,-5.48494444624577,74
"1469",-1.34846335696277,-5.62780158910291,74
"1470",-0.956587386659963,-5.77065873196005,74
"1471",-0.564711416357158,-5.77065873196005,74
"1472",-0.172835446054354,-5.9135158748172,74
"1473",0.219040524248451,-5.9135158748172,74
"1474",0.610916494551256,-5.9135158748172,74
"1475",1.00279246485406,-5.9135158748172,74
"1476",1.39466843515686,-5.9135158748172,74
"1477",1.78654440545967,-5.9135158748172,74
"1478",2.17842037576247,-5.9135158748172,74
"1479",2.57029634606528,-5.9135158748172,74
"1480",2.96217231636808,-5.9135158748172,74
"1481",-4.4834711193852,-4.34208730338863,75
"1482",-4.0915951490824,-4.34208730338863,75
"1483",-3.69971917877959,-4.62780158910291,75
"1484",-3.30784320847679,-4.77065873196005,75
"1485",-2.91596723817399,-5.05637301767434,75
"1486",-2.52409126787118,-5.05637301767434,75
"1487",-2.13221529756838,-5.19923016053148,75
"1488",-1.74033932726557,-5.19923016053148,75
"1489",-1.34846335696277,-5.34208730338863,75
"1490",-0.956587386659963,-5.34208730338863,75
"1491",-0.564711416357158,-5.34208730338863,75
"1492",-0.172835446054354,-5.34208730338863,75
"1493",0.219040524248451,-5.34208730338863,75
"1494",0.610916494551256,-5.34208730338863,75
"1495",1.00279246485406,-5.34208730338863,75
"1496",1.39466843515686,-5.48494444624577,75
"1497",1.78654440545967,-5.77065873196005,75
"1498",2.17842037576247,-6.05637301767434,75
"1499",2.57029634606528,-6.05637301767434,75
"1500",2.96217231636808,-6.19923016053148,75
"1501",-4.4834711193852,-4.62780158910291,76
"1502",-4.0915951490824,-4.77065873196005,76
"1503",-3.69971917877959,-4.9135158748172,76
"1504",-3.30784320847679,-5.05637301767434,76
"1505",-2.91596723817399,-5.05637301767434,76
"1506",-2.52409126787118,-5.05637301767434,76
"1507",-2.13221529756838,-5.19923016053148,76
"1508",-1.74033932726557,-5.19923016053148,76
"1509",-1.34846335696277,-5.19923016053148,76
"1510",-0.956587386659963,-5.19923016053148,76
"1511",-0.564711416357158,-5.19923016053148,76
"1512",-0.172835446054354,-5.19923016053148,76
"1513",0.219040524248451,-5.19923016053148,76
"1514",0.610916494551256,-5.19923016053148,76
"1515",1.00279246485406,-5.19923016053148,76
"1516",1.39466843515686,-5.19923016053148,76
"1517",1.78654440545967,-5.19923016053148,76
"1518",2.17842037576247,-5.19923016053148,76
"1519",2.57029634606528,-5.19923016053148,76
"1520",2.96217231636808,-5.19923016053148,76
"1521",-4.4834711193852,-4.34208730338863,77
"1522",-4.0915951490824,-4.34208730338863,77
"1523",-3.69971917877959,-4.62780158910291,77
"1524",-3.30784320847679,-4.77065873196005,77
"1525",-2.91596723817399,-4.9135158748172,77
"1526",-2.52409126787118,-5.05637301767434,77
"1527",-2.13221529756838,-5.19923016053148,77
"1528",-1.74033932726557,-5.34208730338863,77
"1529",-1.34846335696277,-5.34208730338863,77
"1530",-0.956587386659963,-5.48494444624577,77
"1531",-0.564711416357158,-5.48494444624577,77
"1532",-0.172835446054354,-5.48494444624577,77
"1533",0.219040524248451,-5.48494444624577,77
"1534",0.610916494551256,-5.48494444624577,77
"1535",1.00279246485406,-5.48494444624577,77
"1536",1.39466843515686,-5.48494444624577,77
"1537",1.78654440545967,-5.48494444624577,77
"1538",2.17842037576247,-5.48494444624577,77
"1539",2.57029634606528,-5.48494444624577,77
"1540",2.96217231636808,-5.48494444624577,77
"1541",-4.4834711193852,-4.77065873196005,78
"1542",-4.0915951490824,-4.9135158748172,78
"1543",-3.69971917877959,-4.9135158748172,78
"1544",-3.30784320847679,-5.05637301767434,78
"1545",-2.91596723817399,-5.05637301767434,78
"1546",-2.52409126787118,-5.05637301767434,78
"1547",-2.13221529756838,-5.19923016053148,78
"1548",-1.74033932726557,-5.19923016053148,78
"1549",-1.34846335696277,-5.19923016053148,78
"1550",-0.956587386659963,-5.19923016053148,78
"1551",-0.564711416357158,-5.19923016053148,78
"1552",-0.172835446054354,-5.19923016053148,78
"1553",0.219040524248451,-5.19923016053148,78
"1554",0.610916494551256,-5.19923016053148,78
"1555",1.00279246485406,-5.19923016053148,78
"1556",1.39466843515686,-5.19923016053148,78
"1557",1.78654440545967,-5.19923016053148,78
"1558",2.17842037576247,-5.19923016053148,78
"1559",2.57029634606528,-5.19923016053148,78
"1560",2.96217231636808,-5.19923016053148,78
"1561",-4.4834711193852,-4.34208730338863,79
"1562",-4.0915951490824,-4.34208730338863,79
"1563",-3.69971917877959,-4.34208730338863,79
"1564",-3.30784320847679,-4.34208730338863,79
"1565",-2.91596723817399,-4.77065873196005,79
"1566",-2.52409126787118,-5.05637301767434,79
"1567",-2.13221529756838,-5.34208730338863,79
"1568",-1.74033932726557,-5.48494444624577,79
"1569",-1.34846335696277,-5.62780158910291,79
"1570",-0.956587386659963,-5.77065873196005,79
"1571",-0.564711416357158,-5.77065873196005,79
"1572",-0.172835446054354,-5.9135158748172,79
"1573",0.219040524248451,-5.9135158748172,79
"1574",0.610916494551256,-5.9135158748172,79
"1575",1.00279246485406,-5.9135158748172,79
"1576",1.39466843515686,-5.9135158748172,79
"1577",1.78654440545967,-5.9135158748172,79
"1578",2.17842037576247,-5.9135158748172,79
"1579",2.57029634606528,-5.9135158748172,79
"1580",2.96217231636808,-5.9135158748172,79
"1581",-4.4834711193852,-4.34208730338863,80
"1582",-4.0915951490824,-4.34208730338863,80
"1583",-3.69971917877959,-4.34208730338863,80
"1584",-3.30784320847679,-4.48494444624577,80
"1585",-2.91596723817399,-4.9135158748172,80
"1586",-2.52409126787118,-5.05637301767434,80
"1587",-2.13221529756838,-5.19923016053148,80
"1588",-1.74033932726557,-5.34208730338863,80
"1589",-1.34846335696277,-5.48494444624577,80
"1590",-0.956587386659963,-5.48494444624577,80
"1591",-0.564711416357158,-5.62780158910291,80
"1592",-0.172835446054354,-5.62780158910291,80
"1593",0.219040524248451,-5.62780158910291,80
"1594",0.610916494551256,-5.62780158910291,80
"1595",1.00279246485406,-5.62780158910291,80
"1596",1.39466843515686,-5.62780158910291,80
"1597",1.78654440545967,-5.62780158910291,80
"1598",2.17842037576247,-5.62780158910291,80
"1599",2.57029634606528,-5.62780158910291,80
"1600",2.96217231636808,-5.62780158910291,80
"1601",-4.4834711193852,-4.34208730338863,81
"1602",-4.0915951490824,-4.34208730338863,81
"1603",-3.69971917877959,-4.34208730338863,81
"1604",-3.30784320847679,-4.34208730338863,81
"1605",-2.91596723817399,-4.62780158910291,81
"1606",-2.52409126787118,-5.05637301767434,81
"1607",-2.13221529756838,-5.34208730338863,81
"1608",-1.74033932726557,-5.48494444624577,81
"1609",-1.34846335696277,-5.62780158910291,81
"1610",-0.956587386659963,-5.62780158910291,81
"1611",-0.564711416357158,-5.62780158910291,81
"1612",-0.172835446054354,-5.62780158910291,81
"1613",0.219040524248451,-5.77065873196005,81
"1614",0.610916494551256,-5.77065873196005,81
"1615",1.00279246485406,-5.77065873196005,81
"1616",1.39466843515686,-5.77065873196005,81
"1617",1.78654440545967,-5.77065873196005,81
"1618",2.17842037576247,-5.77065873196005,81
"1619",2.57029634606528,-5.77065873196005,81
"1620",2.96217231636808,-5.77065873196005,81
"1621",-4.4834711193852,-4.34208730338863,82
"1622",-4.0915951490824,-4.34208730338863,82
"1623",-3.69971917877959,-4.34208730338863,82
"1624",-3.30784320847679,-4.34208730338863,82
"1625",-2.91596723817399,-4.62780158910291,82
"1626",-2.52409126787118,-5.05637301767434,82
"1627",-2.13221529756838,-5.34208730338863,82
"1628",-1.74033932726557,-5.48494444624577,82
"1629",-1.34846335696277,-5.62780158910291,82
"1630",-0.956587386659963,-5.77065873196005,82
"1631",-0.564711416357158,-5.77065873196005,82
"1632",-0.172835446054354,-5.9135158748172,82
"1633",0.219040524248451,-5.9135158748172,82
"1634",0.610916494551256,-5.9135158748172,82
"1635",1.00279246485406,-5.9135158748172,82
"1636",1.39466843515686,-5.9135158748172,82
"1637",1.78654440545967,-5.9135158748172,82
"1638",2.17842037576247,-5.9135158748172,82
"1639",2.57029634606528,-5.9135158748172,82
"1640",2.96217231636808,-5.9135158748172,82
"1641",-4.4834711193852,-4.34208730338863,83
"1642",-4.0915951490824,-4.34208730338863,83
"1643",-3.69971917877959,-4.34208730338863,83
"1644",-3.30784320847679,-4.34208730338863,83
"1645",-2.91596723817399,-4.34208730338863,83
"1646",-2.52409126787118,-4.9135158748172,83
"1647",-2.13221529756838,-5.34208730338863,83
"1648",-1.74033932726557,-5.62780158910291,83
"1649",-1.34846335696277,-5.62780158910291,83
"1650",-0.956587386659963,-5.77065873196005,83
"1651",-0.564711416357158,-5.77065873196005,83
"1652",-0.172835446054354,-5.77065873196005,83
"1653",0.219040524248451,-5.77065873196005,83
"1654",0.610916494551256,-5.77065873196005,83
"1655",1.00279246485406,-5.77065873196005,83
"1656",1.39466843515686,-5.77065873196005,83
"1657",1.78654440545967,-5.77065873196005,83
"1658",2.17842037576247,-5.77065873196005,83
"1659",2.57029634606528,-5.77065873196005,83
"1660",2.96217231636808,-5.77065873196005,83
"1661",-4.4834711193852,-4.34208730338863,84
"1662",-4.0915951490824,-4.34208730338863,84
"1663",-3.69971917877959,-4.34208730338863,84
"1664",-3.30784320847679,-4.48494444624577,84
"1665",-2.91596723817399,-4.9135158748172,84
"1666",-2.52409126787118,-5.05637301767434,84
"1667",-2.13221529756838,-5.19923016053148,84
"1668",-1.74033932726557,-5.19923016053148,84
"1669",-1.34846335696277,-5.19923016053148,84
"1670",-0.956587386659963,-5.19923016053148,84
"1671",-0.564711416357158,-5.19923016053148,84
"1672",-0.172835446054354,-5.19923016053148,84
"1673",0.219040524248451,-5.19923016053148,84
"1674",0.610916494551256,-5.19923016053148,84
"1675",1.00279246485406,-5.19923016053148,84
"1676",1.39466843515686,-5.19923016053148,84
"1677",1.78654440545967,-5.19923016053148,84
"1678",2.17842037576247,-5.19923016053148,84
"1679",2.57029634606528,-5.19923016053148,84
"1680",2.96217231636808,-5.19923016053148,84
"1681",-4.4834711193852,-4.34208730338863,85
"1682",-4.0915951490824,-4.34208730338863,85
"1683",-3.69971917877959,-4.34208730338863,85
"1684",-3.30784320847679,-4.48494444624577,85
"1685",-2.91596723817399,-4.9135158748172,85
"1686",-2.52409126787118,-5.05637301767434,85
"1687",-2.13221529756838,-5.19923016053148,85
"1688",-1.74033932726557,-5.19923016053148,85
"1689",-1.34846335696277,-5.19923016053148,85
"1690",-0.956587386659963,-5.19923016053148,85
"1691",-0.564711416357158,-5.19923016053148,85
"1692",-0.172835446054354,-5.19923016053148,85
"1693",0.219040524248451,-5.19923016053148,85
"1694",0.610916494551256,-5.19923016053148,85
"1695",1.00279246485406,-5.19923016053148,85
"1696",1.39466843515686,-5.19923016053148,85
"1697",1.78654440545967,-5.19923016053148,85
"1698",2.17842037576247,-5.19923016053148,85
"1699",2.57029634606528,-5.19923016053148,85
"1700",2.96217231636808,-5.19923016053148,85
"1701",-4.4834711193852,-4.34208730338863,86
"1702",-4.0915951490824,-4.34208730338863,86
"1703",-3.69971917877959,-4.34208730338863,86
"1704",-3.30784320847679,-4.34208730338863,86
"1705",-2.91596723817399,-4.48494444624577,86
"1706",-2.52409126787118,-5.05637301767434,86
"1707",-2.13221529756838,-5.34208730338863,86
"1708",-1.74033932726557,-5.62780158910291,86
"1709",-1.34846335696277,-5.77065873196005,86
"1710",-0.956587386659963,-5.9135158748172,86
"1711",-0.564711416357158,-5.9135158748172,86
"1712",-0.172835446054354,-5.9135158748172,86
"1713",0.219040524248451,-5.9135158748172,86
"1714",0.610916494551256,-5.9135158748172,86
"1715",1.00279246485406,-5.9135158748172,86
"1716",1.39466843515686,-5.9135158748172,86
"1717",1.78654440545967,-5.9135158748172,86
"1718",2.17842037576247,-5.9135158748172,86
"1719",2.57029634606528,-5.9135158748172,86
"1720",2.96217231636808,-5.9135158748172,86
"1721",-4.4834711193852,-4.34208730338863,87
"1722",-4.0915951490824,-4.34208730338863,87
"1723",-3.69971917877959,-4.34208730338863,87
"1724",-3.30784320847679,-4.48494444624577,87
"1725",-2.91596723817399,-4.77065873196005,87
"1726",-2.52409126787118,-5.05637301767434,87
"1727",-2.13221529756838,-5.19923016053148,87
"1728",-1.74033932726557,-5.34208730338863,87
"1729",-1.34846335696277,-5.48494444624577,87
"1730",-0.956587386659963,-5.48494444624577,87
"1731",-0.564711416357158,-5.48494444624577,87
"1732",-0.172835446054354,-5.62780158910291,87
"1733",0.219040524248451,-5.62780158910291,87
"1734",0.610916494551256,-5.62780158910291,87
"1735",1.00279246485406,-5.62780158910291,87
"1736",1.39466843515686,-5.62780158910291,87
"1737",1.78654440545967,-5.62780158910291,87
"1738",2.17842037576247,-5.62780158910291,87
"1739",2.57029634606528,-5.62780158910291,87
"1740",2.96217231636808,-5.62780158910291,87
"1741",-4.4834711193852,-4.34208730338863,88
"1742",-4.0915951490824,-4.34208730338863,88
"1743",-3.69971917877959,-4.34208730338863,88
"1744",-3.30784320847679,-4.34208730338863,88
"1745",-2.91596723817399,-4.34208730338863,88
"1746",-2.52409126787118,-4.48494444624577,88
"1747",-2.13221529756838,-6.19923016053148,88
"1748",-1.74033932726557,-6.9135158748172,88
"1749",-1.34846335696277,-7.19923016053148,88
"1750",-0.956587386659963,-7.19923016053148,88
"1751",-0.564711416357158,-7.19923016053148,88
"1752",-0.172835446054354,-7.19923016053148,88
"1753",0.219040524248451,-7.19923016053148,88
"1754",0.610916494551256,-7.19923016053148,88
"1755",1.00279246485406,-7.19923016053148,88
"1756",1.39466843515686,-7.19923016053148,88
"1757",1.78654440545967,-7.19923016053148,88
"1758",2.17842037576247,-7.19923016053148,88
"1759",2.57029634606528,-7.19923016053148,88
"1760",2.96217231636808,-7.19923016053148,88
"1761",-4.4834711193852,-4.34208730338863,89
"1762",-4.0915951490824,-4.48494444624577,89
"1763",-3.69971917877959,-4.62780158910291,89
"1764",-3.30784320847679,-4.77065873196005,89
"1765",-2.91596723817399,-4.9135158748172,89
"1766",-2.52409126787118,-5.05637301767434,89
"1767",-2.13221529756838,-5.19923016053148,89
"1768",-1.74033932726557,-5.34208730338863,89
"1769",-1.34846335696277,-5.48494444624577,89
"1770",-0.956587386659963,-5.48494444624577,89
"1771",-0.564711416357158,-5.48494444624577,89
"1772",-0.172835446054354,-5.48494444624577,89
"1773",0.219040524248451,-5.48494444624577,89
"1774",0.610916494551256,-5.48494444624577,89
"1775",1.00279246485406,-5.48494444624577,89
"1776",1.39466843515686,-5.48494444624577,89
"1777",1.78654440545967,-5.48494444624577,89
"1778",2.17842037576247,-5.48494444624577,89
"1779",2.57029634606528,-5.48494444624577,89
"1780",2.96217231636808,-5.48494444624577,89
"1781",-4.4834711193852,-4.34208730338863,90
"1782",-4.0915951490824,-4.34208730338863,90
"1783",-3.69971917877959,-4.62780158910291,90
"1784",-3.30784320847679,-4.77065873196005,90
"1785",-2.91596723817399,-4.9135158748172,90
"1786",-2.52409126787118,-5.05637301767434,90
"1787",-2.13221529756838,-5.19923016053148,90
"1788",-1.74033932726557,-5.19923016053148,90
"1789",-1.34846335696277,-5.34208730338863,90
"1790",-0.956587386659963,-5.34208730338863,90
"1791",-0.564711416357158,-5.34208730338863,90
"1792",-0.172835446054354,-5.34208730338863,90
"1793",0.219040524248451,-5.34208730338863,90
"1794",0.610916494551256,-5.34208730338863,90
"1795",1.00279246485406,-5.34208730338863,90
"1796",1.39466843515686,-5.34208730338863,90
"1797",1.78654440545967,-5.34208730338863,90
"1798",2.17842037576247,-5.34208730338863,90
"1799",2.57029634606528,-5.34208730338863,90
"1800",2.96217231636808,-5.34208730338863,90
"1801",-4.4834711193852,-4.34208730338863,91
"1802",-4.0915951490824,-4.34208730338863,91
"1803",-3.69971917877959,-4.34208730338863,91
"1804",-3.30784320847679,-4.34208730338863,91
"1805",-2.91596723817399,-4.77065873196005,91
"1806",-2.52409126787118,-5.05637301767434,91
"1807",-2.13221529756838,-5.19923016053148,91
"1808",-1.74033932726557,-5.34208730338863,91
"1809",-1.34846335696277,-5.34208730338863,91
"1810",-0.956587386659963,-5.34208730338863,91
"1811",-0.564711416357158,-5.34208730338863,91
"1812",-0.172835446054354,-5.34208730338863,91
"1813",0.219040524248451,-5.34208730338863,91
"1814",0.610916494551256,-5.34208730338863,91
"1815",1.00279246485406,-5.34208730338863,91
"1816",1.39466843515686,-5.34208730338863,91
"1817",1.78654440545967,-5.34208730338863,91
"1818",2.17842037576247,-5.34208730338863,91
"1819",2.57029634606528,-5.34208730338863,91
"1820",2.96217231636808,-5.34208730338863,91
"1821",-4.4834711193852,-4.34208730338863,92
"1822",-4.0915951490824,-4.34208730338863,92
"1823",-3.69971917877959,-4.48494444624577,92
"1824",-3.30784320847679,-4.62780158910291,92
"1825",-2.91596723817399,-4.9135158748172,92
"1826",-2.52409126787118,-5.05637301767434,92
"1827",-2.13221529756838,-5.19923016053148,92
"1828",-1.74033932726557,-6.48494444624577,92
"1829",-1.34846335696277,-7.19923016053148,92
"1830",-0.956587386659963,-7.19923016053148,92
"1831",-0.564711416357158,-7.19923016053148,92
"1832",-0.172835446054354,-7.19923016053148,92
"1833",0.219040524248451,-7.19923016053148,92
"1834",0.610916494551256,-7.19923016053148,92
"1835",1.00279246485406,-7.19923016053148,92
"1836",1.39466843515686,-7.19923016053148,92
"1837",1.78654440545967,-7.19923016053148,92
"1838",2.17842037576247,-7.19923016053148,92
"1839",2.57029634606528,-7.19923016053148,92
"1840",2.96217231636808,-7.19923016053148,92
"1841",-4.4834711193852,-4.34208730338863,93
"1842",-4.0915951490824,-4.34208730338863,93
"1843",-3.69971917877959,-4.62780158910291,93
"1844",-3.30784320847679,-4.77065873196005,93
"1845",-2.91596723817399,-4.9135158748172,93
"1846",-2.52409126787118,-5.05637301767434,93
"1847",-2.13221529756838,-5.62780158910291,93
"1848",-1.74033932726557,-6.19923016053148,93
"1849",-1.34846335696277,-6.62780158910291,93
"1850",-0.956587386659963,-6.9135158748172,93
"1851",-0.564711416357158,-7.05637301767434,93
"1852",-0.172835446054354,-7.19923016053148,93
"1853",0.219040524248451,-7.19923016053148,93
"1854",0.610916494551256,-7.19923016053148,93
"1855",1.00279246485406,-7.19923016053148,93
"1856",1.39466843515686,-7.19923016053148,93
"1857",1.78654440545967,-7.19923016053148,93
"1858",2.17842037576247,-7.19923016053148,93
"1859",2.57029634606528,-7.19923016053148,93
"1860",2.96217231636808,-7.19923016053148,93
"1861",-4.4834711193852,-4.9135158748172,94
"1862",-4.0915951490824,-4.9135158748172,94
"1863",-3.69971917877959,-4.9135158748172,94
"1864",-3.30784320847679,-4.9135158748172,94
"1865",-2.91596723817399,-4.9135158748172,94
"1866",-2.52409126787118,-5.05637301767434,94
"1867",-2.13221529756838,-5.34208730338863,94
"1868",-1.74033932726557,-5.9135158748172,94
"1869",-1.34846335696277,-6.19923016053148,94
"1870",-0.956587386659963,-6.34208730338863,94
"1871",-0.564711416357158,-6.48494444624577,94
"1872",-0.172835446054354,-6.48494444624577,94
"1873",0.219040524248451,-6.48494444624577,94
"1874",0.610916494551256,-6.48494444624577,94
"1875",1.00279246485406,-6.48494444624577,94
"1876",1.39466843515686,-6.48494444624577,94
"1877",1.78654440545967,-6.48494444624577,94
"1878",2.17842037576247,-6.48494444624577,94
"1879",2.57029634606528,-6.48494444624577,94
"1880",2.96217231636808,-6.48494444624577,94
"1881",-4.4834711193852,-4.34208730338863,95
"1882",-4.0915951490824,-4.34208730338863,95
"1883",-3.69971917877959,-4.34208730338863,95
"1884",-3.30784320847679,-4.34208730338863,95
"1885",-2.91596723817399,-4.77065873196005,95
"1886",-2.52409126787118,-5.05637301767434,95
"1887",-2.13221529756838,-5.34208730338863,95
"1888",-1.74033932726557,-5.48494444624577,95
"1889",-1.34846335696277,-5.62780158910291,95
"1890",-0.956587386659963,-5.77065873196005,95
"1891",-0.564711416357158,-5.77065873196005,95
"1892",-0.172835446054354,-5.77065873196005,95
"1893",0.219040524248451,-5.9135158748172,95
"1894",0.610916494551256,-5.9135158748172,95
"1895",1.00279246485406,-5.9135158748172,95
"1896",1.39466843515686,-5.9135158748172,95
"1897",1.78654440545967,-5.9135158748172,95
"1898",2.17842037576247,-5.9135158748172,95
"1899",2.57029634606528,-5.9135158748172,95
"1900",2.96217231636808,-5.9135158748172,95
"1901",-4.4834711193852,-4.34208730338863,96
"1902",-4.0915951490824,-4.34208730338863,96
"1903",-3.69971917877959,-4.34208730338863,96
"1904",-3.30784320847679,-4.34208730338863,96
"1905",-2.91596723817399,-4.62780158910291,96
"1906",-2.52409126787118,-5.05637301767434,96
"1907",-2.13221529756838,-5.34208730338863,96
"1908",-1.74033932726557,-5.48494444624577,96
"1909",-1.34846335696277,-5.48494444624577,96
"1910",-0.956587386659963,-5.48494444624577,96
"1911",-0.564711416357158,-5.62780158910291,96
"1912",-0.172835446054354,-5.62780158910291,96
"1913",0.219040524248451,-5.62780158910291,96
"1914",0.610916494551256,-5.62780158910291,96
"1915",1.00279246485406,-5.62780158910291,96
"1916",1.39466843515686,-5.62780158910291,96
"1917",1.78654440545967,-5.62780158910291,96
"1918",2.17842037576247,-5.62780158910291,96
"1919",2.57029634606528,-5.62780158910291,96
"1920",2.96217231636808,-5.62780158910291,96
"1921",-4.4834711193852,-4.34208730338863,97
"1922",-4.0915951490824,-4.34208730338863,97
"1923",-3.69971917877959,-4.34208730338863,97
"1924",-3.30784320847679,-4.48494444624577,97
"1925",-2.91596723817399,-4.9135158748172,97
"1926",-2.52409126787118,-5.05637301767434,97
"1927",-2.13221529756838,-5.19923016053148,97
"1928",-1.74033932726557,-5.19923016053148,97
"1929",-1.34846335696277,-5.19923016053148,97
"1930",-0.956587386659963,-5.19923016053148,97
"1931",-0.564711416357158,-5.19923016053148,97
"1932",-0.172835446054354,-5.19923016053148,97
"1933",0.219040524248451,-5.19923016053148,97
"1934",0.610916494551256,-5.19923016053148,97
"1935",1.00279246485406,-5.19923016053148,97
"1936",1.39466843515686,-5.19923016053148,97
"1937",1.78654440545967,-5.19923016053148,97
"1938",2.17842037576247,-5.19923016053148,97
"1939",2.57029634606528,-5.19923016053148,97
"1940",2.96217231636808,-5.19923016053148,97
"1941",-4.4834711193852,-4.34208730338863,98
"1942",-4.0915951490824,-4.34208730338863,98
"1943",-3.69971917877959,-4.9135158748172,98
"1944",-3.30784320847679,-5.05637301767434,98
"1945",-2.91596723817399,-5.05637301767434,98
"1946",-2.52409126787118,-5.05637301767434,98
"1947",-2.13221529756838,-5.19923016053148,98
"1948",-1.74033932726557,-5.19923016053148,98
"1949",-1.34846335696277,-5.77065873196005,98
"1950",-0.956587386659963,-6.48494444624577,98
"1951",-0.564711416357158,-6.77065873196005,98
"1952",-0.172835446054354,-6.77065873196005,98
"1953",0.219040524248451,-6.77065873196005,98
"1954",0.610916494551256,-6.77065873196005,98
"1955",1.00279246485406,-6.77065873196005,98
"1956",1.39466843515686,-6.77065873196005,98
"1957",1.78654440545967,-6.77065873196005,98
"1958",2.17842037576247,-6.77065873196005,98
"1959",2.57029634606528,-6.77065873196005,98
"1960",2.96217231636808,-6.77065873196005,98
"1961",-4.4834711193852,-4.9135158748172,99
"1962",-4.0915951490824,-5.05637301767434,99
"1963",-3.69971917877959,-5.05637301767434,99
"1964",-3.30784320847679,-5.05637301767434,99
"1965",-2.91596723817399,-5.05637301767434,99
"1966",-2.52409126787118,-5.05637301767434,99
"1967",-2.13221529756838,-5.34208730338863,99
"1968",-1.74033932726557,-6.05637301767434,99
"1969",-1.34846335696277,-6.48494444624577,99
"1970",-0.956587386659963,-6.62780158910291,99
"1971",-0.564711416357158,-6.77065873196005,99
"1972",-0.172835446054354,-6.9135158748172,99
"1973",0.219040524248451,-6.9135158748172,99
"1974",0.610916494551256,-6.9135158748172,99
"1975",1.00279246485406,-6.9135158748172,99
"1976",1.39466843515686,-6.9135158748172,99
"1977",1.78654440545967,-6.9135158748172,99
"1978",2.17842037576247,-6.9135158748172,99
"1979",2.57029634606528,-6.9135158748172,99
"1980",2.96217231636808,-6.9135158748172,99
"1981",-4.4834711193852,-4.34208730338863,100
"1982",-4.0915951490824,-4.34208730338863,100
"1983",-3.69971917877959,-4.48494444624577,100
"1984",-3.30784320847679,-4.77065873196005,100
"1985",-2.91596723817399,-4.9135158748172,100
"1986",-2.52409126787118,-5.05637301767434,100
"1987",-2.13221529756838,-5.19923016053148,100
"1988",-1.74033932726557,-5.34208730338863,100
"1989",-1.34846335696277,-5.34208730338863,100
"1990",-0.956587386659963,-5.34208730338863,100
"1991",-0.564711416357158,-5.48494444624577,100
"1992",-0.172835446054354,-5.48494444624577,100
"1993",0.219040524248451,-5.48494444624577,100
"1994",0.610916494551256,-5.48494444624577,100
"1995",1.00279246485406,-5.48494444624577,100
"1996",1.39466843515686,-5.48494444624577,100
"1997",1.78654440545967,-5.48494444624577,100
"1998",2.17842037576247,-5.48494444624577,100
"1999",2.57029634606528,-5.48494444624577,100
"2000",2.96217231636808,-5.48494444624577,100
