"","x","y","sample"
"1",-5.4418957601157,0.686550340500838,1
"2",-5.02929184110975,0.686550340500838,1
"3",-4.6166879221038,0.686550340500838,1
"4",-4.20408400309785,0.686550340500838,1
"5",-3.7914800840919,0.686550340500838,1
"6",-3.37887616508595,-0.396262928042101,1
"7",-2.96627224608,-0.705638147625797,1
"8",-2.55366832707405,-0.860325757417645,1
"9",-2.1410644080681,-0.860325757417645,1
"10",-1.72846048906215,-1.01501336720949,1
"11",-1.31585657005619,-1.01501336720949,1
"12",-0.903252651050243,-1.16970097700134,1
"13",-0.490648732044293,-2.40720185533613,1
"14",-0.0780448130383418,-2.40720185533613,1
"15",0.334559105967609,-2.40720185533613,1
"16",0.74716302497356,-2.40720185533613,1
"17",1.15976694397951,-2.40720185533613,1
"18",1.57237086298546,-2.40720185533613,1
"19",1.98497478199141,-2.40720185533613,1
"20",2.39757870099736,-2.40720185533613,1
"21",-5.4418957601157,0.0677999013334447,2
"22",-5.02929184110975,0.0677999013334447,2
"23",-4.6166879221038,0.0677999013334447,2
"24",-4.20408400309785,-0.0868877084584034,2
"25",-3.7914800840919,-0.0868877084584034,2
"26",-3.37887616508595,-0.0868877084584034,2
"27",-2.96627224608,-0.0868877084584034,2
"28",-2.55366832707405,-0.0868877084584034,2
"29",-2.1410644080681,-0.0868877084584034,2
"30",-1.72846048906215,-0.0868877084584034,2
"31",-1.31585657005619,-0.0868877084584034,2
"32",-0.903252651050243,-0.241575318250252,2
"33",-0.490648732044293,-2.25251424554428,2
"34",-0.0780448130383418,-2.40720185533613,2
"35",0.334559105967609,-2.40720185533613,2
"36",0.74716302497356,-2.40720185533613,2
"37",1.15976694397951,-2.40720185533613,2
"38",1.57237086298546,-2.40720185533613,2
"39",1.98497478199141,-2.40720185533613,2
"40",2.39757870099736,-2.40720185533613,2
"41",-5.4418957601157,0.686550340500838,3
"42",-5.02929184110975,0.686550340500838,3
"43",-4.6166879221038,0.686550340500838,3
"44",-4.20408400309785,0.686550340500838,3
"45",-3.7914800840919,0.686550340500838,3
"46",-3.37887616508595,-0.241575318250252,3
"47",-2.96627224608,-0.550950537833949,3
"48",-2.55366832707405,-0.550950537833949,3
"49",-2.1410644080681,-0.705638147625797,3
"50",-1.72846048906215,-0.705638147625797,3
"51",-1.31585657005619,-0.860325757417645,3
"52",-0.903252651050243,-0.860325757417645,3
"53",-0.490648732044293,-2.25251424554428,3
"54",-0.0780448130383418,-2.40720185533613,3
"55",0.334559105967609,-2.40720185533613,3
"56",0.74716302497356,-2.40720185533613,3
"57",1.15976694397951,-2.40720185533613,3
"58",1.57237086298546,-2.40720185533613,3
"59",1.98497478199141,-2.40720185533613,3
"60",2.39757870099736,-2.40720185533613,3
"61",-5.4418957601157,0.686550340500838,4
"62",-5.02929184110975,0.686550340500838,4
"63",-4.6166879221038,0.686550340500838,4
"64",-4.20408400309785,0.686550340500838,4
"65",-3.7914800840919,0.686550340500838,4
"66",-3.37887616508595,-0.860325757417645,4
"67",-2.96627224608,-1.16970097700134,4
"68",-2.55366832707405,-1.32438858679319,4
"69",-2.1410644080681,-1.32438858679319,4
"70",-1.72846048906215,-1.47907619658504,4
"71",-1.31585657005619,-1.47907619658504,4
"72",-0.903252651050243,-1.47907619658504,4
"73",-0.490648732044293,-2.40720185533613,4
"74",-0.0780448130383418,-2.40720185533613,4
"75",0.334559105967609,-2.40720185533613,4
"76",0.74716302497356,-2.40720185533613,4
"77",1.15976694397951,-2.40720185533613,4
"78",1.57237086298546,-2.40720185533613,4
"79",1.98497478199141,-2.40720185533613,4
"80",2.39757870099736,-2.40720185533613,4
"81",-5.4418957601157,0.686550340500838,5
"82",-5.02929184110975,0.686550340500838,5
"83",-4.6166879221038,0.686550340500838,5
"84",-4.20408400309785,0.686550340500838,5
"85",-3.7914800840919,0.686550340500838,5
"86",-3.37887616508595,-0.241575318250252,5
"87",-2.96627224608,-0.550950537833949,5
"88",-2.55366832707405,-0.705638147625797,5
"89",-2.1410644080681,-0.705638147625797,5
"90",-1.72846048906215,-0.860325757417645,5
"91",-1.31585657005619,-0.860325757417645,5
"92",-0.903252651050243,-0.860325757417645,5
"93",-0.490648732044293,-1.32438858679319,5
"94",-0.0780448130383418,-2.40720185533613,5
"95",0.334559105967609,-2.40720185533613,5
"96",0.74716302497356,-2.40720185533613,5
"97",1.15976694397951,-2.40720185533613,5
"98",1.57237086298546,-2.40720185533613,5
"99",1.98497478199141,-2.40720185533613,5
"100",2.39757870099736,-2.40720185533613,5
"101",-5.4418957601157,0.686550340500838,6
"102",-5.02929184110975,0.686550340500838,6
"103",-4.6166879221038,0.686550340500838,6
"104",-4.20408400309785,0.686550340500838,6
"105",-3.7914800840919,0.686550340500838,6
"106",-3.37887616508595,-0.860325757417645,6
"107",-2.96627224608,-1.32438858679319,6
"108",-2.55366832707405,-1.47907619658504,6
"109",-2.1410644080681,-1.47907619658504,6
"110",-1.72846048906215,-1.47907619658504,6
"111",-1.31585657005619,-1.63376380637689,6
"112",-0.903252651050243,-1.63376380637689,6
"113",-0.490648732044293,-1.63376380637689,6
"114",-0.0780448130383418,-2.25251424554428,6
"115",0.334559105967609,-2.40720185533613,6
"116",0.74716302497356,-2.40720185533613,6
"117",1.15976694397951,-2.40720185533613,6
"118",1.57237086298546,-2.40720185533613,6
"119",1.98497478199141,-2.40720185533613,6
"120",2.39757870099736,-2.40720185533613,6
"121",-5.4418957601157,0.222487511125293,7
"122",-5.02929184110975,0.0677999013334447,7
"123",-4.6166879221038,0.0677999013334447,7
"124",-4.20408400309785,0.0677999013334447,7
"125",-3.7914800840919,-0.0868877084584034,7
"126",-3.37887616508595,-0.0868877084584034,7
"127",-2.96627224608,-0.0868877084584034,7
"128",-2.55366832707405,-0.241575318250252,7
"129",-2.1410644080681,-0.241575318250252,7
"130",-1.72846048906215,-0.241575318250252,7
"131",-1.31585657005619,-0.241575318250252,7
"132",-0.903252651050243,-0.396262928042101,7
"133",-0.490648732044293,-2.40720185533613,7
"134",-0.0780448130383418,-2.40720185533613,7
"135",0.334559105967609,-2.40720185533613,7
"136",0.74716302497356,-2.40720185533613,7
"137",1.15976694397951,-2.40720185533613,7
"138",1.57237086298546,-2.40720185533613,7
"139",1.98497478199141,-2.40720185533613,7
"140",2.39757870099736,-2.40720185533613,7
"141",-5.4418957601157,0.686550340500838,8
"142",-5.02929184110975,0.686550340500838,8
"143",-4.6166879221038,0.686550340500838,8
"144",-4.20408400309785,0.686550340500838,8
"145",-3.7914800840919,0.53186273070899,8
"146",-3.37887616508595,-0.0868877084584034,8
"147",-2.96627224608,-0.396262928042101,8
"148",-2.55366832707405,-0.705638147625797,8
"149",-2.1410644080681,-1.16970097700134,8
"150",-1.72846048906215,-1.78845141616874,8
"151",-1.31585657005619,-2.09782663575243,8
"152",-0.903252651050243,-2.25251424554428,8
"153",-0.490648732044293,-2.40720185533613,8
"154",-0.0780448130383418,-2.40720185533613,8
"155",0.334559105967609,-2.40720185533613,8
"156",0.74716302497356,-2.40720185533613,8
"157",1.15976694397951,-2.40720185533613,8
"158",1.57237086298546,-2.40720185533613,8
"159",1.98497478199141,-2.40720185533613,8
"160",2.39757870099736,-2.40720185533613,8
"161",-5.4418957601157,0.686550340500838,9
"162",-5.02929184110975,0.686550340500838,9
"163",-4.6166879221038,0.686550340500838,9
"164",-4.20408400309785,0.686550340500838,9
"165",-3.7914800840919,0.686550340500838,9
"166",-3.37887616508595,-0.705638147625797,9
"167",-2.96627224608,-1.16970097700134,9
"168",-2.55366832707405,-1.32438858679319,9
"169",-2.1410644080681,-1.32438858679319,9
"170",-1.72846048906215,-1.32438858679319,9
"171",-1.31585657005619,-1.47907619658504,9
"172",-0.903252651050243,-1.47907619658504,9
"173",-0.490648732044293,-2.40720185533613,9
"174",-0.0780448130383418,-2.40720185533613,9
"175",0.334559105967609,-2.40720185533613,9
"176",0.74716302497356,-2.40720185533613,9
"177",1.15976694397951,-2.40720185533613,9
"178",1.57237086298546,-2.40720185533613,9
"179",1.98497478199141,-2.40720185533613,9
"180",2.39757870099736,-2.40720185533613,9
"181",-5.4418957601157,0.686550340500838,10
"182",-5.02929184110975,0.53186273070899,10
"183",-4.6166879221038,0.377175120917141,10
"184",-4.20408400309785,0.222487511125293,10
"185",-3.7914800840919,0.0677999013334447,10
"186",-3.37887616508595,-0.0868877084584034,10
"187",-2.96627224608,-0.241575318250252,10
"188",-2.55366832707405,-0.241575318250252,10
"189",-2.1410644080681,-0.396262928042101,10
"190",-1.72846048906215,-0.396262928042101,10
"191",-1.31585657005619,-0.550950537833949,10
"192",-0.903252651050243,-0.550950537833949,10
"193",-0.490648732044293,-1.01501336720949,10
"194",-0.0780448130383418,-2.40720185533613,10
"195",0.334559105967609,-2.40720185533613,10
"196",0.74716302497356,-2.40720185533613,10
"197",1.15976694397951,-2.40720185533613,10
"198",1.57237086298546,-2.40720185533613,10
"199",1.98497478199141,-2.40720185533613,10
"200",2.39757870099736,-2.40720185533613,10
"201",-5.4418957601157,0.686550340500838,11
"202",-5.02929184110975,0.686550340500838,11
"203",-4.6166879221038,0.686550340500838,11
"204",-4.20408400309785,0.686550340500838,11
"205",-3.7914800840919,0.222487511125293,11
"206",-3.37887616508595,-0.0868877084584034,11
"207",-2.96627224608,-0.241575318250252,11
"208",-2.55366832707405,-0.396262928042101,11
"209",-2.1410644080681,-0.550950537833949,11
"210",-1.72846048906215,-0.550950537833949,11
"211",-1.31585657005619,-0.705638147625797,11
"212",-0.903252651050243,-0.705638147625797,11
"213",-0.490648732044293,-0.860325757417645,11
"214",-0.0780448130383418,-2.40720185533613,11
"215",0.334559105967609,-2.40720185533613,11
"216",0.74716302497356,-2.40720185533613,11
"217",1.15976694397951,-2.40720185533613,11
"218",1.57237086298546,-2.40720185533613,11
"219",1.98497478199141,-2.40720185533613,11
"220",2.39757870099736,-2.40720185533613,11
"221",-5.4418957601157,0.686550340500838,12
"222",-5.02929184110975,0.686550340500838,12
"223",-4.6166879221038,0.686550340500838,12
"224",-4.20408400309785,0.686550340500838,12
"225",-3.7914800840919,0.222487511125293,12
"226",-3.37887616508595,-0.0868877084584034,12
"227",-2.96627224608,-0.396262928042101,12
"228",-2.55366832707405,-0.705638147625797,12
"229",-2.1410644080681,-1.01501336720949,12
"230",-1.72846048906215,-1.16970097700134,12
"231",-1.31585657005619,-1.47907619658504,12
"232",-0.903252651050243,-1.78845141616874,12
"233",-0.490648732044293,-2.40720185533613,12
"234",-0.0780448130383418,-2.40720185533613,12
"235",0.334559105967609,-2.40720185533613,12
"236",0.74716302497356,-2.40720185533613,12
"237",1.15976694397951,-2.40720185533613,12
"238",1.57237086298546,-2.40720185533613,12
"239",1.98497478199141,-2.40720185533613,12
"240",2.39757870099736,-2.40720185533613,12
"241",-5.4418957601157,0.686550340500838,13
"242",-5.02929184110975,0.686550340500838,13
"243",-4.6166879221038,0.686550340500838,13
"244",-4.20408400309785,0.686550340500838,13
"245",-3.7914800840919,0.686550340500838,13
"246",-3.37887616508595,-0.396262928042101,13
"247",-2.96627224608,-1.01501336720949,13
"248",-2.55366832707405,-1.32438858679319,13
"249",-2.1410644080681,-1.47907619658504,13
"250",-1.72846048906215,-1.63376380637689,13
"251",-1.31585657005619,-1.63376380637689,13
"252",-0.903252651050243,-1.78845141616874,13
"253",-0.490648732044293,-1.78845141616874,13
"254",-0.0780448130383418,-2.40720185533613,13
"255",0.334559105967609,-2.40720185533613,13
"256",0.74716302497356,-2.40720185533613,13
"257",1.15976694397951,-2.40720185533613,13
"258",1.57237086298546,-2.40720185533613,13
"259",1.98497478199141,-2.40720185533613,13
"260",2.39757870099736,-2.40720185533613,13
"261",-5.4418957601157,0.686550340500838,14
"262",-5.02929184110975,0.686550340500838,14
"263",-4.6166879221038,0.686550340500838,14
"264",-4.20408400309785,0.686550340500838,14
"265",-3.7914800840919,0.686550340500838,14
"266",-3.37887616508595,-0.396262928042101,14
"267",-2.96627224608,-0.705638147625797,14
"268",-2.55366832707405,-1.01501336720949,14
"269",-2.1410644080681,-1.01501336720949,14
"270",-1.72846048906215,-1.16970097700134,14
"271",-1.31585657005619,-1.16970097700134,14
"272",-0.903252651050243,-1.16970097700134,14
"273",-0.490648732044293,-2.25251424554428,14
"274",-0.0780448130383418,-2.40720185533613,14
"275",0.334559105967609,-2.40720185533613,14
"276",0.74716302497356,-2.40720185533613,14
"277",1.15976694397951,-2.40720185533613,14
"278",1.57237086298546,-2.40720185533613,14
"279",1.98497478199141,-2.40720185533613,14
"280",2.39757870099736,-2.40720185533613,14
"281",-5.4418957601157,0.686550340500838,15
"282",-5.02929184110975,0.686550340500838,15
"283",-4.6166879221038,0.686550340500838,15
"284",-4.20408400309785,0.377175120917141,15
"285",-3.7914800840919,0.0677999013334447,15
"286",-3.37887616508595,-0.0868877084584034,15
"287",-2.96627224608,-0.241575318250252,15
"288",-2.55366832707405,-0.241575318250252,15
"289",-2.1410644080681,-0.396262928042101,15
"290",-1.72846048906215,-0.396262928042101,15
"291",-1.31585657005619,-0.550950537833949,15
"292",-0.903252651050243,-0.550950537833949,15
"293",-0.490648732044293,-2.09782663575243,15
"294",-0.0780448130383418,-2.40720185533613,15
"295",0.334559105967609,-2.40720185533613,15
"296",0.74716302497356,-2.40720185533613,15
"297",1.15976694397951,-2.40720185533613,15
"298",1.57237086298546,-2.40720185533613,15
"299",1.98497478199141,-2.40720185533613,15
"300",2.39757870099736,-2.40720185533613,15
"301",-5.4418957601157,0.686550340500838,16
"302",-5.02929184110975,0.686550340500838,16
"303",-4.6166879221038,0.686550340500838,16
"304",-4.20408400309785,0.686550340500838,16
"305",-3.7914800840919,0.686550340500838,16
"306",-3.37887616508595,-0.860325757417645,16
"307",-2.96627224608,-2.40720185533613,16
"308",-2.55366832707405,-2.40720185533613,16
"309",-2.1410644080681,-2.40720185533613,16
"310",-1.72846048906215,-2.40720185533613,16
"311",-1.31585657005619,-2.40720185533613,16
"312",-0.903252651050243,-2.40720185533613,16
"313",-0.490648732044293,-2.40720185533613,16
"314",-0.0780448130383418,-2.40720185533613,16
"315",0.334559105967609,-2.40720185533613,16
"316",0.74716302497356,-2.40720185533613,16
"317",1.15976694397951,-2.40720185533613,16
"318",1.57237086298546,-2.40720185533613,16
"319",1.98497478199141,-2.40720185533613,16
"320",2.39757870099736,-2.40720185533613,16
"321",-5.4418957601157,0.686550340500838,17
"322",-5.02929184110975,0.686550340500838,17
"323",-4.6166879221038,0.686550340500838,17
"324",-4.20408400309785,0.686550340500838,17
"325",-3.7914800840919,0.53186273070899,17
"326",-3.37887616508595,-0.0868877084584034,17
"327",-2.96627224608,-0.550950537833949,17
"328",-2.55366832707405,-0.705638147625797,17
"329",-2.1410644080681,-0.860325757417645,17
"330",-1.72846048906215,-1.01501336720949,17
"331",-1.31585657005619,-1.16970097700134,17
"332",-0.903252651050243,-2.40720185533613,17
"333",-0.490648732044293,-2.40720185533613,17
"334",-0.0780448130383418,-2.40720185533613,17
"335",0.334559105967609,-2.40720185533613,17
"336",0.74716302497356,-2.40720185533613,17
"337",1.15976694397951,-2.40720185533613,17
"338",1.57237086298546,-2.40720185533613,17
"339",1.98497478199141,-2.40720185533613,17
"340",2.39757870099736,-2.40720185533613,17
"341",-5.4418957601157,0.686550340500838,18
"342",-5.02929184110975,0.686550340500838,18
"343",-4.6166879221038,0.53186273070899,18
"344",-4.20408400309785,0.222487511125293,18
"345",-3.7914800840919,0.0677999013334447,18
"346",-3.37887616508595,-0.0868877084584034,18
"347",-2.96627224608,-0.241575318250252,18
"348",-2.55366832707405,-0.241575318250252,18
"349",-2.1410644080681,-0.396262928042101,18
"350",-1.72846048906215,-0.396262928042101,18
"351",-1.31585657005619,-0.396262928042101,18
"352",-0.903252651050243,-0.396262928042101,18
"353",-0.490648732044293,-0.860325757417645,18
"354",-0.0780448130383418,-2.09782663575243,18
"355",0.334559105967609,-2.25251424554428,18
"356",0.74716302497356,-2.25251424554428,18
"357",1.15976694397951,-2.25251424554428,18
"358",1.57237086298546,-2.25251424554428,18
"359",1.98497478199141,-2.25251424554428,18
"360",2.39757870099736,-2.25251424554428,18
"361",-5.4418957601157,0.686550340500838,19
"362",-5.02929184110975,0.686550340500838,19
"363",-4.6166879221038,0.686550340500838,19
"364",-4.20408400309785,0.686550340500838,19
"365",-3.7914800840919,0.686550340500838,19
"366",-3.37887616508595,-1.47907619658504,19
"367",-2.96627224608,-1.63376380637689,19
"368",-2.55366832707405,-1.78845141616874,19
"369",-2.1410644080681,-1.78845141616874,19
"370",-1.72846048906215,-1.78845141616874,19
"371",-1.31585657005619,-1.78845141616874,19
"372",-0.903252651050243,-1.78845141616874,19
"373",-0.490648732044293,-1.94313902596058,19
"374",-0.0780448130383418,-2.40720185533613,19
"375",0.334559105967609,-2.40720185533613,19
"376",0.74716302497356,-2.40720185533613,19
"377",1.15976694397951,-2.40720185533613,19
"378",1.57237086298546,-2.40720185533613,19
"379",1.98497478199141,-2.40720185533613,19
"380",2.39757870099736,-2.40720185533613,19
"381",-5.4418957601157,0.377175120917141,20
"382",-5.02929184110975,0.377175120917141,20
"383",-4.6166879221038,0.222487511125293,20
"384",-4.20408400309785,0.0677999013334447,20
"385",-3.7914800840919,0.0677999013334447,20
"386",-3.37887616508595,-0.0868877084584034,20
"387",-2.96627224608,-0.241575318250252,20
"388",-2.55366832707405,-0.241575318250252,20
"389",-2.1410644080681,-0.396262928042101,20
"390",-1.72846048906215,-0.396262928042101,20
"391",-1.31585657005619,-0.550950537833949,20
"392",-0.903252651050243,-2.09782663575243,20
"393",-0.490648732044293,-2.40720185533613,20
"394",-0.0780448130383418,-2.40720185533613,20
"395",0.334559105967609,-2.40720185533613,20
"396",0.74716302497356,-2.40720185533613,20
"397",1.15976694397951,-2.40720185533613,20
"398",1.57237086298546,-2.40720185533613,20
"399",1.98497478199141,-2.40720185533613,20
"400",2.39757870099736,-2.40720185533613,20
"401",-5.4418957601157,0.686550340500838,21
"402",-5.02929184110975,0.686550340500838,21
"403",-4.6166879221038,0.686550340500838,21
"404",-4.20408400309785,0.686550340500838,21
"405",-3.7914800840919,0.686550340500838,21
"406",-3.37887616508595,-1.32438858679319,21
"407",-2.96627224608,-2.40720185533613,21
"408",-2.55366832707405,-2.40720185533613,21
"409",-2.1410644080681,-2.40720185533613,21
"410",-1.72846048906215,-2.40720185533613,21
"411",-1.31585657005619,-2.40720185533613,21
"412",-0.903252651050243,-2.40720185533613,21
"413",-0.490648732044293,-2.40720185533613,21
"414",-0.0780448130383418,-2.40720185533613,21
"415",0.334559105967609,-2.40720185533613,21
"416",0.74716302497356,-2.40720185533613,21
"417",1.15976694397951,-2.40720185533613,21
"418",1.57237086298546,-2.40720185533613,21
"419",1.98497478199141,-2.40720185533613,21
"420",2.39757870099736,-2.40720185533613,21
"421",-5.4418957601157,0.686550340500838,22
"422",-5.02929184110975,0.686550340500838,22
"423",-4.6166879221038,0.686550340500838,22
"424",-4.20408400309785,0.686550340500838,22
"425",-3.7914800840919,0.0677999013334447,22
"426",-3.37887616508595,-0.0868877084584034,22
"427",-2.96627224608,-0.0868877084584034,22
"428",-2.55366832707405,-0.0868877084584034,22
"429",-2.1410644080681,-0.0868877084584034,22
"430",-1.72846048906215,-0.0868877084584034,22
"431",-1.31585657005619,-0.0868877084584034,22
"432",-0.903252651050243,-0.241575318250252,22
"433",-0.490648732044293,-2.40720185533613,22
"434",-0.0780448130383418,-2.40720185533613,22
"435",0.334559105967609,-2.40720185533613,22
"436",0.74716302497356,-2.40720185533613,22
"437",1.15976694397951,-2.40720185533613,22
"438",1.57237086298546,-2.40720185533613,22
"439",1.98497478199141,-2.40720185533613,22
"440",2.39757870099736,-2.40720185533613,22
"441",-5.4418957601157,0.686550340500838,23
"442",-5.02929184110975,0.686550340500838,23
"443",-4.6166879221038,0.686550340500838,23
"444",-4.20408400309785,0.686550340500838,23
"445",-3.7914800840919,0.686550340500838,23
"446",-3.37887616508595,-0.860325757417645,23
"447",-2.96627224608,-1.63376380637689,23
"448",-2.55366832707405,-1.94313902596058,23
"449",-2.1410644080681,-2.09782663575243,23
"450",-1.72846048906215,-2.25251424554428,23
"451",-1.31585657005619,-2.25251424554428,23
"452",-0.903252651050243,-2.40720185533613,23
"453",-0.490648732044293,-2.40720185533613,23
"454",-0.0780448130383418,-2.40720185533613,23
"455",0.334559105967609,-2.40720185533613,23
"456",0.74716302497356,-2.40720185533613,23
"457",1.15976694397951,-2.40720185533613,23
"458",1.57237086298546,-2.40720185533613,23
"459",1.98497478199141,-2.40720185533613,23
"460",2.39757870099736,-2.40720185533613,23
"461",-5.4418957601157,0.686550340500838,24
"462",-5.02929184110975,0.53186273070899,24
"463",-4.6166879221038,0.222487511125293,24
"464",-4.20408400309785,0.0677999013334447,24
"465",-3.7914800840919,0.0677999013334447,24
"466",-3.37887616508595,-0.0868877084584034,24
"467",-2.96627224608,-0.241575318250252,24
"468",-2.55366832707405,-0.241575318250252,24
"469",-2.1410644080681,-0.396262928042101,24
"470",-1.72846048906215,-0.396262928042101,24
"471",-1.31585657005619,-0.550950537833949,24
"472",-0.903252651050243,-0.550950537833949,24
"473",-0.490648732044293,-2.40720185533613,24
"474",-0.0780448130383418,-2.40720185533613,24
"475",0.334559105967609,-2.40720185533613,24
"476",0.74716302497356,-2.40720185533613,24
"477",1.15976694397951,-2.40720185533613,24
"478",1.57237086298546,-2.40720185533613,24
"479",1.98497478199141,-2.40720185533613,24
"480",2.39757870099736,-2.40720185533613,24
"481",-5.4418957601157,0.686550340500838,25
"482",-5.02929184110975,0.686550340500838,25
"483",-4.6166879221038,0.686550340500838,25
"484",-4.20408400309785,0.686550340500838,25
"485",-3.7914800840919,0.222487511125293,25
"486",-3.37887616508595,-0.0868877084584034,25
"487",-2.96627224608,-0.396262928042101,25
"488",-2.55366832707405,-0.550950537833949,25
"489",-2.1410644080681,-0.705638147625797,25
"490",-1.72846048906215,-0.860325757417645,25
"491",-1.31585657005619,-1.16970097700134,25
"492",-0.903252651050243,-1.78845141616874,25
"493",-0.490648732044293,-2.09782663575243,25
"494",-0.0780448130383418,-2.40720185533613,25
"495",0.334559105967609,-2.40720185533613,25
"496",0.74716302497356,-2.40720185533613,25
"497",1.15976694397951,-2.40720185533613,25
"498",1.57237086298546,-2.40720185533613,25
"499",1.98497478199141,-2.40720185533613,25
"500",2.39757870099736,-2.40720185533613,25
"501",-5.4418957601157,0.222487511125293,26
"502",-5.02929184110975,0.0677999013334447,26
"503",-4.6166879221038,0.0677999013334447,26
"504",-4.20408400309785,-0.0868877084584034,26
"505",-3.7914800840919,-0.0868877084584034,26
"506",-3.37887616508595,-0.0868877084584034,26
"507",-2.96627224608,-0.0868877084584034,26
"508",-2.55366832707405,-0.0868877084584034,26
"509",-2.1410644080681,-0.241575318250252,26
"510",-1.72846048906215,-0.241575318250252,26
"511",-1.31585657005619,-0.241575318250252,26
"512",-0.903252651050243,-0.241575318250252,26
"513",-0.490648732044293,-2.09782663575243,26
"514",-0.0780448130383418,-2.40720185533613,26
"515",0.334559105967609,-2.40720185533613,26
"516",0.74716302497356,-2.40720185533613,26
"517",1.15976694397951,-2.40720185533613,26
"518",1.57237086298546,-2.40720185533613,26
"519",1.98497478199141,-2.40720185533613,26
"520",2.39757870099736,-2.40720185533613,26
"521",-5.4418957601157,0.686550340500838,27
"522",-5.02929184110975,0.377175120917141,27
"523",-4.6166879221038,0.0677999013334447,27
"524",-4.20408400309785,0.0677999013334447,27
"525",-3.7914800840919,-0.0868877084584034,27
"526",-3.37887616508595,-0.0868877084584034,27
"527",-2.96627224608,-0.0868877084584034,27
"528",-2.55366832707405,-0.241575318250252,27
"529",-2.1410644080681,-0.241575318250252,27
"530",-1.72846048906215,-0.241575318250252,27
"531",-1.31585657005619,-0.241575318250252,27
"532",-0.903252651050243,-0.241575318250252,27
"533",-0.490648732044293,-2.40720185533613,27
"534",-0.0780448130383418,-2.40720185533613,27
"535",0.334559105967609,-2.40720185533613,27
"536",0.74716302497356,-2.40720185533613,27
"537",1.15976694397951,-2.40720185533613,27
"538",1.57237086298546,-2.40720185533613,27
"539",1.98497478199141,-2.40720185533613,27
"540",2.39757870099736,-2.40720185533613,27
"541",-5.4418957601157,0.686550340500838,28
"542",-5.02929184110975,0.686550340500838,28
"543",-4.6166879221038,0.686550340500838,28
"544",-4.20408400309785,0.686550340500838,28
"545",-3.7914800840919,0.686550340500838,28
"546",-3.37887616508595,-0.0868877084584034,28
"547",-2.96627224608,-0.550950537833949,28
"548",-2.55366832707405,-0.860325757417645,28
"549",-2.1410644080681,-1.01501336720949,28
"550",-1.72846048906215,-1.16970097700134,28
"551",-1.31585657005619,-1.32438858679319,28
"552",-0.903252651050243,-1.63376380637689,28
"553",-0.490648732044293,-2.40720185533613,28
"554",-0.0780448130383418,-2.40720185533613,28
"555",0.334559105967609,-2.40720185533613,28
"556",0.74716302497356,-2.40720185533613,28
"557",1.15976694397951,-2.40720185533613,28
"558",1.57237086298546,-2.40720185533613,28
"559",1.98497478199141,-2.40720185533613,28
"560",2.39757870099736,-2.40720185533613,28
"561",-5.4418957601157,0.686550340500838,29
"562",-5.02929184110975,0.686550340500838,29
"563",-4.6166879221038,0.686550340500838,29
"564",-4.20408400309785,0.686550340500838,29
"565",-3.7914800840919,0.686550340500838,29
"566",-3.37887616508595,-0.241575318250252,29
"567",-2.96627224608,-0.550950537833949,29
"568",-2.55366832707405,-0.550950537833949,29
"569",-2.1410644080681,-0.705638147625797,29
"570",-1.72846048906215,-0.705638147625797,29
"571",-1.31585657005619,-0.860325757417645,29
"572",-0.903252651050243,-0.860325757417645,29
"573",-0.490648732044293,-1.78845141616874,29
"574",-0.0780448130383418,-2.40720185533613,29
"575",0.334559105967609,-2.40720185533613,29
"576",0.74716302497356,-2.40720185533613,29
"577",1.15976694397951,-2.40720185533613,29
"578",1.57237086298546,-2.40720185533613,29
"579",1.98497478199141,-2.40720185533613,29
"580",2.39757870099736,-2.40720185533613,29
"581",-5.4418957601157,0.686550340500838,30
"582",-5.02929184110975,0.686550340500838,30
"583",-4.6166879221038,0.686550340500838,30
"584",-4.20408400309785,0.686550340500838,30
"585",-3.7914800840919,0.377175120917141,30
"586",-3.37887616508595,-0.0868877084584034,30
"587",-2.96627224608,-0.396262928042101,30
"588",-2.55366832707405,-0.550950537833949,30
"589",-2.1410644080681,-0.705638147625797,30
"590",-1.72846048906215,-0.705638147625797,30
"591",-1.31585657005619,-0.860325757417645,30
"592",-0.903252651050243,-0.860325757417645,30
"593",-0.490648732044293,-1.78845141616874,30
"594",-0.0780448130383418,-2.40720185533613,30
"595",0.334559105967609,-2.40720185533613,30
"596",0.74716302497356,-2.40720185533613,30
"597",1.15976694397951,-2.40720185533613,30
"598",1.57237086298546,-2.40720185533613,30
"599",1.98497478199141,-2.40720185533613,30
"600",2.39757870099736,-2.40720185533613,30
"601",-5.4418957601157,0.686550340500838,31
"602",-5.02929184110975,0.686550340500838,31
"603",-4.6166879221038,0.686550340500838,31
"604",-4.20408400309785,0.686550340500838,31
"605",-3.7914800840919,0.686550340500838,31
"606",-3.37887616508595,-0.550950537833949,31
"607",-2.96627224608,-0.860325757417645,31
"608",-2.55366832707405,-0.860325757417645,31
"609",-2.1410644080681,-0.860325757417645,31
"610",-1.72846048906215,-0.860325757417645,31
"611",-1.31585657005619,-0.860325757417645,31
"612",-0.903252651050243,-0.860325757417645,31
"613",-0.490648732044293,-2.40720185533613,31
"614",-0.0780448130383418,-2.40720185533613,31
"615",0.334559105967609,-2.40720185533613,31
"616",0.74716302497356,-2.40720185533613,31
"617",1.15976694397951,-2.40720185533613,31
"618",1.57237086298546,-2.40720185533613,31
"619",1.98497478199141,-2.40720185533613,31
"620",2.39757870099736,-2.40720185533613,31
"621",-5.4418957601157,0.686550340500838,32
"622",-5.02929184110975,0.686550340500838,32
"623",-4.6166879221038,0.686550340500838,32
"624",-4.20408400309785,0.686550340500838,32
"625",-3.7914800840919,0.686550340500838,32
"626",-3.37887616508595,-0.705638147625797,32
"627",-2.96627224608,-1.01501336720949,32
"628",-2.55366832707405,-1.16970097700134,32
"629",-2.1410644080681,-1.16970097700134,32
"630",-1.72846048906215,-1.32438858679319,32
"631",-1.31585657005619,-1.32438858679319,32
"632",-0.903252651050243,-1.32438858679319,32
"633",-0.490648732044293,-2.09782663575243,32
"634",-0.0780448130383418,-2.40720185533613,32
"635",0.334559105967609,-2.40720185533613,32
"636",0.74716302497356,-2.40720185533613,32
"637",1.15976694397951,-2.40720185533613,32
"638",1.57237086298546,-2.40720185533613,32
"639",1.98497478199141,-2.40720185533613,32
"640",2.39757870099736,-2.40720185533613,32
"641",-5.4418957601157,0.686550340500838,33
"642",-5.02929184110975,0.686550340500838,33
"643",-4.6166879221038,0.686550340500838,33
"644",-4.20408400309785,0.686550340500838,33
"645",-3.7914800840919,0.686550340500838,33
"646",-3.37887616508595,-0.705638147625797,33
"647",-2.96627224608,-2.25251424554428,33
"648",-2.55366832707405,-2.40720185533613,33
"649",-2.1410644080681,-2.40720185533613,33
"650",-1.72846048906215,-2.40720185533613,33
"651",-1.31585657005619,-2.40720185533613,33
"652",-0.903252651050243,-2.40720185533613,33
"653",-0.490648732044293,-2.40720185533613,33
"654",-0.0780448130383418,-2.40720185533613,33
"655",0.334559105967609,-2.40720185533613,33
"656",0.74716302497356,-2.40720185533613,33
"657",1.15976694397951,-2.40720185533613,33
"658",1.57237086298546,-2.40720185533613,33
"659",1.98497478199141,-2.40720185533613,33
"660",2.39757870099736,-2.40720185533613,33
"661",-5.4418957601157,0.377175120917141,34
"662",-5.02929184110975,0.222487511125293,34
"663",-4.6166879221038,0.0677999013334447,34
"664",-4.20408400309785,0.0677999013334447,34
"665",-3.7914800840919,-0.0868877084584034,34
"666",-3.37887616508595,-0.0868877084584034,34
"667",-2.96627224608,-0.0868877084584034,34
"668",-2.55366832707405,-0.241575318250252,34
"669",-2.1410644080681,-0.241575318250252,34
"670",-1.72846048906215,-0.241575318250252,34
"671",-1.31585657005619,-0.241575318250252,34
"672",-0.903252651050243,-0.241575318250252,34
"673",-0.490648732044293,-1.16970097700134,34
"674",-0.0780448130383418,-2.40720185533613,34
"675",0.334559105967609,-2.40720185533613,34
"676",0.74716302497356,-2.40720185533613,34
"677",1.15976694397951,-2.40720185533613,34
"678",1.57237086298546,-2.40720185533613,34
"679",1.98497478199141,-2.40720185533613,34
"680",2.39757870099736,-2.40720185533613,34
"681",-5.4418957601157,0.686550340500838,35
"682",-5.02929184110975,0.686550340500838,35
"683",-4.6166879221038,0.686550340500838,35
"684",-4.20408400309785,0.377175120917141,35
"685",-3.7914800840919,0.0677999013334447,35
"686",-3.37887616508595,-0.0868877084584034,35
"687",-2.96627224608,-0.241575318250252,35
"688",-2.55366832707405,-0.241575318250252,35
"689",-2.1410644080681,-0.396262928042101,35
"690",-1.72846048906215,-0.396262928042101,35
"691",-1.31585657005619,-0.396262928042101,35
"692",-0.903252651050243,-0.550950537833949,35
"693",-0.490648732044293,-1.32438858679319,35
"694",-0.0780448130383418,-2.40720185533613,35
"695",0.334559105967609,-2.40720185533613,35
"696",0.74716302497356,-2.40720185533613,35
"697",1.15976694397951,-2.40720185533613,35
"698",1.57237086298546,-2.40720185533613,35
"699",1.98497478199141,-2.40720185533613,35
"700",2.39757870099736,-2.40720185533613,35
"701",-5.4418957601157,0.686550340500838,36
"702",-5.02929184110975,0.686550340500838,36
"703",-4.6166879221038,0.686550340500838,36
"704",-4.20408400309785,0.686550340500838,36
"705",-3.7914800840919,0.686550340500838,36
"706",-3.37887616508595,-1.63376380637689,36
"707",-2.96627224608,-1.78845141616874,36
"708",-2.55366832707405,-1.94313902596058,36
"709",-2.1410644080681,-1.94313902596058,36
"710",-1.72846048906215,-1.94313902596058,36
"711",-1.31585657005619,-2.09782663575243,36
"712",-0.903252651050243,-2.09782663575243,36
"713",-0.490648732044293,-2.09782663575243,36
"714",-0.0780448130383418,-2.40720185533613,36
"715",0.334559105967609,-2.40720185533613,36
"716",0.74716302497356,-2.40720185533613,36
"717",1.15976694397951,-2.40720185533613,36
"718",1.57237086298546,-2.40720185533613,36
"719",1.98497478199141,-2.40720185533613,36
"720",2.39757870099736,-2.40720185533613,36
"721",-5.4418957601157,-0.0868877084584034,37
"722",-5.02929184110975,-0.0868877084584034,37
"723",-4.6166879221038,-0.0868877084584034,37
"724",-4.20408400309785,-0.0868877084584034,37
"725",-3.7914800840919,-0.0868877084584034,37
"726",-3.37887616508595,-0.0868877084584034,37
"727",-2.96627224608,-0.0868877084584034,37
"728",-2.55366832707405,-0.0868877084584034,37
"729",-2.1410644080681,-0.0868877084584034,37
"730",-1.72846048906215,-1.94313902596058,37
"731",-1.31585657005619,-2.40720185533613,37
"732",-0.903252651050243,-2.40720185533613,37
"733",-0.490648732044293,-2.40720185533613,37
"734",-0.0780448130383418,-2.40720185533613,37
"735",0.334559105967609,-2.40720185533613,37
"736",0.74716302497356,-2.40720185533613,37
"737",1.15976694397951,-2.40720185533613,37
"738",1.57237086298546,-2.40720185533613,37
"739",1.98497478199141,-2.40720185533613,37
"740",2.39757870099736,-2.40720185533613,37
"741",-5.4418957601157,0.0677999013334447,38
"742",-5.02929184110975,0.0677999013334447,38
"743",-4.6166879221038,-0.0868877084584034,38
"744",-4.20408400309785,-0.0868877084584034,38
"745",-3.7914800840919,-0.0868877084584034,38
"746",-3.37887616508595,-0.0868877084584034,38
"747",-2.96627224608,-0.0868877084584034,38
"748",-2.55366832707405,-0.0868877084584034,38
"749",-2.1410644080681,-0.0868877084584034,38
"750",-1.72846048906215,-0.0868877084584034,38
"751",-1.31585657005619,-0.0868877084584034,38
"752",-0.903252651050243,-1.78845141616874,38
"753",-0.490648732044293,-2.40720185533613,38
"754",-0.0780448130383418,-2.40720185533613,38
"755",0.334559105967609,-2.40720185533613,38
"756",0.74716302497356,-2.40720185533613,38
"757",1.15976694397951,-2.40720185533613,38
"758",1.57237086298546,-2.40720185533613,38
"759",1.98497478199141,-2.40720185533613,38
"760",2.39757870099736,-2.40720185533613,38
"761",-5.4418957601157,0.686550340500838,39
"762",-5.02929184110975,0.686550340500838,39
"763",-4.6166879221038,0.686550340500838,39
"764",-4.20408400309785,0.686550340500838,39
"765",-3.7914800840919,0.686550340500838,39
"766",-3.37887616508595,-0.705638147625797,39
"767",-2.96627224608,-1.01501336720949,39
"768",-2.55366832707405,-1.16970097700134,39
"769",-2.1410644080681,-1.32438858679319,39
"770",-1.72846048906215,-1.32438858679319,39
"771",-1.31585657005619,-1.47907619658504,39
"772",-0.903252651050243,-2.40720185533613,39
"773",-0.490648732044293,-2.40720185533613,39
"774",-0.0780448130383418,-2.40720185533613,39
"775",0.334559105967609,-2.40720185533613,39
"776",0.74716302497356,-2.40720185533613,39
"777",1.15976694397951,-2.40720185533613,39
"778",1.57237086298546,-2.40720185533613,39
"779",1.98497478199141,-2.40720185533613,39
"780",2.39757870099736,-2.40720185533613,39
"781",-5.4418957601157,0.686550340500838,40
"782",-5.02929184110975,0.686550340500838,40
"783",-4.6166879221038,0.686550340500838,40
"784",-4.20408400309785,0.686550340500838,40
"785",-3.7914800840919,0.686550340500838,40
"786",-3.37887616508595,-0.0868877084584034,40
"787",-2.96627224608,-0.0868877084584034,40
"788",-2.55366832707405,-0.241575318250252,40
"789",-2.1410644080681,-0.241575318250252,40
"790",-1.72846048906215,-0.241575318250252,40
"791",-1.31585657005619,-0.241575318250252,40
"792",-0.903252651050243,-1.78845141616874,40
"793",-0.490648732044293,-2.40720185533613,40
"794",-0.0780448130383418,-2.40720185533613,40
"795",0.334559105967609,-2.40720185533613,40
"796",0.74716302497356,-2.40720185533613,40
"797",1.15976694397951,-2.40720185533613,40
"798",1.57237086298546,-2.40720185533613,40
"799",1.98497478199141,-2.40720185533613,40
"800",2.39757870099736,-2.40720185533613,40
"801",-5.4418957601157,0.686550340500838,41
"802",-5.02929184110975,0.686550340500838,41
"803",-4.6166879221038,0.53186273070899,41
"804",-4.20408400309785,0.222487511125293,41
"805",-3.7914800840919,0.0677999013334447,41
"806",-3.37887616508595,-0.0868877084584034,41
"807",-2.96627224608,-0.241575318250252,41
"808",-2.55366832707405,-0.396262928042101,41
"809",-2.1410644080681,-0.396262928042101,41
"810",-1.72846048906215,-0.550950537833949,41
"811",-1.31585657005619,-0.550950537833949,41
"812",-0.903252651050243,-0.550950537833949,41
"813",-0.490648732044293,-1.01501336720949,41
"814",-0.0780448130383418,-2.40720185533613,41
"815",0.334559105967609,-2.40720185533613,41
"816",0.74716302497356,-2.40720185533613,41
"817",1.15976694397951,-2.40720185533613,41
"818",1.57237086298546,-2.40720185533613,41
"819",1.98497478199141,-2.40720185533613,41
"820",2.39757870099736,-2.40720185533613,41
"821",-5.4418957601157,0.686550340500838,42
"822",-5.02929184110975,0.686550340500838,42
"823",-4.6166879221038,0.686550340500838,42
"824",-4.20408400309785,0.686550340500838,42
"825",-3.7914800840919,0.222487511125293,42
"826",-3.37887616508595,-0.0868877084584034,42
"827",-2.96627224608,-0.396262928042101,42
"828",-2.55366832707405,-0.705638147625797,42
"829",-2.1410644080681,-0.860325757417645,42
"830",-1.72846048906215,-1.01501336720949,42
"831",-1.31585657005619,-1.16970097700134,42
"832",-0.903252651050243,-1.32438858679319,42
"833",-0.490648732044293,-1.94313902596058,42
"834",-0.0780448130383418,-2.40720185533613,42
"835",0.334559105967609,-2.40720185533613,42
"836",0.74716302497356,-2.40720185533613,42
"837",1.15976694397951,-2.40720185533613,42
"838",1.57237086298546,-2.40720185533613,42
"839",1.98497478199141,-2.40720185533613,42
"840",2.39757870099736,-2.40720185533613,42
"841",-5.4418957601157,0.377175120917141,43
"842",-5.02929184110975,0.222487511125293,43
"843",-4.6166879221038,0.0677999013334447,43
"844",-4.20408400309785,0.0677999013334447,43
"845",-3.7914800840919,-0.0868877084584034,43
"846",-3.37887616508595,-0.0868877084584034,43
"847",-2.96627224608,-0.0868877084584034,43
"848",-2.55366832707405,-0.241575318250252,43
"849",-2.1410644080681,-0.241575318250252,43
"850",-1.72846048906215,-0.396262928042101,43
"851",-1.31585657005619,-1.16970097700134,43
"852",-0.903252651050243,-2.40720185533613,43
"853",-0.490648732044293,-2.40720185533613,43
"854",-0.0780448130383418,-2.40720185533613,43
"855",0.334559105967609,-2.40720185533613,43
"856",0.74716302497356,-2.40720185533613,43
"857",1.15976694397951,-2.40720185533613,43
"858",1.57237086298546,-2.40720185533613,43
"859",1.98497478199141,-2.40720185533613,43
"860",2.39757870099736,-2.40720185533613,43
"861",-5.4418957601157,0.686550340500838,44
"862",-5.02929184110975,0.686550340500838,44
"863",-4.6166879221038,0.686550340500838,44
"864",-4.20408400309785,0.686550340500838,44
"865",-3.7914800840919,0.686550340500838,44
"866",-3.37887616508595,-2.40720185533613,44
"867",-2.96627224608,-2.40720185533613,44
"868",-2.55366832707405,-2.40720185533613,44
"869",-2.1410644080681,-2.40720185533613,44
"870",-1.72846048906215,-2.40720185533613,44
"871",-1.31585657005619,-2.40720185533613,44
"872",-0.903252651050243,-2.40720185533613,44
"873",-0.490648732044293,-2.40720185533613,44
"874",-0.0780448130383418,-2.40720185533613,44
"875",0.334559105967609,-2.40720185533613,44
"876",0.74716302497356,-2.40720185533613,44
"877",1.15976694397951,-2.40720185533613,44
"878",1.57237086298546,-2.40720185533613,44
"879",1.98497478199141,-2.40720185533613,44
"880",2.39757870099736,-2.40720185533613,44
"881",-5.4418957601157,0.686550340500838,45
"882",-5.02929184110975,0.686550340500838,45
"883",-4.6166879221038,0.686550340500838,45
"884",-4.20408400309785,0.53186273070899,45
"885",-3.7914800840919,0.0677999013334447,45
"886",-3.37887616508595,-0.0868877084584034,45
"887",-2.96627224608,-0.241575318250252,45
"888",-2.55366832707405,-0.396262928042101,45
"889",-2.1410644080681,-0.396262928042101,45
"890",-1.72846048906215,-0.396262928042101,45
"891",-1.31585657005619,-0.550950537833949,45
"892",-0.903252651050243,-0.550950537833949,45
"893",-0.490648732044293,-1.47907619658504,45
"894",-0.0780448130383418,-2.09782663575243,45
"895",0.334559105967609,-2.09782663575243,45
"896",0.74716302497356,-2.09782663575243,45
"897",1.15976694397951,-2.09782663575243,45
"898",1.57237086298546,-2.09782663575243,45
"899",1.98497478199141,-2.09782663575243,45
"900",2.39757870099736,-2.09782663575243,45
"901",-5.4418957601157,0.686550340500838,46
"902",-5.02929184110975,0.686550340500838,46
"903",-4.6166879221038,0.686550340500838,46
"904",-4.20408400309785,0.686550340500838,46
"905",-3.7914800840919,0.686550340500838,46
"906",-3.37887616508595,-0.550950537833949,46
"907",-2.96627224608,-1.01501336720949,46
"908",-2.55366832707405,-1.01501336720949,46
"909",-2.1410644080681,-1.16970097700134,46
"910",-1.72846048906215,-1.16970097700134,46
"911",-1.31585657005619,-1.16970097700134,46
"912",-0.903252651050243,-1.32438858679319,46
"913",-0.490648732044293,-2.40720185533613,46
"914",-0.0780448130383418,-2.40720185533613,46
"915",0.334559105967609,-2.40720185533613,46
"916",0.74716302497356,-2.40720185533613,46
"917",1.15976694397951,-2.40720185533613,46
"918",1.57237086298546,-2.40720185533613,46
"919",1.98497478199141,-2.40720185533613,46
"920",2.39757870099736,-2.40720185533613,46
"921",-5.4418957601157,0.686550340500838,47
"922",-5.02929184110975,0.53186273070899,47
"923",-4.6166879221038,0.377175120917141,47
"924",-4.20408400309785,0.222487511125293,47
"925",-3.7914800840919,0.0677999013334447,47
"926",-3.37887616508595,-0.0868877084584034,47
"927",-2.96627224608,-0.241575318250252,47
"928",-2.55366832707405,-0.241575318250252,47
"929",-2.1410644080681,-0.396262928042101,47
"930",-1.72846048906215,-0.396262928042101,47
"931",-1.31585657005619,-0.550950537833949,47
"932",-0.903252651050243,-0.550950537833949,47
"933",-0.490648732044293,-2.09782663575243,47
"934",-0.0780448130383418,-2.40720185533613,47
"935",0.334559105967609,-2.40720185533613,47
"936",0.74716302497356,-2.40720185533613,47
"937",1.15976694397951,-2.40720185533613,47
"938",1.57237086298546,-2.40720185533613,47
"939",1.98497478199141,-2.40720185533613,47
"940",2.39757870099736,-2.40720185533613,47
"941",-5.4418957601157,0.686550340500838,48
"942",-5.02929184110975,0.686550340500838,48
"943",-4.6166879221038,0.686550340500838,48
"944",-4.20408400309785,0.686550340500838,48
"945",-3.7914800840919,0.686550340500838,48
"946",-3.37887616508595,-0.860325757417645,48
"947",-2.96627224608,-1.94313902596058,48
"948",-2.55366832707405,-2.40720185533613,48
"949",-2.1410644080681,-2.40720185533613,48
"950",-1.72846048906215,-2.40720185533613,48
"951",-1.31585657005619,-2.40720185533613,48
"952",-0.903252651050243,-2.40720185533613,48
"953",-0.490648732044293,-2.40720185533613,48
"954",-0.0780448130383418,-2.40720185533613,48
"955",0.334559105967609,-2.40720185533613,48
"956",0.74716302497356,-2.40720185533613,48
"957",1.15976694397951,-2.40720185533613,48
"958",1.57237086298546,-2.40720185533613,48
"959",1.98497478199141,-2.40720185533613,48
"960",2.39757870099736,-2.40720185533613,48
"961",-5.4418957601157,-0.0868877084584034,49
"962",-5.02929184110975,-0.0868877084584034,49
"963",-4.6166879221038,-0.0868877084584034,49
"964",-4.20408400309785,-0.0868877084584034,49
"965",-3.7914800840919,-0.0868877084584034,49
"966",-3.37887616508595,-0.0868877084584034,49
"967",-2.96627224608,-0.0868877084584034,49
"968",-2.55366832707405,-0.0868877084584034,49
"969",-2.1410644080681,-0.0868877084584034,49
"970",-1.72846048906215,-0.0868877084584034,49
"971",-1.31585657005619,-0.0868877084584034,49
"972",-0.903252651050243,-1.94313902596058,49
"973",-0.490648732044293,-2.40720185533613,49
"974",-0.0780448130383418,-2.40720185533613,49
"975",0.334559105967609,-2.40720185533613,49
"976",0.74716302497356,-2.40720185533613,49
"977",1.15976694397951,-2.40720185533613,49
"978",1.57237086298546,-2.40720185533613,49
"979",1.98497478199141,-2.40720185533613,49
"980",2.39757870099736,-2.40720185533613,49
"981",-5.4418957601157,0.686550340500838,50
"982",-5.02929184110975,0.686550340500838,50
"983",-4.6166879221038,0.686550340500838,50
"984",-4.20408400309785,0.686550340500838,50
"985",-3.7914800840919,0.686550340500838,50
"986",-3.37887616508595,-0.396262928042101,50
"987",-2.96627224608,-0.860325757417645,50
"988",-2.55366832707405,-0.860325757417645,50
"989",-2.1410644080681,-1.01501336720949,50
"990",-1.72846048906215,-1.01501336720949,50
"991",-1.31585657005619,-1.01501336720949,50
"992",-0.903252651050243,-1.16970097700134,50
"993",-0.490648732044293,-1.94313902596058,50
"994",-0.0780448130383418,-2.40720185533613,50
"995",0.334559105967609,-2.40720185533613,50
"996",0.74716302497356,-2.40720185533613,50
"997",1.15976694397951,-2.40720185533613,50
"998",1.57237086298546,-2.40720185533613,50
"999",1.98497478199141,-2.40720185533613,50
"1000",2.39757870099736,-2.40720185533613,50
"1001",-5.4418957601157,0.686550340500838,51
"1002",-5.02929184110975,0.222487511125293,51
"1003",-4.6166879221038,0.0677999013334447,51
"1004",-4.20408400309785,0.0677999013334447,51
"1005",-3.7914800840919,-0.0868877084584034,51
"1006",-3.37887616508595,-0.0868877084584034,51
"1007",-2.96627224608,-0.0868877084584034,51
"1008",-2.55366832707405,-0.0868877084584034,51
"1009",-2.1410644080681,-0.0868877084584034,51
"1010",-1.72846048906215,-0.0868877084584034,51
"1011",-1.31585657005619,-0.0868877084584034,51
"1012",-0.903252651050243,-0.241575318250252,51
"1013",-0.490648732044293,-2.40720185533613,51
"1014",-0.0780448130383418,-2.40720185533613,51
"1015",0.334559105967609,-2.40720185533613,51
"1016",0.74716302497356,-2.40720185533613,51
"1017",1.15976694397951,-2.40720185533613,51
"1018",1.57237086298546,-2.40720185533613,51
"1019",1.98497478199141,-2.40720185533613,51
"1020",2.39757870099736,-2.40720185533613,51
"1021",-5.4418957601157,0.686550340500838,52
"1022",-5.02929184110975,0.686550340500838,52
"1023",-4.6166879221038,0.686550340500838,52
"1024",-4.20408400309785,0.686550340500838,52
"1025",-3.7914800840919,0.686550340500838,52
"1026",-3.37887616508595,-0.0868877084584034,52
"1027",-2.96627224608,-0.396262928042101,52
"1028",-2.55366832707405,-0.396262928042101,52
"1029",-2.1410644080681,-0.550950537833949,52
"1030",-1.72846048906215,-0.550950537833949,52
"1031",-1.31585657005619,-0.705638147625797,52
"1032",-0.903252651050243,-0.705638147625797,52
"1033",-0.490648732044293,-1.01501336720949,52
"1034",-0.0780448130383418,-2.40720185533613,52
"1035",0.334559105967609,-2.40720185533613,52
"1036",0.74716302497356,-2.40720185533613,52
"1037",1.15976694397951,-2.40720185533613,52
"1038",1.57237086298546,-2.40720185533613,52
"1039",1.98497478199141,-2.40720185533613,52
"1040",2.39757870099736,-2.40720185533613,52
"1041",-5.4418957601157,0.377175120917141,53
"1042",-5.02929184110975,0.222487511125293,53
"1043",-4.6166879221038,0.222487511125293,53
"1044",-4.20408400309785,0.0677999013334447,53
"1045",-3.7914800840919,0.0677999013334447,53
"1046",-3.37887616508595,-0.0868877084584034,53
"1047",-2.96627224608,-0.241575318250252,53
"1048",-2.55366832707405,-0.241575318250252,53
"1049",-2.1410644080681,-0.396262928042101,53
"1050",-1.72846048906215,-0.396262928042101,53
"1051",-1.31585657005619,-0.550950537833949,53
"1052",-0.903252651050243,-0.550950537833949,53
"1053",-0.490648732044293,-2.40720185533613,53
"1054",-0.0780448130383418,-2.40720185533613,53
"1055",0.334559105967609,-2.40720185533613,53
"1056",0.74716302497356,-2.40720185533613,53
"1057",1.15976694397951,-2.40720185533613,53
"1058",1.57237086298546,-2.40720185533613,53
"1059",1.98497478199141,-2.40720185533613,53
"1060",2.39757870099736,-2.40720185533613,53
"1061",-5.4418957601157,0.222487511125293,54
"1062",-5.02929184110975,0.222487511125293,54
"1063",-4.6166879221038,0.0677999013334447,54
"1064",-4.20408400309785,0.0677999013334447,54
"1065",-3.7914800840919,-0.0868877084584034,54
"1066",-3.37887616508595,-0.0868877084584034,54
"1067",-2.96627224608,-0.0868877084584034,54
"1068",-2.55366832707405,-0.241575318250252,54
"1069",-2.1410644080681,-0.241575318250252,54
"1070",-1.72846048906215,-0.396262928042101,54
"1071",-1.31585657005619,-0.396262928042101,54
"1072",-0.903252651050243,-1.94313902596058,54
"1073",-0.490648732044293,-2.40720185533613,54
"1074",-0.0780448130383418,-2.40720185533613,54
"1075",0.334559105967609,-2.40720185533613,54
"1076",0.74716302497356,-2.40720185533613,54
"1077",1.15976694397951,-2.40720185533613,54
"1078",1.57237086298546,-2.40720185533613,54
"1079",1.98497478199141,-2.40720185533613,54
"1080",2.39757870099736,-2.40720185533613,54
"1081",-5.4418957601157,0.686550340500838,55
"1082",-5.02929184110975,0.686550340500838,55
"1083",-4.6166879221038,0.686550340500838,55
"1084",-4.20408400309785,0.686550340500838,55
"1085",-3.7914800840919,0.686550340500838,55
"1086",-3.37887616508595,-0.0868877084584034,55
"1087",-2.96627224608,-0.396262928042101,55
"1088",-2.55366832707405,-0.550950537833949,55
"1089",-2.1410644080681,-0.705638147625797,55
"1090",-1.72846048906215,-0.705638147625797,55
"1091",-1.31585657005619,-0.860325757417645,55
"1092",-0.903252651050243,-0.860325757417645,55
"1093",-0.490648732044293,-1.32438858679319,55
"1094",-0.0780448130383418,-2.40720185533613,55
"1095",0.334559105967609,-2.40720185533613,55
"1096",0.74716302497356,-2.40720185533613,55
"1097",1.15976694397951,-2.40720185533613,55
"1098",1.57237086298546,-2.40720185533613,55
"1099",1.98497478199141,-2.40720185533613,55
"1100",2.39757870099736,-2.40720185533613,55
"1101",-5.4418957601157,0.686550340500838,56
"1102",-5.02929184110975,0.686550340500838,56
"1103",-4.6166879221038,0.686550340500838,56
"1104",-4.20408400309785,0.377175120917141,56
"1105",-3.7914800840919,0.0677999013334447,56
"1106",-3.37887616508595,-0.0868877084584034,56
"1107",-2.96627224608,-0.396262928042101,56
"1108",-2.55366832707405,-0.550950537833949,56
"1109",-2.1410644080681,-0.860325757417645,56
"1110",-1.72846048906215,-1.16970097700134,56
"1111",-1.31585657005619,-1.32438858679319,56
"1112",-0.903252651050243,-2.40720185533613,56
"1113",-0.490648732044293,-2.40720185533613,56
"1114",-0.0780448130383418,-2.40720185533613,56
"1115",0.334559105967609,-2.40720185533613,56
"1116",0.74716302497356,-2.40720185533613,56
"1117",1.15976694397951,-2.40720185533613,56
"1118",1.57237086298546,-2.40720185533613,56
"1119",1.98497478199141,-2.40720185533613,56
"1120",2.39757870099736,-2.40720185533613,56
"1121",-5.4418957601157,0.222487511125293,57
"1122",-5.02929184110975,0.222487511125293,57
"1123",-4.6166879221038,0.0677999013334447,57
"1124",-4.20408400309785,0.0677999013334447,57
"1125",-3.7914800840919,-0.0868877084584034,57
"1126",-3.37887616508595,-0.0868877084584034,57
"1127",-2.96627224608,-0.0868877084584034,57
"1128",-2.55366832707405,-0.241575318250252,57
"1129",-2.1410644080681,-0.241575318250252,57
"1130",-1.72846048906215,-0.241575318250252,57
"1131",-1.31585657005619,-0.241575318250252,57
"1132",-0.903252651050243,-0.396262928042101,57
"1133",-0.490648732044293,-2.40720185533613,57
"1134",-0.0780448130383418,-2.40720185533613,57
"1135",0.334559105967609,-2.40720185533613,57
"1136",0.74716302497356,-2.40720185533613,57
"1137",1.15976694397951,-2.40720185533613,57
"1138",1.57237086298546,-2.40720185533613,57
"1139",1.98497478199141,-2.40720185533613,57
"1140",2.39757870099736,-2.40720185533613,57
"1141",-5.4418957601157,0.686550340500838,58
"1142",-5.02929184110975,0.686550340500838,58
"1143",-4.6166879221038,0.686550340500838,58
"1144",-4.20408400309785,0.686550340500838,58
"1145",-3.7914800840919,0.377175120917141,58
"1146",-3.37887616508595,-0.0868877084584034,58
"1147",-2.96627224608,-0.241575318250252,58
"1148",-2.55366832707405,-0.396262928042101,58
"1149",-2.1410644080681,-0.396262928042101,58
"1150",-1.72846048906215,-0.550950537833949,58
"1151",-1.31585657005619,-0.550950537833949,58
"1152",-0.903252651050243,-0.550950537833949,58
"1153",-0.490648732044293,-1.16970097700134,58
"1154",-0.0780448130383418,-2.40720185533613,58
"1155",0.334559105967609,-2.40720185533613,58
"1156",0.74716302497356,-2.40720185533613,58
"1157",1.15976694397951,-2.40720185533613,58
"1158",1.57237086298546,-2.40720185533613,58
"1159",1.98497478199141,-2.40720185533613,58
"1160",2.39757870099736,-2.40720185533613,58
"1161",-5.4418957601157,0.686550340500838,59
"1162",-5.02929184110975,0.686550340500838,59
"1163",-4.6166879221038,0.686550340500838,59
"1164",-4.20408400309785,0.686550340500838,59
"1165",-3.7914800840919,0.686550340500838,59
"1166",-3.37887616508595,-1.16970097700134,59
"1167",-2.96627224608,-1.47907619658504,59
"1168",-2.55366832707405,-1.47907619658504,59
"1169",-2.1410644080681,-1.63376380637689,59
"1170",-1.72846048906215,-1.63376380637689,59
"1171",-1.31585657005619,-1.63376380637689,59
"1172",-0.903252651050243,-1.63376380637689,59
"1173",-0.490648732044293,-1.78845141616874,59
"1174",-0.0780448130383418,-2.40720185533613,59
"1175",0.334559105967609,-2.40720185533613,59
"1176",0.74716302497356,-2.40720185533613,59
"1177",1.15976694397951,-2.40720185533613,59
"1178",1.57237086298546,-2.40720185533613,59
"1179",1.98497478199141,-2.40720185533613,59
"1180",2.39757870099736,-2.40720185533613,59
"1181",-5.4418957601157,0.686550340500838,60
"1182",-5.02929184110975,0.686550340500838,60
"1183",-4.6166879221038,0.53186273070899,60
"1184",-4.20408400309785,0.222487511125293,60
"1185",-3.7914800840919,0.0677999013334447,60
"1186",-3.37887616508595,-0.0868877084584034,60
"1187",-2.96627224608,-0.241575318250252,60
"1188",-2.55366832707405,-0.241575318250252,60
"1189",-2.1410644080681,-0.396262928042101,60
"1190",-1.72846048906215,-0.396262928042101,60
"1191",-1.31585657005619,-0.396262928042101,60
"1192",-0.903252651050243,-0.550950537833949,60
"1193",-0.490648732044293,-1.94313902596058,60
"1194",-0.0780448130383418,-2.40720185533613,60
"1195",0.334559105967609,-2.40720185533613,60
"1196",0.74716302497356,-2.40720185533613,60
"1197",1.15976694397951,-2.40720185533613,60
"1198",1.57237086298546,-2.40720185533613,60
"1199",1.98497478199141,-2.40720185533613,60
"1200",2.39757870099736,-2.40720185533613,60
"1201",-5.4418957601157,0.686550340500838,61
"1202",-5.02929184110975,0.686550340500838,61
"1203",-4.6166879221038,0.686550340500838,61
"1204",-4.20408400309785,0.686550340500838,61
"1205",-3.7914800840919,0.686550340500838,61
"1206",-3.37887616508595,-1.01501336720949,61
"1207",-2.96627224608,-1.32438858679319,61
"1208",-2.55366832707405,-1.32438858679319,61
"1209",-2.1410644080681,-1.47907619658504,61
"1210",-1.72846048906215,-1.47907619658504,61
"1211",-1.31585657005619,-1.47907619658504,61
"1212",-0.903252651050243,-1.47907619658504,61
"1213",-0.490648732044293,-1.63376380637689,61
"1214",-0.0780448130383418,-2.40720185533613,61
"1215",0.334559105967609,-2.40720185533613,61
"1216",0.74716302497356,-2.40720185533613,61
"1217",1.15976694397951,-2.40720185533613,61
"1218",1.57237086298546,-2.40720185533613,61
"1219",1.98497478199141,-2.40720185533613,61
"1220",2.39757870099736,-2.40720185533613,61
"1221",-5.4418957601157,0.686550340500838,62
"1222",-5.02929184110975,0.686550340500838,62
"1223",-4.6166879221038,0.686550340500838,62
"1224",-4.20408400309785,0.686550340500838,62
"1225",-3.7914800840919,0.686550340500838,62
"1226",-3.37887616508595,-1.01501336720949,62
"1227",-2.96627224608,-1.63376380637689,62
"1228",-2.55366832707405,-1.94313902596058,62
"1229",-2.1410644080681,-1.94313902596058,62
"1230",-1.72846048906215,-2.09782663575243,62
"1231",-1.31585657005619,-2.09782663575243,62
"1232",-0.903252651050243,-2.09782663575243,62
"1233",-0.490648732044293,-2.40720185533613,62
"1234",-0.0780448130383418,-2.40720185533613,62
"1235",0.334559105967609,-2.40720185533613,62
"1236",0.74716302497356,-2.40720185533613,62
"1237",1.15976694397951,-2.40720185533613,62
"1238",1.57237086298546,-2.40720185533613,62
"1239",1.98497478199141,-2.40720185533613,62
"1240",2.39757870099736,-2.40720185533613,62
"1241",-5.4418957601157,0.686550340500838,63
"1242",-5.02929184110975,0.686550340500838,63
"1243",-4.6166879221038,0.686550340500838,63
"1244",-4.20408400309785,0.686550340500838,63
"1245",-3.7914800840919,0.686550340500838,63
"1246",-3.37887616508595,-0.396262928042101,63
"1247",-2.96627224608,-1.01501336720949,63
"1248",-2.55366832707405,-1.32438858679319,63
"1249",-2.1410644080681,-1.47907619658504,63
"1250",-1.72846048906215,-1.63376380637689,63
"1251",-1.31585657005619,-1.78845141616874,63
"1252",-0.903252651050243,-1.78845141616874,63
"1253",-0.490648732044293,-2.25251424554428,63
"1254",-0.0780448130383418,-2.40720185533613,63
"1255",0.334559105967609,-2.40720185533613,63
"1256",0.74716302497356,-2.40720185533613,63
"1257",1.15976694397951,-2.40720185533613,63
"1258",1.57237086298546,-2.40720185533613,63
"1259",1.98497478199141,-2.40720185533613,63
"1260",2.39757870099736,-2.40720185533613,63
"1261",-5.4418957601157,0.686550340500838,64
"1262",-5.02929184110975,0.686550340500838,64
"1263",-4.6166879221038,0.686550340500838,64
"1264",-4.20408400309785,0.686550340500838,64
"1265",-3.7914800840919,0.0677999013334447,64
"1266",-3.37887616508595,-0.0868877084584034,64
"1267",-2.96627224608,-0.241575318250252,64
"1268",-2.55366832707405,-0.396262928042101,64
"1269",-2.1410644080681,-0.396262928042101,64
"1270",-1.72846048906215,-0.550950537833949,64
"1271",-1.31585657005619,-0.550950537833949,64
"1272",-0.903252651050243,-0.550950537833949,64
"1273",-0.490648732044293,-1.16970097700134,64
"1274",-0.0780448130383418,-2.40720185533613,64
"1275",0.334559105967609,-2.40720185533613,64
"1276",0.74716302497356,-2.40720185533613,64
"1277",1.15976694397951,-2.40720185533613,64
"1278",1.57237086298546,-2.40720185533613,64
"1279",1.98497478199141,-2.40720185533613,64
"1280",2.39757870099736,-2.40720185533613,64
"1281",-5.4418957601157,-0.0868877084584034,65
"1282",-5.02929184110975,-0.0868877084584034,65
"1283",-4.6166879221038,-0.0868877084584034,65
"1284",-4.20408400309785,-0.0868877084584034,65
"1285",-3.7914800840919,-0.0868877084584034,65
"1286",-3.37887616508595,-0.0868877084584034,65
"1287",-2.96627224608,-0.0868877084584034,65
"1288",-2.55366832707405,-0.0868877084584034,65
"1289",-2.1410644080681,-0.0868877084584034,65
"1290",-1.72846048906215,-0.0868877084584034,65
"1291",-1.31585657005619,-0.0868877084584034,65
"1292",-0.903252651050243,-0.241575318250252,65
"1293",-0.490648732044293,-2.40720185533613,65
"1294",-0.0780448130383418,-2.40720185533613,65
"1295",0.334559105967609,-2.40720185533613,65
"1296",0.74716302497356,-2.40720185533613,65
"1297",1.15976694397951,-2.40720185533613,65
"1298",1.57237086298546,-2.40720185533613,65
"1299",1.98497478199141,-2.40720185533613,65
"1300",2.39757870099736,-2.40720185533613,65
"1301",-5.4418957601157,0.686550340500838,66
"1302",-5.02929184110975,0.686550340500838,66
"1303",-4.6166879221038,0.686550340500838,66
"1304",-4.20408400309785,0.686550340500838,66
"1305",-3.7914800840919,0.222487511125293,66
"1306",-3.37887616508595,-0.0868877084584034,66
"1307",-2.96627224608,-0.396262928042101,66
"1308",-2.55366832707405,-0.705638147625797,66
"1309",-2.1410644080681,-0.860325757417645,66
"1310",-1.72846048906215,-1.16970097700134,66
"1311",-1.31585657005619,-1.32438858679319,66
"1312",-0.903252651050243,-1.47907619658504,66
"1313",-0.490648732044293,-2.40720185533613,66
"1314",-0.0780448130383418,-2.40720185533613,66
"1315",0.334559105967609,-2.40720185533613,66
"1316",0.74716302497356,-2.40720185533613,66
"1317",1.15976694397951,-2.40720185533613,66
"1318",1.57237086298546,-2.40720185533613,66
"1319",1.98497478199141,-2.40720185533613,66
"1320",2.39757870099736,-2.40720185533613,66
"1321",-5.4418957601157,-0.0868877084584034,67
"1322",-5.02929184110975,-0.0868877084584034,67
"1323",-4.6166879221038,-0.0868877084584034,67
"1324",-4.20408400309785,-0.0868877084584034,67
"1325",-3.7914800840919,-0.0868877084584034,67
"1326",-3.37887616508595,-0.0868877084584034,67
"1327",-2.96627224608,-0.0868877084584034,67
"1328",-2.55366832707405,-2.40720185533613,67
"1329",-2.1410644080681,-2.40720185533613,67
"1330",-1.72846048906215,-2.40720185533613,67
"1331",-1.31585657005619,-2.40720185533613,67
"1332",-0.903252651050243,-2.40720185533613,67
"1333",-0.490648732044293,-2.40720185533613,67
"1334",-0.0780448130383418,-2.40720185533613,67
"1335",0.334559105967609,-2.40720185533613,67
"1336",0.74716302497356,-2.40720185533613,67
"1337",1.15976694397951,-2.40720185533613,67
"1338",1.57237086298546,-2.40720185533613,67
"1339",1.98497478199141,-2.40720185533613,67
"1340",2.39757870099736,-2.40720185533613,67
"1341",-5.4418957601157,0.686550340500838,68
"1342",-5.02929184110975,0.686550340500838,68
"1343",-4.6166879221038,0.686550340500838,68
"1344",-4.20408400309785,0.686550340500838,68
"1345",-3.7914800840919,0.686550340500838,68
"1346",-3.37887616508595,-0.0868877084584034,68
"1347",-2.96627224608,-0.396262928042101,68
"1348",-2.55366832707405,-0.550950537833949,68
"1349",-2.1410644080681,-0.550950537833949,68
"1350",-1.72846048906215,-0.705638147625797,68
"1351",-1.31585657005619,-0.860325757417645,68
"1352",-0.903252651050243,-1.47907619658504,68
"1353",-0.490648732044293,-2.40720185533613,68
"1354",-0.0780448130383418,-2.40720185533613,68
"1355",0.334559105967609,-2.40720185533613,68
"1356",0.74716302497356,-2.40720185533613,68
"1357",1.15976694397951,-2.40720185533613,68
"1358",1.57237086298546,-2.40720185533613,68
"1359",1.98497478199141,-2.40720185533613,68
"1360",2.39757870099736,-2.40720185533613,68
"1361",-5.4418957601157,0.686550340500838,69
"1362",-5.02929184110975,0.686550340500838,69
"1363",-4.6166879221038,0.686550340500838,69
"1364",-4.20408400309785,0.686550340500838,69
"1365",-3.7914800840919,0.686550340500838,69
"1366",-3.37887616508595,-0.241575318250252,69
"1367",-2.96627224608,-0.396262928042101,69
"1368",-2.55366832707405,-0.396262928042101,69
"1369",-2.1410644080681,-0.396262928042101,69
"1370",-1.72846048906215,-0.550950537833949,69
"1371",-1.31585657005619,-0.550950537833949,69
"1372",-0.903252651050243,-0.550950537833949,69
"1373",-0.490648732044293,-0.860325757417645,69
"1374",-0.0780448130383418,-2.25251424554428,69
"1375",0.334559105967609,-2.40720185533613,69
"1376",0.74716302497356,-2.40720185533613,69
"1377",1.15976694397951,-2.40720185533613,69
"1378",1.57237086298546,-2.40720185533613,69
"1379",1.98497478199141,-2.40720185533613,69
"1380",2.39757870099736,-2.40720185533613,69
"1381",-5.4418957601157,0.377175120917141,70
"1382",-5.02929184110975,0.222487511125293,70
"1383",-4.6166879221038,0.222487511125293,70
"1384",-4.20408400309785,0.0677999013334447,70
"1385",-3.7914800840919,-0.0868877084584034,70
"1386",-3.37887616508595,-0.0868877084584034,70
"1387",-2.96627224608,-0.241575318250252,70
"1388",-2.55366832707405,-0.241575318250252,70
"1389",-2.1410644080681,-0.396262928042101,70
"1390",-1.72846048906215,-0.396262928042101,70
"1391",-1.31585657005619,-0.396262928042101,70
"1392",-0.903252651050243,-2.25251424554428,70
"1393",-0.490648732044293,-2.40720185533613,70
"1394",-0.0780448130383418,-2.40720185533613,70
"1395",0.334559105967609,-2.40720185533613,70
"1396",0.74716302497356,-2.40720185533613,70
"1397",1.15976694397951,-2.40720185533613,70
"1398",1.57237086298546,-2.40720185533613,70
"1399",1.98497478199141,-2.40720185533613,70
"1400",2.39757870099736,-2.40720185533613,70
"1401",-5.4418957601157,0.686550340500838,71
"1402",-5.02929184110975,0.686550340500838,71
"1403",-4.6166879221038,0.686550340500838,71
"1404",-4.20408400309785,0.686550340500838,71
"1405",-3.7914800840919,0.686550340500838,71
"1406",-3.37887616508595,-0.705638147625797,71
"1407",-2.96627224608,-1.16970097700134,71
"1408",-2.55366832707405,-1.32438858679319,71
"1409",-2.1410644080681,-1.32438858679319,71
"1410",-1.72846048906215,-1.47907619658504,71
"1411",-1.31585657005619,-2.40720185533613,71
"1412",-0.903252651050243,-2.40720185533613,71
"1413",-0.490648732044293,-2.40720185533613,71
"1414",-0.0780448130383418,-2.40720185533613,71
"1415",0.334559105967609,-2.40720185533613,71
"1416",0.74716302497356,-2.40720185533613,71
"1417",1.15976694397951,-2.40720185533613,71
"1418",1.57237086298546,-2.40720185533613,71
"1419",1.98497478199141,-2.40720185533613,71
"1420",2.39757870099736,-2.40720185533613,71
"1421",-5.4418957601157,0.377175120917141,72
"1422",-5.02929184110975,0.222487511125293,72
"1423",-4.6166879221038,0.222487511125293,72
"1424",-4.20408400309785,0.0677999013334447,72
"1425",-3.7914800840919,-0.0868877084584034,72
"1426",-3.37887616508595,-0.0868877084584034,72
"1427",-2.96627224608,-0.0868877084584034,72
"1428",-2.55366832707405,-0.241575318250252,72
"1429",-2.1410644080681,-0.241575318250252,72
"1430",-1.72846048906215,-0.396262928042101,72
"1431",-1.31585657005619,-0.396262928042101,72
"1432",-0.903252651050243,-0.550950537833949,72
"1433",-0.490648732044293,-2.40720185533613,72
"1434",-0.0780448130383418,-2.40720185533613,72
"1435",0.334559105967609,-2.40720185533613,72
"1436",0.74716302497356,-2.40720185533613,72
"1437",1.15976694397951,-2.40720185533613,72
"1438",1.57237086298546,-2.40720185533613,72
"1439",1.98497478199141,-2.40720185533613,72
"1440",2.39757870099736,-2.40720185533613,72
"1441",-5.4418957601157,-0.0868877084584034,73
"1442",-5.02929184110975,-0.0868877084584034,73
"1443",-4.6166879221038,-0.0868877084584034,73
"1444",-4.20408400309785,-0.0868877084584034,73
"1445",-3.7914800840919,-0.0868877084584034,73
"1446",-3.37887616508595,-0.0868877084584034,73
"1447",-2.96627224608,-0.0868877084584034,73
"1448",-2.55366832707405,-0.0868877084584034,73
"1449",-2.1410644080681,-0.0868877084584034,73
"1450",-1.72846048906215,-0.0868877084584034,73
"1451",-1.31585657005619,-0.0868877084584034,73
"1452",-0.903252651050243,-0.0868877084584034,73
"1453",-0.490648732044293,-2.09782663575243,73
"1454",-0.0780448130383418,-2.40720185533613,73
"1455",0.334559105967609,-2.40720185533613,73
"1456",0.74716302497356,-2.40720185533613,73
"1457",1.15976694397951,-2.40720185533613,73
"1458",1.57237086298546,-2.40720185533613,73
"1459",1.98497478199141,-2.40720185533613,73
"1460",2.39757870099736,-2.40720185533613,73
"1461",-5.4418957601157,0.686550340500838,74
"1462",-5.02929184110975,0.686550340500838,74
"1463",-4.6166879221038,0.686550340500838,74
"1464",-4.20408400309785,0.686550340500838,74
"1465",-3.7914800840919,0.686550340500838,74
"1466",-3.37887616508595,-0.241575318250252,74
"1467",-2.96627224608,-0.860325757417645,74
"1468",-2.55366832707405,-1.01501336720949,74
"1469",-2.1410644080681,-1.16970097700134,74
"1470",-1.72846048906215,-1.32438858679319,74
"1471",-1.31585657005619,-1.32438858679319,74
"1472",-0.903252651050243,-1.47907619658504,74
"1473",-0.490648732044293,-1.63376380637689,74
"1474",-0.0780448130383418,-2.40720185533613,74
"1475",0.334559105967609,-2.40720185533613,74
"1476",0.74716302497356,-2.40720185533613,74
"1477",1.15976694397951,-2.40720185533613,74
"1478",1.57237086298546,-2.40720185533613,74
"1479",1.98497478199141,-2.40720185533613,74
"1480",2.39757870099736,-2.40720185533613,74
"1481",-5.4418957601157,0.686550340500838,75
"1482",-5.02929184110975,0.686550340500838,75
"1483",-4.6166879221038,0.686550340500838,75
"1484",-4.20408400309785,0.686550340500838,75
"1485",-3.7914800840919,0.686550340500838,75
"1486",-3.37887616508595,-0.705638147625797,75
"1487",-2.96627224608,-1.16970097700134,75
"1488",-2.55366832707405,-1.32438858679319,75
"1489",-2.1410644080681,-1.32438858679319,75
"1490",-1.72846048906215,-1.32438858679319,75
"1491",-1.31585657005619,-1.32438858679319,75
"1492",-0.903252651050243,-1.32438858679319,75
"1493",-0.490648732044293,-1.78845141616874,75
"1494",-0.0780448130383418,-2.40720185533613,75
"1495",0.334559105967609,-2.40720185533613,75
"1496",0.74716302497356,-2.40720185533613,75
"1497",1.15976694397951,-2.40720185533613,75
"1498",1.57237086298546,-2.40720185533613,75
"1499",1.98497478199141,-2.40720185533613,75
"1500",2.39757870099736,-2.40720185533613,75
"1501",-5.4418957601157,-0.0868877084584034,76
"1502",-5.02929184110975,-0.0868877084584034,76
"1503",-4.6166879221038,-0.0868877084584034,76
"1504",-4.20408400309785,-0.0868877084584034,76
"1505",-3.7914800840919,-0.0868877084584034,76
"1506",-3.37887616508595,-0.0868877084584034,76
"1507",-2.96627224608,-0.0868877084584034,76
"1508",-2.55366832707405,-0.0868877084584034,76
"1509",-2.1410644080681,-0.0868877084584034,76
"1510",-1.72846048906215,-0.0868877084584034,76
"1511",-1.31585657005619,-0.0868877084584034,76
"1512",-0.903252651050243,-2.40720185533613,76
"1513",-0.490648732044293,-2.40720185533613,76
"1514",-0.0780448130383418,-2.40720185533613,76
"1515",0.334559105967609,-2.40720185533613,76
"1516",0.74716302497356,-2.40720185533613,76
"1517",1.15976694397951,-2.40720185533613,76
"1518",1.57237086298546,-2.40720185533613,76
"1519",1.98497478199141,-2.40720185533613,76
"1520",2.39757870099736,-2.40720185533613,76
"1521",-5.4418957601157,0.686550340500838,77
"1522",-5.02929184110975,0.686550340500838,77
"1523",-4.6166879221038,0.686550340500838,77
"1524",-4.20408400309785,0.686550340500838,77
"1525",-3.7914800840919,0.686550340500838,77
"1526",-3.37887616508595,-0.241575318250252,77
"1527",-2.96627224608,-0.550950537833949,77
"1528",-2.55366832707405,-0.860325757417645,77
"1529",-2.1410644080681,-1.01501336720949,77
"1530",-1.72846048906215,-1.16970097700134,77
"1531",-1.31585657005619,-1.32438858679319,77
"1532",-0.903252651050243,-1.47907619658504,77
"1533",-0.490648732044293,-2.40720185533613,77
"1534",-0.0780448130383418,-2.40720185533613,77
"1535",0.334559105967609,-2.40720185533613,77
"1536",0.74716302497356,-2.40720185533613,77
"1537",1.15976694397951,-2.40720185533613,77
"1538",1.57237086298546,-2.40720185533613,77
"1539",1.98497478199141,-2.40720185533613,77
"1540",2.39757870099736,-2.40720185533613,77
"1541",-5.4418957601157,0.686550340500838,78
"1542",-5.02929184110975,0.377175120917141,78
"1543",-4.6166879221038,0.222487511125293,78
"1544",-4.20408400309785,0.0677999013334447,78
"1545",-3.7914800840919,0.0677999013334447,78
"1546",-3.37887616508595,-0.0868877084584034,78
"1547",-2.96627224608,-0.241575318250252,78
"1548",-2.55366832707405,-0.241575318250252,78
"1549",-2.1410644080681,-0.396262928042101,78
"1550",-1.72846048906215,-0.396262928042101,78
"1551",-1.31585657005619,-0.550950537833949,78
"1552",-0.903252651050243,-2.25251424554428,78
"1553",-0.490648732044293,-2.40720185533613,78
"1554",-0.0780448130383418,-2.40720185533613,78
"1555",0.334559105967609,-2.40720185533613,78
"1556",0.74716302497356,-2.40720185533613,78
"1557",1.15976694397951,-2.40720185533613,78
"1558",1.57237086298546,-2.40720185533613,78
"1559",1.98497478199141,-2.40720185533613,78
"1560",2.39757870099736,-2.40720185533613,78
"1561",-5.4418957601157,0.686550340500838,79
"1562",-5.02929184110975,0.686550340500838,79
"1563",-4.6166879221038,0.686550340500838,79
"1564",-4.20408400309785,0.686550340500838,79
"1565",-3.7914800840919,0.0677999013334447,79
"1566",-3.37887616508595,-0.0868877084584034,79
"1567",-2.96627224608,-0.241575318250252,79
"1568",-2.55366832707405,-0.241575318250252,79
"1569",-2.1410644080681,-0.396262928042101,79
"1570",-1.72846048906215,-0.396262928042101,79
"1571",-1.31585657005619,-0.396262928042101,79
"1572",-0.903252651050243,-1.94313902596058,79
"1573",-0.490648732044293,-2.40720185533613,79
"1574",-0.0780448130383418,-2.40720185533613,79
"1575",0.334559105967609,-2.40720185533613,79
"1576",0.74716302497356,-2.40720185533613,79
"1577",1.15976694397951,-2.40720185533613,79
"1578",1.57237086298546,-2.40720185533613,79
"1579",1.98497478199141,-2.40720185533613,79
"1580",2.39757870099736,-2.40720185533613,79
"1581",-5.4418957601157,0.686550340500838,80
"1582",-5.02929184110975,0.686550340500838,80
"1583",-4.6166879221038,0.686550340500838,80
"1584",-4.20408400309785,0.377175120917141,80
"1585",-3.7914800840919,0.0677999013334447,80
"1586",-3.37887616508595,-0.0868877084584034,80
"1587",-2.96627224608,-0.241575318250252,80
"1588",-2.55366832707405,-0.550950537833949,80
"1589",-2.1410644080681,-0.705638147625797,80
"1590",-1.72846048906215,-0.860325757417645,80
"1591",-1.31585657005619,-0.860325757417645,80
"1592",-0.903252651050243,-1.47907619658504,80
"1593",-0.490648732044293,-2.40720185533613,80
"1594",-0.0780448130383418,-2.40720185533613,80
"1595",0.334559105967609,-2.40720185533613,80
"1596",0.74716302497356,-2.40720185533613,80
"1597",1.15976694397951,-2.40720185533613,80
"1598",1.57237086298546,-2.40720185533613,80
"1599",1.98497478199141,-2.40720185533613,80
"1600",2.39757870099736,-2.40720185533613,80
"1601",-5.4418957601157,0.686550340500838,81
"1602",-5.02929184110975,0.686550340500838,81
"1603",-4.6166879221038,0.686550340500838,81
"1604",-4.20408400309785,0.686550340500838,81
"1605",-3.7914800840919,0.686550340500838,81
"1606",-3.37887616508595,-0.241575318250252,81
"1607",-2.96627224608,-1.01501336720949,81
"1608",-2.55366832707405,-1.16970097700134,81
"1609",-2.1410644080681,-1.47907619658504,81
"1610",-1.72846048906215,-1.63376380637689,81
"1611",-1.31585657005619,-1.78845141616874,81
"1612",-0.903252651050243,-1.78845141616874,81
"1613",-0.490648732044293,-2.25251424554428,81
"1614",-0.0780448130383418,-2.40720185533613,81
"1615",0.334559105967609,-2.40720185533613,81
"1616",0.74716302497356,-2.40720185533613,81
"1617",1.15976694397951,-2.40720185533613,81
"1618",1.57237086298546,-2.40720185533613,81
"1619",1.98497478199141,-2.40720185533613,81
"1620",2.39757870099736,-2.40720185533613,81
"1621",-5.4418957601157,0.686550340500838,82
"1622",-5.02929184110975,0.686550340500838,82
"1623",-4.6166879221038,0.686550340500838,82
"1624",-4.20408400309785,0.53186273070899,82
"1625",-3.7914800840919,0.222487511125293,82
"1626",-3.37887616508595,-0.0868877084584034,82
"1627",-2.96627224608,-0.396262928042101,82
"1628",-2.55366832707405,-0.705638147625797,82
"1629",-2.1410644080681,-0.860325757417645,82
"1630",-1.72846048906215,-1.01501336720949,82
"1631",-1.31585657005619,-1.16970097700134,82
"1632",-0.903252651050243,-1.32438858679319,82
"1633",-0.490648732044293,-2.40720185533613,82
"1634",-0.0780448130383418,-2.40720185533613,82
"1635",0.334559105967609,-2.40720185533613,82
"1636",0.74716302497356,-2.40720185533613,82
"1637",1.15976694397951,-2.40720185533613,82
"1638",1.57237086298546,-2.40720185533613,82
"1639",1.98497478199141,-2.40720185533613,82
"1640",2.39757870099736,-2.40720185533613,82
"1641",-5.4418957601157,0.686550340500838,83
"1642",-5.02929184110975,0.686550340500838,83
"1643",-4.6166879221038,0.686550340500838,83
"1644",-4.20408400309785,0.686550340500838,83
"1645",-3.7914800840919,0.377175120917141,83
"1646",-3.37887616508595,-0.0868877084584034,83
"1647",-2.96627224608,-0.396262928042101,83
"1648",-2.55366832707405,-0.550950537833949,83
"1649",-2.1410644080681,-0.705638147625797,83
"1650",-1.72846048906215,-0.705638147625797,83
"1651",-1.31585657005619,-0.860325757417645,83
"1652",-0.903252651050243,-0.860325757417645,83
"1653",-0.490648732044293,-1.47907619658504,83
"1654",-0.0780448130383418,-2.40720185533613,83
"1655",0.334559105967609,-2.40720185533613,83
"1656",0.74716302497356,-2.40720185533613,83
"1657",1.15976694397951,-2.40720185533613,83
"1658",1.57237086298546,-2.40720185533613,83
"1659",1.98497478199141,-2.40720185533613,83
"1660",2.39757870099736,-2.40720185533613,83
"1661",-5.4418957601157,0.686550340500838,84
"1662",-5.02929184110975,0.686550340500838,84
"1663",-4.6166879221038,0.686550340500838,84
"1664",-4.20408400309785,0.686550340500838,84
"1665",-3.7914800840919,0.686550340500838,84
"1666",-3.37887616508595,-0.396262928042101,84
"1667",-2.96627224608,-0.860325757417645,84
"1668",-2.55366832707405,-1.01501336720949,84
"1669",-2.1410644080681,-1.01501336720949,84
"1670",-1.72846048906215,-1.16970097700134,84
"1671",-1.31585657005619,-1.16970097700134,84
"1672",-0.903252651050243,-1.16970097700134,84
"1673",-0.490648732044293,-1.47907619658504,84
"1674",-0.0780448130383418,-2.09782663575243,84
"1675",0.334559105967609,-2.25251424554428,84
"1676",0.74716302497356,-2.25251424554428,84
"1677",1.15976694397951,-2.25251424554428,84
"1678",1.57237086298546,-2.25251424554428,84
"1679",1.98497478199141,-2.25251424554428,84
"1680",2.39757870099736,-2.25251424554428,84
"1681",-5.4418957601157,0.686550340500838,85
"1682",-5.02929184110975,0.686550340500838,85
"1683",-4.6166879221038,0.686550340500838,85
"1684",-4.20408400309785,0.686550340500838,85
"1685",-3.7914800840919,0.222487511125293,85
"1686",-3.37887616508595,-0.0868877084584034,85
"1687",-2.96627224608,-0.396262928042101,85
"1688",-2.55366832707405,-0.550950537833949,85
"1689",-2.1410644080681,-0.550950537833949,85
"1690",-1.72846048906215,-0.705638147625797,85
"1691",-1.31585657005619,-0.705638147625797,85
"1692",-0.903252651050243,-0.860325757417645,85
"1693",-0.490648732044293,-2.09782663575243,85
"1694",-0.0780448130383418,-2.40720185533613,85
"1695",0.334559105967609,-2.40720185533613,85
"1696",0.74716302497356,-2.40720185533613,85
"1697",1.15976694397951,-2.40720185533613,85
"1698",1.57237086298546,-2.40720185533613,85
"1699",1.98497478199141,-2.40720185533613,85
"1700",2.39757870099736,-2.40720185533613,85
"1701",-5.4418957601157,0.686550340500838,86
"1702",-5.02929184110975,0.686550340500838,86
"1703",-4.6166879221038,0.686550340500838,86
"1704",-4.20408400309785,0.377175120917141,86
"1705",-3.7914800840919,0.0677999013334447,86
"1706",-3.37887616508595,-0.0868877084584034,86
"1707",-2.96627224608,-0.241575318250252,86
"1708",-2.55366832707405,-0.396262928042101,86
"1709",-2.1410644080681,-0.396262928042101,86
"1710",-1.72846048906215,-0.550950537833949,86
"1711",-1.31585657005619,-0.550950537833949,86
"1712",-0.903252651050243,-0.550950537833949,86
"1713",-0.490648732044293,-2.25251424554428,86
"1714",-0.0780448130383418,-2.40720185533613,86
"1715",0.334559105967609,-2.40720185533613,86
"1716",0.74716302497356,-2.40720185533613,86
"1717",1.15976694397951,-2.40720185533613,86
"1718",1.57237086298546,-2.40720185533613,86
"1719",1.98497478199141,-2.40720185533613,86
"1720",2.39757870099736,-2.40720185533613,86
"1721",-5.4418957601157,0.686550340500838,87
"1722",-5.02929184110975,0.686550340500838,87
"1723",-4.6166879221038,0.686550340500838,87
"1724",-4.20408400309785,0.686550340500838,87
"1725",-3.7914800840919,0.686550340500838,87
"1726",-3.37887616508595,-0.241575318250252,87
"1727",-2.96627224608,-0.705638147625797,87
"1728",-2.55366832707405,-0.860325757417645,87
"1729",-2.1410644080681,-1.01501336720949,87
"1730",-1.72846048906215,-1.01501336720949,87
"1731",-1.31585657005619,-1.16970097700134,87
"1732",-0.903252651050243,-1.16970097700134,87
"1733",-0.490648732044293,-1.94313902596058,87
"1734",-0.0780448130383418,-2.40720185533613,87
"1735",0.334559105967609,-2.40720185533613,87
"1736",0.74716302497356,-2.40720185533613,87
"1737",1.15976694397951,-2.40720185533613,87
"1738",1.57237086298546,-2.40720185533613,87
"1739",1.98497478199141,-2.40720185533613,87
"1740",2.39757870099736,-2.40720185533613,87
"1741",-5.4418957601157,0.686550340500838,88
"1742",-5.02929184110975,0.686550340500838,88
"1743",-4.6166879221038,0.686550340500838,88
"1744",-4.20408400309785,0.686550340500838,88
"1745",-3.7914800840919,0.686550340500838,88
"1746",-3.37887616508595,-0.550950537833949,88
"1747",-2.96627224608,-0.705638147625797,88
"1748",-2.55366832707405,-0.705638147625797,88
"1749",-2.1410644080681,-0.705638147625797,88
"1750",-1.72846048906215,-0.705638147625797,88
"1751",-1.31585657005619,-0.705638147625797,88
"1752",-0.903252651050243,-0.705638147625797,88
"1753",-0.490648732044293,-1.78845141616874,88
"1754",-0.0780448130383418,-2.40720185533613,88
"1755",0.334559105967609,-2.40720185533613,88
"1756",0.74716302497356,-2.40720185533613,88
"1757",1.15976694397951,-2.40720185533613,88
"1758",1.57237086298546,-2.40720185533613,88
"1759",1.98497478199141,-2.40720185533613,88
"1760",2.39757870099736,-2.40720185533613,88
"1761",-5.4418957601157,0.686550340500838,89
"1762",-5.02929184110975,0.686550340500838,89
"1763",-4.6166879221038,0.686550340500838,89
"1764",-4.20408400309785,0.686550340500838,89
"1765",-3.7914800840919,0.0677999013334447,89
"1766",-3.37887616508595,-0.0868877084584034,89
"1767",-2.96627224608,-0.241575318250252,89
"1768",-2.55366832707405,-0.396262928042101,89
"1769",-2.1410644080681,-0.550950537833949,89
"1770",-1.72846048906215,-0.860325757417645,89
"1771",-1.31585657005619,-1.16970097700134,89
"1772",-0.903252651050243,-1.47907619658504,89
"1773",-0.490648732044293,-2.25251424554428,89
"1774",-0.0780448130383418,-2.40720185533613,89
"1775",0.334559105967609,-2.40720185533613,89
"1776",0.74716302497356,-2.40720185533613,89
"1777",1.15976694397951,-2.40720185533613,89
"1778",1.57237086298546,-2.40720185533613,89
"1779",1.98497478199141,-2.40720185533613,89
"1780",2.39757870099736,-2.40720185533613,89
"1781",-5.4418957601157,0.686550340500838,90
"1782",-5.02929184110975,0.686550340500838,90
"1783",-4.6166879221038,0.686550340500838,90
"1784",-4.20408400309785,0.686550340500838,90
"1785",-3.7914800840919,0.686550340500838,90
"1786",-3.37887616508595,-0.705638147625797,90
"1787",-2.96627224608,-1.01501336720949,90
"1788",-2.55366832707405,-1.16970097700134,90
"1789",-2.1410644080681,-1.16970097700134,90
"1790",-1.72846048906215,-1.32438858679319,90
"1791",-1.31585657005619,-1.32438858679319,90
"1792",-0.903252651050243,-1.32438858679319,90
"1793",-0.490648732044293,-1.32438858679319,90
"1794",-0.0780448130383418,-2.40720185533613,90
"1795",0.334559105967609,-2.40720185533613,90
"1796",0.74716302497356,-2.40720185533613,90
"1797",1.15976694397951,-2.40720185533613,90
"1798",1.57237086298546,-2.40720185533613,90
"1799",1.98497478199141,-2.40720185533613,90
"1800",2.39757870099736,-2.40720185533613,90
"1801",-5.4418957601157,0.686550340500838,91
"1802",-5.02929184110975,0.686550340500838,91
"1803",-4.6166879221038,0.686550340500838,91
"1804",-4.20408400309785,0.686550340500838,91
"1805",-3.7914800840919,0.686550340500838,91
"1806",-3.37887616508595,-1.32438858679319,91
"1807",-2.96627224608,-1.63376380637689,91
"1808",-2.55366832707405,-1.63376380637689,91
"1809",-2.1410644080681,-1.63376380637689,91
"1810",-1.72846048906215,-1.63376380637689,91
"1811",-1.31585657005619,-1.63376380637689,91
"1812",-0.903252651050243,-1.63376380637689,91
"1813",-0.490648732044293,-1.78845141616874,91
"1814",-0.0780448130383418,-2.40720185533613,91
"1815",0.334559105967609,-2.40720185533613,91
"1816",0.74716302497356,-2.40720185533613,91
"1817",1.15976694397951,-2.40720185533613,91
"1818",1.57237086298546,-2.40720185533613,91
"1819",1.98497478199141,-2.40720185533613,91
"1820",2.39757870099736,-2.40720185533613,91
"1821",-5.4418957601157,0.686550340500838,92
"1822",-5.02929184110975,0.686550340500838,92
"1823",-4.6166879221038,0.686550340500838,92
"1824",-4.20408400309785,0.686550340500838,92
"1825",-3.7914800840919,0.686550340500838,92
"1826",-3.37887616508595,-0.0868877084584034,92
"1827",-2.96627224608,-0.396262928042101,92
"1828",-2.55366832707405,-0.550950537833949,92
"1829",-2.1410644080681,-0.705638147625797,92
"1830",-1.72846048906215,-0.705638147625797,92
"1831",-1.31585657005619,-1.32438858679319,92
"1832",-0.903252651050243,-2.40720185533613,92
"1833",-0.490648732044293,-2.40720185533613,92
"1834",-0.0780448130383418,-2.40720185533613,92
"1835",0.334559105967609,-2.40720185533613,92
"1836",0.74716302497356,-2.40720185533613,92
"1837",1.15976694397951,-2.40720185533613,92
"1838",1.57237086298546,-2.40720185533613,92
"1839",1.98497478199141,-2.40720185533613,92
"1840",2.39757870099736,-2.40720185533613,92
"1841",-5.4418957601157,0.686550340500838,93
"1842",-5.02929184110975,0.686550340500838,93
"1843",-4.6166879221038,0.686550340500838,93
"1844",-4.20408400309785,0.53186273070899,93
"1845",-3.7914800840919,0.0677999013334447,93
"1846",-3.37887616508595,-0.0868877084584034,93
"1847",-2.96627224608,-0.241575318250252,93
"1848",-2.55366832707405,-0.396262928042101,93
"1849",-2.1410644080681,-0.396262928042101,93
"1850",-1.72846048906215,-0.550950537833949,93
"1851",-1.31585657005619,-0.550950537833949,93
"1852",-0.903252651050243,-0.550950537833949,93
"1853",-0.490648732044293,-1.01501336720949,93
"1854",-0.0780448130383418,-2.40720185533613,93
"1855",0.334559105967609,-2.40720185533613,93
"1856",0.74716302497356,-2.40720185533613,93
"1857",1.15976694397951,-2.40720185533613,93
"1858",1.57237086298546,-2.40720185533613,93
"1859",1.98497478199141,-2.40720185533613,93
"1860",2.39757870099736,-2.40720185533613,93
"1861",-5.4418957601157,0.686550340500838,94
"1862",-5.02929184110975,0.686550340500838,94
"1863",-4.6166879221038,0.686550340500838,94
"1864",-4.20408400309785,0.686550340500838,94
"1865",-3.7914800840919,0.686550340500838,94
"1866",-3.37887616508595,-0.241575318250252,94
"1867",-2.96627224608,-0.705638147625797,94
"1868",-2.55366832707405,-1.01501336720949,94
"1869",-2.1410644080681,-1.16970097700134,94
"1870",-1.72846048906215,-1.32438858679319,94
"1871",-1.31585657005619,-1.32438858679319,94
"1872",-0.903252651050243,-1.47907619658504,94
"1873",-0.490648732044293,-2.40720185533613,94
"1874",-0.0780448130383418,-2.40720185533613,94
"1875",0.334559105967609,-2.40720185533613,94
"1876",0.74716302497356,-2.40720185533613,94
"1877",1.15976694397951,-2.40720185533613,94
"1878",1.57237086298546,-2.40720185533613,94
"1879",1.98497478199141,-2.40720185533613,94
"1880",2.39757870099736,-2.40720185533613,94
"1881",-5.4418957601157,0.686550340500838,95
"1882",-5.02929184110975,0.686550340500838,95
"1883",-4.6166879221038,0.686550340500838,95
"1884",-4.20408400309785,0.686550340500838,95
"1885",-3.7914800840919,0.686550340500838,95
"1886",-3.37887616508595,-0.241575318250252,95
"1887",-2.96627224608,-0.550950537833949,95
"1888",-2.55366832707405,-0.860325757417645,95
"1889",-2.1410644080681,-1.01501336720949,95
"1890",-1.72846048906215,-1.01501336720949,95
"1891",-1.31585657005619,-1.16970097700134,95
"1892",-0.903252651050243,-1.16970097700134,95
"1893",-0.490648732044293,-1.63376380637689,95
"1894",-0.0780448130383418,-2.40720185533613,95
"1895",0.334559105967609,-2.40720185533613,95
"1896",0.74716302497356,-2.40720185533613,95
"1897",1.15976694397951,-2.40720185533613,95
"1898",1.57237086298546,-2.40720185533613,95
"1899",1.98497478199141,-2.40720185533613,95
"1900",2.39757870099736,-2.40720185533613,95
"1901",-5.4418957601157,0.686550340500838,96
"1902",-5.02929184110975,0.686550340500838,96
"1903",-4.6166879221038,0.686550340500838,96
"1904",-4.20408400309785,0.222487511125293,96
"1905",-3.7914800840919,0.0677999013334447,96
"1906",-3.37887616508595,-0.0868877084584034,96
"1907",-2.96627224608,-0.241575318250252,96
"1908",-2.55366832707405,-0.241575318250252,96
"1909",-2.1410644080681,-0.241575318250252,96
"1910",-1.72846048906215,-0.396262928042101,96
"1911",-1.31585657005619,-0.396262928042101,96
"1912",-0.903252651050243,-0.550950537833949,96
"1913",-0.490648732044293,-2.40720185533613,96
"1914",-0.0780448130383418,-2.40720185533613,96
"1915",0.334559105967609,-2.40720185533613,96
"1916",0.74716302497356,-2.40720185533613,96
"1917",1.15976694397951,-2.40720185533613,96
"1918",1.57237086298546,-2.40720185533613,96
"1919",1.98497478199141,-2.40720185533613,96
"1920",2.39757870099736,-2.40720185533613,96
"1921",-5.4418957601157,0.686550340500838,97
"1922",-5.02929184110975,0.686550340500838,97
"1923",-4.6166879221038,0.686550340500838,97
"1924",-4.20408400309785,0.0677999013334447,97
"1925",-3.7914800840919,-0.0868877084584034,97
"1926",-3.37887616508595,-0.0868877084584034,97
"1927",-2.96627224608,-0.0868877084584034,97
"1928",-2.55366832707405,-0.0868877084584034,97
"1929",-2.1410644080681,-0.0868877084584034,97
"1930",-1.72846048906215,-0.0868877084584034,97
"1931",-1.31585657005619,-0.0868877084584034,97
"1932",-0.903252651050243,-0.0868877084584034,97
"1933",-0.490648732044293,-1.94313902596058,97
"1934",-0.0780448130383418,-2.40720185533613,97
"1935",0.334559105967609,-2.40720185533613,97
"1936",0.74716302497356,-2.40720185533613,97
"1937",1.15976694397951,-2.40720185533613,97
"1938",1.57237086298546,-2.40720185533613,97
"1939",1.98497478199141,-2.40720185533613,97
"1940",2.39757870099736,-2.40720185533613,97
"1941",-5.4418957601157,0.0677999013334447,98
"1942",-5.02929184110975,0.0677999013334447,98
"1943",-4.6166879221038,-0.0868877084584034,98
"1944",-4.20408400309785,-0.0868877084584034,98
"1945",-3.7914800840919,-0.0868877084584034,98
"1946",-3.37887616508595,-0.0868877084584034,98
"1947",-2.96627224608,-0.0868877084584034,98
"1948",-2.55366832707405,-0.0868877084584034,98
"1949",-2.1410644080681,-0.0868877084584034,98
"1950",-1.72846048906215,-0.0868877084584034,98
"1951",-1.31585657005619,-2.40720185533613,98
"1952",-0.903252651050243,-2.40720185533613,98
"1953",-0.490648732044293,-2.40720185533613,98
"1954",-0.0780448130383418,-2.40720185533613,98
"1955",0.334559105967609,-2.40720185533613,98
"1956",0.74716302497356,-2.40720185533613,98
"1957",1.15976694397951,-2.40720185533613,98
"1958",1.57237086298546,-2.40720185533613,98
"1959",1.98497478199141,-2.40720185533613,98
"1960",2.39757870099736,-2.40720185533613,98
"1961",-5.4418957601157,0.686550340500838,99
"1962",-5.02929184110975,0.686550340500838,99
"1963",-4.6166879221038,0.686550340500838,99
"1964",-4.20408400309785,0.686550340500838,99
"1965",-3.7914800840919,0.686550340500838,99
"1966",-3.37887616508595,-0.241575318250252,99
"1967",-2.96627224608,-0.396262928042101,99
"1968",-2.55366832707405,-0.396262928042101,99
"1969",-2.1410644080681,-0.550950537833949,99
"1970",-1.72846048906215,-0.550950537833949,99
"1971",-1.31585657005619,-0.550950537833949,99
"1972",-0.903252651050243,-0.550950537833949,99
"1973",-0.490648732044293,-1.63376380637689,99
"1974",-0.0780448130383418,-2.40720185533613,99
"1975",0.334559105967609,-2.40720185533613,99
"1976",0.74716302497356,-2.40720185533613,99
"1977",1.15976694397951,-2.40720185533613,99
"1978",1.57237086298546,-2.40720185533613,99
"1979",1.98497478199141,-2.40720185533613,99
"1980",2.39757870099736,-2.40720185533613,99
"1981",-5.4418957601157,0.686550340500838,100
"1982",-5.02929184110975,0.686550340500838,100
"1983",-4.6166879221038,0.686550340500838,100
"1984",-4.20408400309785,0.686550340500838,100
"1985",-3.7914800840919,0.686550340500838,100
"1986",-3.37887616508595,-0.705638147625797,100
"1987",-2.96627224608,-1.32438858679319,100
"1988",-2.55366832707405,-1.63376380637689,100
"1989",-2.1410644080681,-1.63376380637689,100
"1990",-1.72846048906215,-1.78845141616874,100
"1991",-1.31585657005619,-1.94313902596058,100
"1992",-0.903252651050243,-1.94313902596058,100
"1993",-0.490648732044293,-2.09782663575243,100
"1994",-0.0780448130383418,-2.40720185533613,100
"1995",0.334559105967609,-2.40720185533613,100
"1996",0.74716302497356,-2.40720185533613,100
"1997",1.15976694397951,-2.40720185533613,100
"1998",1.57237086298546,-2.40720185533613,100
"1999",1.98497478199141,-2.40720185533613,100
"2000",2.39757870099736,-2.40720185533613,100
