"","x","y","sample"
"1",-7.10663890794234,0.770585918315869,1
"2",-6.60762361890844,0.770585918315869,1
"3",-6.10860832987455,0.770585918315869,1
"4",-5.60959304084066,0.770585918315869,1
"5",-5.11057775180676,0.770585918315869,1
"6",-4.61156246277287,-4.44065622168518,1
"7",-4.11254717373898,-4.44065622168518,1
"8",-3.61353188470508,-4.44065622168518,1
"9",-3.11451659567119,-4.44065622168518,1
"10",-2.6155013066373,-4.44065622168518,1
"11",-2.1164860176034,-4.44065622168518,1
"12",-1.61747072856951,-4.44065622168518,1
"13",-1.11845543953562,-4.44065622168518,1
"14",-0.619440150501724,-4.44065622168518,1
"15",-0.12042486146783,-4.44065622168518,1
"16",0.378590427566063,-4.44065622168518,1
"17",0.877605716599956,-4.44065622168518,1
"18",1.37662100563385,-4.44065622168518,1
"19",1.87563629466774,-4.44065622168518,1
"20",2.37465158370164,-4.44065622168518,1
"21",-7.10663890794234,0.770585918315869,2
"22",-6.60762361890844,0.770585918315869,2
"23",-6.10860832987455,0.770585918315869,2
"24",-5.60959304084066,0.770585918315869,2
"25",-5.11057775180676,-1.5744730446846,2
"26",-4.61156246277287,-4.44065622168518,2
"27",-4.11254717373898,-4.44065622168518,2
"28",-3.61353188470508,-4.44065622168518,2
"29",-3.11451659567119,-4.44065622168518,2
"30",-2.6155013066373,-4.44065622168518,2
"31",-2.1164860176034,-4.44065622168518,2
"32",-1.61747072856951,-4.44065622168518,2
"33",-1.11845543953562,-4.44065622168518,2
"34",-0.619440150501724,-4.44065622168518,2
"35",-0.12042486146783,-4.44065622168518,2
"36",0.378590427566063,-4.44065622168518,2
"37",0.877605716599956,-4.44065622168518,2
"38",1.37662100563385,-4.44065622168518,2
"39",1.87563629466774,-4.44065622168518,2
"40",2.37465158370164,-4.44065622168518,2
"41",-7.10663890794234,0.770585918315869,3
"42",-6.60762361890844,0.770585918315869,3
"43",-6.10860832987455,0.770585918315869,3
"44",-5.60959304084066,0.770585918315869,3
"45",-5.11057775180676,-1.83503515168466,3
"46",-4.61156246277287,-2.87728357968487,3
"47",-4.11254717373898,-3.39840779368497,3
"48",-3.61353188470508,-3.91953200768508,3
"49",-3.11451659567119,-4.18009411468513,3
"50",-2.6155013066373,-4.44065622168518,3
"51",-2.1164860176034,-4.44065622168518,3
"52",-1.61747072856951,-4.44065622168518,3
"53",-1.11845543953562,-4.44065622168518,3
"54",-0.619440150501724,-4.44065622168518,3
"55",-0.12042486146783,-4.44065622168518,3
"56",0.378590427566063,-4.44065622168518,3
"57",0.877605716599956,-4.44065622168518,3
"58",1.37662100563385,-4.44065622168518,3
"59",1.87563629466774,-4.44065622168518,3
"60",2.37465158370164,-4.44065622168518,3
"61",-7.10663890794234,0.770585918315869,4
"62",-6.60762361890844,0.770585918315869,4
"63",-6.10860832987455,0.770585918315869,4
"64",-5.60959304084066,0.770585918315869,4
"65",-5.11057775180676,-1.83503515168466,4
"66",-4.61156246277287,-2.87728357968487,4
"67",-4.11254717373898,-3.39840779368497,4
"68",-3.61353188470508,-3.65896990068503,4
"69",-3.11451659567119,-3.91953200768508,4
"70",-2.6155013066373,-4.18009411468513,4
"71",-2.1164860176034,-4.18009411468513,4
"72",-1.61747072856951,-4.18009411468513,4
"73",-1.11845543953562,-4.44065622168518,4
"74",-0.619440150501724,-4.44065622168518,4
"75",-0.12042486146783,-4.44065622168518,4
"76",0.378590427566063,-4.44065622168518,4
"77",0.877605716599956,-4.44065622168518,4
"78",1.37662100563385,-4.44065622168518,4
"79",1.87563629466774,-4.44065622168518,4
"80",2.37465158370164,-4.44065622168518,4
"81",-7.10663890794234,0.770585918315869,5
"82",-6.60762361890844,0.770585918315869,5
"83",-6.10860832987455,0.770585918315869,5
"84",-5.60959304084066,0.770585918315869,5
"85",-5.11057775180676,-1.83503515168466,5
"86",-4.61156246277287,-3.65896990068503,5
"87",-4.11254717373898,-4.44065622168518,5
"88",-3.61353188470508,-4.44065622168518,5
"89",-3.11451659567119,-4.44065622168518,5
"90",-2.6155013066373,-4.44065622168518,5
"91",-2.1164860176034,-4.44065622168518,5
"92",-1.61747072856951,-4.44065622168518,5
"93",-1.11845543953562,-4.44065622168518,5
"94",-0.619440150501724,-4.44065622168518,5
"95",-0.12042486146783,-4.44065622168518,5
"96",0.378590427566063,-4.44065622168518,5
"97",0.877605716599956,-4.44065622168518,5
"98",1.37662100563385,-4.44065622168518,5
"99",1.87563629466774,-4.44065622168518,5
"100",2.37465158370164,-4.44065622168518,5
"101",-7.10663890794234,0.770585918315869,6
"102",-6.60762361890844,0.770585918315869,6
"103",-6.10860832987455,0.770585918315869,6
"104",-5.60959304084066,0.770585918315869,6
"105",-5.11057775180676,-1.83503515168466,6
"106",-4.61156246277287,-3.39840779368497,6
"107",-4.11254717373898,-3.91953200768508,6
"108",-3.61353188470508,-4.18009411468513,6
"109",-3.11451659567119,-4.44065622168518,6
"110",-2.6155013066373,-4.44065622168518,6
"111",-2.1164860176034,-4.44065622168518,6
"112",-1.61747072856951,-4.44065622168518,6
"113",-1.11845543953562,-4.44065622168518,6
"114",-0.619440150501724,-4.44065622168518,6
"115",-0.12042486146783,-4.44065622168518,6
"116",0.378590427566063,-4.44065622168518,6
"117",0.877605716599956,-4.44065622168518,6
"118",1.37662100563385,-4.44065622168518,6
"119",1.87563629466774,-4.44065622168518,6
"120",2.37465158370164,-4.44065622168518,6
"121",-7.10663890794234,-0.0111004026842885,7
"122",-6.60762361890844,-0.792786723684446,7
"123",-6.10860832987455,-1.0533488306845,7
"124",-5.60959304084066,-1.31391093768455,7
"125",-5.11057775180676,-1.83503515168466,7
"126",-4.61156246277287,-2.87728357968487,7
"127",-4.11254717373898,-3.65896990068503,7
"128",-3.61353188470508,-4.18009411468513,7
"129",-3.11451659567119,-4.44065622168518,7
"130",-2.6155013066373,-4.44065622168518,7
"131",-2.1164860176034,-4.44065622168518,7
"132",-1.61747072856951,-4.44065622168518,7
"133",-1.11845543953562,-4.44065622168518,7
"134",-0.619440150501724,-4.44065622168518,7
"135",-0.12042486146783,-4.44065622168518,7
"136",0.378590427566063,-4.44065622168518,7
"137",0.877605716599956,-4.44065622168518,7
"138",1.37662100563385,-4.44065622168518,7
"139",1.87563629466774,-4.44065622168518,7
"140",2.37465158370164,-4.44065622168518,7
"141",-7.10663890794234,0.770585918315869,8
"142",-6.60762361890844,0.770585918315869,8
"143",-6.10860832987455,0.770585918315869,8
"144",-5.60959304084066,0.770585918315869,8
"145",-5.11057775180676,-1.31391093768455,8
"146",-4.61156246277287,-4.44065622168518,8
"147",-4.11254717373898,-4.44065622168518,8
"148",-3.61353188470508,-4.44065622168518,8
"149",-3.11451659567119,-4.44065622168518,8
"150",-2.6155013066373,-4.44065622168518,8
"151",-2.1164860176034,-4.44065622168518,8
"152",-1.61747072856951,-4.44065622168518,8
"153",-1.11845543953562,-4.44065622168518,8
"154",-0.619440150501724,-4.44065622168518,8
"155",-0.12042486146783,-4.44065622168518,8
"156",0.378590427566063,-4.44065622168518,8
"157",0.877605716599956,-4.44065622168518,8
"158",1.37662100563385,-4.44065622168518,8
"159",1.87563629466774,-4.44065622168518,8
"160",2.37465158370164,-4.44065622168518,8
"161",-7.10663890794234,0.770585918315869,9
"162",-6.60762361890844,0.770585918315869,9
"163",-6.10860832987455,0.770585918315869,9
"164",-5.60959304084066,0.770585918315869,9
"165",-5.11057775180676,-1.5744730446846,9
"166",-4.61156246277287,-3.91953200768508,9
"167",-4.11254717373898,-4.18009411468513,9
"168",-3.61353188470508,-4.44065622168518,9
"169",-3.11451659567119,-4.44065622168518,9
"170",-2.6155013066373,-4.44065622168518,9
"171",-2.1164860176034,-4.44065622168518,9
"172",-1.61747072856951,-4.44065622168518,9
"173",-1.11845543953562,-4.44065622168518,9
"174",-0.619440150501724,-4.44065622168518,9
"175",-0.12042486146783,-4.44065622168518,9
"176",0.378590427566063,-4.44065622168518,9
"177",0.877605716599956,-4.44065622168518,9
"178",1.37662100563385,-4.44065622168518,9
"179",1.87563629466774,-4.44065622168518,9
"180",2.37465158370164,-4.44065622168518,9
"181",-7.10663890794234,0.770585918315869,10
"182",-6.60762361890844,0.770585918315869,10
"183",-6.10860832987455,-0.532224616684394,10
"184",-5.60959304084066,-1.0533488306845,10
"185",-5.11057775180676,-1.83503515168466,10
"186",-4.61156246277287,-3.13784568668492,10
"187",-4.11254717373898,-3.65896990068503,10
"188",-3.61353188470508,-3.91953200768508,10
"189",-3.11451659567119,-4.44065622168518,10
"190",-2.6155013066373,-4.44065622168518,10
"191",-2.1164860176034,-4.44065622168518,10
"192",-1.61747072856951,-4.44065622168518,10
"193",-1.11845543953562,-4.44065622168518,10
"194",-0.619440150501724,-4.44065622168518,10
"195",-0.12042486146783,-4.44065622168518,10
"196",0.378590427566063,-4.44065622168518,10
"197",0.877605716599956,-4.44065622168518,10
"198",1.37662100563385,-4.44065622168518,10
"199",1.87563629466774,-4.44065622168518,10
"200",2.37465158370164,-4.44065622168518,10
"201",-7.10663890794234,-1.31391093768455,11
"202",-6.60762361890844,-1.5744730446846,11
"203",-6.10860832987455,-1.5744730446846,11
"204",-5.60959304084066,-1.5744730446846,11
"205",-5.11057775180676,-1.83503515168466,11
"206",-4.61156246277287,-4.44065622168518,11
"207",-4.11254717373898,-4.44065622168518,11
"208",-3.61353188470508,-4.44065622168518,11
"209",-3.11451659567119,-4.44065622168518,11
"210",-2.6155013066373,-4.44065622168518,11
"211",-2.1164860176034,-4.44065622168518,11
"212",-1.61747072856951,-4.44065622168518,11
"213",-1.11845543953562,-4.44065622168518,11
"214",-0.619440150501724,-4.44065622168518,11
"215",-0.12042486146783,-4.44065622168518,11
"216",0.378590427566063,-4.44065622168518,11
"217",0.877605716599956,-4.44065622168518,11
"218",1.37662100563385,-4.44065622168518,11
"219",1.87563629466774,-4.44065622168518,11
"220",2.37465158370164,-4.44065622168518,11
"221",-7.10663890794234,0.770585918315869,12
"222",-6.60762361890844,0.770585918315869,12
"223",-6.10860832987455,0.770585918315869,12
"224",-5.60959304084066,0.770585918315869,12
"225",-5.11057775180676,-1.83503515168466,12
"226",-4.61156246277287,-2.09559725868471,12
"227",-4.11254717373898,-2.35615936568476,12
"228",-3.61353188470508,-2.61672147268481,12
"229",-3.11451659567119,-2.61672147268481,12
"230",-2.6155013066373,-2.61672147268481,12
"231",-2.1164860176034,-2.61672147268481,12
"232",-1.61747072856951,-3.91953200768508,12
"233",-1.11845543953562,-4.44065622168518,12
"234",-0.619440150501724,-4.44065622168518,12
"235",-0.12042486146783,-4.44065622168518,12
"236",0.378590427566063,-4.44065622168518,12
"237",0.877605716599956,-4.44065622168518,12
"238",1.37662100563385,-4.44065622168518,12
"239",1.87563629466774,-4.44065622168518,12
"240",2.37465158370164,-4.44065622168518,12
"241",-7.10663890794234,0.770585918315869,13
"242",-6.60762361890844,0.770585918315869,13
"243",-6.10860832987455,0.770585918315869,13
"244",-5.60959304084066,-0.792786723684446,13
"245",-5.11057775180676,-1.83503515168466,13
"246",-4.61156246277287,-2.35615936568476,13
"247",-4.11254717373898,-2.87728357968487,13
"248",-3.61353188470508,-3.13784568668492,13
"249",-3.11451659567119,-3.39840779368497,13
"250",-2.6155013066373,-3.39840779368497,13
"251",-2.1164860176034,-3.65896990068503,13
"252",-1.61747072856951,-4.44065622168518,13
"253",-1.11845543953562,-4.44065622168518,13
"254",-0.619440150501724,-4.44065622168518,13
"255",-0.12042486146783,-4.44065622168518,13
"256",0.378590427566063,-4.44065622168518,13
"257",0.877605716599956,-4.44065622168518,13
"258",1.37662100563385,-4.44065622168518,13
"259",1.87563629466774,-4.44065622168518,13
"260",2.37465158370164,-4.44065622168518,13
"261",-7.10663890794234,0.770585918315869,14
"262",-6.60762361890844,0.770585918315869,14
"263",-6.10860832987455,0.770585918315869,14
"264",-5.60959304084066,0.770585918315869,14
"265",-5.11057775180676,-1.83503515168466,14
"266",-4.61156246277287,-2.09559725868471,14
"267",-4.11254717373898,-2.35615936568476,14
"268",-3.61353188470508,-2.61672147268481,14
"269",-3.11451659567119,-2.61672147268481,14
"270",-2.6155013066373,-2.87728357968487,14
"271",-2.1164860176034,-2.87728357968487,14
"272",-1.61747072856951,-2.87728357968487,14
"273",-1.11845543953562,-2.87728357968487,14
"274",-0.619440150501724,-2.87728357968487,14
"275",-0.12042486146783,-2.87728357968487,14
"276",0.378590427566063,-2.87728357968487,14
"277",0.877605716599956,-2.87728357968487,14
"278",1.37662100563385,-2.87728357968487,14
"279",1.87563629466774,-2.87728357968487,14
"280",2.37465158370164,-2.87728357968487,14
"281",-7.10663890794234,0.770585918315869,15
"282",-6.60762361890844,0.770585918315869,15
"283",-6.10860832987455,0.770585918315869,15
"284",-5.60959304084066,-1.0533488306845,15
"285",-5.11057775180676,-1.83503515168466,15
"286",-4.61156246277287,-4.44065622168518,15
"287",-4.11254717373898,-4.44065622168518,15
"288",-3.61353188470508,-4.44065622168518,15
"289",-3.11451659567119,-4.44065622168518,15
"290",-2.6155013066373,-4.44065622168518,15
"291",-2.1164860176034,-4.44065622168518,15
"292",-1.61747072856951,-4.44065622168518,15
"293",-1.11845543953562,-4.44065622168518,15
"294",-0.619440150501724,-4.44065622168518,15
"295",-0.12042486146783,-4.44065622168518,15
"296",0.378590427566063,-4.44065622168518,15
"297",0.877605716599956,-4.44065622168518,15
"298",1.37662100563385,-4.44065622168518,15
"299",1.87563629466774,-4.44065622168518,15
"300",2.37465158370164,-4.44065622168518,15
"301",-7.10663890794234,0.770585918315869,16
"302",-6.60762361890844,0.770585918315869,16
"303",-6.10860832987455,0.770585918315869,16
"304",-5.60959304084066,0.249461704315764,16
"305",-5.11057775180676,-1.83503515168466,16
"306",-4.61156246277287,-4.44065622168518,16
"307",-4.11254717373898,-4.44065622168518,16
"308",-3.61353188470508,-4.44065622168518,16
"309",-3.11451659567119,-4.44065622168518,16
"310",-2.6155013066373,-4.44065622168518,16
"311",-2.1164860176034,-4.44065622168518,16
"312",-1.61747072856951,-4.44065622168518,16
"313",-1.11845543953562,-4.44065622168518,16
"314",-0.619440150501724,-4.44065622168518,16
"315",-0.12042486146783,-4.44065622168518,16
"316",0.378590427566063,-4.44065622168518,16
"317",0.877605716599956,-4.44065622168518,16
"318",1.37662100563385,-4.44065622168518,16
"319",1.87563629466774,-4.44065622168518,16
"320",2.37465158370164,-4.44065622168518,16
"321",-7.10663890794234,0.770585918315869,17
"322",-6.60762361890844,0.770585918315869,17
"323",-6.10860832987455,0.770585918315869,17
"324",-5.60959304084066,0.770585918315869,17
"325",-5.11057775180676,-0.271662509684341,17
"326",-4.61156246277287,-4.44065622168518,17
"327",-4.11254717373898,-4.44065622168518,17
"328",-3.61353188470508,-4.44065622168518,17
"329",-3.11451659567119,-4.44065622168518,17
"330",-2.6155013066373,-4.44065622168518,17
"331",-2.1164860176034,-4.44065622168518,17
"332",-1.61747072856951,-4.44065622168518,17
"333",-1.11845543953562,-4.44065622168518,17
"334",-0.619440150501724,-4.44065622168518,17
"335",-0.12042486146783,-4.44065622168518,17
"336",0.378590427566063,-4.44065622168518,17
"337",0.877605716599956,-4.44065622168518,17
"338",1.37662100563385,-4.44065622168518,17
"339",1.87563629466774,-4.44065622168518,17
"340",2.37465158370164,-4.44065622168518,17
"341",-7.10663890794234,0.770585918315869,18
"342",-6.60762361890844,0.770585918315869,18
"343",-6.10860832987455,0.770585918315869,18
"344",-5.60959304084066,0.770585918315869,18
"345",-5.11057775180676,-1.5744730446846,18
"346",-4.61156246277287,-4.44065622168518,18
"347",-4.11254717373898,-4.44065622168518,18
"348",-3.61353188470508,-4.44065622168518,18
"349",-3.11451659567119,-4.44065622168518,18
"350",-2.6155013066373,-4.44065622168518,18
"351",-2.1164860176034,-4.44065622168518,18
"352",-1.61747072856951,-4.44065622168518,18
"353",-1.11845543953562,-4.44065622168518,18
"354",-0.619440150501724,-4.44065622168518,18
"355",-0.12042486146783,-4.44065622168518,18
"356",0.378590427566063,-4.44065622168518,18
"357",0.877605716599956,-4.44065622168518,18
"358",1.37662100563385,-4.44065622168518,18
"359",1.87563629466774,-4.44065622168518,18
"360",2.37465158370164,-4.44065622168518,18
"361",-7.10663890794234,0.770585918315869,19
"362",-6.60762361890844,0.770585918315869,19
"363",-6.10860832987455,0.770585918315869,19
"364",-5.60959304084066,0.770585918315869,19
"365",-5.11057775180676,-1.5744730446846,19
"366",-4.61156246277287,-4.44065622168518,19
"367",-4.11254717373898,-4.44065622168518,19
"368",-3.61353188470508,-4.44065622168518,19
"369",-3.11451659567119,-4.44065622168518,19
"370",-2.6155013066373,-4.44065622168518,19
"371",-2.1164860176034,-4.44065622168518,19
"372",-1.61747072856951,-4.44065622168518,19
"373",-1.11845543953562,-4.44065622168518,19
"374",-0.619440150501724,-4.44065622168518,19
"375",-0.12042486146783,-4.44065622168518,19
"376",0.378590427566063,-4.44065622168518,19
"377",0.877605716599956,-4.44065622168518,19
"378",1.37662100563385,-4.44065622168518,19
"379",1.87563629466774,-4.44065622168518,19
"380",2.37465158370164,-4.44065622168518,19
"381",-7.10663890794234,-0.0111004026842885,20
"382",-6.60762361890844,-0.532224616684394,20
"383",-6.10860832987455,-1.0533488306845,20
"384",-5.60959304084066,-1.31391093768455,20
"385",-5.11057775180676,-1.83503515168466,20
"386",-4.61156246277287,-3.39840779368497,20
"387",-4.11254717373898,-3.91953200768508,20
"388",-3.61353188470508,-3.91953200768508,20
"389",-3.11451659567119,-4.18009411468513,20
"390",-2.6155013066373,-4.18009411468513,20
"391",-2.1164860176034,-4.18009411468513,20
"392",-1.61747072856951,-4.18009411468513,20
"393",-1.11845543953562,-4.18009411468513,20
"394",-0.619440150501724,-4.44065622168518,20
"395",-0.12042486146783,-4.44065622168518,20
"396",0.378590427566063,-4.44065622168518,20
"397",0.877605716599956,-4.44065622168518,20
"398",1.37662100563385,-4.44065622168518,20
"399",1.87563629466774,-4.44065622168518,20
"400",2.37465158370164,-4.44065622168518,20
"401",-7.10663890794234,0.770585918315869,21
"402",-6.60762361890844,0.770585918315869,21
"403",-6.10860832987455,0.770585918315869,21
"404",-5.60959304084066,0.770585918315869,21
"405",-5.11057775180676,-1.83503515168466,21
"406",-4.61156246277287,-3.39840779368497,21
"407",-4.11254717373898,-3.91953200768508,21
"408",-3.61353188470508,-3.91953200768508,21
"409",-3.11451659567119,-4.18009411468513,21
"410",-2.6155013066373,-4.18009411468513,21
"411",-2.1164860176034,-4.44065622168518,21
"412",-1.61747072856951,-4.44065622168518,21
"413",-1.11845543953562,-4.44065622168518,21
"414",-0.619440150501724,-4.44065622168518,21
"415",-0.12042486146783,-4.44065622168518,21
"416",0.378590427566063,-4.44065622168518,21
"417",0.877605716599956,-4.44065622168518,21
"418",1.37662100563385,-4.44065622168518,21
"419",1.87563629466774,-4.44065622168518,21
"420",2.37465158370164,-4.44065622168518,21
"421",-7.10663890794234,-1.31391093768455,22
"422",-6.60762361890844,-1.5744730446846,22
"423",-6.10860832987455,-1.5744730446846,22
"424",-5.60959304084066,-1.83503515168466,22
"425",-5.11057775180676,-1.83503515168466,22
"426",-4.61156246277287,-1.83503515168466,22
"427",-4.11254717373898,-4.18009411468513,22
"428",-3.61353188470508,-4.44065622168518,22
"429",-3.11451659567119,-4.44065622168518,22
"430",-2.6155013066373,-4.44065622168518,22
"431",-2.1164860176034,-4.44065622168518,22
"432",-1.61747072856951,-4.44065622168518,22
"433",-1.11845543953562,-4.44065622168518,22
"434",-0.619440150501724,-4.44065622168518,22
"435",-0.12042486146783,-4.44065622168518,22
"436",0.378590427566063,-4.44065622168518,22
"437",0.877605716599956,-4.44065622168518,22
"438",1.37662100563385,-4.44065622168518,22
"439",1.87563629466774,-4.44065622168518,22
"440",2.37465158370164,-4.44065622168518,22
"441",-7.10663890794234,0.770585918315869,23
"442",-6.60762361890844,0.770585918315869,23
"443",-6.10860832987455,0.770585918315869,23
"444",-5.60959304084066,-0.271662509684341,23
"445",-5.11057775180676,-1.83503515168466,23
"446",-4.61156246277287,-2.35615936568476,23
"447",-4.11254717373898,-2.61672147268481,23
"448",-3.61353188470508,-2.61672147268481,23
"449",-3.11451659567119,-2.61672147268481,23
"450",-2.6155013066373,-4.44065622168518,23
"451",-2.1164860176034,-4.44065622168518,23
"452",-1.61747072856951,-4.44065622168518,23
"453",-1.11845543953562,-4.44065622168518,23
"454",-0.619440150501724,-4.44065622168518,23
"455",-0.12042486146783,-4.44065622168518,23
"456",0.378590427566063,-4.44065622168518,23
"457",0.877605716599956,-4.44065622168518,23
"458",1.37662100563385,-4.44065622168518,23
"459",1.87563629466774,-4.44065622168518,23
"460",2.37465158370164,-4.44065622168518,23
"461",-7.10663890794234,-0.792786723684446,24
"462",-6.60762361890844,-0.792786723684446,24
"463",-6.10860832987455,-0.792786723684446,24
"464",-5.60959304084066,-0.792786723684446,24
"465",-5.11057775180676,-1.83503515168466,24
"466",-4.61156246277287,-3.65896990068503,24
"467",-4.11254717373898,-4.44065622168518,24
"468",-3.61353188470508,-4.44065622168518,24
"469",-3.11451659567119,-4.44065622168518,24
"470",-2.6155013066373,-4.44065622168518,24
"471",-2.1164860176034,-4.44065622168518,24
"472",-1.61747072856951,-4.44065622168518,24
"473",-1.11845543953562,-4.44065622168518,24
"474",-0.619440150501724,-4.44065622168518,24
"475",-0.12042486146783,-4.44065622168518,24
"476",0.378590427566063,-4.44065622168518,24
"477",0.877605716599956,-4.44065622168518,24
"478",1.37662100563385,-4.44065622168518,24
"479",1.87563629466774,-4.44065622168518,24
"480",2.37465158370164,-4.44065622168518,24
"481",-7.10663890794234,0.770585918315869,25
"482",-6.60762361890844,0.770585918315869,25
"483",-6.10860832987455,0.770585918315869,25
"484",-5.60959304084066,0.770585918315869,25
"485",-5.11057775180676,-1.83503515168466,25
"486",-4.61156246277287,-2.35615936568476,25
"487",-4.11254717373898,-2.61672147268481,25
"488",-3.61353188470508,-2.87728357968487,25
"489",-3.11451659567119,-3.39840779368497,25
"490",-2.6155013066373,-4.18009411468513,25
"491",-2.1164860176034,-4.44065622168518,25
"492",-1.61747072856951,-4.44065622168518,25
"493",-1.11845543953562,-4.44065622168518,25
"494",-0.619440150501724,-4.44065622168518,25
"495",-0.12042486146783,-4.44065622168518,25
"496",0.378590427566063,-4.44065622168518,25
"497",0.877605716599956,-4.44065622168518,25
"498",1.37662100563385,-4.44065622168518,25
"499",1.87563629466774,-4.44065622168518,25
"500",2.37465158370164,-4.44065622168518,25
"501",-7.10663890794234,0.770585918315869,26
"502",-6.60762361890844,0.770585918315869,26
"503",-6.10860832987455,0.770585918315869,26
"504",-5.60959304084066,0.770585918315869,26
"505",-5.11057775180676,-1.83503515168466,26
"506",-4.61156246277287,-4.18009411468513,26
"507",-4.11254717373898,-4.44065622168518,26
"508",-3.61353188470508,-4.44065622168518,26
"509",-3.11451659567119,-4.44065622168518,26
"510",-2.6155013066373,-4.44065622168518,26
"511",-2.1164860176034,-4.44065622168518,26
"512",-1.61747072856951,-4.44065622168518,26
"513",-1.11845543953562,-4.44065622168518,26
"514",-0.619440150501724,-4.44065622168518,26
"515",-0.12042486146783,-4.44065622168518,26
"516",0.378590427566063,-4.44065622168518,26
"517",0.877605716599956,-4.44065622168518,26
"518",1.37662100563385,-4.44065622168518,26
"519",1.87563629466774,-4.44065622168518,26
"520",2.37465158370164,-4.44065622168518,26
"521",-7.10663890794234,0.770585918315869,27
"522",-6.60762361890844,0.770585918315869,27
"523",-6.10860832987455,0.770585918315869,27
"524",-5.60959304084066,0.770585918315869,27
"525",-5.11057775180676,-1.83503515168466,27
"526",-4.61156246277287,-4.18009411468513,27
"527",-4.11254717373898,-4.44065622168518,27
"528",-3.61353188470508,-4.44065622168518,27
"529",-3.11451659567119,-4.44065622168518,27
"530",-2.6155013066373,-4.44065622168518,27
"531",-2.1164860176034,-4.44065622168518,27
"532",-1.61747072856951,-4.44065622168518,27
"533",-1.11845543953562,-4.44065622168518,27
"534",-0.619440150501724,-4.44065622168518,27
"535",-0.12042486146783,-4.44065622168518,27
"536",0.378590427566063,-4.44065622168518,27
"537",0.877605716599956,-4.44065622168518,27
"538",1.37662100563385,-4.44065622168518,27
"539",1.87563629466774,-4.44065622168518,27
"540",2.37465158370164,-4.44065622168518,27
"541",-7.10663890794234,0.770585918315869,28
"542",-6.60762361890844,0.770585918315869,28
"543",-6.10860832987455,0.770585918315869,28
"544",-5.60959304084066,0.770585918315869,28
"545",-5.11057775180676,0.770585918315869,28
"546",-4.61156246277287,-4.44065622168518,28
"547",-4.11254717373898,-4.44065622168518,28
"548",-3.61353188470508,-4.44065622168518,28
"549",-3.11451659567119,-4.44065622168518,28
"550",-2.6155013066373,-4.44065622168518,28
"551",-2.1164860176034,-4.44065622168518,28
"552",-1.61747072856951,-4.44065622168518,28
"553",-1.11845543953562,-4.44065622168518,28
"554",-0.619440150501724,-4.44065622168518,28
"555",-0.12042486146783,-4.44065622168518,28
"556",0.378590427566063,-4.44065622168518,28
"557",0.877605716599956,-4.44065622168518,28
"558",1.37662100563385,-4.44065622168518,28
"559",1.87563629466774,-4.44065622168518,28
"560",2.37465158370164,-4.44065622168518,28
"561",-7.10663890794234,0.770585918315869,29
"562",-6.60762361890844,0.770585918315869,29
"563",-6.10860832987455,0.770585918315869,29
"564",-5.60959304084066,0.770585918315869,29
"565",-5.11057775180676,-1.83503515168466,29
"566",-4.61156246277287,-3.39840779368497,29
"567",-4.11254717373898,-3.65896990068503,29
"568",-3.61353188470508,-3.91953200768508,29
"569",-3.11451659567119,-4.18009411468513,29
"570",-2.6155013066373,-4.18009411468513,29
"571",-2.1164860176034,-4.18009411468513,29
"572",-1.61747072856951,-4.18009411468513,29
"573",-1.11845543953562,-4.18009411468513,29
"574",-0.619440150501724,-4.18009411468513,29
"575",-0.12042486146783,-4.18009411468513,29
"576",0.378590427566063,-4.18009411468513,29
"577",0.877605716599956,-4.18009411468513,29
"578",1.37662100563385,-4.18009411468513,29
"579",1.87563629466774,-4.18009411468513,29
"580",2.37465158370164,-4.18009411468513,29
"581",-7.10663890794234,0.770585918315869,30
"582",-6.60762361890844,0.770585918315869,30
"583",-6.10860832987455,0.770585918315869,30
"584",-5.60959304084066,0.770585918315869,30
"585",-5.11057775180676,-1.83503515168466,30
"586",-4.61156246277287,-2.61672147268481,30
"587",-4.11254717373898,-3.39840779368497,30
"588",-3.61353188470508,-3.65896990068503,30
"589",-3.11451659567119,-4.18009411468513,30
"590",-2.6155013066373,-4.18009411468513,30
"591",-2.1164860176034,-4.44065622168518,30
"592",-1.61747072856951,-4.44065622168518,30
"593",-1.11845543953562,-4.44065622168518,30
"594",-0.619440150501724,-4.44065622168518,30
"595",-0.12042486146783,-4.44065622168518,30
"596",0.378590427566063,-4.44065622168518,30
"597",0.877605716599956,-4.44065622168518,30
"598",1.37662100563385,-4.44065622168518,30
"599",1.87563629466774,-4.44065622168518,30
"600",2.37465158370164,-4.44065622168518,30
"601",-7.10663890794234,0.770585918315869,31
"602",-6.60762361890844,0.770585918315869,31
"603",-6.10860832987455,0.770585918315869,31
"604",-5.60959304084066,0.770585918315869,31
"605",-5.11057775180676,-1.83503515168466,31
"606",-4.61156246277287,-2.87728357968487,31
"607",-4.11254717373898,-3.13784568668492,31
"608",-3.61353188470508,-3.39840779368497,31
"609",-3.11451659567119,-3.65896990068503,31
"610",-2.6155013066373,-3.91953200768508,31
"611",-2.1164860176034,-3.91953200768508,31
"612",-1.61747072856951,-3.91953200768508,31
"613",-1.11845543953562,-3.91953200768508,31
"614",-0.619440150501724,-3.91953200768508,31
"615",-0.12042486146783,-3.91953200768508,31
"616",0.378590427566063,-3.91953200768508,31
"617",0.877605716599956,-3.91953200768508,31
"618",1.37662100563385,-3.91953200768508,31
"619",1.87563629466774,-3.91953200768508,31
"620",2.37465158370164,-3.91953200768508,31
"621",-7.10663890794234,0.770585918315869,32
"622",-6.60762361890844,0.770585918315869,32
"623",-6.10860832987455,0.770585918315869,32
"624",-5.60959304084066,0.770585918315869,32
"625",-5.11057775180676,-1.83503515168466,32
"626",-4.61156246277287,-2.61672147268481,32
"627",-4.11254717373898,-3.13784568668492,32
"628",-3.61353188470508,-3.39840779368497,32
"629",-3.11451659567119,-3.65896990068503,32
"630",-2.6155013066373,-3.65896990068503,32
"631",-2.1164860176034,-3.65896990068503,32
"632",-1.61747072856951,-3.91953200768508,32
"633",-1.11845543953562,-3.91953200768508,32
"634",-0.619440150501724,-3.91953200768508,32
"635",-0.12042486146783,-3.91953200768508,32
"636",0.378590427566063,-3.91953200768508,32
"637",0.877605716599956,-3.91953200768508,32
"638",1.37662100563385,-3.91953200768508,32
"639",1.87563629466774,-3.91953200768508,32
"640",2.37465158370164,-3.91953200768508,32
"641",-7.10663890794234,0.770585918315869,33
"642",-6.60762361890844,0.770585918315869,33
"643",-6.10860832987455,0.770585918315869,33
"644",-5.60959304084066,-1.0533488306845,33
"645",-5.11057775180676,-1.83503515168466,33
"646",-4.61156246277287,-2.35615936568476,33
"647",-4.11254717373898,-2.61672147268481,33
"648",-3.61353188470508,-2.61672147268481,33
"649",-3.11451659567119,-3.13784568668492,33
"650",-2.6155013066373,-3.39840779368497,33
"651",-2.1164860176034,-3.91953200768508,33
"652",-1.61747072856951,-4.18009411468513,33
"653",-1.11845543953562,-4.44065622168518,33
"654",-0.619440150501724,-4.44065622168518,33
"655",-0.12042486146783,-4.44065622168518,33
"656",0.378590427566063,-4.44065622168518,33
"657",0.877605716599956,-4.44065622168518,33
"658",1.37662100563385,-4.44065622168518,33
"659",1.87563629466774,-4.44065622168518,33
"660",2.37465158370164,-4.44065622168518,33
"661",-7.10663890794234,0.770585918315869,34
"662",-6.60762361890844,0.770585918315869,34
"663",-6.10860832987455,0.770585918315869,34
"664",-5.60959304084066,0.770585918315869,34
"665",-5.11057775180676,-1.83503515168466,34
"666",-4.61156246277287,-3.65896990068503,34
"667",-4.11254717373898,-4.44065622168518,34
"668",-3.61353188470508,-4.44065622168518,34
"669",-3.11451659567119,-4.44065622168518,34
"670",-2.6155013066373,-4.44065622168518,34
"671",-2.1164860176034,-4.44065622168518,34
"672",-1.61747072856951,-4.44065622168518,34
"673",-1.11845543953562,-4.44065622168518,34
"674",-0.619440150501724,-4.44065622168518,34
"675",-0.12042486146783,-4.44065622168518,34
"676",0.378590427566063,-4.44065622168518,34
"677",0.877605716599956,-4.44065622168518,34
"678",1.37662100563385,-4.44065622168518,34
"679",1.87563629466774,-4.44065622168518,34
"680",2.37465158370164,-4.44065622168518,34
"681",-7.10663890794234,0.770585918315869,35
"682",-6.60762361890844,0.770585918315869,35
"683",-6.10860832987455,0.770585918315869,35
"684",-5.60959304084066,-0.532224616684394,35
"685",-5.11057775180676,-1.83503515168466,35
"686",-4.61156246277287,-2.61672147268481,35
"687",-4.11254717373898,-3.39840779368497,35
"688",-3.61353188470508,-3.91953200768508,35
"689",-3.11451659567119,-4.18009411468513,35
"690",-2.6155013066373,-4.44065622168518,35
"691",-2.1164860176034,-4.44065622168518,35
"692",-1.61747072856951,-4.44065622168518,35
"693",-1.11845543953562,-4.44065622168518,35
"694",-0.619440150501724,-4.44065622168518,35
"695",-0.12042486146783,-4.44065622168518,35
"696",0.378590427566063,-4.44065622168518,35
"697",0.877605716599956,-4.44065622168518,35
"698",1.37662100563385,-4.44065622168518,35
"699",1.87563629466774,-4.44065622168518,35
"700",2.37465158370164,-4.44065622168518,35
"701",-7.10663890794234,0.770585918315869,36
"702",-6.60762361890844,0.770585918315869,36
"703",-6.10860832987455,0.770585918315869,36
"704",-5.60959304084066,0.770585918315869,36
"705",-5.11057775180676,-1.83503515168466,36
"706",-4.61156246277287,-2.87728357968487,36
"707",-4.11254717373898,-3.39840779368497,36
"708",-3.61353188470508,-3.91953200768508,36
"709",-3.11451659567119,-4.18009411468513,36
"710",-2.6155013066373,-4.44065622168518,36
"711",-2.1164860176034,-4.44065622168518,36
"712",-1.61747072856951,-4.44065622168518,36
"713",-1.11845543953562,-4.44065622168518,36
"714",-0.619440150501724,-4.44065622168518,36
"715",-0.12042486146783,-4.44065622168518,36
"716",0.378590427566063,-4.44065622168518,36
"717",0.877605716599956,-4.44065622168518,36
"718",1.37662100563385,-4.44065622168518,36
"719",1.87563629466774,-4.44065622168518,36
"720",2.37465158370164,-4.44065622168518,36
"721",-7.10663890794234,0.770585918315869,37
"722",-6.60762361890844,0.770585918315869,37
"723",-6.10860832987455,0.770585918315869,37
"724",-5.60959304084066,0.770585918315869,37
"725",-5.11057775180676,-1.83503515168466,37
"726",-4.61156246277287,-2.61672147268481,37
"727",-4.11254717373898,-3.13784568668492,37
"728",-3.61353188470508,-3.13784568668492,37
"729",-3.11451659567119,-3.13784568668492,37
"730",-2.6155013066373,-3.39840779368497,37
"731",-2.1164860176034,-3.39840779368497,37
"732",-1.61747072856951,-3.39840779368497,37
"733",-1.11845543953562,-3.39840779368497,37
"734",-0.619440150501724,-3.65896990068503,37
"735",-0.12042486146783,-3.65896990068503,37
"736",0.378590427566063,-3.65896990068503,37
"737",0.877605716599956,-3.65896990068503,37
"738",1.37662100563385,-3.65896990068503,37
"739",1.87563629466774,-3.65896990068503,37
"740",2.37465158370164,-3.65896990068503,37
"741",-7.10663890794234,0.770585918315869,38
"742",-6.60762361890844,0.770585918315869,38
"743",-6.10860832987455,0.770585918315869,38
"744",-5.60959304084066,0.770585918315869,38
"745",-5.11057775180676,-1.83503515168466,38
"746",-4.61156246277287,-3.39840779368497,38
"747",-4.11254717373898,-4.18009411468513,38
"748",-3.61353188470508,-4.44065622168518,38
"749",-3.11451659567119,-4.44065622168518,38
"750",-2.6155013066373,-4.44065622168518,38
"751",-2.1164860176034,-4.44065622168518,38
"752",-1.61747072856951,-4.44065622168518,38
"753",-1.11845543953562,-4.44065622168518,38
"754",-0.619440150501724,-4.44065622168518,38
"755",-0.12042486146783,-4.44065622168518,38
"756",0.378590427566063,-4.44065622168518,38
"757",0.877605716599956,-4.44065622168518,38
"758",1.37662100563385,-4.44065622168518,38
"759",1.87563629466774,-4.44065622168518,38
"760",2.37465158370164,-4.44065622168518,38
"761",-7.10663890794234,0.770585918315869,39
"762",-6.60762361890844,0.770585918315869,39
"763",-6.10860832987455,0.770585918315869,39
"764",-5.60959304084066,0.770585918315869,39
"765",-5.11057775180676,-1.83503515168466,39
"766",-4.61156246277287,-4.18009411468513,39
"767",-4.11254717373898,-4.44065622168518,39
"768",-3.61353188470508,-4.44065622168518,39
"769",-3.11451659567119,-4.44065622168518,39
"770",-2.6155013066373,-4.44065622168518,39
"771",-2.1164860176034,-4.44065622168518,39
"772",-1.61747072856951,-4.44065622168518,39
"773",-1.11845543953562,-4.44065622168518,39
"774",-0.619440150501724,-4.44065622168518,39
"775",-0.12042486146783,-4.44065622168518,39
"776",0.378590427566063,-4.44065622168518,39
"777",0.877605716599956,-4.44065622168518,39
"778",1.37662100563385,-4.44065622168518,39
"779",1.87563629466774,-4.44065622168518,39
"780",2.37465158370164,-4.44065622168518,39
"781",-7.10663890794234,0.770585918315869,40
"782",-6.60762361890844,0.770585918315869,40
"783",-6.10860832987455,0.770585918315869,40
"784",-5.60959304084066,0.770585918315869,40
"785",-5.11057775180676,-1.83503515168466,40
"786",-4.61156246277287,-2.87728357968487,40
"787",-4.11254717373898,-3.65896990068503,40
"788",-3.61353188470508,-3.91953200768508,40
"789",-3.11451659567119,-4.18009411468513,40
"790",-2.6155013066373,-4.18009411468513,40
"791",-2.1164860176034,-4.44065622168518,40
"792",-1.61747072856951,-4.44065622168518,40
"793",-1.11845543953562,-4.44065622168518,40
"794",-0.619440150501724,-4.44065622168518,40
"795",-0.12042486146783,-4.44065622168518,40
"796",0.378590427566063,-4.44065622168518,40
"797",0.877605716599956,-4.44065622168518,40
"798",1.37662100563385,-4.44065622168518,40
"799",1.87563629466774,-4.44065622168518,40
"800",2.37465158370164,-4.44065622168518,40
"801",-7.10663890794234,0.770585918315869,41
"802",-6.60762361890844,0.770585918315869,41
"803",-6.10860832987455,0.770585918315869,41
"804",-5.60959304084066,0.770585918315869,41
"805",-5.11057775180676,-1.83503515168466,41
"806",-4.61156246277287,-3.91953200768508,41
"807",-4.11254717373898,-4.44065622168518,41
"808",-3.61353188470508,-4.44065622168518,41
"809",-3.11451659567119,-4.44065622168518,41
"810",-2.6155013066373,-4.44065622168518,41
"811",-2.1164860176034,-4.44065622168518,41
"812",-1.61747072856951,-4.44065622168518,41
"813",-1.11845543953562,-4.44065622168518,41
"814",-0.619440150501724,-4.44065622168518,41
"815",-0.12042486146783,-4.44065622168518,41
"816",0.378590427566063,-4.44065622168518,41
"817",0.877605716599956,-4.44065622168518,41
"818",1.37662100563385,-4.44065622168518,41
"819",1.87563629466774,-4.44065622168518,41
"820",2.37465158370164,-4.44065622168518,41
"821",-7.10663890794234,0.770585918315869,42
"822",-6.60762361890844,0.770585918315869,42
"823",-6.10860832987455,0.770585918315869,42
"824",-5.60959304084066,0.770585918315869,42
"825",-5.11057775180676,-1.83503515168466,42
"826",-4.61156246277287,-3.39840779368497,42
"827",-4.11254717373898,-4.18009411468513,42
"828",-3.61353188470508,-4.44065622168518,42
"829",-3.11451659567119,-4.44065622168518,42
"830",-2.6155013066373,-4.44065622168518,42
"831",-2.1164860176034,-4.44065622168518,42
"832",-1.61747072856951,-4.44065622168518,42
"833",-1.11845543953562,-4.44065622168518,42
"834",-0.619440150501724,-4.44065622168518,42
"835",-0.12042486146783,-4.44065622168518,42
"836",0.378590427566063,-4.44065622168518,42
"837",0.877605716599956,-4.44065622168518,42
"838",1.37662100563385,-4.44065622168518,42
"839",1.87563629466774,-4.44065622168518,42
"840",2.37465158370164,-4.44065622168518,42
"841",-7.10663890794234,0.770585918315869,43
"842",-6.60762361890844,0.770585918315869,43
"843",-6.10860832987455,0.770585918315869,43
"844",-5.60959304084066,0.770585918315869,43
"845",-5.11057775180676,-1.83503515168466,43
"846",-4.61156246277287,-3.13784568668492,43
"847",-4.11254717373898,-3.65896990068503,43
"848",-3.61353188470508,-3.91953200768508,43
"849",-3.11451659567119,-3.91953200768508,43
"850",-2.6155013066373,-4.18009411468513,43
"851",-2.1164860176034,-4.18009411468513,43
"852",-1.61747072856951,-4.18009411468513,43
"853",-1.11845543953562,-4.18009411468513,43
"854",-0.619440150501724,-4.18009411468513,43
"855",-0.12042486146783,-4.18009411468513,43
"856",0.378590427566063,-4.18009411468513,43
"857",0.877605716599956,-4.18009411468513,43
"858",1.37662100563385,-4.18009411468513,43
"859",1.87563629466774,-4.18009411468513,43
"860",2.37465158370164,-4.18009411468513,43
"861",-7.10663890794234,0.770585918315869,44
"862",-6.60762361890844,0.770585918315869,44
"863",-6.10860832987455,0.770585918315869,44
"864",-5.60959304084066,0.770585918315869,44
"865",-5.11057775180676,-1.5744730446846,44
"866",-4.61156246277287,-4.44065622168518,44
"867",-4.11254717373898,-4.44065622168518,44
"868",-3.61353188470508,-4.44065622168518,44
"869",-3.11451659567119,-4.44065622168518,44
"870",-2.6155013066373,-4.44065622168518,44
"871",-2.1164860176034,-4.44065622168518,44
"872",-1.61747072856951,-4.44065622168518,44
"873",-1.11845543953562,-4.44065622168518,44
"874",-0.619440150501724,-4.44065622168518,44
"875",-0.12042486146783,-4.44065622168518,44
"876",0.378590427566063,-4.44065622168518,44
"877",0.877605716599956,-4.44065622168518,44
"878",1.37662100563385,-4.44065622168518,44
"879",1.87563629466774,-4.44065622168518,44
"880",2.37465158370164,-4.44065622168518,44
"881",-7.10663890794234,0.770585918315869,45
"882",-6.60762361890844,0.770585918315869,45
"883",-6.10860832987455,0.770585918315869,45
"884",-5.60959304084066,0.770585918315869,45
"885",-5.11057775180676,0.249461704315764,45
"886",-4.61156246277287,-3.91953200768508,45
"887",-4.11254717373898,-4.18009411468513,45
"888",-3.61353188470508,-4.18009411468513,45
"889",-3.11451659567119,-4.18009411468513,45
"890",-2.6155013066373,-4.18009411468513,45
"891",-2.1164860176034,-4.18009411468513,45
"892",-1.61747072856951,-4.18009411468513,45
"893",-1.11845543953562,-4.44065622168518,45
"894",-0.619440150501724,-4.44065622168518,45
"895",-0.12042486146783,-4.44065622168518,45
"896",0.378590427566063,-4.44065622168518,45
"897",0.877605716599956,-4.44065622168518,45
"898",1.37662100563385,-4.44065622168518,45
"899",1.87563629466774,-4.44065622168518,45
"900",2.37465158370164,-4.44065622168518,45
"901",-7.10663890794234,0.770585918315869,46
"902",-6.60762361890844,0.770585918315869,46
"903",-6.10860832987455,0.770585918315869,46
"904",-5.60959304084066,0.770585918315869,46
"905",-5.11057775180676,-1.83503515168466,46
"906",-4.61156246277287,-2.61672147268481,46
"907",-4.11254717373898,-3.13784568668492,46
"908",-3.61353188470508,-3.65896990068503,46
"909",-3.11451659567119,-3.91953200768508,46
"910",-2.6155013066373,-4.18009411468513,46
"911",-2.1164860176034,-4.18009411468513,46
"912",-1.61747072856951,-4.44065622168518,46
"913",-1.11845543953562,-4.44065622168518,46
"914",-0.619440150501724,-4.44065622168518,46
"915",-0.12042486146783,-4.44065622168518,46
"916",0.378590427566063,-4.44065622168518,46
"917",0.877605716599956,-4.44065622168518,46
"918",1.37662100563385,-4.44065622168518,46
"919",1.87563629466774,-4.44065622168518,46
"920",2.37465158370164,-4.44065622168518,46
"921",-7.10663890794234,0.770585918315869,47
"922",-6.60762361890844,0.770585918315869,47
"923",-6.10860832987455,0.770585918315869,47
"924",-5.60959304084066,0.770585918315869,47
"925",-5.11057775180676,-1.83503515168466,47
"926",-4.61156246277287,-4.18009411468513,47
"927",-4.11254717373898,-4.44065622168518,47
"928",-3.61353188470508,-4.44065622168518,47
"929",-3.11451659567119,-4.44065622168518,47
"930",-2.6155013066373,-4.44065622168518,47
"931",-2.1164860176034,-4.44065622168518,47
"932",-1.61747072856951,-4.44065622168518,47
"933",-1.11845543953562,-4.44065622168518,47
"934",-0.619440150501724,-4.44065622168518,47
"935",-0.12042486146783,-4.44065622168518,47
"936",0.378590427566063,-4.44065622168518,47
"937",0.877605716599956,-4.44065622168518,47
"938",1.37662100563385,-4.44065622168518,47
"939",1.87563629466774,-4.44065622168518,47
"940",2.37465158370164,-4.44065622168518,47
"941",-7.10663890794234,0.770585918315869,48
"942",-6.60762361890844,0.770585918315869,48
"943",-6.10860832987455,0.770585918315869,48
"944",-5.60959304084066,0.770585918315869,48
"945",-5.11057775180676,-1.83503515168466,48
"946",-4.61156246277287,-2.61672147268481,48
"947",-4.11254717373898,-2.87728357968487,48
"948",-3.61353188470508,-3.13784568668492,48
"949",-3.11451659567119,-3.13784568668492,48
"950",-2.6155013066373,-3.13784568668492,48
"951",-2.1164860176034,-3.39840779368497,48
"952",-1.61747072856951,-3.91953200768508,48
"953",-1.11845543953562,-4.44065622168518,48
"954",-0.619440150501724,-4.44065622168518,48
"955",-0.12042486146783,-4.44065622168518,48
"956",0.378590427566063,-4.44065622168518,48
"957",0.877605716599956,-4.44065622168518,48
"958",1.37662100563385,-4.44065622168518,48
"959",1.87563629466774,-4.44065622168518,48
"960",2.37465158370164,-4.44065622168518,48
"961",-7.10663890794234,0.770585918315869,49
"962",-6.60762361890844,0.770585918315869,49
"963",-6.10860832987455,0.770585918315869,49
"964",-5.60959304084066,0.770585918315869,49
"965",-5.11057775180676,-1.83503515168466,49
"966",-4.61156246277287,-3.91953200768508,49
"967",-4.11254717373898,-4.44065622168518,49
"968",-3.61353188470508,-4.44065622168518,49
"969",-3.11451659567119,-4.44065622168518,49
"970",-2.6155013066373,-4.44065622168518,49
"971",-2.1164860176034,-4.44065622168518,49
"972",-1.61747072856951,-4.44065622168518,49
"973",-1.11845543953562,-4.44065622168518,49
"974",-0.619440150501724,-4.44065622168518,49
"975",-0.12042486146783,-4.44065622168518,49
"976",0.378590427566063,-4.44065622168518,49
"977",0.877605716599956,-4.44065622168518,49
"978",1.37662100563385,-4.44065622168518,49
"979",1.87563629466774,-4.44065622168518,49
"980",2.37465158370164,-4.44065622168518,49
"981",-7.10663890794234,0.770585918315869,50
"982",-6.60762361890844,0.770585918315869,50
"983",-6.10860832987455,-0.271662509684341,50
"984",-5.60959304084066,-1.31391093768455,50
"985",-5.11057775180676,-1.83503515168466,50
"986",-4.61156246277287,-2.09559725868471,50
"987",-4.11254717373898,-2.35615936568476,50
"988",-3.61353188470508,-2.61672147268481,50
"989",-3.11451659567119,-2.61672147268481,50
"990",-2.6155013066373,-2.87728357968487,50
"991",-2.1164860176034,-2.87728357968487,50
"992",-1.61747072856951,-4.44065622168518,50
"993",-1.11845543953562,-4.44065622168518,50
"994",-0.619440150501724,-4.44065622168518,50
"995",-0.12042486146783,-4.44065622168518,50
"996",0.378590427566063,-4.44065622168518,50
"997",0.877605716599956,-4.44065622168518,50
"998",1.37662100563385,-4.44065622168518,50
"999",1.87563629466774,-4.44065622168518,50
"1000",2.37465158370164,-4.44065622168518,50
"1001",-7.10663890794234,0.770585918315869,51
"1002",-6.60762361890844,0.770585918315869,51
"1003",-6.10860832987455,0.770585918315869,51
"1004",-5.60959304084066,-1.0533488306845,51
"1005",-5.11057775180676,-1.83503515168466,51
"1006",-4.61156246277287,-2.35615936568476,51
"1007",-4.11254717373898,-2.87728357968487,51
"1008",-3.61353188470508,-3.13784568668492,51
"1009",-3.11451659567119,-3.13784568668492,51
"1010",-2.6155013066373,-3.39840779368497,51
"1011",-2.1164860176034,-3.91953200768508,51
"1012",-1.61747072856951,-4.44065622168518,51
"1013",-1.11845543953562,-4.44065622168518,51
"1014",-0.619440150501724,-4.44065622168518,51
"1015",-0.12042486146783,-4.44065622168518,51
"1016",0.378590427566063,-4.44065622168518,51
"1017",0.877605716599956,-4.44065622168518,51
"1018",1.37662100563385,-4.44065622168518,51
"1019",1.87563629466774,-4.44065622168518,51
"1020",2.37465158370164,-4.44065622168518,51
"1021",-7.10663890794234,0.770585918315869,52
"1022",-6.60762361890844,0.770585918315869,52
"1023",-6.10860832987455,0.770585918315869,52
"1024",-5.60959304084066,0.770585918315869,52
"1025",-5.11057775180676,-1.83503515168466,52
"1026",-4.61156246277287,-2.35615936568476,52
"1027",-4.11254717373898,-2.61672147268481,52
"1028",-3.61353188470508,-2.61672147268481,52
"1029",-3.11451659567119,-3.65896990068503,52
"1030",-2.6155013066373,-4.44065622168518,52
"1031",-2.1164860176034,-4.44065622168518,52
"1032",-1.61747072856951,-4.44065622168518,52
"1033",-1.11845543953562,-4.44065622168518,52
"1034",-0.619440150501724,-4.44065622168518,52
"1035",-0.12042486146783,-4.44065622168518,52
"1036",0.378590427566063,-4.44065622168518,52
"1037",0.877605716599956,-4.44065622168518,52
"1038",1.37662100563385,-4.44065622168518,52
"1039",1.87563629466774,-4.44065622168518,52
"1040",2.37465158370164,-4.44065622168518,52
"1041",-7.10663890794234,0.770585918315869,53
"1042",-6.60762361890844,0.770585918315869,53
"1043",-6.10860832987455,0.770585918315869,53
"1044",-5.60959304084066,0.770585918315869,53
"1045",-5.11057775180676,-1.83503515168466,53
"1046",-4.61156246277287,-2.87728357968487,53
"1047",-4.11254717373898,-3.13784568668492,53
"1048",-3.61353188470508,-3.39840779368497,53
"1049",-3.11451659567119,-3.65896990068503,53
"1050",-2.6155013066373,-3.65896990068503,53
"1051",-2.1164860176034,-3.65896990068503,53
"1052",-1.61747072856951,-3.65896990068503,53
"1053",-1.11845543953562,-3.65896990068503,53
"1054",-0.619440150501724,-3.65896990068503,53
"1055",-0.12042486146783,-3.65896990068503,53
"1056",0.378590427566063,-3.65896990068503,53
"1057",0.877605716599956,-3.65896990068503,53
"1058",1.37662100563385,-3.91953200768508,53
"1059",1.87563629466774,-4.18009411468513,53
"1060",2.37465158370164,-4.44065622168518,53
"1061",-7.10663890794234,0.770585918315869,54
"1062",-6.60762361890844,0.770585918315869,54
"1063",-6.10860832987455,0.770585918315869,54
"1064",-5.60959304084066,0.770585918315869,54
"1065",-5.11057775180676,-1.83503515168466,54
"1066",-4.61156246277287,-2.61672147268481,54
"1067",-4.11254717373898,-2.87728357968487,54
"1068",-3.61353188470508,-2.87728357968487,54
"1069",-3.11451659567119,-2.87728357968487,54
"1070",-2.6155013066373,-3.13784568668492,54
"1071",-2.1164860176034,-4.44065622168518,54
"1072",-1.61747072856951,-4.44065622168518,54
"1073",-1.11845543953562,-4.44065622168518,54
"1074",-0.619440150501724,-4.44065622168518,54
"1075",-0.12042486146783,-4.44065622168518,54
"1076",0.378590427566063,-4.44065622168518,54
"1077",0.877605716599956,-4.44065622168518,54
"1078",1.37662100563385,-4.44065622168518,54
"1079",1.87563629466774,-4.44065622168518,54
"1080",2.37465158370164,-4.44065622168518,54
"1081",-7.10663890794234,0.770585918315869,55
"1082",-6.60762361890844,0.770585918315869,55
"1083",-6.10860832987455,0.770585918315869,55
"1084",-5.60959304084066,-1.31391093768455,55
"1085",-5.11057775180676,-1.83503515168466,55
"1086",-4.61156246277287,-4.44065622168518,55
"1087",-4.11254717373898,-4.44065622168518,55
"1088",-3.61353188470508,-4.44065622168518,55
"1089",-3.11451659567119,-4.44065622168518,55
"1090",-2.6155013066373,-4.44065622168518,55
"1091",-2.1164860176034,-4.44065622168518,55
"1092",-1.61747072856951,-4.44065622168518,55
"1093",-1.11845543953562,-4.44065622168518,55
"1094",-0.619440150501724,-4.44065622168518,55
"1095",-0.12042486146783,-4.44065622168518,55
"1096",0.378590427566063,-4.44065622168518,55
"1097",0.877605716599956,-4.44065622168518,55
"1098",1.37662100563385,-4.44065622168518,55
"1099",1.87563629466774,-4.44065622168518,55
"1100",2.37465158370164,-4.44065622168518,55
"1101",-7.10663890794234,0.770585918315869,56
"1102",-6.60762361890844,0.770585918315869,56
"1103",-6.10860832987455,0.770585918315869,56
"1104",-5.60959304084066,0.770585918315869,56
"1105",-5.11057775180676,-1.83503515168466,56
"1106",-4.61156246277287,-3.39840779368497,56
"1107",-4.11254717373898,-4.18009411468513,56
"1108",-3.61353188470508,-4.44065622168518,56
"1109",-3.11451659567119,-4.44065622168518,56
"1110",-2.6155013066373,-4.44065622168518,56
"1111",-2.1164860176034,-4.44065622168518,56
"1112",-1.61747072856951,-4.44065622168518,56
"1113",-1.11845543953562,-4.44065622168518,56
"1114",-0.619440150501724,-4.44065622168518,56
"1115",-0.12042486146783,-4.44065622168518,56
"1116",0.378590427566063,-4.44065622168518,56
"1117",0.877605716599956,-4.44065622168518,56
"1118",1.37662100563385,-4.44065622168518,56
"1119",1.87563629466774,-4.44065622168518,56
"1120",2.37465158370164,-4.44065622168518,56
"1121",-7.10663890794234,0.770585918315869,57
"1122",-6.60762361890844,0.770585918315869,57
"1123",-6.10860832987455,0.770585918315869,57
"1124",-5.60959304084066,0.770585918315869,57
"1125",-5.11057775180676,-1.83503515168466,57
"1126",-4.61156246277287,-3.91953200768508,57
"1127",-4.11254717373898,-4.44065622168518,57
"1128",-3.61353188470508,-4.44065622168518,57
"1129",-3.11451659567119,-4.44065622168518,57
"1130",-2.6155013066373,-4.44065622168518,57
"1131",-2.1164860176034,-4.44065622168518,57
"1132",-1.61747072856951,-4.44065622168518,57
"1133",-1.11845543953562,-4.44065622168518,57
"1134",-0.619440150501724,-4.44065622168518,57
"1135",-0.12042486146783,-4.44065622168518,57
"1136",0.378590427566063,-4.44065622168518,57
"1137",0.877605716599956,-4.44065622168518,57
"1138",1.37662100563385,-4.44065622168518,57
"1139",1.87563629466774,-4.44065622168518,57
"1140",2.37465158370164,-4.44065622168518,57
"1141",-7.10663890794234,0.770585918315869,58
"1142",-6.60762361890844,0.770585918315869,58
"1143",-6.10860832987455,0.770585918315869,58
"1144",-5.60959304084066,0.770585918315869,58
"1145",-5.11057775180676,-1.83503515168466,58
"1146",-4.61156246277287,-2.35615936568476,58
"1147",-4.11254717373898,-2.87728357968487,58
"1148",-3.61353188470508,-3.13784568668492,58
"1149",-3.11451659567119,-3.39840779368497,58
"1150",-2.6155013066373,-3.39840779368497,58
"1151",-2.1164860176034,-3.65896990068503,58
"1152",-1.61747072856951,-3.91953200768508,58
"1153",-1.11845543953562,-4.18009411468513,58
"1154",-0.619440150501724,-4.18009411468513,58
"1155",-0.12042486146783,-4.18009411468513,58
"1156",0.378590427566063,-4.18009411468513,58
"1157",0.877605716599956,-4.18009411468513,58
"1158",1.37662100563385,-4.18009411468513,58
"1159",1.87563629466774,-4.18009411468513,58
"1160",2.37465158370164,-4.18009411468513,58
"1161",-7.10663890794234,0.770585918315869,59
"1162",-6.60762361890844,0.770585918315869,59
"1163",-6.10860832987455,0.770585918315869,59
"1164",-5.60959304084066,-0.792786723684446,59
"1165",-5.11057775180676,-1.83503515168466,59
"1166",-4.61156246277287,-2.35615936568476,59
"1167",-4.11254717373898,-4.44065622168518,59
"1168",-3.61353188470508,-4.44065622168518,59
"1169",-3.11451659567119,-4.44065622168518,59
"1170",-2.6155013066373,-4.44065622168518,59
"1171",-2.1164860176034,-4.44065622168518,59
"1172",-1.61747072856951,-4.44065622168518,59
"1173",-1.11845543953562,-4.44065622168518,59
"1174",-0.619440150501724,-4.44065622168518,59
"1175",-0.12042486146783,-4.44065622168518,59
"1176",0.378590427566063,-4.44065622168518,59
"1177",0.877605716599956,-4.44065622168518,59
"1178",1.37662100563385,-4.44065622168518,59
"1179",1.87563629466774,-4.44065622168518,59
"1180",2.37465158370164,-4.44065622168518,59
"1181",-7.10663890794234,0.770585918315869,60
"1182",-6.60762361890844,0.770585918315869,60
"1183",-6.10860832987455,0.770585918315869,60
"1184",-5.60959304084066,0.770585918315869,60
"1185",-5.11057775180676,-1.83503515168466,60
"1186",-4.61156246277287,-2.35615936568476,60
"1187",-4.11254717373898,-2.61672147268481,60
"1188",-3.61353188470508,-2.61672147268481,60
"1189",-3.11451659567119,-2.61672147268481,60
"1190",-2.6155013066373,-2.87728357968487,60
"1191",-2.1164860176034,-3.91953200768508,60
"1192",-1.61747072856951,-4.18009411468513,60
"1193",-1.11845543953562,-4.44065622168518,60
"1194",-0.619440150501724,-4.44065622168518,60
"1195",-0.12042486146783,-4.44065622168518,60
"1196",0.378590427566063,-4.44065622168518,60
"1197",0.877605716599956,-4.44065622168518,60
"1198",1.37662100563385,-4.44065622168518,60
"1199",1.87563629466774,-4.44065622168518,60
"1200",2.37465158370164,-4.44065622168518,60
"1201",-7.10663890794234,0.770585918315869,61
"1202",-6.60762361890844,0.770585918315869,61
"1203",-6.10860832987455,0.770585918315869,61
"1204",-5.60959304084066,0.770585918315869,61
"1205",-5.11057775180676,0.770585918315869,61
"1206",-4.61156246277287,-4.44065622168518,61
"1207",-4.11254717373898,-4.44065622168518,61
"1208",-3.61353188470508,-4.44065622168518,61
"1209",-3.11451659567119,-4.44065622168518,61
"1210",-2.6155013066373,-4.44065622168518,61
"1211",-2.1164860176034,-4.44065622168518,61
"1212",-1.61747072856951,-4.44065622168518,61
"1213",-1.11845543953562,-4.44065622168518,61
"1214",-0.619440150501724,-4.44065622168518,61
"1215",-0.12042486146783,-4.44065622168518,61
"1216",0.378590427566063,-4.44065622168518,61
"1217",0.877605716599956,-4.44065622168518,61
"1218",1.37662100563385,-4.44065622168518,61
"1219",1.87563629466774,-4.44065622168518,61
"1220",2.37465158370164,-4.44065622168518,61
"1221",-7.10663890794234,0.770585918315869,62
"1222",-6.60762361890844,0.770585918315869,62
"1223",-6.10860832987455,0.770585918315869,62
"1224",-5.60959304084066,0.770585918315869,62
"1225",-5.11057775180676,0.770585918315869,62
"1226",-4.61156246277287,-4.44065622168518,62
"1227",-4.11254717373898,-4.44065622168518,62
"1228",-3.61353188470508,-4.44065622168518,62
"1229",-3.11451659567119,-4.44065622168518,62
"1230",-2.6155013066373,-4.44065622168518,62
"1231",-2.1164860176034,-4.44065622168518,62
"1232",-1.61747072856951,-4.44065622168518,62
"1233",-1.11845543953562,-4.44065622168518,62
"1234",-0.619440150501724,-4.44065622168518,62
"1235",-0.12042486146783,-4.44065622168518,62
"1236",0.378590427566063,-4.44065622168518,62
"1237",0.877605716599956,-4.44065622168518,62
"1238",1.37662100563385,-4.44065622168518,62
"1239",1.87563629466774,-4.44065622168518,62
"1240",2.37465158370164,-4.44065622168518,62
"1241",-7.10663890794234,-1.5744730446846,63
"1242",-6.60762361890844,-1.83503515168466,63
"1243",-6.10860832987455,-1.83503515168466,63
"1244",-5.60959304084066,-1.83503515168466,63
"1245",-5.11057775180676,-1.83503515168466,63
"1246",-4.61156246277287,-2.09559725868471,63
"1247",-4.11254717373898,-4.44065622168518,63
"1248",-3.61353188470508,-4.44065622168518,63
"1249",-3.11451659567119,-4.44065622168518,63
"1250",-2.6155013066373,-4.44065622168518,63
"1251",-2.1164860176034,-4.44065622168518,63
"1252",-1.61747072856951,-4.44065622168518,63
"1253",-1.11845543953562,-4.44065622168518,63
"1254",-0.619440150501724,-4.44065622168518,63
"1255",-0.12042486146783,-4.44065622168518,63
"1256",0.378590427566063,-4.44065622168518,63
"1257",0.877605716599956,-4.44065622168518,63
"1258",1.37662100563385,-4.44065622168518,63
"1259",1.87563629466774,-4.44065622168518,63
"1260",2.37465158370164,-4.44065622168518,63
"1261",-7.10663890794234,0.770585918315869,64
"1262",-6.60762361890844,0.770585918315869,64
"1263",-6.10860832987455,0.770585918315869,64
"1264",-5.60959304084066,-1.31391093768455,64
"1265",-5.11057775180676,-1.83503515168466,64
"1266",-4.61156246277287,-2.09559725868471,64
"1267",-4.11254717373898,-3.39840779368497,64
"1268",-3.61353188470508,-4.18009411468513,64
"1269",-3.11451659567119,-4.44065622168518,64
"1270",-2.6155013066373,-4.44065622168518,64
"1271",-2.1164860176034,-4.44065622168518,64
"1272",-1.61747072856951,-4.44065622168518,64
"1273",-1.11845543953562,-4.44065622168518,64
"1274",-0.619440150501724,-4.44065622168518,64
"1275",-0.12042486146783,-4.44065622168518,64
"1276",0.378590427566063,-4.44065622168518,64
"1277",0.877605716599956,-4.44065622168518,64
"1278",1.37662100563385,-4.44065622168518,64
"1279",1.87563629466774,-4.44065622168518,64
"1280",2.37465158370164,-4.44065622168518,64
"1281",-7.10663890794234,0.770585918315869,65
"1282",-6.60762361890844,0.770585918315869,65
"1283",-6.10860832987455,0.770585918315869,65
"1284",-5.60959304084066,0.770585918315869,65
"1285",-5.11057775180676,0.770585918315869,65
"1286",-4.61156246277287,-4.44065622168518,65
"1287",-4.11254717373898,-4.44065622168518,65
"1288",-3.61353188470508,-4.44065622168518,65
"1289",-3.11451659567119,-4.44065622168518,65
"1290",-2.6155013066373,-4.44065622168518,65
"1291",-2.1164860176034,-4.44065622168518,65
"1292",-1.61747072856951,-4.44065622168518,65
"1293",-1.11845543953562,-4.44065622168518,65
"1294",-0.619440150501724,-4.44065622168518,65
"1295",-0.12042486146783,-4.44065622168518,65
"1296",0.378590427566063,-4.44065622168518,65
"1297",0.877605716599956,-4.44065622168518,65
"1298",1.37662100563385,-4.44065622168518,65
"1299",1.87563629466774,-4.44065622168518,65
"1300",2.37465158370164,-4.44065622168518,65
"1301",-7.10663890794234,0.770585918315869,66
"1302",-6.60762361890844,0.770585918315869,66
"1303",-6.10860832987455,0.770585918315869,66
"1304",-5.60959304084066,0.770585918315869,66
"1305",-5.11057775180676,-1.83503515168466,66
"1306",-4.61156246277287,-4.18009411468513,66
"1307",-4.11254717373898,-4.44065622168518,66
"1308",-3.61353188470508,-4.44065622168518,66
"1309",-3.11451659567119,-4.44065622168518,66
"1310",-2.6155013066373,-4.44065622168518,66
"1311",-2.1164860176034,-4.44065622168518,66
"1312",-1.61747072856951,-4.44065622168518,66
"1313",-1.11845543953562,-4.44065622168518,66
"1314",-0.619440150501724,-4.44065622168518,66
"1315",-0.12042486146783,-4.44065622168518,66
"1316",0.378590427566063,-4.44065622168518,66
"1317",0.877605716599956,-4.44065622168518,66
"1318",1.37662100563385,-4.44065622168518,66
"1319",1.87563629466774,-4.44065622168518,66
"1320",2.37465158370164,-4.44065622168518,66
"1321",-7.10663890794234,0.770585918315869,67
"1322",-6.60762361890844,0.770585918315869,67
"1323",-6.10860832987455,0.770585918315869,67
"1324",-5.60959304084066,0.770585918315869,67
"1325",-5.11057775180676,-1.83503515168466,67
"1326",-4.61156246277287,-3.91953200768508,67
"1327",-4.11254717373898,-4.44065622168518,67
"1328",-3.61353188470508,-4.44065622168518,67
"1329",-3.11451659567119,-4.44065622168518,67
"1330",-2.6155013066373,-4.44065622168518,67
"1331",-2.1164860176034,-4.44065622168518,67
"1332",-1.61747072856951,-4.44065622168518,67
"1333",-1.11845543953562,-4.44065622168518,67
"1334",-0.619440150501724,-4.44065622168518,67
"1335",-0.12042486146783,-4.44065622168518,67
"1336",0.378590427566063,-4.44065622168518,67
"1337",0.877605716599956,-4.44065622168518,67
"1338",1.37662100563385,-4.44065622168518,67
"1339",1.87563629466774,-4.44065622168518,67
"1340",2.37465158370164,-4.44065622168518,67
"1341",-7.10663890794234,0.770585918315869,68
"1342",-6.60762361890844,0.770585918315869,68
"1343",-6.10860832987455,0.770585918315869,68
"1344",-5.60959304084066,0.770585918315869,68
"1345",-5.11057775180676,-1.83503515168466,68
"1346",-4.61156246277287,-2.87728357968487,68
"1347",-4.11254717373898,-3.65896990068503,68
"1348",-3.61353188470508,-4.18009411468513,68
"1349",-3.11451659567119,-4.44065622168518,68
"1350",-2.6155013066373,-4.44065622168518,68
"1351",-2.1164860176034,-4.44065622168518,68
"1352",-1.61747072856951,-4.44065622168518,68
"1353",-1.11845543953562,-4.44065622168518,68
"1354",-0.619440150501724,-4.44065622168518,68
"1355",-0.12042486146783,-4.44065622168518,68
"1356",0.378590427566063,-4.44065622168518,68
"1357",0.877605716599956,-4.44065622168518,68
"1358",1.37662100563385,-4.44065622168518,68
"1359",1.87563629466774,-4.44065622168518,68
"1360",2.37465158370164,-4.44065622168518,68
"1361",-7.10663890794234,-0.271662509684341,69
"1362",-6.60762361890844,-0.532224616684394,69
"1363",-6.10860832987455,-0.792786723684446,69
"1364",-5.60959304084066,-1.31391093768455,69
"1365",-5.11057775180676,-1.83503515168466,69
"1366",-4.61156246277287,-4.44065622168518,69
"1367",-4.11254717373898,-4.44065622168518,69
"1368",-3.61353188470508,-4.44065622168518,69
"1369",-3.11451659567119,-4.44065622168518,69
"1370",-2.6155013066373,-4.44065622168518,69
"1371",-2.1164860176034,-4.44065622168518,69
"1372",-1.61747072856951,-4.44065622168518,69
"1373",-1.11845543953562,-4.44065622168518,69
"1374",-0.619440150501724,-4.44065622168518,69
"1375",-0.12042486146783,-4.44065622168518,69
"1376",0.378590427566063,-4.44065622168518,69
"1377",0.877605716599956,-4.44065622168518,69
"1378",1.37662100563385,-4.44065622168518,69
"1379",1.87563629466774,-4.44065622168518,69
"1380",2.37465158370164,-4.44065622168518,69
"1381",-7.10663890794234,0.770585918315869,70
"1382",-6.60762361890844,0.770585918315869,70
"1383",-6.10860832987455,0.770585918315869,70
"1384",-5.60959304084066,0.770585918315869,70
"1385",-5.11057775180676,-1.83503515168466,70
"1386",-4.61156246277287,-3.13784568668492,70
"1387",-4.11254717373898,-3.91953200768508,70
"1388",-3.61353188470508,-4.18009411468513,70
"1389",-3.11451659567119,-4.44065622168518,70
"1390",-2.6155013066373,-4.44065622168518,70
"1391",-2.1164860176034,-4.44065622168518,70
"1392",-1.61747072856951,-4.44065622168518,70
"1393",-1.11845543953562,-4.44065622168518,70
"1394",-0.619440150501724,-4.44065622168518,70
"1395",-0.12042486146783,-4.44065622168518,70
"1396",0.378590427566063,-4.44065622168518,70
"1397",0.877605716599956,-4.44065622168518,70
"1398",1.37662100563385,-4.44065622168518,70
"1399",1.87563629466774,-4.44065622168518,70
"1400",2.37465158370164,-4.44065622168518,70
"1401",-7.10663890794234,0.770585918315869,71
"1402",-6.60762361890844,0.770585918315869,71
"1403",-6.10860832987455,0.770585918315869,71
"1404",-5.60959304084066,0.770585918315869,71
"1405",-5.11057775180676,-1.5744730446846,71
"1406",-4.61156246277287,-4.18009411468513,71
"1407",-4.11254717373898,-4.44065622168518,71
"1408",-3.61353188470508,-4.44065622168518,71
"1409",-3.11451659567119,-4.44065622168518,71
"1410",-2.6155013066373,-4.44065622168518,71
"1411",-2.1164860176034,-4.44065622168518,71
"1412",-1.61747072856951,-4.44065622168518,71
"1413",-1.11845543953562,-4.44065622168518,71
"1414",-0.619440150501724,-4.44065622168518,71
"1415",-0.12042486146783,-4.44065622168518,71
"1416",0.378590427566063,-4.44065622168518,71
"1417",0.877605716599956,-4.44065622168518,71
"1418",1.37662100563385,-4.44065622168518,71
"1419",1.87563629466774,-4.44065622168518,71
"1420",2.37465158370164,-4.44065622168518,71
"1421",-7.10663890794234,0.770585918315869,72
"1422",-6.60762361890844,0.770585918315869,72
"1423",-6.10860832987455,0.770585918315869,72
"1424",-5.60959304084066,0.770585918315869,72
"1425",-5.11057775180676,-1.83503515168466,72
"1426",-4.61156246277287,-2.09559725868471,72
"1427",-4.11254717373898,-2.09559725868471,72
"1428",-3.61353188470508,-2.09559725868471,72
"1429",-3.11451659567119,-2.35615936568476,72
"1430",-2.6155013066373,-2.87728357968487,72
"1431",-2.1164860176034,-3.91953200768508,72
"1432",-1.61747072856951,-4.44065622168518,72
"1433",-1.11845543953562,-4.44065622168518,72
"1434",-0.619440150501724,-4.44065622168518,72
"1435",-0.12042486146783,-4.44065622168518,72
"1436",0.378590427566063,-4.44065622168518,72
"1437",0.877605716599956,-4.44065622168518,72
"1438",1.37662100563385,-4.44065622168518,72
"1439",1.87563629466774,-4.44065622168518,72
"1440",2.37465158370164,-4.44065622168518,72
"1441",-7.10663890794234,0.770585918315869,73
"1442",-6.60762361890844,0.770585918315869,73
"1443",-6.10860832987455,0.770585918315869,73
"1444",-5.60959304084066,0.770585918315869,73
"1445",-5.11057775180676,0.770585918315869,73
"1446",-4.61156246277287,-3.13784568668492,73
"1447",-4.11254717373898,-3.39840779368497,73
"1448",-3.61353188470508,-3.39840779368497,73
"1449",-3.11451659567119,-3.65896990068503,73
"1450",-2.6155013066373,-3.65896990068503,73
"1451",-2.1164860176034,-4.18009411468513,73
"1452",-1.61747072856951,-4.44065622168518,73
"1453",-1.11845543953562,-4.44065622168518,73
"1454",-0.619440150501724,-4.44065622168518,73
"1455",-0.12042486146783,-4.44065622168518,73
"1456",0.378590427566063,-4.44065622168518,73
"1457",0.877605716599956,-4.44065622168518,73
"1458",1.37662100563385,-4.44065622168518,73
"1459",1.87563629466774,-4.44065622168518,73
"1460",2.37465158370164,-4.44065622168518,73
"1461",-7.10663890794234,0.770585918315869,74
"1462",-6.60762361890844,0.770585918315869,74
"1463",-6.10860832987455,0.770585918315869,74
"1464",-5.60959304084066,0.510023811315817,74
"1465",-5.11057775180676,-1.5744730446846,74
"1466",-4.61156246277287,-4.44065622168518,74
"1467",-4.11254717373898,-4.44065622168518,74
"1468",-3.61353188470508,-4.44065622168518,74
"1469",-3.11451659567119,-4.44065622168518,74
"1470",-2.6155013066373,-4.44065622168518,74
"1471",-2.1164860176034,-4.44065622168518,74
"1472",-1.61747072856951,-4.44065622168518,74
"1473",-1.11845543953562,-4.44065622168518,74
"1474",-0.619440150501724,-4.44065622168518,74
"1475",-0.12042486146783,-4.44065622168518,74
"1476",0.378590427566063,-4.44065622168518,74
"1477",0.877605716599956,-4.44065622168518,74
"1478",1.37662100563385,-4.44065622168518,74
"1479",1.87563629466774,-4.44065622168518,74
"1480",2.37465158370164,-4.44065622168518,74
"1481",-7.10663890794234,0.770585918315869,75
"1482",-6.60762361890844,-0.0111004026842885,75
"1483",-6.10860832987455,-0.792786723684446,75
"1484",-5.60959304084066,-1.31391093768455,75
"1485",-5.11057775180676,-1.83503515168466,75
"1486",-4.61156246277287,-4.18009411468513,75
"1487",-4.11254717373898,-4.44065622168518,75
"1488",-3.61353188470508,-4.44065622168518,75
"1489",-3.11451659567119,-4.44065622168518,75
"1490",-2.6155013066373,-4.44065622168518,75
"1491",-2.1164860176034,-4.44065622168518,75
"1492",-1.61747072856951,-4.44065622168518,75
"1493",-1.11845543953562,-4.44065622168518,75
"1494",-0.619440150501724,-4.44065622168518,75
"1495",-0.12042486146783,-4.44065622168518,75
"1496",0.378590427566063,-4.44065622168518,75
"1497",0.877605716599956,-4.44065622168518,75
"1498",1.37662100563385,-4.44065622168518,75
"1499",1.87563629466774,-4.44065622168518,75
"1500",2.37465158370164,-4.44065622168518,75
"1501",-7.10663890794234,0.770585918315869,76
"1502",-6.60762361890844,0.770585918315869,76
"1503",-6.10860832987455,0.770585918315869,76
"1504",-5.60959304084066,0.770585918315869,76
"1505",-5.11057775180676,-1.83503515168466,76
"1506",-4.61156246277287,-3.13784568668492,76
"1507",-4.11254717373898,-3.65896990068503,76
"1508",-3.61353188470508,-3.91953200768508,76
"1509",-3.11451659567119,-4.18009411468513,76
"1510",-2.6155013066373,-4.44065622168518,76
"1511",-2.1164860176034,-4.44065622168518,76
"1512",-1.61747072856951,-4.44065622168518,76
"1513",-1.11845543953562,-4.44065622168518,76
"1514",-0.619440150501724,-4.44065622168518,76
"1515",-0.12042486146783,-4.44065622168518,76
"1516",0.378590427566063,-4.44065622168518,76
"1517",0.877605716599956,-4.44065622168518,76
"1518",1.37662100563385,-4.44065622168518,76
"1519",1.87563629466774,-4.44065622168518,76
"1520",2.37465158370164,-4.44065622168518,76
"1521",-7.10663890794234,0.770585918315869,77
"1522",-6.60762361890844,0.770585918315869,77
"1523",-6.10860832987455,0.770585918315869,77
"1524",-5.60959304084066,-0.532224616684394,77
"1525",-5.11057775180676,-1.83503515168466,77
"1526",-4.61156246277287,-2.87728357968487,77
"1527",-4.11254717373898,-3.39840779368497,77
"1528",-3.61353188470508,-3.65896990068503,77
"1529",-3.11451659567119,-3.65896990068503,77
"1530",-2.6155013066373,-3.91953200768508,77
"1531",-2.1164860176034,-4.44065622168518,77
"1532",-1.61747072856951,-4.44065622168518,77
"1533",-1.11845543953562,-4.44065622168518,77
"1534",-0.619440150501724,-4.44065622168518,77
"1535",-0.12042486146783,-4.44065622168518,77
"1536",0.378590427566063,-4.44065622168518,77
"1537",0.877605716599956,-4.44065622168518,77
"1538",1.37662100563385,-4.44065622168518,77
"1539",1.87563629466774,-4.44065622168518,77
"1540",2.37465158370164,-4.44065622168518,77
"1541",-7.10663890794234,0.770585918315869,78
"1542",-6.60762361890844,0.770585918315869,78
"1543",-6.10860832987455,0.770585918315869,78
"1544",-5.60959304084066,-1.31391093768455,78
"1545",-5.11057775180676,-1.83503515168466,78
"1546",-4.61156246277287,-2.09559725868471,78
"1547",-4.11254717373898,-2.61672147268481,78
"1548",-3.61353188470508,-4.44065622168518,78
"1549",-3.11451659567119,-4.44065622168518,78
"1550",-2.6155013066373,-4.44065622168518,78
"1551",-2.1164860176034,-4.44065622168518,78
"1552",-1.61747072856951,-4.44065622168518,78
"1553",-1.11845543953562,-4.44065622168518,78
"1554",-0.619440150501724,-4.44065622168518,78
"1555",-0.12042486146783,-4.44065622168518,78
"1556",0.378590427566063,-4.44065622168518,78
"1557",0.877605716599956,-4.44065622168518,78
"1558",1.37662100563385,-4.44065622168518,78
"1559",1.87563629466774,-4.44065622168518,78
"1560",2.37465158370164,-4.44065622168518,78
"1561",-7.10663890794234,0.770585918315869,79
"1562",-6.60762361890844,0.770585918315869,79
"1563",-6.10860832987455,-0.792786723684446,79
"1564",-5.60959304084066,-1.5744730446846,79
"1565",-5.11057775180676,-1.83503515168466,79
"1566",-4.61156246277287,-2.09559725868471,79
"1567",-4.11254717373898,-2.35615936568476,79
"1568",-3.61353188470508,-2.61672147268481,79
"1569",-3.11451659567119,-2.87728357968487,79
"1570",-2.6155013066373,-2.87728357968487,79
"1571",-2.1164860176034,-3.13784568668492,79
"1572",-1.61747072856951,-3.13784568668492,79
"1573",-1.11845543953562,-3.13784568668492,79
"1574",-0.619440150501724,-3.13784568668492,79
"1575",-0.12042486146783,-3.13784568668492,79
"1576",0.378590427566063,-3.13784568668492,79
"1577",0.877605716599956,-3.13784568668492,79
"1578",1.37662100563385,-3.39840779368497,79
"1579",1.87563629466774,-3.39840779368497,79
"1580",2.37465158370164,-3.39840779368497,79
"1581",-7.10663890794234,0.770585918315869,80
"1582",-6.60762361890844,0.770585918315869,80
"1583",-6.10860832987455,0.770585918315869,80
"1584",-5.60959304084066,0.770585918315869,80
"1585",-5.11057775180676,-1.83503515168466,80
"1586",-4.61156246277287,-2.87728357968487,80
"1587",-4.11254717373898,-3.39840779368497,80
"1588",-3.61353188470508,-3.91953200768508,80
"1589",-3.11451659567119,-4.18009411468513,80
"1590",-2.6155013066373,-4.18009411468513,80
"1591",-2.1164860176034,-4.44065622168518,80
"1592",-1.61747072856951,-4.44065622168518,80
"1593",-1.11845543953562,-4.44065622168518,80
"1594",-0.619440150501724,-4.44065622168518,80
"1595",-0.12042486146783,-4.44065622168518,80
"1596",0.378590427566063,-4.44065622168518,80
"1597",0.877605716599956,-4.44065622168518,80
"1598",1.37662100563385,-4.44065622168518,80
"1599",1.87563629466774,-4.44065622168518,80
"1600",2.37465158370164,-4.44065622168518,80
"1601",-7.10663890794234,0.770585918315869,81
"1602",-6.60762361890844,0.770585918315869,81
"1603",-6.10860832987455,0.770585918315869,81
"1604",-5.60959304084066,0.770585918315869,81
"1605",-5.11057775180676,-1.83503515168466,81
"1606",-4.61156246277287,-2.61672147268481,81
"1607",-4.11254717373898,-2.87728357968487,81
"1608",-3.61353188470508,-2.87728357968487,81
"1609",-3.11451659567119,-3.13784568668492,81
"1610",-2.6155013066373,-4.44065622168518,81
"1611",-2.1164860176034,-4.44065622168518,81
"1612",-1.61747072856951,-4.44065622168518,81
"1613",-1.11845543953562,-4.44065622168518,81
"1614",-0.619440150501724,-4.44065622168518,81
"1615",-0.12042486146783,-4.44065622168518,81
"1616",0.378590427566063,-4.44065622168518,81
"1617",0.877605716599956,-4.44065622168518,81
"1618",1.37662100563385,-4.44065622168518,81
"1619",1.87563629466774,-4.44065622168518,81
"1620",2.37465158370164,-4.44065622168518,81
"1621",-7.10663890794234,0.770585918315869,82
"1622",-6.60762361890844,0.770585918315869,82
"1623",-6.10860832987455,0.770585918315869,82
"1624",-5.60959304084066,0.770585918315869,82
"1625",-5.11057775180676,-1.83503515168466,82
"1626",-4.61156246277287,-4.44065622168518,82
"1627",-4.11254717373898,-4.44065622168518,82
"1628",-3.61353188470508,-4.44065622168518,82
"1629",-3.11451659567119,-4.44065622168518,82
"1630",-2.6155013066373,-4.44065622168518,82
"1631",-2.1164860176034,-4.44065622168518,82
"1632",-1.61747072856951,-4.44065622168518,82
"1633",-1.11845543953562,-4.44065622168518,82
"1634",-0.619440150501724,-4.44065622168518,82
"1635",-0.12042486146783,-4.44065622168518,82
"1636",0.378590427566063,-4.44065622168518,82
"1637",0.877605716599956,-4.44065622168518,82
"1638",1.37662100563385,-4.44065622168518,82
"1639",1.87563629466774,-4.44065622168518,82
"1640",2.37465158370164,-4.44065622168518,82
"1641",-7.10663890794234,0.770585918315869,83
"1642",-6.60762361890844,0.770585918315869,83
"1643",-6.10860832987455,0.770585918315869,83
"1644",-5.60959304084066,0.770585918315869,83
"1645",-5.11057775180676,-1.83503515168466,83
"1646",-4.61156246277287,-4.44065622168518,83
"1647",-4.11254717373898,-4.44065622168518,83
"1648",-3.61353188470508,-4.44065622168518,83
"1649",-3.11451659567119,-4.44065622168518,83
"1650",-2.6155013066373,-4.44065622168518,83
"1651",-2.1164860176034,-4.44065622168518,83
"1652",-1.61747072856951,-4.44065622168518,83
"1653",-1.11845543953562,-4.44065622168518,83
"1654",-0.619440150501724,-4.44065622168518,83
"1655",-0.12042486146783,-4.44065622168518,83
"1656",0.378590427566063,-4.44065622168518,83
"1657",0.877605716599956,-4.44065622168518,83
"1658",1.37662100563385,-4.44065622168518,83
"1659",1.87563629466774,-4.44065622168518,83
"1660",2.37465158370164,-4.44065622168518,83
"1661",-7.10663890794234,0.770585918315869,84
"1662",-6.60762361890844,0.770585918315869,84
"1663",-6.10860832987455,-0.792786723684446,84
"1664",-5.60959304084066,-1.31391093768455,84
"1665",-5.11057775180676,-1.83503515168466,84
"1666",-4.61156246277287,-4.44065622168518,84
"1667",-4.11254717373898,-4.44065622168518,84
"1668",-3.61353188470508,-4.44065622168518,84
"1669",-3.11451659567119,-4.44065622168518,84
"1670",-2.6155013066373,-4.44065622168518,84
"1671",-2.1164860176034,-4.44065622168518,84
"1672",-1.61747072856951,-4.44065622168518,84
"1673",-1.11845543953562,-4.44065622168518,84
"1674",-0.619440150501724,-4.44065622168518,84
"1675",-0.12042486146783,-4.44065622168518,84
"1676",0.378590427566063,-4.44065622168518,84
"1677",0.877605716599956,-4.44065622168518,84
"1678",1.37662100563385,-4.44065622168518,84
"1679",1.87563629466774,-4.44065622168518,84
"1680",2.37465158370164,-4.44065622168518,84
"1681",-7.10663890794234,0.770585918315869,85
"1682",-6.60762361890844,0.770585918315869,85
"1683",-6.10860832987455,0.770585918315869,85
"1684",-5.60959304084066,0.770585918315869,85
"1685",-5.11057775180676,-1.83503515168466,85
"1686",-4.61156246277287,-2.61672147268481,85
"1687",-4.11254717373898,-3.13784568668492,85
"1688",-3.61353188470508,-3.39840779368497,85
"1689",-3.11451659567119,-3.65896990068503,85
"1690",-2.6155013066373,-4.18009411468513,85
"1691",-2.1164860176034,-4.44065622168518,85
"1692",-1.61747072856951,-4.44065622168518,85
"1693",-1.11845543953562,-4.44065622168518,85
"1694",-0.619440150501724,-4.44065622168518,85
"1695",-0.12042486146783,-4.44065622168518,85
"1696",0.378590427566063,-4.44065622168518,85
"1697",0.877605716599956,-4.44065622168518,85
"1698",1.37662100563385,-4.44065622168518,85
"1699",1.87563629466774,-4.44065622168518,85
"1700",2.37465158370164,-4.44065622168518,85
"1701",-7.10663890794234,0.770585918315869,86
"1702",-6.60762361890844,0.770585918315869,86
"1703",-6.10860832987455,0.770585918315869,86
"1704",-5.60959304084066,0.770585918315869,86
"1705",-5.11057775180676,-1.83503515168466,86
"1706",-4.61156246277287,-3.65896990068503,86
"1707",-4.11254717373898,-4.44065622168518,86
"1708",-3.61353188470508,-4.44065622168518,86
"1709",-3.11451659567119,-4.44065622168518,86
"1710",-2.6155013066373,-4.44065622168518,86
"1711",-2.1164860176034,-4.44065622168518,86
"1712",-1.61747072856951,-4.44065622168518,86
"1713",-1.11845543953562,-4.44065622168518,86
"1714",-0.619440150501724,-4.44065622168518,86
"1715",-0.12042486146783,-4.44065622168518,86
"1716",0.378590427566063,-4.44065622168518,86
"1717",0.877605716599956,-4.44065622168518,86
"1718",1.37662100563385,-4.44065622168518,86
"1719",1.87563629466774,-4.44065622168518,86
"1720",2.37465158370164,-4.44065622168518,86
"1721",-7.10663890794234,0.770585918315869,87
"1722",-6.60762361890844,0.770585918315869,87
"1723",-6.10860832987455,0.770585918315869,87
"1724",-5.60959304084066,0.770585918315869,87
"1725",-5.11057775180676,-1.83503515168466,87
"1726",-4.61156246277287,-2.09559725868471,87
"1727",-4.11254717373898,-2.35615936568476,87
"1728",-3.61353188470508,-2.35615936568476,87
"1729",-3.11451659567119,-2.35615936568476,87
"1730",-2.6155013066373,-2.35615936568476,87
"1731",-2.1164860176034,-2.35615936568476,87
"1732",-1.61747072856951,-3.39840779368497,87
"1733",-1.11845543953562,-3.39840779368497,87
"1734",-0.619440150501724,-3.39840779368497,87
"1735",-0.12042486146783,-3.39840779368497,87
"1736",0.378590427566063,-3.65896990068503,87
"1737",0.877605716599956,-3.65896990068503,87
"1738",1.37662100563385,-3.65896990068503,87
"1739",1.87563629466774,-3.65896990068503,87
"1740",2.37465158370164,-3.65896990068503,87
"1741",-7.10663890794234,0.770585918315869,88
"1742",-6.60762361890844,-0.532224616684394,88
"1743",-6.10860832987455,-1.31391093768455,88
"1744",-5.60959304084066,-1.5744730446846,88
"1745",-5.11057775180676,-1.83503515168466,88
"1746",-4.61156246277287,-2.87728357968487,88
"1747",-4.11254717373898,-3.65896990068503,88
"1748",-3.61353188470508,-3.91953200768508,88
"1749",-3.11451659567119,-4.18009411468513,88
"1750",-2.6155013066373,-4.18009411468513,88
"1751",-2.1164860176034,-4.18009411468513,88
"1752",-1.61747072856951,-4.18009411468513,88
"1753",-1.11845543953562,-4.44065622168518,88
"1754",-0.619440150501724,-4.44065622168518,88
"1755",-0.12042486146783,-4.44065622168518,88
"1756",0.378590427566063,-4.44065622168518,88
"1757",0.877605716599956,-4.44065622168518,88
"1758",1.37662100563385,-4.44065622168518,88
"1759",1.87563629466774,-4.44065622168518,88
"1760",2.37465158370164,-4.44065622168518,88
"1761",-7.10663890794234,0.770585918315869,89
"1762",-6.60762361890844,0.770585918315869,89
"1763",-6.10860832987455,0.770585918315869,89
"1764",-5.60959304084066,0.770585918315869,89
"1765",-5.11057775180676,-1.5744730446846,89
"1766",-4.61156246277287,-3.13784568668492,89
"1767",-4.11254717373898,-3.39840779368497,89
"1768",-3.61353188470508,-3.65896990068503,89
"1769",-3.11451659567119,-4.44065622168518,89
"1770",-2.6155013066373,-4.44065622168518,89
"1771",-2.1164860176034,-4.44065622168518,89
"1772",-1.61747072856951,-4.44065622168518,89
"1773",-1.11845543953562,-4.44065622168518,89
"1774",-0.619440150501724,-4.44065622168518,89
"1775",-0.12042486146783,-4.44065622168518,89
"1776",0.378590427566063,-4.44065622168518,89
"1777",0.877605716599956,-4.44065622168518,89
"1778",1.37662100563385,-4.44065622168518,89
"1779",1.87563629466774,-4.44065622168518,89
"1780",2.37465158370164,-4.44065622168518,89
"1781",-7.10663890794234,0.770585918315869,90
"1782",-6.60762361890844,0.770585918315869,90
"1783",-6.10860832987455,-0.0111004026842885,90
"1784",-5.60959304084066,-0.532224616684394,90
"1785",-5.11057775180676,-1.31391093768455,90
"1786",-4.61156246277287,-4.44065622168518,90
"1787",-4.11254717373898,-4.44065622168518,90
"1788",-3.61353188470508,-4.44065622168518,90
"1789",-3.11451659567119,-4.44065622168518,90
"1790",-2.6155013066373,-4.44065622168518,90
"1791",-2.1164860176034,-4.44065622168518,90
"1792",-1.61747072856951,-4.44065622168518,90
"1793",-1.11845543953562,-4.44065622168518,90
"1794",-0.619440150501724,-4.44065622168518,90
"1795",-0.12042486146783,-4.44065622168518,90
"1796",0.378590427566063,-4.44065622168518,90
"1797",0.877605716599956,-4.44065622168518,90
"1798",1.37662100563385,-4.44065622168518,90
"1799",1.87563629466774,-4.44065622168518,90
"1800",2.37465158370164,-4.44065622168518,90
"1801",-7.10663890794234,0.770585918315869,91
"1802",-6.60762361890844,0.770585918315869,91
"1803",-6.10860832987455,0.770585918315869,91
"1804",-5.60959304084066,0.770585918315869,91
"1805",-5.11057775180676,-1.83503515168466,91
"1806",-4.61156246277287,-3.13784568668492,91
"1807",-4.11254717373898,-3.65896990068503,91
"1808",-3.61353188470508,-3.91953200768508,91
"1809",-3.11451659567119,-4.18009411468513,91
"1810",-2.6155013066373,-4.18009411468513,91
"1811",-2.1164860176034,-4.18009411468513,91
"1812",-1.61747072856951,-4.44065622168518,91
"1813",-1.11845543953562,-4.44065622168518,91
"1814",-0.619440150501724,-4.44065622168518,91
"1815",-0.12042486146783,-4.44065622168518,91
"1816",0.378590427566063,-4.44065622168518,91
"1817",0.877605716599956,-4.44065622168518,91
"1818",1.37662100563385,-4.44065622168518,91
"1819",1.87563629466774,-4.44065622168518,91
"1820",2.37465158370164,-4.44065622168518,91
"1821",-7.10663890794234,0.770585918315869,92
"1822",-6.60762361890844,0.770585918315869,92
"1823",-6.10860832987455,0.770585918315869,92
"1824",-5.60959304084066,0.510023811315817,92
"1825",-5.11057775180676,-1.83503515168466,92
"1826",-4.61156246277287,-2.35615936568476,92
"1827",-4.11254717373898,-2.87728357968487,92
"1828",-3.61353188470508,-3.13784568668492,92
"1829",-3.11451659567119,-3.39840779368497,92
"1830",-2.6155013066373,-3.65896990068503,92
"1831",-2.1164860176034,-3.91953200768508,92
"1832",-1.61747072856951,-4.18009411468513,92
"1833",-1.11845543953562,-4.18009411468513,92
"1834",-0.619440150501724,-4.18009411468513,92
"1835",-0.12042486146783,-4.18009411468513,92
"1836",0.378590427566063,-4.18009411468513,92
"1837",0.877605716599956,-4.18009411468513,92
"1838",1.37662100563385,-4.18009411468513,92
"1839",1.87563629466774,-4.18009411468513,92
"1840",2.37465158370164,-4.18009411468513,92
"1841",-7.10663890794234,0.770585918315869,93
"1842",-6.60762361890844,0.770585918315869,93
"1843",-6.10860832987455,0.770585918315869,93
"1844",-5.60959304084066,-1.0533488306845,93
"1845",-5.11057775180676,-1.83503515168466,93
"1846",-4.61156246277287,-2.09559725868471,93
"1847",-4.11254717373898,-2.35615936568476,93
"1848",-3.61353188470508,-2.61672147268481,93
"1849",-3.11451659567119,-4.44065622168518,93
"1850",-2.6155013066373,-4.44065622168518,93
"1851",-2.1164860176034,-4.44065622168518,93
"1852",-1.61747072856951,-4.44065622168518,93
"1853",-1.11845543953562,-4.44065622168518,93
"1854",-0.619440150501724,-4.44065622168518,93
"1855",-0.12042486146783,-4.44065622168518,93
"1856",0.378590427566063,-4.44065622168518,93
"1857",0.877605716599956,-4.44065622168518,93
"1858",1.37662100563385,-4.44065622168518,93
"1859",1.87563629466774,-4.44065622168518,93
"1860",2.37465158370164,-4.44065622168518,93
"1861",-7.10663890794234,0.770585918315869,94
"1862",-6.60762361890844,0.770585918315869,94
"1863",-6.10860832987455,0.770585918315869,94
"1864",-5.60959304084066,0.770585918315869,94
"1865",-5.11057775180676,-1.83503515168466,94
"1866",-4.61156246277287,-2.87728357968487,94
"1867",-4.11254717373898,-3.13784568668492,94
"1868",-3.61353188470508,-3.39840779368497,94
"1869",-3.11451659567119,-3.39840779368497,94
"1870",-2.6155013066373,-4.18009411468513,94
"1871",-2.1164860176034,-4.44065622168518,94
"1872",-1.61747072856951,-4.44065622168518,94
"1873",-1.11845543953562,-4.44065622168518,94
"1874",-0.619440150501724,-4.44065622168518,94
"1875",-0.12042486146783,-4.44065622168518,94
"1876",0.378590427566063,-4.44065622168518,94
"1877",0.877605716599956,-4.44065622168518,94
"1878",1.37662100563385,-4.44065622168518,94
"1879",1.87563629466774,-4.44065622168518,94
"1880",2.37465158370164,-4.44065622168518,94
"1881",-7.10663890794234,0.770585918315869,95
"1882",-6.60762361890844,0.770585918315869,95
"1883",-6.10860832987455,0.770585918315869,95
"1884",-5.60959304084066,0.770585918315869,95
"1885",-5.11057775180676,-1.83503515168466,95
"1886",-4.61156246277287,-2.87728357968487,95
"1887",-4.11254717373898,-3.39840779368497,95
"1888",-3.61353188470508,-3.65896990068503,95
"1889",-3.11451659567119,-3.91953200768508,95
"1890",-2.6155013066373,-3.91953200768508,95
"1891",-2.1164860176034,-4.18009411468513,95
"1892",-1.61747072856951,-4.44065622168518,95
"1893",-1.11845543953562,-4.44065622168518,95
"1894",-0.619440150501724,-4.44065622168518,95
"1895",-0.12042486146783,-4.44065622168518,95
"1896",0.378590427566063,-4.44065622168518,95
"1897",0.877605716599956,-4.44065622168518,95
"1898",1.37662100563385,-4.44065622168518,95
"1899",1.87563629466774,-4.44065622168518,95
"1900",2.37465158370164,-4.44065622168518,95
"1901",-7.10663890794234,0.770585918315869,96
"1902",-6.60762361890844,0.770585918315869,96
"1903",-6.10860832987455,0.770585918315869,96
"1904",-5.60959304084066,0.770585918315869,96
"1905",-5.11057775180676,-1.83503515168466,96
"1906",-4.61156246277287,-3.13784568668492,96
"1907",-4.11254717373898,-3.39840779368497,96
"1908",-3.61353188470508,-3.65896990068503,96
"1909",-3.11451659567119,-3.65896990068503,96
"1910",-2.6155013066373,-3.91953200768508,96
"1911",-2.1164860176034,-4.44065622168518,96
"1912",-1.61747072856951,-4.44065622168518,96
"1913",-1.11845543953562,-4.44065622168518,96
"1914",-0.619440150501724,-4.44065622168518,96
"1915",-0.12042486146783,-4.44065622168518,96
"1916",0.378590427566063,-4.44065622168518,96
"1917",0.877605716599956,-4.44065622168518,96
"1918",1.37662100563385,-4.44065622168518,96
"1919",1.87563629466774,-4.44065622168518,96
"1920",2.37465158370164,-4.44065622168518,96
"1921",-7.10663890794234,0.770585918315869,97
"1922",-6.60762361890844,0.770585918315869,97
"1923",-6.10860832987455,0.770585918315869,97
"1924",-5.60959304084066,0.770585918315869,97
"1925",-5.11057775180676,0.770585918315869,97
"1926",-4.61156246277287,-2.87728357968487,97
"1927",-4.11254717373898,-2.87728357968487,97
"1928",-3.61353188470508,-3.39840779368497,97
"1929",-3.11451659567119,-3.65896990068503,97
"1930",-2.6155013066373,-3.91953200768508,97
"1931",-2.1164860176034,-3.91953200768508,97
"1932",-1.61747072856951,-4.18009411468513,97
"1933",-1.11845543953562,-4.18009411468513,97
"1934",-0.619440150501724,-4.18009411468513,97
"1935",-0.12042486146783,-4.18009411468513,97
"1936",0.378590427566063,-4.18009411468513,97
"1937",0.877605716599956,-4.18009411468513,97
"1938",1.37662100563385,-4.18009411468513,97
"1939",1.87563629466774,-4.18009411468513,97
"1940",2.37465158370164,-4.18009411468513,97
"1941",-7.10663890794234,0.770585918315869,98
"1942",-6.60762361890844,0.770585918315869,98
"1943",-6.10860832987455,0.770585918315869,98
"1944",-5.60959304084066,0.770585918315869,98
"1945",-5.11057775180676,-1.31391093768455,98
"1946",-4.61156246277287,-4.44065622168518,98
"1947",-4.11254717373898,-4.44065622168518,98
"1948",-3.61353188470508,-4.44065622168518,98
"1949",-3.11451659567119,-4.44065622168518,98
"1950",-2.6155013066373,-4.44065622168518,98
"1951",-2.1164860176034,-4.44065622168518,98
"1952",-1.61747072856951,-4.44065622168518,98
"1953",-1.11845543953562,-4.44065622168518,98
"1954",-0.619440150501724,-4.44065622168518,98
"1955",-0.12042486146783,-4.44065622168518,98
"1956",0.378590427566063,-4.44065622168518,98
"1957",0.877605716599956,-4.44065622168518,98
"1958",1.37662100563385,-4.44065622168518,98
"1959",1.87563629466774,-4.44065622168518,98
"1960",2.37465158370164,-4.44065622168518,98
"1961",-7.10663890794234,0.770585918315869,99
"1962",-6.60762361890844,0.770585918315869,99
"1963",-6.10860832987455,0.770585918315869,99
"1964",-5.60959304084066,0.770585918315869,99
"1965",-5.11057775180676,-1.83503515168466,99
"1966",-4.61156246277287,-3.13784568668492,99
"1967",-4.11254717373898,-3.39840779368497,99
"1968",-3.61353188470508,-3.65896990068503,99
"1969",-3.11451659567119,-3.65896990068503,99
"1970",-2.6155013066373,-3.91953200768508,99
"1971",-2.1164860176034,-3.91953200768508,99
"1972",-1.61747072856951,-3.91953200768508,99
"1973",-1.11845543953562,-3.91953200768508,99
"1974",-0.619440150501724,-3.91953200768508,99
"1975",-0.12042486146783,-3.91953200768508,99
"1976",0.378590427566063,-3.91953200768508,99
"1977",0.877605716599956,-3.91953200768508,99
"1978",1.37662100563385,-3.91953200768508,99
"1979",1.87563629466774,-3.91953200768508,99
"1980",2.37465158370164,-3.91953200768508,99
"1981",-7.10663890794234,0.770585918315869,100
"1982",-6.60762361890844,0.770585918315869,100
"1983",-6.10860832987455,0.770585918315869,100
"1984",-5.60959304084066,0.770585918315869,100
"1985",-5.11057775180676,-1.83503515168466,100
"1986",-4.61156246277287,-2.61672147268481,100
"1987",-4.11254717373898,-2.87728357968487,100
"1988",-3.61353188470508,-2.87728357968487,100
"1989",-3.11451659567119,-2.87728357968487,100
"1990",-2.6155013066373,-2.87728357968487,100
"1991",-2.1164860176034,-3.13784568668492,100
"1992",-1.61747072856951,-3.39840779368497,100
"1993",-1.11845543953562,-3.91953200768508,100
"1994",-0.619440150501724,-4.18009411468513,100
"1995",-0.12042486146783,-4.44065622168518,100
"1996",0.378590427566063,-4.44065622168518,100
"1997",0.877605716599956,-4.44065622168518,100
"1998",1.37662100563385,-4.44065622168518,100
"1999",1.87563629466774,-4.44065622168518,100
"2000",2.37465158370164,-4.44065622168518,100
