"","x","y","sample"
"1",-4.20252604833595,0.624545174290716,1
"2",-3.87992654074858,0.624545174290716,1
"3",-3.5573270331612,0.624545174290716,1
"4",-3.23472752557383,0.624545174290716,1
"5",-2.91212801798646,0.455603509832914,1
"6",-2.58952851039909,0.117720180917308,1
"7",-2.26692900281171,-0.0512214835404947,1
"8",-1.94432949522434,-0.220163147998298,1
"9",-1.62172998763697,-0.726988141371706,1
"10",-1.29913048004959,-1.57169646366072,1
"11",-0.976530972462221,-2.75428811486534,1
"12",-0.653931464874848,-2.75428811486534,1
"13",-0.331331957287476,-2.75428811486534,1
"14",-0.00873244970010223,-2.75428811486534,1
"15",0.31386705788727,-2.75428811486534,1
"16",0.636466565474644,-2.75428811486534,1
"17",0.959066073062016,-2.75428811486534,1
"18",1.28166558064939,-2.75428811486534,1
"19",1.60426508823676,-2.75428811486534,1
"20",1.92686459582413,-2.75428811486534,1
"21",-4.20252604833595,0.624545174290716,2
"22",-3.87992654074858,0.624545174290716,2
"23",-3.5573270331612,0.624545174290716,2
"24",-3.23472752557383,0.624545174290716,2
"25",-2.91212801798646,0.624545174290716,2
"26",-2.58952851039909,0.624545174290716,2
"27",-2.26692900281171,0.624545174290716,2
"28",-1.94432949522434,-0.558046476913903,2
"29",-1.62172998763697,-0.895929805829509,2
"30",-1.29913048004959,-1.23381313474511,2
"31",-0.976530972462221,-1.57169646366072,2
"32",-0.653931464874848,-1.90957979257633,2
"33",-0.331331957287476,-2.24746312149193,2
"34",-0.00873244970010223,-2.41640478594973,2
"35",0.31386705788727,-2.41640478594973,2
"36",0.636466565474644,-2.41640478594973,2
"37",0.959066073062016,-2.41640478594973,2
"38",1.28166558064939,-2.41640478594973,2
"39",1.60426508823676,-2.41640478594973,2
"40",1.92686459582413,-2.41640478594973,2
"41",-4.20252604833595,0.624545174290716,3
"42",-3.87992654074858,0.624545174290716,3
"43",-3.5573270331612,0.455603509832914,3
"44",-3.23472752557383,0.286661845375111,3
"45",-2.91212801798646,0.117720180917308,3
"46",-2.58952851039909,-0.0512214835404947,3
"47",-2.26692900281171,-0.0512214835404947,3
"48",-1.94432949522434,-0.220163147998298,3
"49",-1.62172998763697,-0.3891048124561,3
"50",-1.29913048004959,-0.558046476913903,3
"51",-0.976530972462221,-1.06487147028731,3
"52",-0.653931464874848,-2.07852145703413,3
"53",-0.331331957287476,-2.58534645040754,3
"54",-0.00873244970010223,-2.75428811486534,3
"55",0.31386705788727,-2.75428811486534,3
"56",0.636466565474644,-2.75428811486534,3
"57",0.959066073062016,-2.75428811486534,3
"58",1.28166558064939,-2.75428811486534,3
"59",1.60426508823676,-2.75428811486534,3
"60",1.92686459582413,-2.75428811486534,3
"61",-4.20252604833595,0.624545174290716,4
"62",-3.87992654074858,0.624545174290716,4
"63",-3.5573270331612,0.624545174290716,4
"64",-3.23472752557383,0.624545174290716,4
"65",-2.91212801798646,0.624545174290716,4
"66",-2.58952851039909,0.624545174290716,4
"67",-2.26692900281171,-0.0512214835404947,4
"68",-1.94432949522434,-0.3891048124561,4
"69",-1.62172998763697,-1.40275479920292,4
"70",-1.29913048004959,-2.41640478594973,4
"71",-0.976530972462221,-2.75428811486534,4
"72",-0.653931464874848,-2.75428811486534,4
"73",-0.331331957287476,-2.75428811486534,4
"74",-0.00873244970010223,-2.75428811486534,4
"75",0.31386705788727,-2.75428811486534,4
"76",0.636466565474644,-2.75428811486534,4
"77",0.959066073062016,-2.75428811486534,4
"78",1.28166558064939,-2.75428811486534,4
"79",1.60426508823676,-2.75428811486534,4
"80",1.92686459582413,-2.75428811486534,4
"81",-4.20252604833595,0.624545174290716,5
"82",-3.87992654074858,0.624545174290716,5
"83",-3.5573270331612,0.624545174290716,5
"84",-3.23472752557383,0.624545174290716,5
"85",-2.91212801798646,0.624545174290716,5
"86",-2.58952851039909,0.286661845375111,5
"87",-2.26692900281171,-0.0512214835404947,5
"88",-1.94432949522434,-0.3891048124561,5
"89",-1.62172998763697,-1.06487147028731,5
"90",-1.29913048004959,-1.57169646366072,5
"91",-0.976530972462221,-1.74063812811852,5
"92",-0.653931464874848,-2.07852145703413,5
"93",-0.331331957287476,-2.75428811486534,5
"94",-0.00873244970010223,-2.75428811486534,5
"95",0.31386705788727,-2.75428811486534,5
"96",0.636466565474644,-2.75428811486534,5
"97",0.959066073062016,-2.75428811486534,5
"98",1.28166558064939,-2.75428811486534,5
"99",1.60426508823676,-2.75428811486534,5
"100",1.92686459582413,-2.75428811486534,5
"101",-4.20252604833595,0.624545174290716,6
"102",-3.87992654074858,0.624545174290716,6
"103",-3.5573270331612,0.624545174290716,6
"104",-3.23472752557383,0.624545174290716,6
"105",-2.91212801798646,0.455603509832914,6
"106",-2.58952851039909,0.117720180917308,6
"107",-2.26692900281171,-0.0512214835404947,6
"108",-1.94432949522434,-0.220163147998298,6
"109",-1.62172998763697,-0.3891048124561,6
"110",-1.29913048004959,-0.558046476913903,6
"111",-0.976530972462221,-0.895929805829509,6
"112",-0.653931464874848,-2.41640478594973,6
"113",-0.331331957287476,-2.75428811486534,6
"114",-0.00873244970010223,-2.75428811486534,6
"115",0.31386705788727,-2.75428811486534,6
"116",0.636466565474644,-2.75428811486534,6
"117",0.959066073062016,-2.75428811486534,6
"118",1.28166558064939,-2.75428811486534,6
"119",1.60426508823676,-2.75428811486534,6
"120",1.92686459582413,-2.75428811486534,6
"121",-4.20252604833595,0.624545174290716,7
"122",-3.87992654074858,0.455603509832914,7
"123",-3.5573270331612,0.286661845375111,7
"124",-3.23472752557383,0.286661845375111,7
"125",-2.91212801798646,0.117720180917308,7
"126",-2.58952851039909,-0.0512214835404947,7
"127",-2.26692900281171,-0.0512214835404947,7
"128",-1.94432949522434,-0.220163147998298,7
"129",-1.62172998763697,-0.220163147998298,7
"130",-1.29913048004959,-0.558046476913903,7
"131",-0.976530972462221,-1.06487147028731,7
"132",-0.653931464874848,-1.90957979257633,7
"133",-0.331331957287476,-2.24746312149193,7
"134",-0.00873244970010223,-2.24746312149193,7
"135",0.31386705788727,-2.41640478594973,7
"136",0.636466565474644,-2.41640478594973,7
"137",0.959066073062016,-2.41640478594973,7
"138",1.28166558064939,-2.41640478594973,7
"139",1.60426508823676,-2.41640478594973,7
"140",1.92686459582413,-2.41640478594973,7
"141",-4.20252604833595,0.624545174290716,8
"142",-3.87992654074858,0.624545174290716,8
"143",-3.5573270331612,0.624545174290716,8
"144",-3.23472752557383,0.624545174290716,8
"145",-2.91212801798646,0.624545174290716,8
"146",-2.58952851039909,0.624545174290716,8
"147",-2.26692900281171,0.455603509832914,8
"148",-1.94432949522434,-0.726988141371706,8
"149",-1.62172998763697,-1.06487147028731,8
"150",-1.29913048004959,-1.40275479920292,8
"151",-0.976530972462221,-1.57169646366072,8
"152",-0.653931464874848,-1.90957979257633,8
"153",-0.331331957287476,-2.24746312149193,8
"154",-0.00873244970010223,-2.41640478594973,8
"155",0.31386705788727,-2.41640478594973,8
"156",0.636466565474644,-2.41640478594973,8
"157",0.959066073062016,-2.41640478594973,8
"158",1.28166558064939,-2.41640478594973,8
"159",1.60426508823676,-2.41640478594973,8
"160",1.92686459582413,-2.41640478594973,8
"161",-4.20252604833595,0.624545174290716,9
"162",-3.87992654074858,0.624545174290716,9
"163",-3.5573270331612,0.624545174290716,9
"164",-3.23472752557383,0.624545174290716,9
"165",-2.91212801798646,0.624545174290716,9
"166",-2.58952851039909,0.455603509832914,9
"167",-2.26692900281171,0.286661845375111,9
"168",-1.94432949522434,-2.58534645040754,9
"169",-1.62172998763697,-2.75428811486534,9
"170",-1.29913048004959,-2.75428811486534,9
"171",-0.976530972462221,-2.75428811486534,9
"172",-0.653931464874848,-2.75428811486534,9
"173",-0.331331957287476,-2.75428811486534,9
"174",-0.00873244970010223,-2.75428811486534,9
"175",0.31386705788727,-2.75428811486534,9
"176",0.636466565474644,-2.75428811486534,9
"177",0.959066073062016,-2.75428811486534,9
"178",1.28166558064939,-2.75428811486534,9
"179",1.60426508823676,-2.75428811486534,9
"180",1.92686459582413,-2.75428811486534,9
"181",-4.20252604833595,0.624545174290716,10
"182",-3.87992654074858,0.624545174290716,10
"183",-3.5573270331612,0.455603509832914,10
"184",-3.23472752557383,0.286661845375111,10
"185",-2.91212801798646,0.117720180917308,10
"186",-2.58952851039909,0.117720180917308,10
"187",-2.26692900281171,-0.0512214835404947,10
"188",-1.94432949522434,-0.220163147998298,10
"189",-1.62172998763697,-0.3891048124561,10
"190",-1.29913048004959,-0.726988141371706,10
"191",-0.976530972462221,-2.07852145703413,10
"192",-0.653931464874848,-2.75428811486534,10
"193",-0.331331957287476,-2.75428811486534,10
"194",-0.00873244970010223,-2.75428811486534,10
"195",0.31386705788727,-2.75428811486534,10
"196",0.636466565474644,-2.75428811486534,10
"197",0.959066073062016,-2.75428811486534,10
"198",1.28166558064939,-2.75428811486534,10
"199",1.60426508823676,-2.75428811486534,10
"200",1.92686459582413,-2.75428811486534,10
"201",-4.20252604833595,0.286661845375111,11
"202",-3.87992654074858,0.286661845375111,11
"203",-3.5573270331612,0.286661845375111,11
"204",-3.23472752557383,0.117720180917308,11
"205",-2.91212801798646,0.117720180917308,11
"206",-2.58952851039909,0.117720180917308,11
"207",-2.26692900281171,-0.0512214835404947,11
"208",-1.94432949522434,-0.3891048124561,11
"209",-1.62172998763697,-1.23381313474511,11
"210",-1.29913048004959,-1.74063812811852,11
"211",-0.976530972462221,-2.07852145703413,11
"212",-0.653931464874848,-2.58534645040754,11
"213",-0.331331957287476,-2.75428811486534,11
"214",-0.00873244970010223,-2.75428811486534,11
"215",0.31386705788727,-2.75428811486534,11
"216",0.636466565474644,-2.75428811486534,11
"217",0.959066073062016,-2.75428811486534,11
"218",1.28166558064939,-2.75428811486534,11
"219",1.60426508823676,-2.75428811486534,11
"220",1.92686459582413,-2.75428811486534,11
"221",-4.20252604833595,0.624545174290716,12
"222",-3.87992654074858,0.624545174290716,12
"223",-3.5573270331612,0.624545174290716,12
"224",-3.23472752557383,0.455603509832914,12
"225",-2.91212801798646,0.286661845375111,12
"226",-2.58952851039909,0.117720180917308,12
"227",-2.26692900281171,-0.0512214835404947,12
"228",-1.94432949522434,-0.220163147998298,12
"229",-1.62172998763697,-0.3891048124561,12
"230",-1.29913048004959,-1.40275479920292,12
"231",-0.976530972462221,-2.75428811486534,12
"232",-0.653931464874848,-2.75428811486534,12
"233",-0.331331957287476,-2.75428811486534,12
"234",-0.00873244970010223,-2.75428811486534,12
"235",0.31386705788727,-2.75428811486534,12
"236",0.636466565474644,-2.75428811486534,12
"237",0.959066073062016,-2.75428811486534,12
"238",1.28166558064939,-2.75428811486534,12
"239",1.60426508823676,-2.75428811486534,12
"240",1.92686459582413,-2.75428811486534,12
"241",-4.20252604833595,0.624545174290716,13
"242",-3.87992654074858,0.624545174290716,13
"243",-3.5573270331612,0.624545174290716,13
"244",-3.23472752557383,0.624545174290716,13
"245",-2.91212801798646,0.624545174290716,13
"246",-2.58952851039909,0.624545174290716,13
"247",-2.26692900281171,0.624545174290716,13
"248",-1.94432949522434,-1.57169646366072,13
"249",-1.62172998763697,-1.90957979257633,13
"250",-1.29913048004959,-2.07852145703413,13
"251",-0.976530972462221,-2.24746312149193,13
"252",-0.653931464874848,-2.75428811486534,13
"253",-0.331331957287476,-2.75428811486534,13
"254",-0.00873244970010223,-2.75428811486534,13
"255",0.31386705788727,-2.75428811486534,13
"256",0.636466565474644,-2.75428811486534,13
"257",0.959066073062016,-2.75428811486534,13
"258",1.28166558064939,-2.75428811486534,13
"259",1.60426508823676,-2.75428811486534,13
"260",1.92686459582413,-2.75428811486534,13
"261",-4.20252604833595,0.624545174290716,14
"262",-3.87992654074858,0.624545174290716,14
"263",-3.5573270331612,0.624545174290716,14
"264",-3.23472752557383,0.455603509832914,14
"265",-2.91212801798646,0.286661845375111,14
"266",-2.58952851039909,0.117720180917308,14
"267",-2.26692900281171,-0.0512214835404947,14
"268",-1.94432949522434,-0.220163147998298,14
"269",-1.62172998763697,-0.3891048124561,14
"270",-1.29913048004959,-0.558046476913903,14
"271",-0.976530972462221,-1.74063812811852,14
"272",-0.653931464874848,-2.58534645040754,14
"273",-0.331331957287476,-2.75428811486534,14
"274",-0.00873244970010223,-2.75428811486534,14
"275",0.31386705788727,-2.75428811486534,14
"276",0.636466565474644,-2.75428811486534,14
"277",0.959066073062016,-2.75428811486534,14
"278",1.28166558064939,-2.75428811486534,14
"279",1.60426508823676,-2.75428811486534,14
"280",1.92686459582413,-2.75428811486534,14
"281",-4.20252604833595,0.624545174290716,15
"282",-3.87992654074858,0.624545174290716,15
"283",-3.5573270331612,0.624545174290716,15
"284",-3.23472752557383,0.624545174290716,15
"285",-2.91212801798646,0.624545174290716,15
"286",-2.58952851039909,0.624545174290716,15
"287",-2.26692900281171,0.624545174290716,15
"288",-1.94432949522434,-2.75428811486534,15
"289",-1.62172998763697,-2.75428811486534,15
"290",-1.29913048004959,-2.75428811486534,15
"291",-0.976530972462221,-2.75428811486534,15
"292",-0.653931464874848,-2.75428811486534,15
"293",-0.331331957287476,-2.75428811486534,15
"294",-0.00873244970010223,-2.75428811486534,15
"295",0.31386705788727,-2.75428811486534,15
"296",0.636466565474644,-2.75428811486534,15
"297",0.959066073062016,-2.75428811486534,15
"298",1.28166558064939,-2.75428811486534,15
"299",1.60426508823676,-2.75428811486534,15
"300",1.92686459582413,-2.75428811486534,15
"301",-4.20252604833595,0.624545174290716,16
"302",-3.87992654074858,0.624545174290716,16
"303",-3.5573270331612,0.624545174290716,16
"304",-3.23472752557383,0.624545174290716,16
"305",-2.91212801798646,0.624545174290716,16
"306",-2.58952851039909,0.455603509832914,16
"307",-2.26692900281171,-0.0512214835404947,16
"308",-1.94432949522434,-0.558046476913903,16
"309",-1.62172998763697,-1.06487147028731,16
"310",-1.29913048004959,-1.57169646366072,16
"311",-0.976530972462221,-2.75428811486534,16
"312",-0.653931464874848,-2.75428811486534,16
"313",-0.331331957287476,-2.75428811486534,16
"314",-0.00873244970010223,-2.75428811486534,16
"315",0.31386705788727,-2.75428811486534,16
"316",0.636466565474644,-2.75428811486534,16
"317",0.959066073062016,-2.75428811486534,16
"318",1.28166558064939,-2.75428811486534,16
"319",1.60426508823676,-2.75428811486534,16
"320",1.92686459582413,-2.75428811486534,16
"321",-4.20252604833595,0.624545174290716,17
"322",-3.87992654074858,0.624545174290716,17
"323",-3.5573270331612,0.624545174290716,17
"324",-3.23472752557383,0.624545174290716,17
"325",-2.91212801798646,0.624545174290716,17
"326",-2.58952851039909,0.624545174290716,17
"327",-2.26692900281171,-0.0512214835404947,17
"328",-1.94432949522434,-0.3891048124561,17
"329",-1.62172998763697,-0.726988141371706,17
"330",-1.29913048004959,-1.40275479920292,17
"331",-0.976530972462221,-2.75428811486534,17
"332",-0.653931464874848,-2.75428811486534,17
"333",-0.331331957287476,-2.75428811486534,17
"334",-0.00873244970010223,-2.75428811486534,17
"335",0.31386705788727,-2.75428811486534,17
"336",0.636466565474644,-2.75428811486534,17
"337",0.959066073062016,-2.75428811486534,17
"338",1.28166558064939,-2.75428811486534,17
"339",1.60426508823676,-2.75428811486534,17
"340",1.92686459582413,-2.75428811486534,17
"341",-4.20252604833595,0.624545174290716,18
"342",-3.87992654074858,0.624545174290716,18
"343",-3.5573270331612,0.624545174290716,18
"344",-3.23472752557383,0.624545174290716,18
"345",-2.91212801798646,0.286661845375111,18
"346",-2.58952851039909,0.117720180917308,18
"347",-2.26692900281171,-0.0512214835404947,18
"348",-1.94432949522434,-0.220163147998298,18
"349",-1.62172998763697,-0.3891048124561,18
"350",-1.29913048004959,-0.558046476913903,18
"351",-0.976530972462221,-1.40275479920292,18
"352",-0.653931464874848,-2.24746312149193,18
"353",-0.331331957287476,-2.41640478594973,18
"354",-0.00873244970010223,-2.58534645040754,18
"355",0.31386705788727,-2.75428811486534,18
"356",0.636466565474644,-2.75428811486534,18
"357",0.959066073062016,-2.75428811486534,18
"358",1.28166558064939,-2.75428811486534,18
"359",1.60426508823676,-2.75428811486534,18
"360",1.92686459582413,-2.75428811486534,18
"361",-4.20252604833595,0.624545174290716,19
"362",-3.87992654074858,0.624545174290716,19
"363",-3.5573270331612,0.624545174290716,19
"364",-3.23472752557383,0.624545174290716,19
"365",-2.91212801798646,0.624545174290716,19
"366",-2.58952851039909,0.624545174290716,19
"367",-2.26692900281171,-0.0512214835404947,19
"368",-1.94432949522434,-0.3891048124561,19
"369",-1.62172998763697,-2.75428811486534,19
"370",-1.29913048004959,-2.75428811486534,19
"371",-0.976530972462221,-2.75428811486534,19
"372",-0.653931464874848,-2.75428811486534,19
"373",-0.331331957287476,-2.75428811486534,19
"374",-0.00873244970010223,-2.75428811486534,19
"375",0.31386705788727,-2.75428811486534,19
"376",0.636466565474644,-2.75428811486534,19
"377",0.959066073062016,-2.75428811486534,19
"378",1.28166558064939,-2.75428811486534,19
"379",1.60426508823676,-2.75428811486534,19
"380",1.92686459582413,-2.75428811486534,19
"381",-4.20252604833595,0.624545174290716,20
"382",-3.87992654074858,0.624545174290716,20
"383",-3.5573270331612,0.624545174290716,20
"384",-3.23472752557383,0.624545174290716,20
"385",-2.91212801798646,0.624545174290716,20
"386",-2.58952851039909,0.624545174290716,20
"387",-2.26692900281171,0.624545174290716,20
"388",-1.94432949522434,-0.3891048124561,20
"389",-1.62172998763697,-0.558046476913903,20
"390",-1.29913048004959,-0.726988141371706,20
"391",-0.976530972462221,-0.895929805829509,20
"392",-0.653931464874848,-2.07852145703413,20
"393",-0.331331957287476,-2.41640478594973,20
"394",-0.00873244970010223,-2.58534645040754,20
"395",0.31386705788727,-2.58534645040754,20
"396",0.636466565474644,-2.75428811486534,20
"397",0.959066073062016,-2.75428811486534,20
"398",1.28166558064939,-2.75428811486534,20
"399",1.60426508823676,-2.75428811486534,20
"400",1.92686459582413,-2.75428811486534,20
"401",-4.20252604833595,0.624545174290716,21
"402",-3.87992654074858,0.624545174290716,21
"403",-3.5573270331612,0.624545174290716,21
"404",-3.23472752557383,0.624545174290716,21
"405",-2.91212801798646,0.624545174290716,21
"406",-2.58952851039909,0.624545174290716,21
"407",-2.26692900281171,0.624545174290716,21
"408",-1.94432949522434,-1.06487147028731,21
"409",-1.62172998763697,-2.07852145703413,21
"410",-1.29913048004959,-2.75428811486534,21
"411",-0.976530972462221,-2.75428811486534,21
"412",-0.653931464874848,-2.75428811486534,21
"413",-0.331331957287476,-2.75428811486534,21
"414",-0.00873244970010223,-2.75428811486534,21
"415",0.31386705788727,-2.75428811486534,21
"416",0.636466565474644,-2.75428811486534,21
"417",0.959066073062016,-2.75428811486534,21
"418",1.28166558064939,-2.75428811486534,21
"419",1.60426508823676,-2.75428811486534,21
"420",1.92686459582413,-2.75428811486534,21
"421",-4.20252604833595,0.624545174290716,22
"422",-3.87992654074858,0.624545174290716,22
"423",-3.5573270331612,0.624545174290716,22
"424",-3.23472752557383,0.624545174290716,22
"425",-2.91212801798646,0.455603509832914,22
"426",-2.58952851039909,0.117720180917308,22
"427",-2.26692900281171,-0.0512214835404947,22
"428",-1.94432949522434,-0.220163147998298,22
"429",-1.62172998763697,-0.3891048124561,22
"430",-1.29913048004959,-0.726988141371706,22
"431",-0.976530972462221,-1.06487147028731,22
"432",-0.653931464874848,-1.90957979257633,22
"433",-0.331331957287476,-2.41640478594973,22
"434",-0.00873244970010223,-2.58534645040754,22
"435",0.31386705788727,-2.58534645040754,22
"436",0.636466565474644,-2.58534645040754,22
"437",0.959066073062016,-2.58534645040754,22
"438",1.28166558064939,-2.58534645040754,22
"439",1.60426508823676,-2.58534645040754,22
"440",1.92686459582413,-2.58534645040754,22
"441",-4.20252604833595,0.624545174290716,23
"442",-3.87992654074858,0.624545174290716,23
"443",-3.5573270331612,0.624545174290716,23
"444",-3.23472752557383,0.455603509832914,23
"445",-2.91212801798646,0.455603509832914,23
"446",-2.58952851039909,0.286661845375111,23
"447",-2.26692900281171,-0.0512214835404947,23
"448",-1.94432949522434,-0.3891048124561,23
"449",-1.62172998763697,-0.726988141371706,23
"450",-1.29913048004959,-1.06487147028731,23
"451",-0.976530972462221,-1.74063812811852,23
"452",-0.653931464874848,-2.75428811486534,23
"453",-0.331331957287476,-2.75428811486534,23
"454",-0.00873244970010223,-2.75428811486534,23
"455",0.31386705788727,-2.75428811486534,23
"456",0.636466565474644,-2.75428811486534,23
"457",0.959066073062016,-2.75428811486534,23
"458",1.28166558064939,-2.75428811486534,23
"459",1.60426508823676,-2.75428811486534,23
"460",1.92686459582413,-2.75428811486534,23
"461",-4.20252604833595,0.624545174290716,24
"462",-3.87992654074858,0.624545174290716,24
"463",-3.5573270331612,0.624545174290716,24
"464",-3.23472752557383,0.624545174290716,24
"465",-2.91212801798646,0.624545174290716,24
"466",-2.58952851039909,0.117720180917308,24
"467",-2.26692900281171,-0.0512214835404947,24
"468",-1.94432949522434,-0.220163147998298,24
"469",-1.62172998763697,-0.895929805829509,24
"470",-1.29913048004959,-1.23381313474511,24
"471",-0.976530972462221,-1.23381313474511,24
"472",-0.653931464874848,-2.07852145703413,24
"473",-0.331331957287476,-2.58534645040754,24
"474",-0.00873244970010223,-2.75428811486534,24
"475",0.31386705788727,-2.75428811486534,24
"476",0.636466565474644,-2.75428811486534,24
"477",0.959066073062016,-2.75428811486534,24
"478",1.28166558064939,-2.75428811486534,24
"479",1.60426508823676,-2.75428811486534,24
"480",1.92686459582413,-2.75428811486534,24
"481",-4.20252604833595,0.624545174290716,25
"482",-3.87992654074858,0.455603509832914,25
"483",-3.5573270331612,0.455603509832914,25
"484",-3.23472752557383,0.286661845375111,25
"485",-2.91212801798646,0.117720180917308,25
"486",-2.58952851039909,0.117720180917308,25
"487",-2.26692900281171,-0.0512214835404947,25
"488",-1.94432949522434,-0.220163147998298,25
"489",-1.62172998763697,-0.3891048124561,25
"490",-1.29913048004959,-0.558046476913903,25
"491",-0.976530972462221,-0.726988141371706,25
"492",-0.653931464874848,-2.24746312149193,25
"493",-0.331331957287476,-2.75428811486534,25
"494",-0.00873244970010223,-2.75428811486534,25
"495",0.31386705788727,-2.75428811486534,25
"496",0.636466565474644,-2.75428811486534,25
"497",0.959066073062016,-2.75428811486534,25
"498",1.28166558064939,-2.75428811486534,25
"499",1.60426508823676,-2.75428811486534,25
"500",1.92686459582413,-2.75428811486534,25
"501",-4.20252604833595,0.624545174290716,26
"502",-3.87992654074858,0.624545174290716,26
"503",-3.5573270331612,0.624545174290716,26
"504",-3.23472752557383,0.624545174290716,26
"505",-2.91212801798646,0.624545174290716,26
"506",-2.58952851039909,0.624545174290716,26
"507",-2.26692900281171,0.286661845375111,26
"508",-1.94432949522434,-0.895929805829509,26
"509",-1.62172998763697,-1.57169646366072,26
"510",-1.29913048004959,-2.07852145703413,26
"511",-0.976530972462221,-2.75428811486534,26
"512",-0.653931464874848,-2.75428811486534,26
"513",-0.331331957287476,-2.75428811486534,26
"514",-0.00873244970010223,-2.75428811486534,26
"515",0.31386705788727,-2.75428811486534,26
"516",0.636466565474644,-2.75428811486534,26
"517",0.959066073062016,-2.75428811486534,26
"518",1.28166558064939,-2.75428811486534,26
"519",1.60426508823676,-2.75428811486534,26
"520",1.92686459582413,-2.75428811486534,26
"521",-4.20252604833595,-0.0512214835404947,27
"522",-3.87992654074858,-0.0512214835404947,27
"523",-3.5573270331612,-0.0512214835404947,27
"524",-3.23472752557383,-0.0512214835404947,27
"525",-2.91212801798646,-0.0512214835404947,27
"526",-2.58952851039909,-0.0512214835404947,27
"527",-2.26692900281171,-0.0512214835404947,27
"528",-1.94432949522434,-0.0512214835404947,27
"529",-1.62172998763697,-0.220163147998298,27
"530",-1.29913048004959,-0.220163147998298,27
"531",-0.976530972462221,-1.23381313474511,27
"532",-0.653931464874848,-2.75428811486534,27
"533",-0.331331957287476,-2.75428811486534,27
"534",-0.00873244970010223,-2.75428811486534,27
"535",0.31386705788727,-2.75428811486534,27
"536",0.636466565474644,-2.75428811486534,27
"537",0.959066073062016,-2.75428811486534,27
"538",1.28166558064939,-2.75428811486534,27
"539",1.60426508823676,-2.75428811486534,27
"540",1.92686459582413,-2.75428811486534,27
"541",-4.20252604833595,0.455603509832914,28
"542",-3.87992654074858,0.286661845375111,28
"543",-3.5573270331612,0.286661845375111,28
"544",-3.23472752557383,0.117720180917308,28
"545",-2.91212801798646,0.117720180917308,28
"546",-2.58952851039909,-0.0512214835404947,28
"547",-2.26692900281171,-0.0512214835404947,28
"548",-1.94432949522434,-0.220163147998298,28
"549",-1.62172998763697,-0.726988141371706,28
"550",-1.29913048004959,-2.07852145703413,28
"551",-0.976530972462221,-2.75428811486534,28
"552",-0.653931464874848,-2.75428811486534,28
"553",-0.331331957287476,-2.75428811486534,28
"554",-0.00873244970010223,-2.75428811486534,28
"555",0.31386705788727,-2.75428811486534,28
"556",0.636466565474644,-2.75428811486534,28
"557",0.959066073062016,-2.75428811486534,28
"558",1.28166558064939,-2.75428811486534,28
"559",1.60426508823676,-2.75428811486534,28
"560",1.92686459582413,-2.75428811486534,28
"561",-4.20252604833595,0.624545174290716,29
"562",-3.87992654074858,0.455603509832914,29
"563",-3.5573270331612,0.455603509832914,29
"564",-3.23472752557383,0.286661845375111,29
"565",-2.91212801798646,0.117720180917308,29
"566",-2.58952851039909,-0.0512214835404947,29
"567",-2.26692900281171,-0.0512214835404947,29
"568",-1.94432949522434,-0.220163147998298,29
"569",-1.62172998763697,-0.3891048124561,29
"570",-1.29913048004959,-1.06487147028731,29
"571",-0.976530972462221,-1.57169646366072,29
"572",-0.653931464874848,-2.41640478594973,29
"573",-0.331331957287476,-2.75428811486534,29
"574",-0.00873244970010223,-2.75428811486534,29
"575",0.31386705788727,-2.75428811486534,29
"576",0.636466565474644,-2.75428811486534,29
"577",0.959066073062016,-2.75428811486534,29
"578",1.28166558064939,-2.75428811486534,29
"579",1.60426508823676,-2.75428811486534,29
"580",1.92686459582413,-2.75428811486534,29
"581",-4.20252604833595,0.624545174290716,30
"582",-3.87992654074858,0.624545174290716,30
"583",-3.5573270331612,0.455603509832914,30
"584",-3.23472752557383,0.286661845375111,30
"585",-2.91212801798646,0.117720180917308,30
"586",-2.58952851039909,-0.0512214835404947,30
"587",-2.26692900281171,-0.0512214835404947,30
"588",-1.94432949522434,-0.220163147998298,30
"589",-1.62172998763697,-0.3891048124561,30
"590",-1.29913048004959,-1.74063812811852,30
"591",-0.976530972462221,-2.58534645040754,30
"592",-0.653931464874848,-2.75428811486534,30
"593",-0.331331957287476,-2.75428811486534,30
"594",-0.00873244970010223,-2.75428811486534,30
"595",0.31386705788727,-2.75428811486534,30
"596",0.636466565474644,-2.75428811486534,30
"597",0.959066073062016,-2.75428811486534,30
"598",1.28166558064939,-2.75428811486534,30
"599",1.60426508823676,-2.75428811486534,30
"600",1.92686459582413,-2.75428811486534,30
"601",-4.20252604833595,0.624545174290716,31
"602",-3.87992654074858,0.624545174290716,31
"603",-3.5573270331612,0.624545174290716,31
"604",-3.23472752557383,0.624545174290716,31
"605",-2.91212801798646,0.624545174290716,31
"606",-2.58952851039909,0.286661845375111,31
"607",-2.26692900281171,-0.0512214835404947,31
"608",-1.94432949522434,-0.3891048124561,31
"609",-1.62172998763697,-0.895929805829509,31
"610",-1.29913048004959,-1.23381313474511,31
"611",-0.976530972462221,-2.24746312149193,31
"612",-0.653931464874848,-2.75428811486534,31
"613",-0.331331957287476,-2.75428811486534,31
"614",-0.00873244970010223,-2.75428811486534,31
"615",0.31386705788727,-2.75428811486534,31
"616",0.636466565474644,-2.75428811486534,31
"617",0.959066073062016,-2.75428811486534,31
"618",1.28166558064939,-2.75428811486534,31
"619",1.60426508823676,-2.75428811486534,31
"620",1.92686459582413,-2.75428811486534,31
"621",-4.20252604833595,0.624545174290716,32
"622",-3.87992654074858,0.624545174290716,32
"623",-3.5573270331612,0.624545174290716,32
"624",-3.23472752557383,0.624545174290716,32
"625",-2.91212801798646,0.286661845375111,32
"626",-2.58952851039909,0.117720180917308,32
"627",-2.26692900281171,-0.0512214835404947,32
"628",-1.94432949522434,-0.895929805829509,32
"629",-1.62172998763697,-2.07852145703413,32
"630",-1.29913048004959,-2.24746312149193,32
"631",-0.976530972462221,-2.58534645040754,32
"632",-0.653931464874848,-2.75428811486534,32
"633",-0.331331957287476,-2.75428811486534,32
"634",-0.00873244970010223,-2.75428811486534,32
"635",0.31386705788727,-2.75428811486534,32
"636",0.636466565474644,-2.75428811486534,32
"637",0.959066073062016,-2.75428811486534,32
"638",1.28166558064939,-2.75428811486534,32
"639",1.60426508823676,-2.75428811486534,32
"640",1.92686459582413,-2.75428811486534,32
"641",-4.20252604833595,0.624545174290716,33
"642",-3.87992654074858,0.624545174290716,33
"643",-3.5573270331612,0.624545174290716,33
"644",-3.23472752557383,0.624545174290716,33
"645",-2.91212801798646,0.624545174290716,33
"646",-2.58952851039909,0.624545174290716,33
"647",-2.26692900281171,0.117720180917308,33
"648",-1.94432949522434,-0.558046476913903,33
"649",-1.62172998763697,-0.895929805829509,33
"650",-1.29913048004959,-1.40275479920292,33
"651",-0.976530972462221,-2.24746312149193,33
"652",-0.653931464874848,-2.75428811486534,33
"653",-0.331331957287476,-2.75428811486534,33
"654",-0.00873244970010223,-2.75428811486534,33
"655",0.31386705788727,-2.75428811486534,33
"656",0.636466565474644,-2.75428811486534,33
"657",0.959066073062016,-2.75428811486534,33
"658",1.28166558064939,-2.75428811486534,33
"659",1.60426508823676,-2.75428811486534,33
"660",1.92686459582413,-2.75428811486534,33
"661",-4.20252604833595,0.286661845375111,34
"662",-3.87992654074858,0.286661845375111,34
"663",-3.5573270331612,0.117720180917308,34
"664",-3.23472752557383,0.117720180917308,34
"665",-2.91212801798646,0.117720180917308,34
"666",-2.58952851039909,-0.0512214835404947,34
"667",-2.26692900281171,-0.0512214835404947,34
"668",-1.94432949522434,-0.220163147998298,34
"669",-1.62172998763697,-0.220163147998298,34
"670",-1.29913048004959,-0.895929805829509,34
"671",-0.976530972462221,-1.74063812811852,34
"672",-0.653931464874848,-2.24746312149193,34
"673",-0.331331957287476,-2.41640478594973,34
"674",-0.00873244970010223,-2.58534645040754,34
"675",0.31386705788727,-2.58534645040754,34
"676",0.636466565474644,-2.58534645040754,34
"677",0.959066073062016,-2.58534645040754,34
"678",1.28166558064939,-2.58534645040754,34
"679",1.60426508823676,-2.58534645040754,34
"680",1.92686459582413,-2.58534645040754,34
"681",-4.20252604833595,0.624545174290716,35
"682",-3.87992654074858,0.624545174290716,35
"683",-3.5573270331612,0.624545174290716,35
"684",-3.23472752557383,0.455603509832914,35
"685",-2.91212801798646,0.286661845375111,35
"686",-2.58952851039909,0.117720180917308,35
"687",-2.26692900281171,-0.0512214835404947,35
"688",-1.94432949522434,-0.220163147998298,35
"689",-1.62172998763697,-0.3891048124561,35
"690",-1.29913048004959,-0.558046476913903,35
"691",-0.976530972462221,-2.41640478594973,35
"692",-0.653931464874848,-2.75428811486534,35
"693",-0.331331957287476,-2.75428811486534,35
"694",-0.00873244970010223,-2.75428811486534,35
"695",0.31386705788727,-2.75428811486534,35
"696",0.636466565474644,-2.75428811486534,35
"697",0.959066073062016,-2.75428811486534,35
"698",1.28166558064939,-2.75428811486534,35
"699",1.60426508823676,-2.75428811486534,35
"700",1.92686459582413,-2.75428811486534,35
"701",-4.20252604833595,0.624545174290716,36
"702",-3.87992654074858,0.624545174290716,36
"703",-3.5573270331612,0.624545174290716,36
"704",-3.23472752557383,0.624545174290716,36
"705",-2.91212801798646,0.286661845375111,36
"706",-2.58952851039909,0.117720180917308,36
"707",-2.26692900281171,-0.0512214835404947,36
"708",-1.94432949522434,-0.220163147998298,36
"709",-1.62172998763697,-0.3891048124561,36
"710",-1.29913048004959,-0.895929805829509,36
"711",-0.976530972462221,-2.75428811486534,36
"712",-0.653931464874848,-2.75428811486534,36
"713",-0.331331957287476,-2.75428811486534,36
"714",-0.00873244970010223,-2.75428811486534,36
"715",0.31386705788727,-2.75428811486534,36
"716",0.636466565474644,-2.75428811486534,36
"717",0.959066073062016,-2.75428811486534,36
"718",1.28166558064939,-2.75428811486534,36
"719",1.60426508823676,-2.75428811486534,36
"720",1.92686459582413,-2.75428811486534,36
"721",-4.20252604833595,0.624545174290716,37
"722",-3.87992654074858,0.624545174290716,37
"723",-3.5573270331612,0.455603509832914,37
"724",-3.23472752557383,0.455603509832914,37
"725",-2.91212801798646,0.286661845375111,37
"726",-2.58952851039909,0.117720180917308,37
"727",-2.26692900281171,-0.0512214835404947,37
"728",-1.94432949522434,-0.3891048124561,37
"729",-1.62172998763697,-1.40275479920292,37
"730",-1.29913048004959,-2.07852145703413,37
"731",-0.976530972462221,-2.75428811486534,37
"732",-0.653931464874848,-2.75428811486534,37
"733",-0.331331957287476,-2.75428811486534,37
"734",-0.00873244970010223,-2.75428811486534,37
"735",0.31386705788727,-2.75428811486534,37
"736",0.636466565474644,-2.75428811486534,37
"737",0.959066073062016,-2.75428811486534,37
"738",1.28166558064939,-2.75428811486534,37
"739",1.60426508823676,-2.75428811486534,37
"740",1.92686459582413,-2.75428811486534,37
"741",-4.20252604833595,0.624545174290716,38
"742",-3.87992654074858,0.624545174290716,38
"743",-3.5573270331612,0.624545174290716,38
"744",-3.23472752557383,0.624545174290716,38
"745",-2.91212801798646,0.624545174290716,38
"746",-2.58952851039909,0.624545174290716,38
"747",-2.26692900281171,0.624545174290716,38
"748",-1.94432949522434,-0.558046476913903,38
"749",-1.62172998763697,-0.726988141371706,38
"750",-1.29913048004959,-1.23381313474511,38
"751",-0.976530972462221,-1.40275479920292,38
"752",-0.653931464874848,-1.90957979257633,38
"753",-0.331331957287476,-2.58534645040754,38
"754",-0.00873244970010223,-2.75428811486534,38
"755",0.31386705788727,-2.75428811486534,38
"756",0.636466565474644,-2.75428811486534,38
"757",0.959066073062016,-2.75428811486534,38
"758",1.28166558064939,-2.75428811486534,38
"759",1.60426508823676,-2.75428811486534,38
"760",1.92686459582413,-2.75428811486534,38
"761",-4.20252604833595,0.624545174290716,39
"762",-3.87992654074858,0.624545174290716,39
"763",-3.5573270331612,0.624545174290716,39
"764",-3.23472752557383,0.624545174290716,39
"765",-2.91212801798646,0.624545174290716,39
"766",-2.58952851039909,0.286661845375111,39
"767",-2.26692900281171,-0.0512214835404947,39
"768",-1.94432949522434,-0.220163147998298,39
"769",-1.62172998763697,-0.558046476913903,39
"770",-1.29913048004959,-0.895929805829509,39
"771",-0.976530972462221,-1.40275479920292,39
"772",-0.653931464874848,-1.90957979257633,39
"773",-0.331331957287476,-2.07852145703413,39
"774",-0.00873244970010223,-2.41640478594973,39
"775",0.31386705788727,-2.41640478594973,39
"776",0.636466565474644,-2.41640478594973,39
"777",0.959066073062016,-2.41640478594973,39
"778",1.28166558064939,-2.41640478594973,39
"779",1.60426508823676,-2.41640478594973,39
"780",1.92686459582413,-2.41640478594973,39
"781",-4.20252604833595,0.624545174290716,40
"782",-3.87992654074858,0.624545174290716,40
"783",-3.5573270331612,0.624545174290716,40
"784",-3.23472752557383,0.624545174290716,40
"785",-2.91212801798646,0.624545174290716,40
"786",-2.58952851039909,0.624545174290716,40
"787",-2.26692900281171,0.286661845375111,40
"788",-1.94432949522434,-0.726988141371706,40
"789",-1.62172998763697,-1.23381313474511,40
"790",-1.29913048004959,-1.57169646366072,40
"791",-0.976530972462221,-2.07852145703413,40
"792",-0.653931464874848,-2.75428811486534,40
"793",-0.331331957287476,-2.75428811486534,40
"794",-0.00873244970010223,-2.75428811486534,40
"795",0.31386705788727,-2.75428811486534,40
"796",0.636466565474644,-2.75428811486534,40
"797",0.959066073062016,-2.75428811486534,40
"798",1.28166558064939,-2.75428811486534,40
"799",1.60426508823676,-2.75428811486534,40
"800",1.92686459582413,-2.75428811486534,40
"801",-4.20252604833595,0.624545174290716,41
"802",-3.87992654074858,0.624545174290716,41
"803",-3.5573270331612,0.624545174290716,41
"804",-3.23472752557383,0.455603509832914,41
"805",-2.91212801798646,0.286661845375111,41
"806",-2.58952851039909,0.117720180917308,41
"807",-2.26692900281171,-0.0512214835404947,41
"808",-1.94432949522434,-0.220163147998298,41
"809",-1.62172998763697,-0.3891048124561,41
"810",-1.29913048004959,-0.558046476913903,41
"811",-0.976530972462221,-0.726988141371706,41
"812",-0.653931464874848,-1.74063812811852,41
"813",-0.331331957287476,-2.41640478594973,41
"814",-0.00873244970010223,-2.58534645040754,41
"815",0.31386705788727,-2.58534645040754,41
"816",0.636466565474644,-2.75428811486534,41
"817",0.959066073062016,-2.75428811486534,41
"818",1.28166558064939,-2.75428811486534,41
"819",1.60426508823676,-2.75428811486534,41
"820",1.92686459582413,-2.75428811486534,41
"821",-4.20252604833595,0.624545174290716,42
"822",-3.87992654074858,0.624545174290716,42
"823",-3.5573270331612,0.624545174290716,42
"824",-3.23472752557383,0.624545174290716,42
"825",-2.91212801798646,0.624545174290716,42
"826",-2.58952851039909,0.455603509832914,42
"827",-2.26692900281171,0.286661845375111,42
"828",-1.94432949522434,-0.895929805829509,42
"829",-1.62172998763697,-1.23381313474511,42
"830",-1.29913048004959,-1.57169646366072,42
"831",-0.976530972462221,-2.07852145703413,42
"832",-0.653931464874848,-2.75428811486534,42
"833",-0.331331957287476,-2.75428811486534,42
"834",-0.00873244970010223,-2.75428811486534,42
"835",0.31386705788727,-2.75428811486534,42
"836",0.636466565474644,-2.75428811486534,42
"837",0.959066073062016,-2.75428811486534,42
"838",1.28166558064939,-2.75428811486534,42
"839",1.60426508823676,-2.75428811486534,42
"840",1.92686459582413,-2.75428811486534,42
"841",-4.20252604833595,0.455603509832914,43
"842",-3.87992654074858,0.286661845375111,43
"843",-3.5573270331612,0.286661845375111,43
"844",-3.23472752557383,0.117720180917308,43
"845",-2.91212801798646,0.117720180917308,43
"846",-2.58952851039909,-0.0512214835404947,43
"847",-2.26692900281171,-0.0512214835404947,43
"848",-1.94432949522434,-0.220163147998298,43
"849",-1.62172998763697,-0.220163147998298,43
"850",-1.29913048004959,-2.07852145703413,43
"851",-0.976530972462221,-2.75428811486534,43
"852",-0.653931464874848,-2.75428811486534,43
"853",-0.331331957287476,-2.75428811486534,43
"854",-0.00873244970010223,-2.75428811486534,43
"855",0.31386705788727,-2.75428811486534,43
"856",0.636466565474644,-2.75428811486534,43
"857",0.959066073062016,-2.75428811486534,43
"858",1.28166558064939,-2.75428811486534,43
"859",1.60426508823676,-2.75428811486534,43
"860",1.92686459582413,-2.75428811486534,43
"861",-4.20252604833595,0.624545174290716,44
"862",-3.87992654074858,0.624545174290716,44
"863",-3.5573270331612,0.624545174290716,44
"864",-3.23472752557383,0.624545174290716,44
"865",-2.91212801798646,0.624545174290716,44
"866",-2.58952851039909,0.624545174290716,44
"867",-2.26692900281171,0.286661845375111,44
"868",-1.94432949522434,-1.23381313474511,44
"869",-1.62172998763697,-2.24746312149193,44
"870",-1.29913048004959,-2.75428811486534,44
"871",-0.976530972462221,-2.75428811486534,44
"872",-0.653931464874848,-2.75428811486534,44
"873",-0.331331957287476,-2.75428811486534,44
"874",-0.00873244970010223,-2.75428811486534,44
"875",0.31386705788727,-2.75428811486534,44
"876",0.636466565474644,-2.75428811486534,44
"877",0.959066073062016,-2.75428811486534,44
"878",1.28166558064939,-2.75428811486534,44
"879",1.60426508823676,-2.75428811486534,44
"880",1.92686459582413,-2.75428811486534,44
"881",-4.20252604833595,0.624545174290716,45
"882",-3.87992654074858,0.624545174290716,45
"883",-3.5573270331612,0.624545174290716,45
"884",-3.23472752557383,0.624545174290716,45
"885",-2.91212801798646,0.624545174290716,45
"886",-2.58952851039909,0.624545174290716,45
"887",-2.26692900281171,0.286661845375111,45
"888",-1.94432949522434,-0.726988141371706,45
"889",-1.62172998763697,-1.57169646366072,45
"890",-1.29913048004959,-2.75428811486534,45
"891",-0.976530972462221,-2.75428811486534,45
"892",-0.653931464874848,-2.75428811486534,45
"893",-0.331331957287476,-2.75428811486534,45
"894",-0.00873244970010223,-2.75428811486534,45
"895",0.31386705788727,-2.75428811486534,45
"896",0.636466565474644,-2.75428811486534,45
"897",0.959066073062016,-2.75428811486534,45
"898",1.28166558064939,-2.75428811486534,45
"899",1.60426508823676,-2.75428811486534,45
"900",1.92686459582413,-2.75428811486534,45
"901",-4.20252604833595,0.624545174290716,46
"902",-3.87992654074858,0.624545174290716,46
"903",-3.5573270331612,0.624545174290716,46
"904",-3.23472752557383,0.286661845375111,46
"905",-2.91212801798646,0.117720180917308,46
"906",-2.58952851039909,-0.0512214835404947,46
"907",-2.26692900281171,-0.0512214835404947,46
"908",-1.94432949522434,-0.220163147998298,46
"909",-1.62172998763697,-0.220163147998298,46
"910",-1.29913048004959,-0.220163147998298,46
"911",-0.976530972462221,-0.558046476913903,46
"912",-0.653931464874848,-2.07852145703413,46
"913",-0.331331957287476,-2.75428811486534,46
"914",-0.00873244970010223,-2.75428811486534,46
"915",0.31386705788727,-2.75428811486534,46
"916",0.636466565474644,-2.75428811486534,46
"917",0.959066073062016,-2.75428811486534,46
"918",1.28166558064939,-2.75428811486534,46
"919",1.60426508823676,-2.75428811486534,46
"920",1.92686459582413,-2.75428811486534,46
"921",-4.20252604833595,0.624545174290716,47
"922",-3.87992654074858,0.624545174290716,47
"923",-3.5573270331612,0.624545174290716,47
"924",-3.23472752557383,0.624545174290716,47
"925",-2.91212801798646,0.455603509832914,47
"926",-2.58952851039909,0.117720180917308,47
"927",-2.26692900281171,-0.0512214835404947,47
"928",-1.94432949522434,-1.40275479920292,47
"929",-1.62172998763697,-2.75428811486534,47
"930",-1.29913048004959,-2.75428811486534,47
"931",-0.976530972462221,-2.75428811486534,47
"932",-0.653931464874848,-2.75428811486534,47
"933",-0.331331957287476,-2.75428811486534,47
"934",-0.00873244970010223,-2.75428811486534,47
"935",0.31386705788727,-2.75428811486534,47
"936",0.636466565474644,-2.75428811486534,47
"937",0.959066073062016,-2.75428811486534,47
"938",1.28166558064939,-2.75428811486534,47
"939",1.60426508823676,-2.75428811486534,47
"940",1.92686459582413,-2.75428811486534,47
"941",-4.20252604833595,0.455603509832914,48
"942",-3.87992654074858,0.286661845375111,48
"943",-3.5573270331612,0.286661845375111,48
"944",-3.23472752557383,0.117720180917308,48
"945",-2.91212801798646,0.117720180917308,48
"946",-2.58952851039909,-0.0512214835404947,48
"947",-2.26692900281171,-0.0512214835404947,48
"948",-1.94432949522434,-0.220163147998298,48
"949",-1.62172998763697,-1.06487147028731,48
"950",-1.29913048004959,-1.40275479920292,48
"951",-0.976530972462221,-1.90957979257633,48
"952",-0.653931464874848,-2.58534645040754,48
"953",-0.331331957287476,-2.75428811486534,48
"954",-0.00873244970010223,-2.75428811486534,48
"955",0.31386705788727,-2.75428811486534,48
"956",0.636466565474644,-2.75428811486534,48
"957",0.959066073062016,-2.75428811486534,48
"958",1.28166558064939,-2.75428811486534,48
"959",1.60426508823676,-2.75428811486534,48
"960",1.92686459582413,-2.75428811486534,48
"961",-4.20252604833595,0.624545174290716,49
"962",-3.87992654074858,0.455603509832914,49
"963",-3.5573270331612,0.455603509832914,49
"964",-3.23472752557383,0.286661845375111,49
"965",-2.91212801798646,0.117720180917308,49
"966",-2.58952851039909,0.117720180917308,49
"967",-2.26692900281171,-0.0512214835404947,49
"968",-1.94432949522434,-0.558046476913903,49
"969",-1.62172998763697,-1.06487147028731,49
"970",-1.29913048004959,-1.57169646366072,49
"971",-0.976530972462221,-2.75428811486534,49
"972",-0.653931464874848,-2.75428811486534,49
"973",-0.331331957287476,-2.75428811486534,49
"974",-0.00873244970010223,-2.75428811486534,49
"975",0.31386705788727,-2.75428811486534,49
"976",0.636466565474644,-2.75428811486534,49
"977",0.959066073062016,-2.75428811486534,49
"978",1.28166558064939,-2.75428811486534,49
"979",1.60426508823676,-2.75428811486534,49
"980",1.92686459582413,-2.75428811486534,49
"981",-4.20252604833595,0.624545174290716,50
"982",-3.87992654074858,0.624545174290716,50
"983",-3.5573270331612,0.624545174290716,50
"984",-3.23472752557383,0.624545174290716,50
"985",-2.91212801798646,0.624545174290716,50
"986",-2.58952851039909,0.624545174290716,50
"987",-2.26692900281171,0.117720180917308,50
"988",-1.94432949522434,-2.07852145703413,50
"989",-1.62172998763697,-2.75428811486534,50
"990",-1.29913048004959,-2.75428811486534,50
"991",-0.976530972462221,-2.75428811486534,50
"992",-0.653931464874848,-2.75428811486534,50
"993",-0.331331957287476,-2.75428811486534,50
"994",-0.00873244970010223,-2.75428811486534,50
"995",0.31386705788727,-2.75428811486534,50
"996",0.636466565474644,-2.75428811486534,50
"997",0.959066073062016,-2.75428811486534,50
"998",1.28166558064939,-2.75428811486534,50
"999",1.60426508823676,-2.75428811486534,50
"1000",1.92686459582413,-2.75428811486534,50
"1001",-4.20252604833595,0.624545174290716,51
"1002",-3.87992654074858,0.624545174290716,51
"1003",-3.5573270331612,0.455603509832914,51
"1004",-3.23472752557383,0.455603509832914,51
"1005",-2.91212801798646,0.286661845375111,51
"1006",-2.58952851039909,0.117720180917308,51
"1007",-2.26692900281171,-0.0512214835404947,51
"1008",-1.94432949522434,-1.06487147028731,51
"1009",-1.62172998763697,-1.57169646366072,51
"1010",-1.29913048004959,-1.90957979257633,51
"1011",-0.976530972462221,-2.07852145703413,51
"1012",-0.653931464874848,-2.75428811486534,51
"1013",-0.331331957287476,-2.75428811486534,51
"1014",-0.00873244970010223,-2.75428811486534,51
"1015",0.31386705788727,-2.75428811486534,51
"1016",0.636466565474644,-2.75428811486534,51
"1017",0.959066073062016,-2.75428811486534,51
"1018",1.28166558064939,-2.75428811486534,51
"1019",1.60426508823676,-2.75428811486534,51
"1020",1.92686459582413,-2.75428811486534,51
"1021",-4.20252604833595,0.624545174290716,52
"1022",-3.87992654074858,0.624545174290716,52
"1023",-3.5573270331612,0.624545174290716,52
"1024",-3.23472752557383,0.624545174290716,52
"1025",-2.91212801798646,0.624545174290716,52
"1026",-2.58952851039909,0.624545174290716,52
"1027",-2.26692900281171,0.624545174290716,52
"1028",-1.94432949522434,-0.895929805829509,52
"1029",-1.62172998763697,-1.40275479920292,52
"1030",-1.29913048004959,-1.57169646366072,52
"1031",-0.976530972462221,-2.41640478594973,52
"1032",-0.653931464874848,-2.75428811486534,52
"1033",-0.331331957287476,-2.75428811486534,52
"1034",-0.00873244970010223,-2.75428811486534,52
"1035",0.31386705788727,-2.75428811486534,52
"1036",0.636466565474644,-2.75428811486534,52
"1037",0.959066073062016,-2.75428811486534,52
"1038",1.28166558064939,-2.75428811486534,52
"1039",1.60426508823676,-2.75428811486534,52
"1040",1.92686459582413,-2.75428811486534,52
"1041",-4.20252604833595,0.624545174290716,53
"1042",-3.87992654074858,0.624545174290716,53
"1043",-3.5573270331612,0.624545174290716,53
"1044",-3.23472752557383,0.624545174290716,53
"1045",-2.91212801798646,0.624545174290716,53
"1046",-2.58952851039909,0.455603509832914,53
"1047",-2.26692900281171,-0.0512214835404947,53
"1048",-1.94432949522434,-0.220163147998298,53
"1049",-1.62172998763697,-0.3891048124561,53
"1050",-1.29913048004959,-0.558046476913903,53
"1051",-0.976530972462221,-0.558046476913903,53
"1052",-0.653931464874848,-1.57169646366072,53
"1053",-0.331331957287476,-2.75428811486534,53
"1054",-0.00873244970010223,-2.75428811486534,53
"1055",0.31386705788727,-2.75428811486534,53
"1056",0.636466565474644,-2.75428811486534,53
"1057",0.959066073062016,-2.75428811486534,53
"1058",1.28166558064939,-2.75428811486534,53
"1059",1.60426508823676,-2.75428811486534,53
"1060",1.92686459582413,-2.75428811486534,53
"1061",-4.20252604833595,0.624545174290716,54
"1062",-3.87992654074858,0.624545174290716,54
"1063",-3.5573270331612,0.624545174290716,54
"1064",-3.23472752557383,0.624545174290716,54
"1065",-2.91212801798646,0.455603509832914,54
"1066",-2.58952851039909,0.117720180917308,54
"1067",-2.26692900281171,-0.0512214835404947,54
"1068",-1.94432949522434,-0.220163147998298,54
"1069",-1.62172998763697,-0.3891048124561,54
"1070",-1.29913048004959,-0.558046476913903,54
"1071",-0.976530972462221,-0.895929805829509,54
"1072",-0.653931464874848,-2.07852145703413,54
"1073",-0.331331957287476,-2.75428811486534,54
"1074",-0.00873244970010223,-2.75428811486534,54
"1075",0.31386705788727,-2.75428811486534,54
"1076",0.636466565474644,-2.75428811486534,54
"1077",0.959066073062016,-2.75428811486534,54
"1078",1.28166558064939,-2.75428811486534,54
"1079",1.60426508823676,-2.75428811486534,54
"1080",1.92686459582413,-2.75428811486534,54
"1081",-4.20252604833595,0.624545174290716,55
"1082",-3.87992654074858,0.624545174290716,55
"1083",-3.5573270331612,0.624545174290716,55
"1084",-3.23472752557383,0.624545174290716,55
"1085",-2.91212801798646,0.624545174290716,55
"1086",-2.58952851039909,0.624545174290716,55
"1087",-2.26692900281171,0.286661845375111,55
"1088",-1.94432949522434,-0.220163147998298,55
"1089",-1.62172998763697,-0.3891048124561,55
"1090",-1.29913048004959,-1.06487147028731,55
"1091",-0.976530972462221,-1.90957979257633,55
"1092",-0.653931464874848,-2.75428811486534,55
"1093",-0.331331957287476,-2.75428811486534,55
"1094",-0.00873244970010223,-2.75428811486534,55
"1095",0.31386705788727,-2.75428811486534,55
"1096",0.636466565474644,-2.75428811486534,55
"1097",0.959066073062016,-2.75428811486534,55
"1098",1.28166558064939,-2.75428811486534,55
"1099",1.60426508823676,-2.75428811486534,55
"1100",1.92686459582413,-2.75428811486534,55
"1101",-4.20252604833595,0.624545174290716,56
"1102",-3.87992654074858,0.624545174290716,56
"1103",-3.5573270331612,0.624545174290716,56
"1104",-3.23472752557383,0.455603509832914,56
"1105",-2.91212801798646,0.286661845375111,56
"1106",-2.58952851039909,0.117720180917308,56
"1107",-2.26692900281171,-0.0512214835404947,56
"1108",-1.94432949522434,-0.220163147998298,56
"1109",-1.62172998763697,-0.3891048124561,56
"1110",-1.29913048004959,-0.895929805829509,56
"1111",-0.976530972462221,-1.90957979257633,56
"1112",-0.653931464874848,-2.41640478594973,56
"1113",-0.331331957287476,-2.75428811486534,56
"1114",-0.00873244970010223,-2.75428811486534,56
"1115",0.31386705788727,-2.75428811486534,56
"1116",0.636466565474644,-2.75428811486534,56
"1117",0.959066073062016,-2.75428811486534,56
"1118",1.28166558064939,-2.75428811486534,56
"1119",1.60426508823676,-2.75428811486534,56
"1120",1.92686459582413,-2.75428811486534,56
"1121",-4.20252604833595,0.624545174290716,57
"1122",-3.87992654074858,0.624545174290716,57
"1123",-3.5573270331612,0.624545174290716,57
"1124",-3.23472752557383,0.455603509832914,57
"1125",-2.91212801798646,0.286661845375111,57
"1126",-2.58952851039909,0.117720180917308,57
"1127",-2.26692900281171,-0.0512214835404947,57
"1128",-1.94432949522434,-0.220163147998298,57
"1129",-1.62172998763697,-0.3891048124561,57
"1130",-1.29913048004959,-0.558046476913903,57
"1131",-0.976530972462221,-1.23381313474511,57
"1132",-0.653931464874848,-2.75428811486534,57
"1133",-0.331331957287476,-2.75428811486534,57
"1134",-0.00873244970010223,-2.75428811486534,57
"1135",0.31386705788727,-2.75428811486534,57
"1136",0.636466565474644,-2.75428811486534,57
"1137",0.959066073062016,-2.75428811486534,57
"1138",1.28166558064939,-2.75428811486534,57
"1139",1.60426508823676,-2.75428811486534,57
"1140",1.92686459582413,-2.75428811486534,57
"1141",-4.20252604833595,0.624545174290716,58
"1142",-3.87992654074858,0.624545174290716,58
"1143",-3.5573270331612,0.624545174290716,58
"1144",-3.23472752557383,0.455603509832914,58
"1145",-2.91212801798646,0.286661845375111,58
"1146",-2.58952851039909,0.117720180917308,58
"1147",-2.26692900281171,-0.0512214835404947,58
"1148",-1.94432949522434,-0.220163147998298,58
"1149",-1.62172998763697,-0.3891048124561,58
"1150",-1.29913048004959,-0.895929805829509,58
"1151",-0.976530972462221,-1.57169646366072,58
"1152",-0.653931464874848,-2.75428811486534,58
"1153",-0.331331957287476,-2.75428811486534,58
"1154",-0.00873244970010223,-2.75428811486534,58
"1155",0.31386705788727,-2.75428811486534,58
"1156",0.636466565474644,-2.75428811486534,58
"1157",0.959066073062016,-2.75428811486534,58
"1158",1.28166558064939,-2.75428811486534,58
"1159",1.60426508823676,-2.75428811486534,58
"1160",1.92686459582413,-2.75428811486534,58
"1161",-4.20252604833595,0.624545174290716,59
"1162",-3.87992654074858,0.624545174290716,59
"1163",-3.5573270331612,0.455603509832914,59
"1164",-3.23472752557383,0.286661845375111,59
"1165",-2.91212801798646,0.286661845375111,59
"1166",-2.58952851039909,0.117720180917308,59
"1167",-2.26692900281171,-0.0512214835404947,59
"1168",-1.94432949522434,-0.726988141371706,59
"1169",-1.62172998763697,-1.74063812811852,59
"1170",-1.29913048004959,-2.24746312149193,59
"1171",-0.976530972462221,-2.58534645040754,59
"1172",-0.653931464874848,-2.75428811486534,59
"1173",-0.331331957287476,-2.75428811486534,59
"1174",-0.00873244970010223,-2.75428811486534,59
"1175",0.31386705788727,-2.75428811486534,59
"1176",0.636466565474644,-2.75428811486534,59
"1177",0.959066073062016,-2.75428811486534,59
"1178",1.28166558064939,-2.75428811486534,59
"1179",1.60426508823676,-2.75428811486534,59
"1180",1.92686459582413,-2.75428811486534,59
"1181",-4.20252604833595,0.624545174290716,60
"1182",-3.87992654074858,0.624545174290716,60
"1183",-3.5573270331612,0.624545174290716,60
"1184",-3.23472752557383,0.624545174290716,60
"1185",-2.91212801798646,0.455603509832914,60
"1186",-2.58952851039909,0.117720180917308,60
"1187",-2.26692900281171,-0.0512214835404947,60
"1188",-1.94432949522434,-0.220163147998298,60
"1189",-1.62172998763697,-0.220163147998298,60
"1190",-1.29913048004959,-0.558046476913903,60
"1191",-0.976530972462221,-2.24746312149193,60
"1192",-0.653931464874848,-2.75428811486534,60
"1193",-0.331331957287476,-2.75428811486534,60
"1194",-0.00873244970010223,-2.75428811486534,60
"1195",0.31386705788727,-2.75428811486534,60
"1196",0.636466565474644,-2.75428811486534,60
"1197",0.959066073062016,-2.75428811486534,60
"1198",1.28166558064939,-2.75428811486534,60
"1199",1.60426508823676,-2.75428811486534,60
"1200",1.92686459582413,-2.75428811486534,60
"1201",-4.20252604833595,0.624545174290716,61
"1202",-3.87992654074858,0.624545174290716,61
"1203",-3.5573270331612,0.624545174290716,61
"1204",-3.23472752557383,0.624545174290716,61
"1205",-2.91212801798646,0.624545174290716,61
"1206",-2.58952851039909,0.624545174290716,61
"1207",-2.26692900281171,0.117720180917308,61
"1208",-1.94432949522434,-0.558046476913903,61
"1209",-1.62172998763697,-0.895929805829509,61
"1210",-1.29913048004959,-1.23381313474511,61
"1211",-0.976530972462221,-1.90957979257633,61
"1212",-0.653931464874848,-2.75428811486534,61
"1213",-0.331331957287476,-2.75428811486534,61
"1214",-0.00873244970010223,-2.75428811486534,61
"1215",0.31386705788727,-2.75428811486534,61
"1216",0.636466565474644,-2.75428811486534,61
"1217",0.959066073062016,-2.75428811486534,61
"1218",1.28166558064939,-2.75428811486534,61
"1219",1.60426508823676,-2.75428811486534,61
"1220",1.92686459582413,-2.75428811486534,61
"1221",-4.20252604833595,0.624545174290716,62
"1222",-3.87992654074858,0.624545174290716,62
"1223",-3.5573270331612,0.624545174290716,62
"1224",-3.23472752557383,0.624545174290716,62
"1225",-2.91212801798646,0.624545174290716,62
"1226",-2.58952851039909,0.624545174290716,62
"1227",-2.26692900281171,0.624545174290716,62
"1228",-1.94432949522434,-1.23381313474511,62
"1229",-1.62172998763697,-1.40275479920292,62
"1230",-1.29913048004959,-1.40275479920292,62
"1231",-0.976530972462221,-1.40275479920292,62
"1232",-0.653931464874848,-1.90957979257633,62
"1233",-0.331331957287476,-2.75428811486534,62
"1234",-0.00873244970010223,-2.75428811486534,62
"1235",0.31386705788727,-2.75428811486534,62
"1236",0.636466565474644,-2.75428811486534,62
"1237",0.959066073062016,-2.75428811486534,62
"1238",1.28166558064939,-2.75428811486534,62
"1239",1.60426508823676,-2.75428811486534,62
"1240",1.92686459582413,-2.75428811486534,62
"1241",-4.20252604833595,0.624545174290716,63
"1242",-3.87992654074858,0.624545174290716,63
"1243",-3.5573270331612,0.624545174290716,63
"1244",-3.23472752557383,0.455603509832914,63
"1245",-2.91212801798646,0.286661845375111,63
"1246",-2.58952851039909,0.117720180917308,63
"1247",-2.26692900281171,-0.0512214835404947,63
"1248",-1.94432949522434,-0.3891048124561,63
"1249",-1.62172998763697,-0.726988141371706,63
"1250",-1.29913048004959,-1.23381313474511,63
"1251",-0.976530972462221,-1.57169646366072,63
"1252",-0.653931464874848,-2.41640478594973,63
"1253",-0.331331957287476,-2.75428811486534,63
"1254",-0.00873244970010223,-2.75428811486534,63
"1255",0.31386705788727,-2.75428811486534,63
"1256",0.636466565474644,-2.75428811486534,63
"1257",0.959066073062016,-2.75428811486534,63
"1258",1.28166558064939,-2.75428811486534,63
"1259",1.60426508823676,-2.75428811486534,63
"1260",1.92686459582413,-2.75428811486534,63
"1261",-4.20252604833595,0.455603509832914,64
"1262",-3.87992654074858,0.455603509832914,64
"1263",-3.5573270331612,0.286661845375111,64
"1264",-3.23472752557383,0.286661845375111,64
"1265",-2.91212801798646,0.117720180917308,64
"1266",-2.58952851039909,-0.0512214835404947,64
"1267",-2.26692900281171,-0.0512214835404947,64
"1268",-1.94432949522434,-0.558046476913903,64
"1269",-1.62172998763697,-2.75428811486534,64
"1270",-1.29913048004959,-2.75428811486534,64
"1271",-0.976530972462221,-2.75428811486534,64
"1272",-0.653931464874848,-2.75428811486534,64
"1273",-0.331331957287476,-2.75428811486534,64
"1274",-0.00873244970010223,-2.75428811486534,64
"1275",0.31386705788727,-2.75428811486534,64
"1276",0.636466565474644,-2.75428811486534,64
"1277",0.959066073062016,-2.75428811486534,64
"1278",1.28166558064939,-2.75428811486534,64
"1279",1.60426508823676,-2.75428811486534,64
"1280",1.92686459582413,-2.75428811486534,64
"1281",-4.20252604833595,0.624545174290716,65
"1282",-3.87992654074858,0.624545174290716,65
"1283",-3.5573270331612,0.624545174290716,65
"1284",-3.23472752557383,0.624545174290716,65
"1285",-2.91212801798646,0.624545174290716,65
"1286",-2.58952851039909,0.624545174290716,65
"1287",-2.26692900281171,0.624545174290716,65
"1288",-1.94432949522434,-1.74063812811852,65
"1289",-1.62172998763697,-2.75428811486534,65
"1290",-1.29913048004959,-2.75428811486534,65
"1291",-0.976530972462221,-2.75428811486534,65
"1292",-0.653931464874848,-2.75428811486534,65
"1293",-0.331331957287476,-2.75428811486534,65
"1294",-0.00873244970010223,-2.75428811486534,65
"1295",0.31386705788727,-2.75428811486534,65
"1296",0.636466565474644,-2.75428811486534,65
"1297",0.959066073062016,-2.75428811486534,65
"1298",1.28166558064939,-2.75428811486534,65
"1299",1.60426508823676,-2.75428811486534,65
"1300",1.92686459582413,-2.75428811486534,65
"1301",-4.20252604833595,0.624545174290716,66
"1302",-3.87992654074858,0.455603509832914,66
"1303",-3.5573270331612,0.286661845375111,66
"1304",-3.23472752557383,0.286661845375111,66
"1305",-2.91212801798646,0.117720180917308,66
"1306",-2.58952851039909,-0.0512214835404947,66
"1307",-2.26692900281171,-0.0512214835404947,66
"1308",-1.94432949522434,-0.220163147998298,66
"1309",-1.62172998763697,-0.3891048124561,66
"1310",-1.29913048004959,-0.726988141371706,66
"1311",-0.976530972462221,-1.23381313474511,66
"1312",-0.653931464874848,-2.58534645040754,66
"1313",-0.331331957287476,-2.75428811486534,66
"1314",-0.00873244970010223,-2.75428811486534,66
"1315",0.31386705788727,-2.75428811486534,66
"1316",0.636466565474644,-2.75428811486534,66
"1317",0.959066073062016,-2.75428811486534,66
"1318",1.28166558064939,-2.75428811486534,66
"1319",1.60426508823676,-2.75428811486534,66
"1320",1.92686459582413,-2.75428811486534,66
"1321",-4.20252604833595,0.624545174290716,67
"1322",-3.87992654074858,0.624545174290716,67
"1323",-3.5573270331612,0.624545174290716,67
"1324",-3.23472752557383,0.624545174290716,67
"1325",-2.91212801798646,0.624545174290716,67
"1326",-2.58952851039909,0.624545174290716,67
"1327",-2.26692900281171,0.624545174290716,67
"1328",-1.94432949522434,-1.40275479920292,67
"1329",-1.62172998763697,-1.74063812811852,67
"1330",-1.29913048004959,-1.90957979257633,67
"1331",-0.976530972462221,-2.58534645040754,67
"1332",-0.653931464874848,-2.75428811486534,67
"1333",-0.331331957287476,-2.75428811486534,67
"1334",-0.00873244970010223,-2.75428811486534,67
"1335",0.31386705788727,-2.75428811486534,67
"1336",0.636466565474644,-2.75428811486534,67
"1337",0.959066073062016,-2.75428811486534,67
"1338",1.28166558064939,-2.75428811486534,67
"1339",1.60426508823676,-2.75428811486534,67
"1340",1.92686459582413,-2.75428811486534,67
"1341",-4.20252604833595,0.624545174290716,68
"1342",-3.87992654074858,0.624545174290716,68
"1343",-3.5573270331612,0.624545174290716,68
"1344",-3.23472752557383,0.624545174290716,68
"1345",-2.91212801798646,0.624545174290716,68
"1346",-2.58952851039909,0.624545174290716,68
"1347",-2.26692900281171,0.624545174290716,68
"1348",-1.94432949522434,-2.75428811486534,68
"1349",-1.62172998763697,-2.75428811486534,68
"1350",-1.29913048004959,-2.75428811486534,68
"1351",-0.976530972462221,-2.75428811486534,68
"1352",-0.653931464874848,-2.75428811486534,68
"1353",-0.331331957287476,-2.75428811486534,68
"1354",-0.00873244970010223,-2.75428811486534,68
"1355",0.31386705788727,-2.75428811486534,68
"1356",0.636466565474644,-2.75428811486534,68
"1357",0.959066073062016,-2.75428811486534,68
"1358",1.28166558064939,-2.75428811486534,68
"1359",1.60426508823676,-2.75428811486534,68
"1360",1.92686459582413,-2.75428811486534,68
"1361",-4.20252604833595,0.624545174290716,69
"1362",-3.87992654074858,0.624545174290716,69
"1363",-3.5573270331612,0.624545174290716,69
"1364",-3.23472752557383,0.624545174290716,69
"1365",-2.91212801798646,0.624545174290716,69
"1366",-2.58952851039909,0.624545174290716,69
"1367",-2.26692900281171,0.624545174290716,69
"1368",-1.94432949522434,-0.558046476913903,69
"1369",-1.62172998763697,-0.895929805829509,69
"1370",-1.29913048004959,-1.23381313474511,69
"1371",-0.976530972462221,-1.74063812811852,69
"1372",-0.653931464874848,-2.07852145703413,69
"1373",-0.331331957287476,-2.58534645040754,69
"1374",-0.00873244970010223,-2.58534645040754,69
"1375",0.31386705788727,-2.75428811486534,69
"1376",0.636466565474644,-2.75428811486534,69
"1377",0.959066073062016,-2.75428811486534,69
"1378",1.28166558064939,-2.75428811486534,69
"1379",1.60426508823676,-2.75428811486534,69
"1380",1.92686459582413,-2.75428811486534,69
"1381",-4.20252604833595,0.286661845375111,70
"1382",-3.87992654074858,0.286661845375111,70
"1383",-3.5573270331612,0.117720180917308,70
"1384",-3.23472752557383,0.117720180917308,70
"1385",-2.91212801798646,0.117720180917308,70
"1386",-2.58952851039909,-0.0512214835404947,70
"1387",-2.26692900281171,-0.0512214835404947,70
"1388",-1.94432949522434,-0.220163147998298,70
"1389",-1.62172998763697,-0.220163147998298,70
"1390",-1.29913048004959,-2.58534645040754,70
"1391",-0.976530972462221,-2.75428811486534,70
"1392",-0.653931464874848,-2.75428811486534,70
"1393",-0.331331957287476,-2.75428811486534,70
"1394",-0.00873244970010223,-2.75428811486534,70
"1395",0.31386705788727,-2.75428811486534,70
"1396",0.636466565474644,-2.75428811486534,70
"1397",0.959066073062016,-2.75428811486534,70
"1398",1.28166558064939,-2.75428811486534,70
"1399",1.60426508823676,-2.75428811486534,70
"1400",1.92686459582413,-2.75428811486534,70
"1401",-4.20252604833595,0.624545174290716,71
"1402",-3.87992654074858,0.624545174290716,71
"1403",-3.5573270331612,0.624545174290716,71
"1404",-3.23472752557383,0.455603509832914,71
"1405",-2.91212801798646,0.286661845375111,71
"1406",-2.58952851039909,0.117720180917308,71
"1407",-2.26692900281171,-0.0512214835404947,71
"1408",-1.94432949522434,-0.220163147998298,71
"1409",-1.62172998763697,-0.3891048124561,71
"1410",-1.29913048004959,-0.558046476913903,71
"1411",-0.976530972462221,-1.40275479920292,71
"1412",-0.653931464874848,-2.75428811486534,71
"1413",-0.331331957287476,-2.75428811486534,71
"1414",-0.00873244970010223,-2.75428811486534,71
"1415",0.31386705788727,-2.75428811486534,71
"1416",0.636466565474644,-2.75428811486534,71
"1417",0.959066073062016,-2.75428811486534,71
"1418",1.28166558064939,-2.75428811486534,71
"1419",1.60426508823676,-2.75428811486534,71
"1420",1.92686459582413,-2.75428811486534,71
"1421",-4.20252604833595,0.624545174290716,72
"1422",-3.87992654074858,0.624545174290716,72
"1423",-3.5573270331612,0.624545174290716,72
"1424",-3.23472752557383,0.624545174290716,72
"1425",-2.91212801798646,0.624545174290716,72
"1426",-2.58952851039909,0.624545174290716,72
"1427",-2.26692900281171,0.624545174290716,72
"1428",-1.94432949522434,-0.726988141371706,72
"1429",-1.62172998763697,-0.895929805829509,72
"1430",-1.29913048004959,-1.06487147028731,72
"1431",-0.976530972462221,-2.24746312149193,72
"1432",-0.653931464874848,-2.75428811486534,72
"1433",-0.331331957287476,-2.75428811486534,72
"1434",-0.00873244970010223,-2.75428811486534,72
"1435",0.31386705788727,-2.75428811486534,72
"1436",0.636466565474644,-2.75428811486534,72
"1437",0.959066073062016,-2.75428811486534,72
"1438",1.28166558064939,-2.75428811486534,72
"1439",1.60426508823676,-2.75428811486534,72
"1440",1.92686459582413,-2.75428811486534,72
"1441",-4.20252604833595,0.624545174290716,73
"1442",-3.87992654074858,0.455603509832914,73
"1443",-3.5573270331612,0.286661845375111,73
"1444",-3.23472752557383,0.286661845375111,73
"1445",-2.91212801798646,0.117720180917308,73
"1446",-2.58952851039909,-0.0512214835404947,73
"1447",-2.26692900281171,-0.0512214835404947,73
"1448",-1.94432949522434,-0.220163147998298,73
"1449",-1.62172998763697,-0.3891048124561,73
"1450",-1.29913048004959,-2.07852145703413,73
"1451",-0.976530972462221,-2.75428811486534,73
"1452",-0.653931464874848,-2.75428811486534,73
"1453",-0.331331957287476,-2.75428811486534,73
"1454",-0.00873244970010223,-2.75428811486534,73
"1455",0.31386705788727,-2.75428811486534,73
"1456",0.636466565474644,-2.75428811486534,73
"1457",0.959066073062016,-2.75428811486534,73
"1458",1.28166558064939,-2.75428811486534,73
"1459",1.60426508823676,-2.75428811486534,73
"1460",1.92686459582413,-2.75428811486534,73
"1461",-4.20252604833595,0.624545174290716,74
"1462",-3.87992654074858,0.624545174290716,74
"1463",-3.5573270331612,0.455603509832914,74
"1464",-3.23472752557383,0.286661845375111,74
"1465",-2.91212801798646,0.117720180917308,74
"1466",-2.58952851039909,-0.0512214835404947,74
"1467",-2.26692900281171,-0.0512214835404947,74
"1468",-1.94432949522434,-0.220163147998298,74
"1469",-1.62172998763697,-0.3891048124561,74
"1470",-1.29913048004959,-0.3891048124561,74
"1471",-0.976530972462221,-1.57169646366072,74
"1472",-0.653931464874848,-2.58534645040754,74
"1473",-0.331331957287476,-2.75428811486534,74
"1474",-0.00873244970010223,-2.75428811486534,74
"1475",0.31386705788727,-2.75428811486534,74
"1476",0.636466565474644,-2.75428811486534,74
"1477",0.959066073062016,-2.75428811486534,74
"1478",1.28166558064939,-2.75428811486534,74
"1479",1.60426508823676,-2.75428811486534,74
"1480",1.92686459582413,-2.75428811486534,74
"1481",-4.20252604833595,0.624545174290716,75
"1482",-3.87992654074858,0.624545174290716,75
"1483",-3.5573270331612,0.624545174290716,75
"1484",-3.23472752557383,0.455603509832914,75
"1485",-2.91212801798646,0.117720180917308,75
"1486",-2.58952851039909,0.117720180917308,75
"1487",-2.26692900281171,-0.0512214835404947,75
"1488",-1.94432949522434,-0.220163147998298,75
"1489",-1.62172998763697,-0.220163147998298,75
"1490",-1.29913048004959,-0.3891048124561,75
"1491",-0.976530972462221,-0.558046476913903,75
"1492",-0.653931464874848,-1.06487147028731,75
"1493",-0.331331957287476,-2.58534645040754,75
"1494",-0.00873244970010223,-2.75428811486534,75
"1495",0.31386705788727,-2.75428811486534,75
"1496",0.636466565474644,-2.75428811486534,75
"1497",0.959066073062016,-2.75428811486534,75
"1498",1.28166558064939,-2.75428811486534,75
"1499",1.60426508823676,-2.75428811486534,75
"1500",1.92686459582413,-2.75428811486534,75
"1501",-4.20252604833595,0.624545174290716,76
"1502",-3.87992654074858,0.624545174290716,76
"1503",-3.5573270331612,0.624545174290716,76
"1504",-3.23472752557383,0.624545174290716,76
"1505",-2.91212801798646,0.624545174290716,76
"1506",-2.58952851039909,0.624545174290716,76
"1507",-2.26692900281171,-0.0512214835404947,76
"1508",-1.94432949522434,-0.220163147998298,76
"1509",-1.62172998763697,-0.558046476913903,76
"1510",-1.29913048004959,-0.558046476913903,76
"1511",-0.976530972462221,-0.726988141371706,76
"1512",-0.653931464874848,-1.40275479920292,76
"1513",-0.331331957287476,-2.58534645040754,76
"1514",-0.00873244970010223,-2.75428811486534,76
"1515",0.31386705788727,-2.75428811486534,76
"1516",0.636466565474644,-2.75428811486534,76
"1517",0.959066073062016,-2.75428811486534,76
"1518",1.28166558064939,-2.75428811486534,76
"1519",1.60426508823676,-2.75428811486534,76
"1520",1.92686459582413,-2.75428811486534,76
"1521",-4.20252604833595,0.624545174290716,77
"1522",-3.87992654074858,0.455603509832914,77
"1523",-3.5573270331612,0.286661845375111,77
"1524",-3.23472752557383,0.286661845375111,77
"1525",-2.91212801798646,0.117720180917308,77
"1526",-2.58952851039909,-0.0512214835404947,77
"1527",-2.26692900281171,-0.0512214835404947,77
"1528",-1.94432949522434,-0.220163147998298,77
"1529",-1.62172998763697,-2.24746312149193,77
"1530",-1.29913048004959,-2.58534645040754,77
"1531",-0.976530972462221,-2.58534645040754,77
"1532",-0.653931464874848,-2.75428811486534,77
"1533",-0.331331957287476,-2.75428811486534,77
"1534",-0.00873244970010223,-2.75428811486534,77
"1535",0.31386705788727,-2.75428811486534,77
"1536",0.636466565474644,-2.75428811486534,77
"1537",0.959066073062016,-2.75428811486534,77
"1538",1.28166558064939,-2.75428811486534,77
"1539",1.60426508823676,-2.75428811486534,77
"1540",1.92686459582413,-2.75428811486534,77
"1541",-4.20252604833595,0.117720180917308,78
"1542",-3.87992654074858,-0.0512214835404947,78
"1543",-3.5573270331612,-0.0512214835404947,78
"1544",-3.23472752557383,-0.0512214835404947,78
"1545",-2.91212801798646,-0.0512214835404947,78
"1546",-2.58952851039909,-0.0512214835404947,78
"1547",-2.26692900281171,-0.0512214835404947,78
"1548",-1.94432949522434,-0.220163147998298,78
"1549",-1.62172998763697,-0.220163147998298,78
"1550",-1.29913048004959,-2.41640478594973,78
"1551",-0.976530972462221,-2.75428811486534,78
"1552",-0.653931464874848,-2.75428811486534,78
"1553",-0.331331957287476,-2.75428811486534,78
"1554",-0.00873244970010223,-2.75428811486534,78
"1555",0.31386705788727,-2.75428811486534,78
"1556",0.636466565474644,-2.75428811486534,78
"1557",0.959066073062016,-2.75428811486534,78
"1558",1.28166558064939,-2.75428811486534,78
"1559",1.60426508823676,-2.75428811486534,78
"1560",1.92686459582413,-2.75428811486534,78
"1561",-4.20252604833595,0.624545174290716,79
"1562",-3.87992654074858,0.624545174290716,79
"1563",-3.5573270331612,0.624545174290716,79
"1564",-3.23472752557383,0.624545174290716,79
"1565",-2.91212801798646,0.624545174290716,79
"1566",-2.58952851039909,0.624545174290716,79
"1567",-2.26692900281171,0.624545174290716,79
"1568",-1.94432949522434,-1.74063812811852,79
"1569",-1.62172998763697,-2.24746312149193,79
"1570",-1.29913048004959,-2.58534645040754,79
"1571",-0.976530972462221,-2.75428811486534,79
"1572",-0.653931464874848,-2.75428811486534,79
"1573",-0.331331957287476,-2.75428811486534,79
"1574",-0.00873244970010223,-2.75428811486534,79
"1575",0.31386705788727,-2.75428811486534,79
"1576",0.636466565474644,-2.75428811486534,79
"1577",0.959066073062016,-2.75428811486534,79
"1578",1.28166558064939,-2.75428811486534,79
"1579",1.60426508823676,-2.75428811486534,79
"1580",1.92686459582413,-2.75428811486534,79
"1581",-4.20252604833595,0.624545174290716,80
"1582",-3.87992654074858,0.624545174290716,80
"1583",-3.5573270331612,0.624545174290716,80
"1584",-3.23472752557383,0.624545174290716,80
"1585",-2.91212801798646,0.455603509832914,80
"1586",-2.58952851039909,0.455603509832914,80
"1587",-2.26692900281171,0.117720180917308,80
"1588",-1.94432949522434,-0.558046476913903,80
"1589",-1.62172998763697,-1.40275479920292,80
"1590",-1.29913048004959,-2.75428811486534,80
"1591",-0.976530972462221,-2.75428811486534,80
"1592",-0.653931464874848,-2.75428811486534,80
"1593",-0.331331957287476,-2.75428811486534,80
"1594",-0.00873244970010223,-2.75428811486534,80
"1595",0.31386705788727,-2.75428811486534,80
"1596",0.636466565474644,-2.75428811486534,80
"1597",0.959066073062016,-2.75428811486534,80
"1598",1.28166558064939,-2.75428811486534,80
"1599",1.60426508823676,-2.75428811486534,80
"1600",1.92686459582413,-2.75428811486534,80
"1601",-4.20252604833595,0.624545174290716,81
"1602",-3.87992654074858,0.624545174290716,81
"1603",-3.5573270331612,0.624545174290716,81
"1604",-3.23472752557383,0.624545174290716,81
"1605",-2.91212801798646,0.624545174290716,81
"1606",-2.58952851039909,0.624545174290716,81
"1607",-2.26692900281171,0.624545174290716,81
"1608",-1.94432949522434,-1.23381313474511,81
"1609",-1.62172998763697,-1.74063812811852,81
"1610",-1.29913048004959,-2.24746312149193,81
"1611",-0.976530972462221,-2.58534645040754,81
"1612",-0.653931464874848,-2.75428811486534,81
"1613",-0.331331957287476,-2.75428811486534,81
"1614",-0.00873244970010223,-2.75428811486534,81
"1615",0.31386705788727,-2.75428811486534,81
"1616",0.636466565474644,-2.75428811486534,81
"1617",0.959066073062016,-2.75428811486534,81
"1618",1.28166558064939,-2.75428811486534,81
"1619",1.60426508823676,-2.75428811486534,81
"1620",1.92686459582413,-2.75428811486534,81
"1621",-4.20252604833595,0.624545174290716,82
"1622",-3.87992654074858,0.624545174290716,82
"1623",-3.5573270331612,0.624545174290716,82
"1624",-3.23472752557383,0.624545174290716,82
"1625",-2.91212801798646,0.624545174290716,82
"1626",-2.58952851039909,0.624545174290716,82
"1627",-2.26692900281171,0.117720180917308,82
"1628",-1.94432949522434,-0.558046476913903,82
"1629",-1.62172998763697,-1.23381313474511,82
"1630",-1.29913048004959,-1.57169646366072,82
"1631",-0.976530972462221,-2.24746312149193,82
"1632",-0.653931464874848,-2.75428811486534,82
"1633",-0.331331957287476,-2.75428811486534,82
"1634",-0.00873244970010223,-2.75428811486534,82
"1635",0.31386705788727,-2.75428811486534,82
"1636",0.636466565474644,-2.75428811486534,82
"1637",0.959066073062016,-2.75428811486534,82
"1638",1.28166558064939,-2.75428811486534,82
"1639",1.60426508823676,-2.75428811486534,82
"1640",1.92686459582413,-2.75428811486534,82
"1641",-4.20252604833595,0.286661845375111,83
"1642",-3.87992654074858,0.117720180917308,83
"1643",-3.5573270331612,0.117720180917308,83
"1644",-3.23472752557383,0.117720180917308,83
"1645",-2.91212801798646,-0.0512214835404947,83
"1646",-2.58952851039909,-0.0512214835404947,83
"1647",-2.26692900281171,-0.0512214835404947,83
"1648",-1.94432949522434,-0.220163147998298,83
"1649",-1.62172998763697,-0.3891048124561,83
"1650",-1.29913048004959,-2.41640478594973,83
"1651",-0.976530972462221,-2.75428811486534,83
"1652",-0.653931464874848,-2.75428811486534,83
"1653",-0.331331957287476,-2.75428811486534,83
"1654",-0.00873244970010223,-2.75428811486534,83
"1655",0.31386705788727,-2.75428811486534,83
"1656",0.636466565474644,-2.75428811486534,83
"1657",0.959066073062016,-2.75428811486534,83
"1658",1.28166558064939,-2.75428811486534,83
"1659",1.60426508823676,-2.75428811486534,83
"1660",1.92686459582413,-2.75428811486534,83
"1661",-4.20252604833595,0.455603509832914,84
"1662",-3.87992654074858,0.286661845375111,84
"1663",-3.5573270331612,0.286661845375111,84
"1664",-3.23472752557383,0.117720180917308,84
"1665",-2.91212801798646,0.117720180917308,84
"1666",-2.58952851039909,-0.0512214835404947,84
"1667",-2.26692900281171,-0.0512214835404947,84
"1668",-1.94432949522434,-0.220163147998298,84
"1669",-1.62172998763697,-0.220163147998298,84
"1670",-1.29913048004959,-0.220163147998298,84
"1671",-0.976530972462221,-2.24746312149193,84
"1672",-0.653931464874848,-2.75428811486534,84
"1673",-0.331331957287476,-2.75428811486534,84
"1674",-0.00873244970010223,-2.75428811486534,84
"1675",0.31386705788727,-2.75428811486534,84
"1676",0.636466565474644,-2.75428811486534,84
"1677",0.959066073062016,-2.75428811486534,84
"1678",1.28166558064939,-2.75428811486534,84
"1679",1.60426508823676,-2.75428811486534,84
"1680",1.92686459582413,-2.75428811486534,84
"1681",-4.20252604833595,0.624545174290716,85
"1682",-3.87992654074858,0.624545174290716,85
"1683",-3.5573270331612,0.624545174290716,85
"1684",-3.23472752557383,0.624545174290716,85
"1685",-2.91212801798646,0.624545174290716,85
"1686",-2.58952851039909,0.624545174290716,85
"1687",-2.26692900281171,0.624545174290716,85
"1688",-1.94432949522434,-1.57169646366072,85
"1689",-1.62172998763697,-1.57169646366072,85
"1690",-1.29913048004959,-1.74063812811852,85
"1691",-0.976530972462221,-1.74063812811852,85
"1692",-0.653931464874848,-2.24746312149193,85
"1693",-0.331331957287476,-2.41640478594973,85
"1694",-0.00873244970010223,-2.41640478594973,85
"1695",0.31386705788727,-2.41640478594973,85
"1696",0.636466565474644,-2.41640478594973,85
"1697",0.959066073062016,-2.41640478594973,85
"1698",1.28166558064939,-2.41640478594973,85
"1699",1.60426508823676,-2.41640478594973,85
"1700",1.92686459582413,-2.41640478594973,85
"1701",-4.20252604833595,0.624545174290716,86
"1702",-3.87992654074858,0.624545174290716,86
"1703",-3.5573270331612,0.455603509832914,86
"1704",-3.23472752557383,0.286661845375111,86
"1705",-2.91212801798646,0.117720180917308,86
"1706",-2.58952851039909,0.117720180917308,86
"1707",-2.26692900281171,-0.0512214835404947,86
"1708",-1.94432949522434,-0.220163147998298,86
"1709",-1.62172998763697,-1.23381313474511,86
"1710",-1.29913048004959,-2.75428811486534,86
"1711",-0.976530972462221,-2.75428811486534,86
"1712",-0.653931464874848,-2.75428811486534,86
"1713",-0.331331957287476,-2.75428811486534,86
"1714",-0.00873244970010223,-2.75428811486534,86
"1715",0.31386705788727,-2.75428811486534,86
"1716",0.636466565474644,-2.75428811486534,86
"1717",0.959066073062016,-2.75428811486534,86
"1718",1.28166558064939,-2.75428811486534,86
"1719",1.60426508823676,-2.75428811486534,86
"1720",1.92686459582413,-2.75428811486534,86
"1721",-4.20252604833595,0.624545174290716,87
"1722",-3.87992654074858,0.624545174290716,87
"1723",-3.5573270331612,0.624545174290716,87
"1724",-3.23472752557383,0.624545174290716,87
"1725",-2.91212801798646,0.624545174290716,87
"1726",-2.58952851039909,0.624545174290716,87
"1727",-2.26692900281171,0.117720180917308,87
"1728",-1.94432949522434,-0.3891048124561,87
"1729",-1.62172998763697,-0.726988141371706,87
"1730",-1.29913048004959,-1.06487147028731,87
"1731",-0.976530972462221,-1.57169646366072,87
"1732",-0.653931464874848,-2.07852145703413,87
"1733",-0.331331957287476,-2.75428811486534,87
"1734",-0.00873244970010223,-2.75428811486534,87
"1735",0.31386705788727,-2.75428811486534,87
"1736",0.636466565474644,-2.75428811486534,87
"1737",0.959066073062016,-2.75428811486534,87
"1738",1.28166558064939,-2.75428811486534,87
"1739",1.60426508823676,-2.75428811486534,87
"1740",1.92686459582413,-2.75428811486534,87
"1741",-4.20252604833595,0.624545174290716,88
"1742",-3.87992654074858,0.624545174290716,88
"1743",-3.5573270331612,0.624545174290716,88
"1744",-3.23472752557383,0.624545174290716,88
"1745",-2.91212801798646,0.624545174290716,88
"1746",-2.58952851039909,0.624545174290716,88
"1747",-2.26692900281171,0.624545174290716,88
"1748",-1.94432949522434,-0.558046476913903,88
"1749",-1.62172998763697,-0.895929805829509,88
"1750",-1.29913048004959,-1.23381313474511,88
"1751",-0.976530972462221,-1.57169646366072,88
"1752",-0.653931464874848,-2.07852145703413,88
"1753",-0.331331957287476,-2.58534645040754,88
"1754",-0.00873244970010223,-2.75428811486534,88
"1755",0.31386705788727,-2.75428811486534,88
"1756",0.636466565474644,-2.75428811486534,88
"1757",0.959066073062016,-2.75428811486534,88
"1758",1.28166558064939,-2.75428811486534,88
"1759",1.60426508823676,-2.75428811486534,88
"1760",1.92686459582413,-2.75428811486534,88
"1761",-4.20252604833595,0.624545174290716,89
"1762",-3.87992654074858,0.455603509832914,89
"1763",-3.5573270331612,0.455603509832914,89
"1764",-3.23472752557383,0.286661845375111,89
"1765",-2.91212801798646,0.117720180917308,89
"1766",-2.58952851039909,0.117720180917308,89
"1767",-2.26692900281171,-0.0512214835404947,89
"1768",-1.94432949522434,-0.220163147998298,89
"1769",-1.62172998763697,-0.3891048124561,89
"1770",-1.29913048004959,-0.3891048124561,89
"1771",-0.976530972462221,-1.57169646366072,89
"1772",-0.653931464874848,-2.75428811486534,89
"1773",-0.331331957287476,-2.75428811486534,89
"1774",-0.00873244970010223,-2.75428811486534,89
"1775",0.31386705788727,-2.75428811486534,89
"1776",0.636466565474644,-2.75428811486534,89
"1777",0.959066073062016,-2.75428811486534,89
"1778",1.28166558064939,-2.75428811486534,89
"1779",1.60426508823676,-2.75428811486534,89
"1780",1.92686459582413,-2.75428811486534,89
"1781",-4.20252604833595,0.624545174290716,90
"1782",-3.87992654074858,0.624545174290716,90
"1783",-3.5573270331612,0.624545174290716,90
"1784",-3.23472752557383,0.624545174290716,90
"1785",-2.91212801798646,0.624545174290716,90
"1786",-2.58952851039909,0.286661845375111,90
"1787",-2.26692900281171,-0.0512214835404947,90
"1788",-1.94432949522434,-0.3891048124561,90
"1789",-1.62172998763697,-1.06487147028731,90
"1790",-1.29913048004959,-2.58534645040754,90
"1791",-0.976530972462221,-2.75428811486534,90
"1792",-0.653931464874848,-2.75428811486534,90
"1793",-0.331331957287476,-2.75428811486534,90
"1794",-0.00873244970010223,-2.75428811486534,90
"1795",0.31386705788727,-2.75428811486534,90
"1796",0.636466565474644,-2.75428811486534,90
"1797",0.959066073062016,-2.75428811486534,90
"1798",1.28166558064939,-2.75428811486534,90
"1799",1.60426508823676,-2.75428811486534,90
"1800",1.92686459582413,-2.75428811486534,90
"1801",-4.20252604833595,0.624545174290716,91
"1802",-3.87992654074858,0.624545174290716,91
"1803",-3.5573270331612,0.624545174290716,91
"1804",-3.23472752557383,0.624545174290716,91
"1805",-2.91212801798646,0.624545174290716,91
"1806",-2.58952851039909,0.624545174290716,91
"1807",-2.26692900281171,0.624545174290716,91
"1808",-1.94432949522434,-0.895929805829509,91
"1809",-1.62172998763697,-1.23381313474511,91
"1810",-1.29913048004959,-1.57169646366072,91
"1811",-0.976530972462221,-2.75428811486534,91
"1812",-0.653931464874848,-2.75428811486534,91
"1813",-0.331331957287476,-2.75428811486534,91
"1814",-0.00873244970010223,-2.75428811486534,91
"1815",0.31386705788727,-2.75428811486534,91
"1816",0.636466565474644,-2.75428811486534,91
"1817",0.959066073062016,-2.75428811486534,91
"1818",1.28166558064939,-2.75428811486534,91
"1819",1.60426508823676,-2.75428811486534,91
"1820",1.92686459582413,-2.75428811486534,91
"1821",-4.20252604833595,0.624545174290716,92
"1822",-3.87992654074858,0.624545174290716,92
"1823",-3.5573270331612,0.624545174290716,92
"1824",-3.23472752557383,0.455603509832914,92
"1825",-2.91212801798646,0.286661845375111,92
"1826",-2.58952851039909,0.117720180917308,92
"1827",-2.26692900281171,-0.0512214835404947,92
"1828",-1.94432949522434,-0.3891048124561,92
"1829",-1.62172998763697,-0.558046476913903,92
"1830",-1.29913048004959,-0.895929805829509,92
"1831",-0.976530972462221,-1.23381313474511,92
"1832",-0.653931464874848,-2.07852145703413,92
"1833",-0.331331957287476,-2.58534645040754,92
"1834",-0.00873244970010223,-2.75428811486534,92
"1835",0.31386705788727,-2.75428811486534,92
"1836",0.636466565474644,-2.75428811486534,92
"1837",0.959066073062016,-2.75428811486534,92
"1838",1.28166558064939,-2.75428811486534,92
"1839",1.60426508823676,-2.75428811486534,92
"1840",1.92686459582413,-2.75428811486534,92
"1841",-4.20252604833595,0.624545174290716,93
"1842",-3.87992654074858,0.624545174290716,93
"1843",-3.5573270331612,0.455603509832914,93
"1844",-3.23472752557383,0.286661845375111,93
"1845",-2.91212801798646,0.117720180917308,93
"1846",-2.58952851039909,0.117720180917308,93
"1847",-2.26692900281171,-0.0512214835404947,93
"1848",-1.94432949522434,-0.220163147998298,93
"1849",-1.62172998763697,-0.3891048124561,93
"1850",-1.29913048004959,-0.558046476913903,93
"1851",-0.976530972462221,-0.895929805829509,93
"1852",-0.653931464874848,-2.58534645040754,93
"1853",-0.331331957287476,-2.75428811486534,93
"1854",-0.00873244970010223,-2.75428811486534,93
"1855",0.31386705788727,-2.75428811486534,93
"1856",0.636466565474644,-2.75428811486534,93
"1857",0.959066073062016,-2.75428811486534,93
"1858",1.28166558064939,-2.75428811486534,93
"1859",1.60426508823676,-2.75428811486534,93
"1860",1.92686459582413,-2.75428811486534,93
"1861",-4.20252604833595,0.624545174290716,94
"1862",-3.87992654074858,0.624545174290716,94
"1863",-3.5573270331612,0.624545174290716,94
"1864",-3.23472752557383,0.455603509832914,94
"1865",-2.91212801798646,0.455603509832914,94
"1866",-2.58952851039909,0.286661845375111,94
"1867",-2.26692900281171,-0.0512214835404947,94
"1868",-1.94432949522434,-1.90957979257633,94
"1869",-1.62172998763697,-2.07852145703413,94
"1870",-1.29913048004959,-2.24746312149193,94
"1871",-0.976530972462221,-2.75428811486534,94
"1872",-0.653931464874848,-2.75428811486534,94
"1873",-0.331331957287476,-2.75428811486534,94
"1874",-0.00873244970010223,-2.75428811486534,94
"1875",0.31386705788727,-2.75428811486534,94
"1876",0.636466565474644,-2.75428811486534,94
"1877",0.959066073062016,-2.75428811486534,94
"1878",1.28166558064939,-2.75428811486534,94
"1879",1.60426508823676,-2.75428811486534,94
"1880",1.92686459582413,-2.75428811486534,94
"1881",-4.20252604833595,0.624545174290716,95
"1882",-3.87992654074858,0.624545174290716,95
"1883",-3.5573270331612,0.624545174290716,95
"1884",-3.23472752557383,0.624545174290716,95
"1885",-2.91212801798646,0.286661845375111,95
"1886",-2.58952851039909,0.117720180917308,95
"1887",-2.26692900281171,-0.0512214835404947,95
"1888",-1.94432949522434,-0.220163147998298,95
"1889",-1.62172998763697,-0.3891048124561,95
"1890",-1.29913048004959,-0.895929805829509,95
"1891",-0.976530972462221,-2.07852145703413,95
"1892",-0.653931464874848,-2.75428811486534,95
"1893",-0.331331957287476,-2.75428811486534,95
"1894",-0.00873244970010223,-2.75428811486534,95
"1895",0.31386705788727,-2.75428811486534,95
"1896",0.636466565474644,-2.75428811486534,95
"1897",0.959066073062016,-2.75428811486534,95
"1898",1.28166558064939,-2.75428811486534,95
"1899",1.60426508823676,-2.75428811486534,95
"1900",1.92686459582413,-2.75428811486534,95
"1901",-4.20252604833595,0.624545174290716,96
"1902",-3.87992654074858,0.624545174290716,96
"1903",-3.5573270331612,0.624545174290716,96
"1904",-3.23472752557383,0.624545174290716,96
"1905",-2.91212801798646,0.624545174290716,96
"1906",-2.58952851039909,0.624545174290716,96
"1907",-2.26692900281171,0.624545174290716,96
"1908",-1.94432949522434,-0.726988141371706,96
"1909",-1.62172998763697,-0.895929805829509,96
"1910",-1.29913048004959,-0.895929805829509,96
"1911",-0.976530972462221,-1.23381313474511,96
"1912",-0.653931464874848,-2.24746312149193,96
"1913",-0.331331957287476,-2.75428811486534,96
"1914",-0.00873244970010223,-2.75428811486534,96
"1915",0.31386705788727,-2.75428811486534,96
"1916",0.636466565474644,-2.75428811486534,96
"1917",0.959066073062016,-2.75428811486534,96
"1918",1.28166558064939,-2.75428811486534,96
"1919",1.60426508823676,-2.75428811486534,96
"1920",1.92686459582413,-2.75428811486534,96
"1921",-4.20252604833595,0.624545174290716,97
"1922",-3.87992654074858,0.624545174290716,97
"1923",-3.5573270331612,0.455603509832914,97
"1924",-3.23472752557383,0.455603509832914,97
"1925",-2.91212801798646,0.286661845375111,97
"1926",-2.58952851039909,0.117720180917308,97
"1927",-2.26692900281171,-0.0512214835404947,97
"1928",-1.94432949522434,-1.23381313474511,97
"1929",-1.62172998763697,-1.90957979257633,97
"1930",-1.29913048004959,-2.41640478594973,97
"1931",-0.976530972462221,-2.75428811486534,97
"1932",-0.653931464874848,-2.75428811486534,97
"1933",-0.331331957287476,-2.75428811486534,97
"1934",-0.00873244970010223,-2.75428811486534,97
"1935",0.31386705788727,-2.75428811486534,97
"1936",0.636466565474644,-2.75428811486534,97
"1937",0.959066073062016,-2.75428811486534,97
"1938",1.28166558064939,-2.75428811486534,97
"1939",1.60426508823676,-2.75428811486534,97
"1940",1.92686459582413,-2.75428811486534,97
"1941",-4.20252604833595,0.624545174290716,98
"1942",-3.87992654074858,0.624545174290716,98
"1943",-3.5573270331612,0.455603509832914,98
"1944",-3.23472752557383,0.286661845375111,98
"1945",-2.91212801798646,0.117720180917308,98
"1946",-2.58952851039909,0.117720180917308,98
"1947",-2.26692900281171,-0.0512214835404947,98
"1948",-1.94432949522434,-0.220163147998298,98
"1949",-1.62172998763697,-0.726988141371706,98
"1950",-1.29913048004959,-1.40275479920292,98
"1951",-0.976530972462221,-1.90957979257633,98
"1952",-0.653931464874848,-2.24746312149193,98
"1953",-0.331331957287476,-2.58534645040754,98
"1954",-0.00873244970010223,-2.75428811486534,98
"1955",0.31386705788727,-2.75428811486534,98
"1956",0.636466565474644,-2.75428811486534,98
"1957",0.959066073062016,-2.75428811486534,98
"1958",1.28166558064939,-2.75428811486534,98
"1959",1.60426508823676,-2.75428811486534,98
"1960",1.92686459582413,-2.75428811486534,98
"1961",-4.20252604833595,0.624545174290716,99
"1962",-3.87992654074858,0.624545174290716,99
"1963",-3.5573270331612,0.624545174290716,99
"1964",-3.23472752557383,0.624545174290716,99
"1965",-2.91212801798646,0.624545174290716,99
"1966",-2.58952851039909,0.286661845375111,99
"1967",-2.26692900281171,-0.0512214835404947,99
"1968",-1.94432949522434,-0.3891048124561,99
"1969",-1.62172998763697,-0.558046476913903,99
"1970",-1.29913048004959,-0.895929805829509,99
"1971",-0.976530972462221,-1.57169646366072,99
"1972",-0.653931464874848,-2.75428811486534,99
"1973",-0.331331957287476,-2.75428811486534,99
"1974",-0.00873244970010223,-2.75428811486534,99
"1975",0.31386705788727,-2.75428811486534,99
"1976",0.636466565474644,-2.75428811486534,99
"1977",0.959066073062016,-2.75428811486534,99
"1978",1.28166558064939,-2.75428811486534,99
"1979",1.60426508823676,-2.75428811486534,99
"1980",1.92686459582413,-2.75428811486534,99
"1981",-4.20252604833595,0.455603509832914,100
"1982",-3.87992654074858,0.455603509832914,100
"1983",-3.5573270331612,0.286661845375111,100
"1984",-3.23472752557383,0.117720180917308,100
"1985",-2.91212801798646,0.117720180917308,100
"1986",-2.58952851039909,-0.0512214835404947,100
"1987",-2.26692900281171,-0.0512214835404947,100
"1988",-1.94432949522434,-0.220163147998298,100
"1989",-1.62172998763697,-0.220163147998298,100
"1990",-1.29913048004959,-0.3891048124561,100
"1991",-0.976530972462221,-0.726988141371706,100
"1992",-0.653931464874848,-2.41640478594973,100
"1993",-0.331331957287476,-2.75428811486534,100
"1994",-0.00873244970010223,-2.75428811486534,100
"1995",0.31386705788727,-2.75428811486534,100
"1996",0.636466565474644,-2.75428811486534,100
"1997",0.959066073062016,-2.75428811486534,100
"1998",1.28166558064939,-2.75428811486534,100
"1999",1.60426508823676,-2.75428811486534,100
"2000",1.92686459582413,-2.75428811486534,100
