"","x","y","sample"
"1",-4.97726696154084,0.307814582006944,1
"2",-4.56299712049201,0.307814582006944,1
"3",-4.14872727944319,0.307814582006944,1
"4",-3.73445743839437,0.307814582006944,1
"5",-3.32018759734554,0.307814582006944,1
"6",-2.90591775629672,0.307814582006944,1
"7",-2.4916479152479,0.307814582006944,1
"8",-2.07737807419907,-0.946861636826817,1
"9",-1.66310823315025,-2.56001677532737,1
"10",-1.24883839210143,-3.27697461466094,1
"11",-0.834568551052602,-3.27697461466094,1
"12",-0.420298710003778,-3.27697461466094,1
"13",-0.0060288689549548,-3.27697461466094,1
"14",0.408240972093869,-3.27697461466094,1
"15",0.822510813142692,-3.27697461466094,1
"16",1.23678065419152,-3.27697461466094,1
"17",1.65105049524034,-3.27697461466094,1
"18",2.06532033628916,-3.27697461466094,1
"19",2.47959017733799,-3.27697461466094,1
"20",2.89386001838681,-3.27697461466094,1
"21",-4.97726696154084,0.307814582006944,2
"22",-4.56299712049201,0.307814582006944,2
"23",-4.14872727944319,0.307814582006944,2
"24",-3.73445743839437,0.307814582006944,2
"25",-3.32018759734554,0.307814582006944,2
"26",-2.90591775629672,0.307814582006944,2
"27",-2.4916479152479,0.307814582006944,2
"28",-2.07737807419907,-0.767622176993423,2
"29",-1.66310823315025,-1.12610109666021,2
"30",-1.24883839210143,-1.30534055649361,2
"31",-0.834568551052602,-2.02229839582718,2
"32",-0.420298710003778,-2.73925623516076,2
"33",-0.0060288689549548,-3.27697461466094,2
"34",0.408240972093869,-3.27697461466094,2
"35",0.822510813142692,-3.27697461466094,2
"36",1.23678065419152,-3.27697461466094,2
"37",1.65105049524034,-3.27697461466094,2
"38",2.06532033628916,-3.27697461466094,2
"39",2.47959017733799,-3.27697461466094,2
"40",2.89386001838681,-3.27697461466094,2
"41",-4.97726696154084,0.307814582006944,3
"42",-4.56299712049201,0.307814582006944,3
"43",-4.14872727944319,0.307814582006944,3
"44",-3.73445743839437,0.307814582006944,3
"45",-3.32018759734554,0.307814582006944,3
"46",-2.90591775629672,0.307814582006944,3
"47",-2.4916479152479,0.307814582006944,3
"48",-2.07737807419907,-0.588382717160028,3
"49",-1.66310823315025,-1.30534055649361,3
"50",-1.24883839210143,-1.66381947616039,3
"51",-0.834568551052602,-2.20153785566058,3
"52",-0.420298710003778,-3.27697461466094,3
"53",-0.0060288689549548,-3.27697461466094,3
"54",0.408240972093869,-3.27697461466094,3
"55",0.822510813142692,-3.27697461466094,3
"56",1.23678065419152,-3.27697461466094,3
"57",1.65105049524034,-3.27697461466094,3
"58",2.06532033628916,-3.27697461466094,3
"59",2.47959017733799,-3.27697461466094,3
"60",2.89386001838681,-3.27697461466094,3
"61",-4.97726696154084,0.307814582006944,4
"62",-4.56299712049201,0.307814582006944,4
"63",-4.14872727944319,0.307814582006944,4
"64",-3.73445743839437,0.307814582006944,4
"65",-3.32018759734554,0.307814582006944,4
"66",-2.90591775629672,0.307814582006944,4
"67",-2.4916479152479,0.307814582006944,4
"68",-2.07737807419907,-0.588382717160028,4
"69",-1.66310823315025,-1.30534055649361,4
"70",-1.24883839210143,-1.66381947616039,4
"71",-0.834568551052602,-2.02229839582718,4
"72",-0.420298710003778,-2.38077731549397,4
"73",-0.0060288689549548,-2.56001677532737,4
"74",0.408240972093869,-2.56001677532737,4
"75",0.822510813142692,-2.73925623516076,4
"76",1.23678065419152,-2.73925623516076,4
"77",1.65105049524034,-2.73925623516076,4
"78",2.06532033628916,-2.73925623516076,4
"79",2.47959017733799,-2.73925623516076,4
"80",2.89386001838681,-2.73925623516076,4
"81",-4.97726696154084,0.307814582006944,5
"82",-4.56299712049201,0.307814582006944,5
"83",-4.14872727944319,0.307814582006944,5
"84",-3.73445743839437,0.307814582006944,5
"85",-3.32018759734554,0.307814582006944,5
"86",-2.90591775629672,0.307814582006944,5
"87",-2.4916479152479,0.307814582006944,5
"88",-2.07737807419907,-0.588382717160028,5
"89",-1.66310823315025,-0.767622176993423,5
"90",-1.24883839210143,-1.12610109666021,5
"91",-0.834568551052602,-1.84305893599379,5
"92",-0.420298710003778,-3.27697461466094,5
"93",-0.0060288689549548,-3.27697461466094,5
"94",0.408240972093869,-3.27697461466094,5
"95",0.822510813142692,-3.27697461466094,5
"96",1.23678065419152,-3.27697461466094,5
"97",1.65105049524034,-3.27697461466094,5
"98",2.06532033628916,-3.27697461466094,5
"99",2.47959017733799,-3.27697461466094,5
"100",2.89386001838681,-3.27697461466094,5
"101",-4.97726696154084,0.307814582006944,6
"102",-4.56299712049201,0.307814582006944,6
"103",-4.14872727944319,0.307814582006944,6
"104",-3.73445743839437,0.307814582006944,6
"105",-3.32018759734554,0.307814582006944,6
"106",-2.90591775629672,0.307814582006944,6
"107",-2.4916479152479,0.307814582006944,6
"108",-2.07737807419907,-1.12610109666021,6
"109",-1.66310823315025,-2.02229839582718,6
"110",-1.24883839210143,-3.27697461466094,6
"111",-0.834568551052602,-3.27697461466094,6
"112",-0.420298710003778,-3.27697461466094,6
"113",-0.0060288689549548,-3.27697461466094,6
"114",0.408240972093869,-3.27697461466094,6
"115",0.822510813142692,-3.27697461466094,6
"116",1.23678065419152,-3.27697461466094,6
"117",1.65105049524034,-3.27697461466094,6
"118",2.06532033628916,-3.27697461466094,6
"119",2.47959017733799,-3.27697461466094,6
"120",2.89386001838681,-3.27697461466094,6
"121",-4.97726696154084,0.307814582006944,7
"122",-4.56299712049201,0.307814582006944,7
"123",-4.14872727944319,0.307814582006944,7
"124",-3.73445743839437,0.307814582006944,7
"125",-3.32018759734554,0.307814582006944,7
"126",-2.90591775629672,0.307814582006944,7
"127",-2.4916479152479,0.307814582006944,7
"128",-2.07737807419907,-0.767622176993423,7
"129",-1.66310823315025,-1.12610109666021,7
"130",-1.24883839210143,-1.30534055649361,7
"131",-0.834568551052602,-1.66381947616039,7
"132",-0.420298710003778,-2.38077731549397,7
"133",-0.0060288689549548,-2.91849569499416,7
"134",0.408240972093869,-3.09773515482755,7
"135",0.822510813142692,-3.27697461466094,7
"136",1.23678065419152,-3.27697461466094,7
"137",1.65105049524034,-3.27697461466094,7
"138",2.06532033628916,-3.27697461466094,7
"139",2.47959017733799,-3.27697461466094,7
"140",2.89386001838681,-3.27697461466094,7
"141",-4.97726696154084,0.307814582006944,8
"142",-4.56299712049201,0.307814582006944,8
"143",-4.14872727944319,0.307814582006944,8
"144",-3.73445743839437,0.307814582006944,8
"145",-3.32018759734554,0.307814582006944,8
"146",-2.90591775629672,0.307814582006944,8
"147",-2.4916479152479,0.307814582006944,8
"148",-2.07737807419907,-0.588382717160028,8
"149",-1.66310823315025,-1.30534055649361,8
"150",-1.24883839210143,-1.84305893599379,8
"151",-0.834568551052602,-2.38077731549397,8
"152",-0.420298710003778,-2.73925623516076,8
"153",-0.0060288689549548,-3.09773515482755,8
"154",0.408240972093869,-3.27697461466094,8
"155",0.822510813142692,-3.27697461466094,8
"156",1.23678065419152,-3.27697461466094,8
"157",1.65105049524034,-3.27697461466094,8
"158",2.06532033628916,-3.27697461466094,8
"159",2.47959017733799,-3.27697461466094,8
"160",2.89386001838681,-3.27697461466094,8
"161",-4.97726696154084,-0.0506643376598452,9
"162",-4.56299712049201,-0.0506643376598452,9
"163",-4.14872727944319,-0.0506643376598452,9
"164",-3.73445743839437,-0.0506643376598452,9
"165",-3.32018759734554,-0.22990379749324,9
"166",-2.90591775629672,-0.22990379749324,9
"167",-2.4916479152479,-0.22990379749324,9
"168",-2.07737807419907,-0.588382717160028,9
"169",-1.66310823315025,-1.12610109666021,9
"170",-1.24883839210143,-1.484580016327,9
"171",-0.834568551052602,-2.02229839582718,9
"172",-0.420298710003778,-2.56001677532737,9
"173",-0.0060288689549548,-3.09773515482755,9
"174",0.408240972093869,-3.27697461466094,9
"175",0.822510813142692,-3.27697461466094,9
"176",1.23678065419152,-3.27697461466094,9
"177",1.65105049524034,-3.27697461466094,9
"178",2.06532033628916,-3.27697461466094,9
"179",2.47959017733799,-3.27697461466094,9
"180",2.89386001838681,-3.27697461466094,9
"181",-4.97726696154084,0.307814582006944,10
"182",-4.56299712049201,0.307814582006944,10
"183",-4.14872727944319,0.307814582006944,10
"184",-3.73445743839437,0.307814582006944,10
"185",-3.32018759734554,0.307814582006944,10
"186",-2.90591775629672,0.307814582006944,10
"187",-2.4916479152479,0.128575122173549,10
"188",-2.07737807419907,-0.588382717160028,10
"189",-1.66310823315025,-0.767622176993423,10
"190",-1.24883839210143,-1.12610109666021,10
"191",-0.834568551052602,-1.30534055649361,10
"192",-0.420298710003778,-1.484580016327,10
"193",-0.0060288689549548,-1.484580016327,10
"194",0.408240972093869,-1.66381947616039,10
"195",0.822510813142692,-1.66381947616039,10
"196",1.23678065419152,-1.84305893599379,10
"197",1.65105049524034,-2.02229839582718,10
"198",2.06532033628916,-2.20153785566058,10
"199",2.47959017733799,-2.20153785566058,10
"200",2.89386001838681,-2.20153785566058,10
"201",-4.97726696154084,0.307814582006944,11
"202",-4.56299712049201,0.307814582006944,11
"203",-4.14872727944319,0.307814582006944,11
"204",-3.73445743839437,0.307814582006944,11
"205",-3.32018759734554,0.307814582006944,11
"206",-2.90591775629672,0.128575122173549,11
"207",-2.4916479152479,-0.0506643376598452,11
"208",-2.07737807419907,-0.588382717160028,11
"209",-1.66310823315025,-1.66381947616039,11
"210",-1.24883839210143,-2.73925623516076,11
"211",-0.834568551052602,-3.27697461466094,11
"212",-0.420298710003778,-3.27697461466094,11
"213",-0.0060288689549548,-3.27697461466094,11
"214",0.408240972093869,-3.27697461466094,11
"215",0.822510813142692,-3.27697461466094,11
"216",1.23678065419152,-3.27697461466094,11
"217",1.65105049524034,-3.27697461466094,11
"218",2.06532033628916,-3.27697461466094,11
"219",2.47959017733799,-3.27697461466094,11
"220",2.89386001838681,-3.27697461466094,11
"221",-4.97726696154084,0.307814582006944,12
"222",-4.56299712049201,0.307814582006944,12
"223",-4.14872727944319,0.307814582006944,12
"224",-3.73445743839437,0.307814582006944,12
"225",-3.32018759734554,0.128575122173549,12
"226",-2.90591775629672,-0.0506643376598452,12
"227",-2.4916479152479,-0.22990379749324,12
"228",-2.07737807419907,-0.588382717160028,12
"229",-1.66310823315025,-1.66381947616039,12
"230",-1.24883839210143,-3.27697461466094,12
"231",-0.834568551052602,-3.27697461466094,12
"232",-0.420298710003778,-3.27697461466094,12
"233",-0.0060288689549548,-3.27697461466094,12
"234",0.408240972093869,-3.27697461466094,12
"235",0.822510813142692,-3.27697461466094,12
"236",1.23678065419152,-3.27697461466094,12
"237",1.65105049524034,-3.27697461466094,12
"238",2.06532033628916,-3.27697461466094,12
"239",2.47959017733799,-3.27697461466094,12
"240",2.89386001838681,-3.27697461466094,12
"241",-4.97726696154084,0.307814582006944,13
"242",-4.56299712049201,0.307814582006944,13
"243",-4.14872727944319,0.307814582006944,13
"244",-3.73445743839437,0.307814582006944,13
"245",-3.32018759734554,0.307814582006944,13
"246",-2.90591775629672,0.307814582006944,13
"247",-2.4916479152479,0.307814582006944,13
"248",-2.07737807419907,-0.588382717160028,13
"249",-1.66310823315025,-1.30534055649361,13
"250",-1.24883839210143,-1.84305893599379,13
"251",-0.834568551052602,-2.20153785566058,13
"252",-0.420298710003778,-2.38077731549397,13
"253",-0.0060288689549548,-2.56001677532737,13
"254",0.408240972093869,-2.73925623516076,13
"255",0.822510813142692,-2.91849569499416,13
"256",1.23678065419152,-3.09773515482755,13
"257",1.65105049524034,-3.09773515482755,13
"258",2.06532033628916,-3.09773515482755,13
"259",2.47959017733799,-3.09773515482755,13
"260",2.89386001838681,-3.09773515482755,13
"261",-4.97726696154084,0.307814582006944,14
"262",-4.56299712049201,0.307814582006944,14
"263",-4.14872727944319,0.307814582006944,14
"264",-3.73445743839437,0.307814582006944,14
"265",-3.32018759734554,0.307814582006944,14
"266",-2.90591775629672,0.128575122173549,14
"267",-2.4916479152479,-0.22990379749324,14
"268",-2.07737807419907,-0.588382717160028,14
"269",-1.66310823315025,-0.946861636826817,14
"270",-1.24883839210143,-1.30534055649361,14
"271",-0.834568551052602,-1.66381947616039,14
"272",-0.420298710003778,-1.84305893599379,14
"273",-0.0060288689549548,-2.02229839582718,14
"274",0.408240972093869,-2.20153785566058,14
"275",0.822510813142692,-2.20153785566058,14
"276",1.23678065419152,-2.20153785566058,14
"277",1.65105049524034,-2.20153785566058,14
"278",2.06532033628916,-2.20153785566058,14
"279",2.47959017733799,-2.20153785566058,14
"280",2.89386001838681,-2.20153785566058,14
"281",-4.97726696154084,0.307814582006944,15
"282",-4.56299712049201,0.307814582006944,15
"283",-4.14872727944319,0.307814582006944,15
"284",-3.73445743839437,0.307814582006944,15
"285",-3.32018759734554,0.307814582006944,15
"286",-2.90591775629672,0.307814582006944,15
"287",-2.4916479152479,-0.22990379749324,15
"288",-2.07737807419907,-0.409143257326634,15
"289",-1.66310823315025,-0.588382717160028,15
"290",-1.24883839210143,-1.30534055649361,15
"291",-0.834568551052602,-2.02229839582718,15
"292",-0.420298710003778,-2.56001677532737,15
"293",-0.0060288689549548,-2.91849569499416,15
"294",0.408240972093869,-3.09773515482755,15
"295",0.822510813142692,-3.27697461466094,15
"296",1.23678065419152,-3.27697461466094,15
"297",1.65105049524034,-3.27697461466094,15
"298",2.06532033628916,-3.27697461466094,15
"299",2.47959017733799,-3.27697461466094,15
"300",2.89386001838681,-3.27697461466094,15
"301",-4.97726696154084,0.307814582006944,16
"302",-4.56299712049201,0.307814582006944,16
"303",-4.14872727944319,0.307814582006944,16
"304",-3.73445743839437,0.307814582006944,16
"305",-3.32018759734554,0.307814582006944,16
"306",-2.90591775629672,0.307814582006944,16
"307",-2.4916479152479,0.128575122173549,16
"308",-2.07737807419907,-0.588382717160028,16
"309",-1.66310823315025,-0.946861636826817,16
"310",-1.24883839210143,-1.30534055649361,16
"311",-0.834568551052602,-1.66381947616039,16
"312",-0.420298710003778,-2.20153785566058,16
"313",-0.0060288689549548,-2.38077731549397,16
"314",0.408240972093869,-2.56001677532737,16
"315",0.822510813142692,-2.73925623516076,16
"316",1.23678065419152,-2.73925623516076,16
"317",1.65105049524034,-2.73925623516076,16
"318",2.06532033628916,-2.73925623516076,16
"319",2.47959017733799,-2.73925623516076,16
"320",2.89386001838681,-2.73925623516076,16
"321",-4.97726696154084,0.307814582006944,17
"322",-4.56299712049201,0.307814582006944,17
"323",-4.14872727944319,0.307814582006944,17
"324",-3.73445743839437,0.307814582006944,17
"325",-3.32018759734554,0.307814582006944,17
"326",-2.90591775629672,0.307814582006944,17
"327",-2.4916479152479,-0.0506643376598452,17
"328",-2.07737807419907,-0.588382717160028,17
"329",-1.66310823315025,-1.30534055649361,17
"330",-1.24883839210143,-1.66381947616039,17
"331",-0.834568551052602,-2.02229839582718,17
"332",-0.420298710003778,-2.56001677532737,17
"333",-0.0060288689549548,-2.91849569499416,17
"334",0.408240972093869,-3.09773515482755,17
"335",0.822510813142692,-3.27697461466094,17
"336",1.23678065419152,-3.27697461466094,17
"337",1.65105049524034,-3.27697461466094,17
"338",2.06532033628916,-3.27697461466094,17
"339",2.47959017733799,-3.27697461466094,17
"340",2.89386001838681,-3.27697461466094,17
"341",-4.97726696154084,0.307814582006944,18
"342",-4.56299712049201,0.307814582006944,18
"343",-4.14872727944319,0.307814582006944,18
"344",-3.73445743839437,0.307814582006944,18
"345",-3.32018759734554,0.307814582006944,18
"346",-2.90591775629672,0.307814582006944,18
"347",-2.4916479152479,0.307814582006944,18
"348",-2.07737807419907,-0.946861636826817,18
"349",-1.66310823315025,-1.484580016327,18
"350",-1.24883839210143,-1.484580016327,18
"351",-0.834568551052602,-1.484580016327,18
"352",-0.420298710003778,-1.66381947616039,18
"353",-0.0060288689549548,-1.84305893599379,18
"354",0.408240972093869,-2.02229839582718,18
"355",0.822510813142692,-2.20153785566058,18
"356",1.23678065419152,-2.20153785566058,18
"357",1.65105049524034,-2.38077731549397,18
"358",2.06532033628916,-2.38077731549397,18
"359",2.47959017733799,-2.38077731549397,18
"360",2.89386001838681,-2.38077731549397,18
"361",-4.97726696154084,0.307814582006944,19
"362",-4.56299712049201,0.307814582006944,19
"363",-4.14872727944319,0.307814582006944,19
"364",-3.73445743839437,0.307814582006944,19
"365",-3.32018759734554,0.307814582006944,19
"366",-2.90591775629672,0.307814582006944,19
"367",-2.4916479152479,0.307814582006944,19
"368",-2.07737807419907,-0.588382717160028,19
"369",-1.66310823315025,-1.30534055649361,19
"370",-1.24883839210143,-2.02229839582718,19
"371",-0.834568551052602,-2.38077731549397,19
"372",-0.420298710003778,-2.56001677532737,19
"373",-0.0060288689549548,-2.91849569499416,19
"374",0.408240972093869,-3.09773515482755,19
"375",0.822510813142692,-3.27697461466094,19
"376",1.23678065419152,-3.27697461466094,19
"377",1.65105049524034,-3.27697461466094,19
"378",2.06532033628916,-3.27697461466094,19
"379",2.47959017733799,-3.27697461466094,19
"380",2.89386001838681,-3.27697461466094,19
"381",-4.97726696154084,0.307814582006944,20
"382",-4.56299712049201,0.307814582006944,20
"383",-4.14872727944319,0.307814582006944,20
"384",-3.73445743839437,0.307814582006944,20
"385",-3.32018759734554,0.307814582006944,20
"386",-2.90591775629672,0.128575122173549,20
"387",-2.4916479152479,-0.0506643376598452,20
"388",-2.07737807419907,-0.588382717160028,20
"389",-1.66310823315025,-1.30534055649361,20
"390",-1.24883839210143,-2.02229839582718,20
"391",-0.834568551052602,-2.56001677532737,20
"392",-0.420298710003778,-3.09773515482755,20
"393",-0.0060288689549548,-3.27697461466094,20
"394",0.408240972093869,-3.27697461466094,20
"395",0.822510813142692,-3.27697461466094,20
"396",1.23678065419152,-3.27697461466094,20
"397",1.65105049524034,-3.27697461466094,20
"398",2.06532033628916,-3.27697461466094,20
"399",2.47959017733799,-3.27697461466094,20
"400",2.89386001838681,-3.27697461466094,20
"401",-4.97726696154084,0.307814582006944,21
"402",-4.56299712049201,0.307814582006944,21
"403",-4.14872727944319,0.307814582006944,21
"404",-3.73445743839437,0.307814582006944,21
"405",-3.32018759734554,0.307814582006944,21
"406",-2.90591775629672,0.128575122173549,21
"407",-2.4916479152479,-0.22990379749324,21
"408",-2.07737807419907,-0.588382717160028,21
"409",-1.66310823315025,-0.767622176993423,21
"410",-1.24883839210143,-1.484580016327,21
"411",-0.834568551052602,-2.73925623516076,21
"412",-0.420298710003778,-3.27697461466094,21
"413",-0.0060288689549548,-3.27697461466094,21
"414",0.408240972093869,-3.27697461466094,21
"415",0.822510813142692,-3.27697461466094,21
"416",1.23678065419152,-3.27697461466094,21
"417",1.65105049524034,-3.27697461466094,21
"418",2.06532033628916,-3.27697461466094,21
"419",2.47959017733799,-3.27697461466094,21
"420",2.89386001838681,-3.27697461466094,21
"421",-4.97726696154084,0.307814582006944,22
"422",-4.56299712049201,0.307814582006944,22
"423",-4.14872727944319,0.307814582006944,22
"424",-3.73445743839437,0.307814582006944,22
"425",-3.32018759734554,0.307814582006944,22
"426",-2.90591775629672,0.307814582006944,22
"427",-2.4916479152479,-0.0506643376598452,22
"428",-2.07737807419907,-0.588382717160028,22
"429",-1.66310823315025,-1.12610109666021,22
"430",-1.24883839210143,-2.20153785566058,22
"431",-0.834568551052602,-3.27697461466094,22
"432",-0.420298710003778,-3.27697461466094,22
"433",-0.0060288689549548,-3.27697461466094,22
"434",0.408240972093869,-3.27697461466094,22
"435",0.822510813142692,-3.27697461466094,22
"436",1.23678065419152,-3.27697461466094,22
"437",1.65105049524034,-3.27697461466094,22
"438",2.06532033628916,-3.27697461466094,22
"439",2.47959017733799,-3.27697461466094,22
"440",2.89386001838681,-3.27697461466094,22
"441",-4.97726696154084,0.307814582006944,23
"442",-4.56299712049201,0.307814582006944,23
"443",-4.14872727944319,0.307814582006944,23
"444",-3.73445743839437,0.307814582006944,23
"445",-3.32018759734554,0.307814582006944,23
"446",-2.90591775629672,0.307814582006944,23
"447",-2.4916479152479,-0.22990379749324,23
"448",-2.07737807419907,-0.409143257326634,23
"449",-1.66310823315025,-0.767622176993423,23
"450",-1.24883839210143,-1.12610109666021,23
"451",-0.834568551052602,-1.84305893599379,23
"452",-0.420298710003778,-2.20153785566058,23
"453",-0.0060288689549548,-2.56001677532737,23
"454",0.408240972093869,-2.73925623516076,23
"455",0.822510813142692,-2.73925623516076,23
"456",1.23678065419152,-2.73925623516076,23
"457",1.65105049524034,-2.73925623516076,23
"458",2.06532033628916,-2.73925623516076,23
"459",2.47959017733799,-2.73925623516076,23
"460",2.89386001838681,-2.73925623516076,23
"461",-4.97726696154084,0.307814582006944,24
"462",-4.56299712049201,0.307814582006944,24
"463",-4.14872727944319,0.307814582006944,24
"464",-3.73445743839437,0.307814582006944,24
"465",-3.32018759734554,0.307814582006944,24
"466",-2.90591775629672,0.307814582006944,24
"467",-2.4916479152479,0.307814582006944,24
"468",-2.07737807419907,-0.588382717160028,24
"469",-1.66310823315025,-1.484580016327,24
"470",-1.24883839210143,-2.02229839582718,24
"471",-0.834568551052602,-2.38077731549397,24
"472",-0.420298710003778,-2.73925623516076,24
"473",-0.0060288689549548,-2.91849569499416,24
"474",0.408240972093869,-3.09773515482755,24
"475",0.822510813142692,-3.09773515482755,24
"476",1.23678065419152,-3.27697461466094,24
"477",1.65105049524034,-3.27697461466094,24
"478",2.06532033628916,-3.27697461466094,24
"479",2.47959017733799,-3.27697461466094,24
"480",2.89386001838681,-3.27697461466094,24
"481",-4.97726696154084,0.307814582006944,25
"482",-4.56299712049201,0.307814582006944,25
"483",-4.14872727944319,0.307814582006944,25
"484",-3.73445743839437,0.307814582006944,25
"485",-3.32018759734554,0.307814582006944,25
"486",-2.90591775629672,0.307814582006944,25
"487",-2.4916479152479,0.128575122173549,25
"488",-2.07737807419907,-0.588382717160028,25
"489",-1.66310823315025,-1.12610109666021,25
"490",-1.24883839210143,-1.84305893599379,25
"491",-0.834568551052602,-2.56001677532737,25
"492",-0.420298710003778,-3.27697461466094,25
"493",-0.0060288689549548,-3.27697461466094,25
"494",0.408240972093869,-3.27697461466094,25
"495",0.822510813142692,-3.27697461466094,25
"496",1.23678065419152,-3.27697461466094,25
"497",1.65105049524034,-3.27697461466094,25
"498",2.06532033628916,-3.27697461466094,25
"499",2.47959017733799,-3.27697461466094,25
"500",2.89386001838681,-3.27697461466094,25
"501",-4.97726696154084,0.307814582006944,26
"502",-4.56299712049201,0.307814582006944,26
"503",-4.14872727944319,0.307814582006944,26
"504",-3.73445743839437,0.307814582006944,26
"505",-3.32018759734554,0.307814582006944,26
"506",-2.90591775629672,0.307814582006944,26
"507",-2.4916479152479,-0.22990379749324,26
"508",-2.07737807419907,-0.409143257326634,26
"509",-1.66310823315025,-0.767622176993423,26
"510",-1.24883839210143,-0.946861636826817,26
"511",-0.834568551052602,-1.30534055649361,26
"512",-0.420298710003778,-1.66381947616039,26
"513",-0.0060288689549548,-2.20153785566058,26
"514",0.408240972093869,-2.56001677532737,26
"515",0.822510813142692,-2.73925623516076,26
"516",1.23678065419152,-2.91849569499416,26
"517",1.65105049524034,-2.91849569499416,26
"518",2.06532033628916,-2.91849569499416,26
"519",2.47959017733799,-2.91849569499416,26
"520",2.89386001838681,-2.91849569499416,26
"521",-4.97726696154084,0.307814582006944,27
"522",-4.56299712049201,0.307814582006944,27
"523",-4.14872727944319,0.307814582006944,27
"524",-3.73445743839437,0.307814582006944,27
"525",-3.32018759734554,0.307814582006944,27
"526",-2.90591775629672,0.307814582006944,27
"527",-2.4916479152479,0.307814582006944,27
"528",-2.07737807419907,-0.767622176993423,27
"529",-1.66310823315025,-1.30534055649361,27
"530",-1.24883839210143,-1.84305893599379,27
"531",-0.834568551052602,-2.38077731549397,27
"532",-0.420298710003778,-2.73925623516076,27
"533",-0.0060288689549548,-3.27697461466094,27
"534",0.408240972093869,-3.27697461466094,27
"535",0.822510813142692,-3.27697461466094,27
"536",1.23678065419152,-3.27697461466094,27
"537",1.65105049524034,-3.27697461466094,27
"538",2.06532033628916,-3.27697461466094,27
"539",2.47959017733799,-3.27697461466094,27
"540",2.89386001838681,-3.27697461466094,27
"541",-4.97726696154084,0.307814582006944,28
"542",-4.56299712049201,0.307814582006944,28
"543",-4.14872727944319,0.307814582006944,28
"544",-3.73445743839437,0.307814582006944,28
"545",-3.32018759734554,0.307814582006944,28
"546",-2.90591775629672,0.307814582006944,28
"547",-2.4916479152479,-0.0506643376598452,28
"548",-2.07737807419907,-0.767622176993423,28
"549",-1.66310823315025,-1.84305893599379,28
"550",-1.24883839210143,-2.56001677532737,28
"551",-0.834568551052602,-3.09773515482755,28
"552",-0.420298710003778,-3.27697461466094,28
"553",-0.0060288689549548,-3.27697461466094,28
"554",0.408240972093869,-3.27697461466094,28
"555",0.822510813142692,-3.27697461466094,28
"556",1.23678065419152,-3.27697461466094,28
"557",1.65105049524034,-3.27697461466094,28
"558",2.06532033628916,-3.27697461466094,28
"559",2.47959017733799,-3.27697461466094,28
"560",2.89386001838681,-3.27697461466094,28
"561",-4.97726696154084,0.307814582006944,29
"562",-4.56299712049201,0.307814582006944,29
"563",-4.14872727944319,0.307814582006944,29
"564",-3.73445743839437,0.307814582006944,29
"565",-3.32018759734554,0.307814582006944,29
"566",-2.90591775629672,0.307814582006944,29
"567",-2.4916479152479,-0.0506643376598452,29
"568",-2.07737807419907,-0.588382717160028,29
"569",-1.66310823315025,-1.30534055649361,29
"570",-1.24883839210143,-1.84305893599379,29
"571",-0.834568551052602,-2.38077731549397,29
"572",-0.420298710003778,-2.56001677532737,29
"573",-0.0060288689549548,-2.91849569499416,29
"574",0.408240972093869,-3.09773515482755,29
"575",0.822510813142692,-3.09773515482755,29
"576",1.23678065419152,-3.09773515482755,29
"577",1.65105049524034,-3.27697461466094,29
"578",2.06532033628916,-3.27697461466094,29
"579",2.47959017733799,-3.27697461466094,29
"580",2.89386001838681,-3.27697461466094,29
"581",-4.97726696154084,0.307814582006944,30
"582",-4.56299712049201,0.307814582006944,30
"583",-4.14872727944319,0.307814582006944,30
"584",-3.73445743839437,0.307814582006944,30
"585",-3.32018759734554,0.307814582006944,30
"586",-2.90591775629672,0.307814582006944,30
"587",-2.4916479152479,0.307814582006944,30
"588",-2.07737807419907,-0.946861636826817,30
"589",-1.66310823315025,-2.38077731549397,30
"590",-1.24883839210143,-3.09773515482755,30
"591",-0.834568551052602,-3.27697461466094,30
"592",-0.420298710003778,-3.27697461466094,30
"593",-0.0060288689549548,-3.27697461466094,30
"594",0.408240972093869,-3.27697461466094,30
"595",0.822510813142692,-3.27697461466094,30
"596",1.23678065419152,-3.27697461466094,30
"597",1.65105049524034,-3.27697461466094,30
"598",2.06532033628916,-3.27697461466094,30
"599",2.47959017733799,-3.27697461466094,30
"600",2.89386001838681,-3.27697461466094,30
"601",-4.97726696154084,0.307814582006944,31
"602",-4.56299712049201,0.307814582006944,31
"603",-4.14872727944319,0.307814582006944,31
"604",-3.73445743839437,0.307814582006944,31
"605",-3.32018759734554,0.307814582006944,31
"606",-2.90591775629672,0.307814582006944,31
"607",-2.4916479152479,-0.0506643376598452,31
"608",-2.07737807419907,-0.588382717160028,31
"609",-1.66310823315025,-0.767622176993423,31
"610",-1.24883839210143,-1.30534055649361,31
"611",-0.834568551052602,-2.02229839582718,31
"612",-0.420298710003778,-2.38077731549397,31
"613",-0.0060288689549548,-2.56001677532737,31
"614",0.408240972093869,-2.73925623516076,31
"615",0.822510813142692,-2.73925623516076,31
"616",1.23678065419152,-2.91849569499416,31
"617",1.65105049524034,-3.27697461466094,31
"618",2.06532033628916,-3.27697461466094,31
"619",2.47959017733799,-3.27697461466094,31
"620",2.89386001838681,-3.27697461466094,31
"621",-4.97726696154084,0.307814582006944,32
"622",-4.56299712049201,0.307814582006944,32
"623",-4.14872727944319,0.307814582006944,32
"624",-3.73445743839437,0.307814582006944,32
"625",-3.32018759734554,0.307814582006944,32
"626",-2.90591775629672,0.307814582006944,32
"627",-2.4916479152479,-0.0506643376598452,32
"628",-2.07737807419907,-0.588382717160028,32
"629",-1.66310823315025,-1.12610109666021,32
"630",-1.24883839210143,-2.20153785566058,32
"631",-0.834568551052602,-3.27697461466094,32
"632",-0.420298710003778,-3.27697461466094,32
"633",-0.0060288689549548,-3.27697461466094,32
"634",0.408240972093869,-3.27697461466094,32
"635",0.822510813142692,-3.27697461466094,32
"636",1.23678065419152,-3.27697461466094,32
"637",1.65105049524034,-3.27697461466094,32
"638",2.06532033628916,-3.27697461466094,32
"639",2.47959017733799,-3.27697461466094,32
"640",2.89386001838681,-3.27697461466094,32
"641",-4.97726696154084,0.307814582006944,33
"642",-4.56299712049201,0.307814582006944,33
"643",-4.14872727944319,0.307814582006944,33
"644",-3.73445743839437,0.307814582006944,33
"645",-3.32018759734554,0.307814582006944,33
"646",-2.90591775629672,0.307814582006944,33
"647",-2.4916479152479,0.307814582006944,33
"648",-2.07737807419907,-0.588382717160028,33
"649",-1.66310823315025,-0.767622176993423,33
"650",-1.24883839210143,-0.946861636826817,33
"651",-0.834568551052602,-1.484580016327,33
"652",-0.420298710003778,-2.02229839582718,33
"653",-0.0060288689549548,-2.38077731549397,33
"654",0.408240972093869,-2.73925623516076,33
"655",0.822510813142692,-2.91849569499416,33
"656",1.23678065419152,-2.91849569499416,33
"657",1.65105049524034,-2.91849569499416,33
"658",2.06532033628916,-3.09773515482755,33
"659",2.47959017733799,-3.09773515482755,33
"660",2.89386001838681,-3.09773515482755,33
"661",-4.97726696154084,0.307814582006944,34
"662",-4.56299712049201,0.307814582006944,34
"663",-4.14872727944319,0.307814582006944,34
"664",-3.73445743839437,0.307814582006944,34
"665",-3.32018759734554,0.307814582006944,34
"666",-2.90591775629672,0.307814582006944,34
"667",-2.4916479152479,0.307814582006944,34
"668",-2.07737807419907,-0.767622176993423,34
"669",-1.66310823315025,-1.30534055649361,34
"670",-1.24883839210143,-1.66381947616039,34
"671",-0.834568551052602,-2.02229839582718,34
"672",-0.420298710003778,-2.38077731549397,34
"673",-0.0060288689549548,-2.73925623516076,34
"674",0.408240972093869,-3.09773515482755,34
"675",0.822510813142692,-3.27697461466094,34
"676",1.23678065419152,-3.27697461466094,34
"677",1.65105049524034,-3.27697461466094,34
"678",2.06532033628916,-3.27697461466094,34
"679",2.47959017733799,-3.27697461466094,34
"680",2.89386001838681,-3.27697461466094,34
"681",-4.97726696154084,0.307814582006944,35
"682",-4.56299712049201,0.307814582006944,35
"683",-4.14872727944319,0.307814582006944,35
"684",-3.73445743839437,0.307814582006944,35
"685",-3.32018759734554,0.307814582006944,35
"686",-2.90591775629672,-0.0506643376598452,35
"687",-2.4916479152479,-0.22990379749324,35
"688",-2.07737807419907,-0.409143257326634,35
"689",-1.66310823315025,-0.767622176993423,35
"690",-1.24883839210143,-1.12610109666021,35
"691",-0.834568551052602,-1.30534055649361,35
"692",-0.420298710003778,-1.66381947616039,35
"693",-0.0060288689549548,-1.66381947616039,35
"694",0.408240972093869,-1.84305893599379,35
"695",0.822510813142692,-1.84305893599379,35
"696",1.23678065419152,-1.84305893599379,35
"697",1.65105049524034,-1.84305893599379,35
"698",2.06532033628916,-1.84305893599379,35
"699",2.47959017733799,-2.02229839582718,35
"700",2.89386001838681,-2.02229839582718,35
"701",-4.97726696154084,0.307814582006944,36
"702",-4.56299712049201,0.307814582006944,36
"703",-4.14872727944319,0.307814582006944,36
"704",-3.73445743839437,0.307814582006944,36
"705",-3.32018759734554,0.307814582006944,36
"706",-2.90591775629672,-0.0506643376598452,36
"707",-2.4916479152479,-0.22990379749324,36
"708",-2.07737807419907,-0.409143257326634,36
"709",-1.66310823315025,-0.767622176993423,36
"710",-1.24883839210143,-1.66381947616039,36
"711",-0.834568551052602,-2.38077731549397,36
"712",-0.420298710003778,-2.91849569499416,36
"713",-0.0060288689549548,-3.27697461466094,36
"714",0.408240972093869,-3.27697461466094,36
"715",0.822510813142692,-3.27697461466094,36
"716",1.23678065419152,-3.27697461466094,36
"717",1.65105049524034,-3.27697461466094,36
"718",2.06532033628916,-3.27697461466094,36
"719",2.47959017733799,-3.27697461466094,36
"720",2.89386001838681,-3.27697461466094,36
"721",-4.97726696154084,0.307814582006944,37
"722",-4.56299712049201,0.307814582006944,37
"723",-4.14872727944319,0.307814582006944,37
"724",-3.73445743839437,0.307814582006944,37
"725",-3.32018759734554,0.307814582006944,37
"726",-2.90591775629672,0.307814582006944,37
"727",-2.4916479152479,0.307814582006944,37
"728",-2.07737807419907,-0.767622176993423,37
"729",-1.66310823315025,-1.484580016327,37
"730",-1.24883839210143,-1.84305893599379,37
"731",-0.834568551052602,-2.20153785566058,37
"732",-0.420298710003778,-2.38077731549397,37
"733",-0.0060288689549548,-2.56001677532737,37
"734",0.408240972093869,-2.56001677532737,37
"735",0.822510813142692,-2.73925623516076,37
"736",1.23678065419152,-2.73925623516076,37
"737",1.65105049524034,-2.73925623516076,37
"738",2.06532033628916,-2.73925623516076,37
"739",2.47959017733799,-2.73925623516076,37
"740",2.89386001838681,-2.73925623516076,37
"741",-4.97726696154084,0.307814582006944,38
"742",-4.56299712049201,0.307814582006944,38
"743",-4.14872727944319,0.307814582006944,38
"744",-3.73445743839437,0.307814582006944,38
"745",-3.32018759734554,0.307814582006944,38
"746",-2.90591775629672,0.307814582006944,38
"747",-2.4916479152479,0.128575122173549,38
"748",-2.07737807419907,-0.588382717160028,38
"749",-1.66310823315025,-1.12610109666021,38
"750",-1.24883839210143,-1.484580016327,38
"751",-0.834568551052602,-2.20153785566058,38
"752",-0.420298710003778,-2.91849569499416,38
"753",-0.0060288689549548,-3.09773515482755,38
"754",0.408240972093869,-3.09773515482755,38
"755",0.822510813142692,-3.09773515482755,38
"756",1.23678065419152,-3.09773515482755,38
"757",1.65105049524034,-3.09773515482755,38
"758",2.06532033628916,-3.09773515482755,38
"759",2.47959017733799,-3.09773515482755,38
"760",2.89386001838681,-3.09773515482755,38
"761",-4.97726696154084,0.307814582006944,39
"762",-4.56299712049201,0.307814582006944,39
"763",-4.14872727944319,0.307814582006944,39
"764",-3.73445743839437,0.307814582006944,39
"765",-3.32018759734554,0.307814582006944,39
"766",-2.90591775629672,0.307814582006944,39
"767",-2.4916479152479,-0.0506643376598452,39
"768",-2.07737807419907,-0.588382717160028,39
"769",-1.66310823315025,-0.946861636826817,39
"770",-1.24883839210143,-1.484580016327,39
"771",-0.834568551052602,-2.20153785566058,39
"772",-0.420298710003778,-2.73925623516076,39
"773",-0.0060288689549548,-3.09773515482755,39
"774",0.408240972093869,-3.27697461466094,39
"775",0.822510813142692,-3.27697461466094,39
"776",1.23678065419152,-3.27697461466094,39
"777",1.65105049524034,-3.27697461466094,39
"778",2.06532033628916,-3.27697461466094,39
"779",2.47959017733799,-3.27697461466094,39
"780",2.89386001838681,-3.27697461466094,39
"781",-4.97726696154084,0.307814582006944,40
"782",-4.56299712049201,0.307814582006944,40
"783",-4.14872727944319,0.307814582006944,40
"784",-3.73445743839437,0.307814582006944,40
"785",-3.32018759734554,0.307814582006944,40
"786",-2.90591775629672,0.307814582006944,40
"787",-2.4916479152479,0.307814582006944,40
"788",-2.07737807419907,-0.767622176993423,40
"789",-1.66310823315025,-2.02229839582718,40
"790",-1.24883839210143,-2.73925623516076,40
"791",-0.834568551052602,-3.09773515482755,40
"792",-0.420298710003778,-3.27697461466094,40
"793",-0.0060288689549548,-3.27697461466094,40
"794",0.408240972093869,-3.27697461466094,40
"795",0.822510813142692,-3.27697461466094,40
"796",1.23678065419152,-3.27697461466094,40
"797",1.65105049524034,-3.27697461466094,40
"798",2.06532033628916,-3.27697461466094,40
"799",2.47959017733799,-3.27697461466094,40
"800",2.89386001838681,-3.27697461466094,40
"801",-4.97726696154084,0.307814582006944,41
"802",-4.56299712049201,0.307814582006944,41
"803",-4.14872727944319,0.307814582006944,41
"804",-3.73445743839437,0.307814582006944,41
"805",-3.32018759734554,0.307814582006944,41
"806",-2.90591775629672,0.307814582006944,41
"807",-2.4916479152479,0.307814582006944,41
"808",-2.07737807419907,-0.767622176993423,41
"809",-1.66310823315025,-1.84305893599379,41
"810",-1.24883839210143,-3.27697461466094,41
"811",-0.834568551052602,-3.27697461466094,41
"812",-0.420298710003778,-3.27697461466094,41
"813",-0.0060288689549548,-3.27697461466094,41
"814",0.408240972093869,-3.27697461466094,41
"815",0.822510813142692,-3.27697461466094,41
"816",1.23678065419152,-3.27697461466094,41
"817",1.65105049524034,-3.27697461466094,41
"818",2.06532033628916,-3.27697461466094,41
"819",2.47959017733799,-3.27697461466094,41
"820",2.89386001838681,-3.27697461466094,41
"821",-4.97726696154084,0.307814582006944,42
"822",-4.56299712049201,0.307814582006944,42
"823",-4.14872727944319,0.307814582006944,42
"824",-3.73445743839437,0.307814582006944,42
"825",-3.32018759734554,0.307814582006944,42
"826",-2.90591775629672,0.307814582006944,42
"827",-2.4916479152479,0.307814582006944,42
"828",-2.07737807419907,-0.767622176993423,42
"829",-1.66310823315025,-1.484580016327,42
"830",-1.24883839210143,-1.84305893599379,42
"831",-0.834568551052602,-2.38077731549397,42
"832",-0.420298710003778,-2.73925623516076,42
"833",-0.0060288689549548,-3.09773515482755,42
"834",0.408240972093869,-3.27697461466094,42
"835",0.822510813142692,-3.27697461466094,42
"836",1.23678065419152,-3.27697461466094,42
"837",1.65105049524034,-3.27697461466094,42
"838",2.06532033628916,-3.27697461466094,42
"839",2.47959017733799,-3.27697461466094,42
"840",2.89386001838681,-3.27697461466094,42
"841",-4.97726696154084,0.307814582006944,43
"842",-4.56299712049201,0.307814582006944,43
"843",-4.14872727944319,0.307814582006944,43
"844",-3.73445743839437,0.307814582006944,43
"845",-3.32018759734554,0.307814582006944,43
"846",-2.90591775629672,0.307814582006944,43
"847",-2.4916479152479,0.128575122173549,43
"848",-2.07737807419907,-0.767622176993423,43
"849",-1.66310823315025,-1.30534055649361,43
"850",-1.24883839210143,-1.30534055649361,43
"851",-0.834568551052602,-1.484580016327,43
"852",-0.420298710003778,-2.38077731549397,43
"853",-0.0060288689549548,-3.09773515482755,43
"854",0.408240972093869,-3.27697461466094,43
"855",0.822510813142692,-3.27697461466094,43
"856",1.23678065419152,-3.27697461466094,43
"857",1.65105049524034,-3.27697461466094,43
"858",2.06532033628916,-3.27697461466094,43
"859",2.47959017733799,-3.27697461466094,43
"860",2.89386001838681,-3.27697461466094,43
"861",-4.97726696154084,0.307814582006944,44
"862",-4.56299712049201,0.307814582006944,44
"863",-4.14872727944319,0.307814582006944,44
"864",-3.73445743839437,0.307814582006944,44
"865",-3.32018759734554,0.307814582006944,44
"866",-2.90591775629672,0.307814582006944,44
"867",-2.4916479152479,0.307814582006944,44
"868",-2.07737807419907,-0.767622176993423,44
"869",-1.66310823315025,-1.30534055649361,44
"870",-1.24883839210143,-1.484580016327,44
"871",-0.834568551052602,-1.84305893599379,44
"872",-0.420298710003778,-2.20153785566058,44
"873",-0.0060288689549548,-2.56001677532737,44
"874",0.408240972093869,-2.91849569499416,44
"875",0.822510813142692,-3.09773515482755,44
"876",1.23678065419152,-3.09773515482755,44
"877",1.65105049524034,-3.09773515482755,44
"878",2.06532033628916,-3.09773515482755,44
"879",2.47959017733799,-3.09773515482755,44
"880",2.89386001838681,-3.09773515482755,44
"881",-4.97726696154084,0.307814582006944,45
"882",-4.56299712049201,0.307814582006944,45
"883",-4.14872727944319,0.307814582006944,45
"884",-3.73445743839437,0.307814582006944,45
"885",-3.32018759734554,0.307814582006944,45
"886",-2.90591775629672,0.307814582006944,45
"887",-2.4916479152479,0.307814582006944,45
"888",-2.07737807419907,-0.767622176993423,45
"889",-1.66310823315025,-1.66381947616039,45
"890",-1.24883839210143,-2.56001677532737,45
"891",-0.834568551052602,-3.27697461466094,45
"892",-0.420298710003778,-3.27697461466094,45
"893",-0.0060288689549548,-3.27697461466094,45
"894",0.408240972093869,-3.27697461466094,45
"895",0.822510813142692,-3.27697461466094,45
"896",1.23678065419152,-3.27697461466094,45
"897",1.65105049524034,-3.27697461466094,45
"898",2.06532033628916,-3.27697461466094,45
"899",2.47959017733799,-3.27697461466094,45
"900",2.89386001838681,-3.27697461466094,45
"901",-4.97726696154084,0.307814582006944,46
"902",-4.56299712049201,0.307814582006944,46
"903",-4.14872727944319,0.307814582006944,46
"904",-3.73445743839437,0.307814582006944,46
"905",-3.32018759734554,0.307814582006944,46
"906",-2.90591775629672,0.307814582006944,46
"907",-2.4916479152479,0.307814582006944,46
"908",-2.07737807419907,-0.588382717160028,46
"909",-1.66310823315025,-1.12610109666021,46
"910",-1.24883839210143,-1.484580016327,46
"911",-0.834568551052602,-2.02229839582718,46
"912",-0.420298710003778,-2.56001677532737,46
"913",-0.0060288689549548,-2.91849569499416,46
"914",0.408240972093869,-3.27697461466094,46
"915",0.822510813142692,-3.27697461466094,46
"916",1.23678065419152,-3.27697461466094,46
"917",1.65105049524034,-3.27697461466094,46
"918",2.06532033628916,-3.27697461466094,46
"919",2.47959017733799,-3.27697461466094,46
"920",2.89386001838681,-3.27697461466094,46
"921",-4.97726696154084,0.307814582006944,47
"922",-4.56299712049201,0.307814582006944,47
"923",-4.14872727944319,0.307814582006944,47
"924",-3.73445743839437,0.307814582006944,47
"925",-3.32018759734554,0.307814582006944,47
"926",-2.90591775629672,0.307814582006944,47
"927",-2.4916479152479,-0.0506643376598452,47
"928",-2.07737807419907,-0.588382717160028,47
"929",-1.66310823315025,-1.30534055649361,47
"930",-1.24883839210143,-1.66381947616039,47
"931",-0.834568551052602,-2.02229839582718,47
"932",-0.420298710003778,-2.56001677532737,47
"933",-0.0060288689549548,-2.73925623516076,47
"934",0.408240972093869,-2.91849569499416,47
"935",0.822510813142692,-2.91849569499416,47
"936",1.23678065419152,-3.09773515482755,47
"937",1.65105049524034,-3.09773515482755,47
"938",2.06532033628916,-3.09773515482755,47
"939",2.47959017733799,-3.09773515482755,47
"940",2.89386001838681,-3.09773515482755,47
"941",-4.97726696154084,0.307814582006944,48
"942",-4.56299712049201,0.307814582006944,48
"943",-4.14872727944319,0.307814582006944,48
"944",-3.73445743839437,0.307814582006944,48
"945",-3.32018759734554,0.307814582006944,48
"946",-2.90591775629672,0.307814582006944,48
"947",-2.4916479152479,0.307814582006944,48
"948",-2.07737807419907,-0.588382717160028,48
"949",-1.66310823315025,-1.12610109666021,48
"950",-1.24883839210143,-1.66381947616039,48
"951",-0.834568551052602,-2.20153785566058,48
"952",-0.420298710003778,-2.56001677532737,48
"953",-0.0060288689549548,-2.91849569499416,48
"954",0.408240972093869,-3.09773515482755,48
"955",0.822510813142692,-3.09773515482755,48
"956",1.23678065419152,-3.27697461466094,48
"957",1.65105049524034,-3.27697461466094,48
"958",2.06532033628916,-3.27697461466094,48
"959",2.47959017733799,-3.27697461466094,48
"960",2.89386001838681,-3.27697461466094,48
"961",-4.97726696154084,0.307814582006944,49
"962",-4.56299712049201,0.307814582006944,49
"963",-4.14872727944319,0.307814582006944,49
"964",-3.73445743839437,0.307814582006944,49
"965",-3.32018759734554,0.307814582006944,49
"966",-2.90591775629672,0.307814582006944,49
"967",-2.4916479152479,0.307814582006944,49
"968",-2.07737807419907,-0.767622176993423,49
"969",-1.66310823315025,-1.30534055649361,49
"970",-1.24883839210143,-1.66381947616039,49
"971",-0.834568551052602,-2.02229839582718,49
"972",-0.420298710003778,-2.73925623516076,49
"973",-0.0060288689549548,-3.09773515482755,49
"974",0.408240972093869,-3.27697461466094,49
"975",0.822510813142692,-3.27697461466094,49
"976",1.23678065419152,-3.27697461466094,49
"977",1.65105049524034,-3.27697461466094,49
"978",2.06532033628916,-3.27697461466094,49
"979",2.47959017733799,-3.27697461466094,49
"980",2.89386001838681,-3.27697461466094,49
"981",-4.97726696154084,0.307814582006944,50
"982",-4.56299712049201,0.307814582006944,50
"983",-4.14872727944319,0.307814582006944,50
"984",-3.73445743839437,0.307814582006944,50
"985",-3.32018759734554,0.307814582006944,50
"986",-2.90591775629672,0.307814582006944,50
"987",-2.4916479152479,0.128575122173549,50
"988",-2.07737807419907,-0.588382717160028,50
"989",-1.66310823315025,-1.12610109666021,50
"990",-1.24883839210143,-1.84305893599379,50
"991",-0.834568551052602,-3.27697461466094,50
"992",-0.420298710003778,-3.27697461466094,50
"993",-0.0060288689549548,-3.27697461466094,50
"994",0.408240972093869,-3.27697461466094,50
"995",0.822510813142692,-3.27697461466094,50
"996",1.23678065419152,-3.27697461466094,50
"997",1.65105049524034,-3.27697461466094,50
"998",2.06532033628916,-3.27697461466094,50
"999",2.47959017733799,-3.27697461466094,50
"1000",2.89386001838681,-3.27697461466094,50
"1001",-4.97726696154084,0.307814582006944,51
"1002",-4.56299712049201,0.307814582006944,51
"1003",-4.14872727944319,0.307814582006944,51
"1004",-3.73445743839437,0.307814582006944,51
"1005",-3.32018759734554,0.307814582006944,51
"1006",-2.90591775629672,0.307814582006944,51
"1007",-2.4916479152479,0.307814582006944,51
"1008",-2.07737807419907,-0.767622176993423,51
"1009",-1.66310823315025,-1.12610109666021,51
"1010",-1.24883839210143,-1.30534055649361,51
"1011",-0.834568551052602,-1.66381947616039,51
"1012",-0.420298710003778,-2.02229839582718,51
"1013",-0.0060288689549548,-2.38077731549397,51
"1014",0.408240972093869,-2.56001677532737,51
"1015",0.822510813142692,-2.56001677532737,51
"1016",1.23678065419152,-2.56001677532737,51
"1017",1.65105049524034,-2.56001677532737,51
"1018",2.06532033628916,-2.56001677532737,51
"1019",2.47959017733799,-2.56001677532737,51
"1020",2.89386001838681,-2.56001677532737,51
"1021",-4.97726696154084,0.307814582006944,52
"1022",-4.56299712049201,0.307814582006944,52
"1023",-4.14872727944319,0.307814582006944,52
"1024",-3.73445743839437,0.307814582006944,52
"1025",-3.32018759734554,0.307814582006944,52
"1026",-2.90591775629672,0.307814582006944,52
"1027",-2.4916479152479,-0.0506643376598452,52
"1028",-2.07737807419907,-0.588382717160028,52
"1029",-1.66310823315025,-1.30534055649361,52
"1030",-1.24883839210143,-1.484580016327,52
"1031",-0.834568551052602,-1.66381947616039,52
"1032",-0.420298710003778,-2.02229839582718,52
"1033",-0.0060288689549548,-2.56001677532737,52
"1034",0.408240972093869,-3.27697461466094,52
"1035",0.822510813142692,-3.27697461466094,52
"1036",1.23678065419152,-3.27697461466094,52
"1037",1.65105049524034,-3.27697461466094,52
"1038",2.06532033628916,-3.27697461466094,52
"1039",2.47959017733799,-3.27697461466094,52
"1040",2.89386001838681,-3.27697461466094,52
"1041",-4.97726696154084,0.307814582006944,53
"1042",-4.56299712049201,0.307814582006944,53
"1043",-4.14872727944319,0.307814582006944,53
"1044",-3.73445743839437,0.307814582006944,53
"1045",-3.32018759734554,0.307814582006944,53
"1046",-2.90591775629672,0.307814582006944,53
"1047",-2.4916479152479,0.307814582006944,53
"1048",-2.07737807419907,-0.767622176993423,53
"1049",-1.66310823315025,-1.66381947616039,53
"1050",-1.24883839210143,-1.84305893599379,53
"1051",-0.834568551052602,-2.02229839582718,53
"1052",-0.420298710003778,-2.20153785566058,53
"1053",-0.0060288689549548,-2.20153785566058,53
"1054",0.408240972093869,-2.20153785566058,53
"1055",0.822510813142692,-2.38077731549397,53
"1056",1.23678065419152,-2.38077731549397,53
"1057",1.65105049524034,-2.38077731549397,53
"1058",2.06532033628916,-2.38077731549397,53
"1059",2.47959017733799,-2.38077731549397,53
"1060",2.89386001838681,-2.38077731549397,53
"1061",-4.97726696154084,0.307814582006944,54
"1062",-4.56299712049201,0.307814582006944,54
"1063",-4.14872727944319,0.307814582006944,54
"1064",-3.73445743839437,0.307814582006944,54
"1065",-3.32018759734554,0.307814582006944,54
"1066",-2.90591775629672,0.307814582006944,54
"1067",-2.4916479152479,0.307814582006944,54
"1068",-2.07737807419907,-1.12610109666021,54
"1069",-1.66310823315025,-1.484580016327,54
"1070",-1.24883839210143,-1.66381947616039,54
"1071",-0.834568551052602,-1.66381947616039,54
"1072",-0.420298710003778,-1.84305893599379,54
"1073",-0.0060288689549548,-2.20153785566058,54
"1074",0.408240972093869,-2.56001677532737,54
"1075",0.822510813142692,-2.73925623516076,54
"1076",1.23678065419152,-2.91849569499416,54
"1077",1.65105049524034,-2.91849569499416,54
"1078",2.06532033628916,-2.91849569499416,54
"1079",2.47959017733799,-2.91849569499416,54
"1080",2.89386001838681,-2.91849569499416,54
"1081",-4.97726696154084,0.307814582006944,55
"1082",-4.56299712049201,0.307814582006944,55
"1083",-4.14872727944319,0.307814582006944,55
"1084",-3.73445743839437,0.307814582006944,55
"1085",-3.32018759734554,0.307814582006944,55
"1086",-2.90591775629672,0.307814582006944,55
"1087",-2.4916479152479,0.307814582006944,55
"1088",-2.07737807419907,-0.588382717160028,55
"1089",-1.66310823315025,-1.12610109666021,55
"1090",-1.24883839210143,-1.30534055649361,55
"1091",-0.834568551052602,-1.66381947616039,55
"1092",-0.420298710003778,-2.02229839582718,55
"1093",-0.0060288689549548,-2.38077731549397,55
"1094",0.408240972093869,-2.56001677532737,55
"1095",0.822510813142692,-2.73925623516076,55
"1096",1.23678065419152,-2.73925623516076,55
"1097",1.65105049524034,-2.91849569499416,55
"1098",2.06532033628916,-2.91849569499416,55
"1099",2.47959017733799,-2.91849569499416,55
"1100",2.89386001838681,-2.91849569499416,55
"1101",-4.97726696154084,0.307814582006944,56
"1102",-4.56299712049201,0.307814582006944,56
"1103",-4.14872727944319,0.307814582006944,56
"1104",-3.73445743839437,0.307814582006944,56
"1105",-3.32018759734554,0.307814582006944,56
"1106",-2.90591775629672,0.307814582006944,56
"1107",-2.4916479152479,-0.0506643376598452,56
"1108",-2.07737807419907,-0.588382717160028,56
"1109",-1.66310823315025,-1.12610109666021,56
"1110",-1.24883839210143,-1.84305893599379,56
"1111",-0.834568551052602,-2.38077731549397,56
"1112",-0.420298710003778,-2.73925623516076,56
"1113",-0.0060288689549548,-3.09773515482755,56
"1114",0.408240972093869,-3.27697461466094,56
"1115",0.822510813142692,-3.27697461466094,56
"1116",1.23678065419152,-3.27697461466094,56
"1117",1.65105049524034,-3.27697461466094,56
"1118",2.06532033628916,-3.27697461466094,56
"1119",2.47959017733799,-3.27697461466094,56
"1120",2.89386001838681,-3.27697461466094,56
"1121",-4.97726696154084,0.307814582006944,57
"1122",-4.56299712049201,0.307814582006944,57
"1123",-4.14872727944319,0.307814582006944,57
"1124",-3.73445743839437,0.307814582006944,57
"1125",-3.32018759734554,0.307814582006944,57
"1126",-2.90591775629672,0.307814582006944,57
"1127",-2.4916479152479,0.307814582006944,57
"1128",-2.07737807419907,-0.588382717160028,57
"1129",-1.66310823315025,-1.12610109666021,57
"1130",-1.24883839210143,-1.484580016327,57
"1131",-0.834568551052602,-2.38077731549397,57
"1132",-0.420298710003778,-2.91849569499416,57
"1133",-0.0060288689549548,-3.09773515482755,57
"1134",0.408240972093869,-3.27697461466094,57
"1135",0.822510813142692,-3.27697461466094,57
"1136",1.23678065419152,-3.27697461466094,57
"1137",1.65105049524034,-3.27697461466094,57
"1138",2.06532033628916,-3.27697461466094,57
"1139",2.47959017733799,-3.27697461466094,57
"1140",2.89386001838681,-3.27697461466094,57
"1141",-4.97726696154084,0.307814582006944,58
"1142",-4.56299712049201,0.307814582006944,58
"1143",-4.14872727944319,0.307814582006944,58
"1144",-3.73445743839437,0.307814582006944,58
"1145",-3.32018759734554,0.307814582006944,58
"1146",-2.90591775629672,0.307814582006944,58
"1147",-2.4916479152479,0.307814582006944,58
"1148",-2.07737807419907,-0.588382717160028,58
"1149",-1.66310823315025,-1.12610109666021,58
"1150",-1.24883839210143,-1.484580016327,58
"1151",-0.834568551052602,-1.66381947616039,58
"1152",-0.420298710003778,-2.02229839582718,58
"1153",-0.0060288689549548,-2.38077731549397,58
"1154",0.408240972093869,-2.91849569499416,58
"1155",0.822510813142692,-3.09773515482755,58
"1156",1.23678065419152,-3.27697461466094,58
"1157",1.65105049524034,-3.27697461466094,58
"1158",2.06532033628916,-3.27697461466094,58
"1159",2.47959017733799,-3.27697461466094,58
"1160",2.89386001838681,-3.27697461466094,58
"1161",-4.97726696154084,0.307814582006944,59
"1162",-4.56299712049201,0.307814582006944,59
"1163",-4.14872727944319,0.307814582006944,59
"1164",-3.73445743839437,0.307814582006944,59
"1165",-3.32018759734554,0.307814582006944,59
"1166",-2.90591775629672,0.307814582006944,59
"1167",-2.4916479152479,0.307814582006944,59
"1168",-2.07737807419907,-0.588382717160028,59
"1169",-1.66310823315025,-1.30534055649361,59
"1170",-1.24883839210143,-1.84305893599379,59
"1171",-0.834568551052602,-2.38077731549397,59
"1172",-0.420298710003778,-3.09773515482755,59
"1173",-0.0060288689549548,-3.27697461466094,59
"1174",0.408240972093869,-3.27697461466094,59
"1175",0.822510813142692,-3.27697461466094,59
"1176",1.23678065419152,-3.27697461466094,59
"1177",1.65105049524034,-3.27697461466094,59
"1178",2.06532033628916,-3.27697461466094,59
"1179",2.47959017733799,-3.27697461466094,59
"1180",2.89386001838681,-3.27697461466094,59
"1181",-4.97726696154084,0.307814582006944,60
"1182",-4.56299712049201,0.307814582006944,60
"1183",-4.14872727944319,0.307814582006944,60
"1184",-3.73445743839437,0.307814582006944,60
"1185",-3.32018759734554,0.307814582006944,60
"1186",-2.90591775629672,0.307814582006944,60
"1187",-2.4916479152479,-0.0506643376598452,60
"1188",-2.07737807419907,-0.588382717160028,60
"1189",-1.66310823315025,-0.946861636826817,60
"1190",-1.24883839210143,-1.30534055649361,60
"1191",-0.834568551052602,-1.484580016327,60
"1192",-0.420298710003778,-1.66381947616039,60
"1193",-0.0060288689549548,-1.84305893599379,60
"1194",0.408240972093869,-2.38077731549397,60
"1195",0.822510813142692,-2.56001677532737,60
"1196",1.23678065419152,-2.73925623516076,60
"1197",1.65105049524034,-2.91849569499416,60
"1198",2.06532033628916,-2.91849569499416,60
"1199",2.47959017733799,-2.91849569499416,60
"1200",2.89386001838681,-2.91849569499416,60
"1201",-4.97726696154084,0.307814582006944,61
"1202",-4.56299712049201,0.307814582006944,61
"1203",-4.14872727944319,0.307814582006944,61
"1204",-3.73445743839437,0.307814582006944,61
"1205",-3.32018759734554,0.307814582006944,61
"1206",-2.90591775629672,0.128575122173549,61
"1207",-2.4916479152479,-0.0506643376598452,61
"1208",-2.07737807419907,-0.588382717160028,61
"1209",-1.66310823315025,-1.66381947616039,61
"1210",-1.24883839210143,-2.38077731549397,61
"1211",-0.834568551052602,-2.91849569499416,61
"1212",-0.420298710003778,-3.27697461466094,61
"1213",-0.0060288689549548,-3.27697461466094,61
"1214",0.408240972093869,-3.27697461466094,61
"1215",0.822510813142692,-3.27697461466094,61
"1216",1.23678065419152,-3.27697461466094,61
"1217",1.65105049524034,-3.27697461466094,61
"1218",2.06532033628916,-3.27697461466094,61
"1219",2.47959017733799,-3.27697461466094,61
"1220",2.89386001838681,-3.27697461466094,61
"1221",-4.97726696154084,0.307814582006944,62
"1222",-4.56299712049201,0.307814582006944,62
"1223",-4.14872727944319,0.307814582006944,62
"1224",-3.73445743839437,0.307814582006944,62
"1225",-3.32018759734554,0.307814582006944,62
"1226",-2.90591775629672,0.307814582006944,62
"1227",-2.4916479152479,-0.0506643376598452,62
"1228",-2.07737807419907,-0.588382717160028,62
"1229",-1.66310823315025,-0.946861636826817,62
"1230",-1.24883839210143,-1.30534055649361,62
"1231",-0.834568551052602,-1.84305893599379,62
"1232",-0.420298710003778,-2.56001677532737,62
"1233",-0.0060288689549548,-2.56001677532737,62
"1234",0.408240972093869,-2.56001677532737,62
"1235",0.822510813142692,-2.56001677532737,62
"1236",1.23678065419152,-2.56001677532737,62
"1237",1.65105049524034,-2.56001677532737,62
"1238",2.06532033628916,-2.56001677532737,62
"1239",2.47959017733799,-2.56001677532737,62
"1240",2.89386001838681,-2.56001677532737,62
"1241",-4.97726696154084,0.307814582006944,63
"1242",-4.56299712049201,0.307814582006944,63
"1243",-4.14872727944319,0.307814582006944,63
"1244",-3.73445743839437,0.307814582006944,63
"1245",-3.32018759734554,0.307814582006944,63
"1246",-2.90591775629672,0.307814582006944,63
"1247",-2.4916479152479,-0.0506643376598452,63
"1248",-2.07737807419907,-0.588382717160028,63
"1249",-1.66310823315025,-0.946861636826817,63
"1250",-1.24883839210143,-1.30534055649361,63
"1251",-0.834568551052602,-1.66381947616039,63
"1252",-0.420298710003778,-2.20153785566058,63
"1253",-0.0060288689549548,-2.56001677532737,63
"1254",0.408240972093869,-2.91849569499416,63
"1255",0.822510813142692,-3.09773515482755,63
"1256",1.23678065419152,-3.27697461466094,63
"1257",1.65105049524034,-3.27697461466094,63
"1258",2.06532033628916,-3.27697461466094,63
"1259",2.47959017733799,-3.27697461466094,63
"1260",2.89386001838681,-3.27697461466094,63
"1261",-4.97726696154084,0.307814582006944,64
"1262",-4.56299712049201,0.307814582006944,64
"1263",-4.14872727944319,0.307814582006944,64
"1264",-3.73445743839437,0.307814582006944,64
"1265",-3.32018759734554,0.307814582006944,64
"1266",-2.90591775629672,0.307814582006944,64
"1267",-2.4916479152479,0.307814582006944,64
"1268",-2.07737807419907,-0.767622176993423,64
"1269",-1.66310823315025,-1.30534055649361,64
"1270",-1.24883839210143,-1.66381947616039,64
"1271",-0.834568551052602,-2.02229839582718,64
"1272",-0.420298710003778,-2.20153785566058,64
"1273",-0.0060288689549548,-2.56001677532737,64
"1274",0.408240972093869,-2.91849569499416,64
"1275",0.822510813142692,-3.09773515482755,64
"1276",1.23678065419152,-3.27697461466094,64
"1277",1.65105049524034,-3.27697461466094,64
"1278",2.06532033628916,-3.27697461466094,64
"1279",2.47959017733799,-3.27697461466094,64
"1280",2.89386001838681,-3.27697461466094,64
"1281",-4.97726696154084,0.307814582006944,65
"1282",-4.56299712049201,0.307814582006944,65
"1283",-4.14872727944319,0.307814582006944,65
"1284",-3.73445743839437,0.307814582006944,65
"1285",-3.32018759734554,0.307814582006944,65
"1286",-2.90591775629672,0.307814582006944,65
"1287",-2.4916479152479,0.307814582006944,65
"1288",-2.07737807419907,-0.588382717160028,65
"1289",-1.66310823315025,-1.30534055649361,65
"1290",-1.24883839210143,-1.84305893599379,65
"1291",-0.834568551052602,-2.20153785566058,65
"1292",-0.420298710003778,-2.38077731549397,65
"1293",-0.0060288689549548,-2.56001677532737,65
"1294",0.408240972093869,-2.73925623516076,65
"1295",0.822510813142692,-2.73925623516076,65
"1296",1.23678065419152,-2.73925623516076,65
"1297",1.65105049524034,-2.73925623516076,65
"1298",2.06532033628916,-2.73925623516076,65
"1299",2.47959017733799,-2.73925623516076,65
"1300",2.89386001838681,-2.91849569499416,65
"1301",-4.97726696154084,0.307814582006944,66
"1302",-4.56299712049201,0.307814582006944,66
"1303",-4.14872727944319,0.307814582006944,66
"1304",-3.73445743839437,0.307814582006944,66
"1305",-3.32018759734554,0.307814582006944,66
"1306",-2.90591775629672,0.307814582006944,66
"1307",-2.4916479152479,0.307814582006944,66
"1308",-2.07737807419907,-0.588382717160028,66
"1309",-1.66310823315025,-0.946861636826817,66
"1310",-1.24883839210143,-1.30534055649361,66
"1311",-0.834568551052602,-1.84305893599379,66
"1312",-0.420298710003778,-2.20153785566058,66
"1313",-0.0060288689549548,-2.56001677532737,66
"1314",0.408240972093869,-3.09773515482755,66
"1315",0.822510813142692,-3.27697461466094,66
"1316",1.23678065419152,-3.27697461466094,66
"1317",1.65105049524034,-3.27697461466094,66
"1318",2.06532033628916,-3.27697461466094,66
"1319",2.47959017733799,-3.27697461466094,66
"1320",2.89386001838681,-3.27697461466094,66
"1321",-4.97726696154084,0.307814582006944,67
"1322",-4.56299712049201,0.307814582006944,67
"1323",-4.14872727944319,0.307814582006944,67
"1324",-3.73445743839437,0.307814582006944,67
"1325",-3.32018759734554,0.307814582006944,67
"1326",-2.90591775629672,0.307814582006944,67
"1327",-2.4916479152479,0.128575122173549,67
"1328",-2.07737807419907,-0.588382717160028,67
"1329",-1.66310823315025,-1.484580016327,67
"1330",-1.24883839210143,-2.02229839582718,67
"1331",-0.834568551052602,-3.09773515482755,67
"1332",-0.420298710003778,-3.27697461466094,67
"1333",-0.0060288689549548,-3.27697461466094,67
"1334",0.408240972093869,-3.27697461466094,67
"1335",0.822510813142692,-3.27697461466094,67
"1336",1.23678065419152,-3.27697461466094,67
"1337",1.65105049524034,-3.27697461466094,67
"1338",2.06532033628916,-3.27697461466094,67
"1339",2.47959017733799,-3.27697461466094,67
"1340",2.89386001838681,-3.27697461466094,67
"1341",-4.97726696154084,0.307814582006944,68
"1342",-4.56299712049201,0.307814582006944,68
"1343",-4.14872727944319,0.307814582006944,68
"1344",-3.73445743839437,0.307814582006944,68
"1345",-3.32018759734554,0.307814582006944,68
"1346",-2.90591775629672,0.307814582006944,68
"1347",-2.4916479152479,0.128575122173549,68
"1348",-2.07737807419907,-0.588382717160028,68
"1349",-1.66310823315025,-0.946861636826817,68
"1350",-1.24883839210143,-1.484580016327,68
"1351",-0.834568551052602,-2.02229839582718,68
"1352",-0.420298710003778,-2.56001677532737,68
"1353",-0.0060288689549548,-3.27697461466094,68
"1354",0.408240972093869,-3.27697461466094,68
"1355",0.822510813142692,-3.27697461466094,68
"1356",1.23678065419152,-3.27697461466094,68
"1357",1.65105049524034,-3.27697461466094,68
"1358",2.06532033628916,-3.27697461466094,68
"1359",2.47959017733799,-3.27697461466094,68
"1360",2.89386001838681,-3.27697461466094,68
"1361",-4.97726696154084,0.307814582006944,69
"1362",-4.56299712049201,0.307814582006944,69
"1363",-4.14872727944319,0.307814582006944,69
"1364",-3.73445743839437,0.307814582006944,69
"1365",-3.32018759734554,0.307814582006944,69
"1366",-2.90591775629672,0.307814582006944,69
"1367",-2.4916479152479,0.307814582006944,69
"1368",-2.07737807419907,-0.588382717160028,69
"1369",-1.66310823315025,-0.946861636826817,69
"1370",-1.24883839210143,-1.30534055649361,69
"1371",-0.834568551052602,-1.84305893599379,69
"1372",-0.420298710003778,-2.20153785566058,69
"1373",-0.0060288689549548,-2.56001677532737,69
"1374",0.408240972093869,-2.56001677532737,69
"1375",0.822510813142692,-2.56001677532737,69
"1376",1.23678065419152,-2.56001677532737,69
"1377",1.65105049524034,-2.56001677532737,69
"1378",2.06532033628916,-2.56001677532737,69
"1379",2.47959017733799,-2.73925623516076,69
"1380",2.89386001838681,-2.73925623516076,69
"1381",-4.97726696154084,0.307814582006944,70
"1382",-4.56299712049201,0.307814582006944,70
"1383",-4.14872727944319,0.307814582006944,70
"1384",-3.73445743839437,0.307814582006944,70
"1385",-3.32018759734554,0.307814582006944,70
"1386",-2.90591775629672,0.307814582006944,70
"1387",-2.4916479152479,0.307814582006944,70
"1388",-2.07737807419907,-0.588382717160028,70
"1389",-1.66310823315025,-0.946861636826817,70
"1390",-1.24883839210143,-1.30534055649361,70
"1391",-0.834568551052602,-1.84305893599379,70
"1392",-0.420298710003778,-2.38077731549397,70
"1393",-0.0060288689549548,-2.73925623516076,70
"1394",0.408240972093869,-2.91849569499416,70
"1395",0.822510813142692,-2.91849569499416,70
"1396",1.23678065419152,-2.91849569499416,70
"1397",1.65105049524034,-2.91849569499416,70
"1398",2.06532033628916,-2.91849569499416,70
"1399",2.47959017733799,-2.91849569499416,70
"1400",2.89386001838681,-2.91849569499416,70
"1401",-4.97726696154084,0.307814582006944,71
"1402",-4.56299712049201,0.307814582006944,71
"1403",-4.14872727944319,0.307814582006944,71
"1404",-3.73445743839437,0.307814582006944,71
"1405",-3.32018759734554,0.307814582006944,71
"1406",-2.90591775629672,0.307814582006944,71
"1407",-2.4916479152479,-0.0506643376598452,71
"1408",-2.07737807419907,-0.588382717160028,71
"1409",-1.66310823315025,-0.767622176993423,71
"1410",-1.24883839210143,-1.12610109666021,71
"1411",-0.834568551052602,-1.84305893599379,71
"1412",-0.420298710003778,-2.56001677532737,71
"1413",-0.0060288689549548,-2.91849569499416,71
"1414",0.408240972093869,-3.27697461466094,71
"1415",0.822510813142692,-3.27697461466094,71
"1416",1.23678065419152,-3.27697461466094,71
"1417",1.65105049524034,-3.27697461466094,71
"1418",2.06532033628916,-3.27697461466094,71
"1419",2.47959017733799,-3.27697461466094,71
"1420",2.89386001838681,-3.27697461466094,71
"1421",-4.97726696154084,0.307814582006944,72
"1422",-4.56299712049201,0.307814582006944,72
"1423",-4.14872727944319,0.307814582006944,72
"1424",-3.73445743839437,0.307814582006944,72
"1425",-3.32018759734554,0.307814582006944,72
"1426",-2.90591775629672,0.307814582006944,72
"1427",-2.4916479152479,0.307814582006944,72
"1428",-2.07737807419907,-0.588382717160028,72
"1429",-1.66310823315025,-0.946861636826817,72
"1430",-1.24883839210143,-1.484580016327,72
"1431",-0.834568551052602,-1.84305893599379,72
"1432",-0.420298710003778,-1.84305893599379,72
"1433",-0.0060288689549548,-2.20153785566058,72
"1434",0.408240972093869,-3.09773515482755,72
"1435",0.822510813142692,-3.27697461466094,72
"1436",1.23678065419152,-3.27697461466094,72
"1437",1.65105049524034,-3.27697461466094,72
"1438",2.06532033628916,-3.27697461466094,72
"1439",2.47959017733799,-3.27697461466094,72
"1440",2.89386001838681,-3.27697461466094,72
"1441",-4.97726696154084,0.307814582006944,73
"1442",-4.56299712049201,0.307814582006944,73
"1443",-4.14872727944319,0.307814582006944,73
"1444",-3.73445743839437,0.307814582006944,73
"1445",-3.32018759734554,0.307814582006944,73
"1446",-2.90591775629672,0.307814582006944,73
"1447",-2.4916479152479,0.307814582006944,73
"1448",-2.07737807419907,-0.946861636826817,73
"1449",-1.66310823315025,-1.484580016327,73
"1450",-1.24883839210143,-1.66381947616039,73
"1451",-0.834568551052602,-1.66381947616039,73
"1452",-0.420298710003778,-1.66381947616039,73
"1453",-0.0060288689549548,-1.84305893599379,73
"1454",0.408240972093869,-2.20153785566058,73
"1455",0.822510813142692,-2.56001677532737,73
"1456",1.23678065419152,-2.73925623516076,73
"1457",1.65105049524034,-2.91849569499416,73
"1458",2.06532033628916,-2.91849569499416,73
"1459",2.47959017733799,-2.91849569499416,73
"1460",2.89386001838681,-2.91849569499416,73
"1461",-4.97726696154084,0.307814582006944,74
"1462",-4.56299712049201,0.307814582006944,74
"1463",-4.14872727944319,0.307814582006944,74
"1464",-3.73445743839437,0.307814582006944,74
"1465",-3.32018759734554,0.307814582006944,74
"1466",-2.90591775629672,0.128575122173549,74
"1467",-2.4916479152479,-0.409143257326634,74
"1468",-2.07737807419907,-0.409143257326634,74
"1469",-1.66310823315025,-0.588382717160028,74
"1470",-1.24883839210143,-0.767622176993423,74
"1471",-0.834568551052602,-1.30534055649361,74
"1472",-0.420298710003778,-1.484580016327,74
"1473",-0.0060288689549548,-1.66381947616039,74
"1474",0.408240972093869,-1.84305893599379,74
"1475",0.822510813142692,-2.02229839582718,74
"1476",1.23678065419152,-2.20153785566058,74
"1477",1.65105049524034,-2.20153785566058,74
"1478",2.06532033628916,-2.38077731549397,74
"1479",2.47959017733799,-2.38077731549397,74
"1480",2.89386001838681,-2.38077731549397,74
"1481",-4.97726696154084,0.128575122173549,75
"1482",-4.56299712049201,0.128575122173549,75
"1483",-4.14872727944319,0.128575122173549,75
"1484",-3.73445743839437,0.128575122173549,75
"1485",-3.32018759734554,-0.409143257326634,75
"1486",-2.90591775629672,-0.409143257326634,75
"1487",-2.4916479152479,-0.409143257326634,75
"1488",-2.07737807419907,-0.409143257326634,75
"1489",-1.66310823315025,-0.588382717160028,75
"1490",-1.24883839210143,-1.12610109666021,75
"1491",-0.834568551052602,-1.84305893599379,75
"1492",-0.420298710003778,-2.38077731549397,75
"1493",-0.0060288689549548,-2.91849569499416,75
"1494",0.408240972093869,-3.27697461466094,75
"1495",0.822510813142692,-3.27697461466094,75
"1496",1.23678065419152,-3.27697461466094,75
"1497",1.65105049524034,-3.27697461466094,75
"1498",2.06532033628916,-3.27697461466094,75
"1499",2.47959017733799,-3.27697461466094,75
"1500",2.89386001838681,-3.27697461466094,75
"1501",-4.97726696154084,0.307814582006944,76
"1502",-4.56299712049201,0.307814582006944,76
"1503",-4.14872727944319,0.307814582006944,76
"1504",-3.73445743839437,0.307814582006944,76
"1505",-3.32018759734554,0.307814582006944,76
"1506",-2.90591775629672,0.307814582006944,76
"1507",-2.4916479152479,0.307814582006944,76
"1508",-2.07737807419907,-0.588382717160028,76
"1509",-1.66310823315025,-0.946861636826817,76
"1510",-1.24883839210143,-1.30534055649361,76
"1511",-0.834568551052602,-1.484580016327,76
"1512",-0.420298710003778,-1.84305893599379,76
"1513",-0.0060288689549548,-2.38077731549397,76
"1514",0.408240972093869,-2.38077731549397,76
"1515",0.822510813142692,-2.38077731549397,76
"1516",1.23678065419152,-2.56001677532737,76
"1517",1.65105049524034,-2.56001677532737,76
"1518",2.06532033628916,-2.56001677532737,76
"1519",2.47959017733799,-2.56001677532737,76
"1520",2.89386001838681,-2.73925623516076,76
"1521",-4.97726696154084,0.307814582006944,77
"1522",-4.56299712049201,0.307814582006944,77
"1523",-4.14872727944319,0.307814582006944,77
"1524",-3.73445743839437,0.307814582006944,77
"1525",-3.32018759734554,0.307814582006944,77
"1526",-2.90591775629672,0.307814582006944,77
"1527",-2.4916479152479,-0.22990379749324,77
"1528",-2.07737807419907,-0.409143257326634,77
"1529",-1.66310823315025,-0.767622176993423,77
"1530",-1.24883839210143,-1.12610109666021,77
"1531",-0.834568551052602,-1.84305893599379,77
"1532",-0.420298710003778,-2.20153785566058,77
"1533",-0.0060288689549548,-2.56001677532737,77
"1534",0.408240972093869,-2.73925623516076,77
"1535",0.822510813142692,-2.91849569499416,77
"1536",1.23678065419152,-2.91849569499416,77
"1537",1.65105049524034,-2.91849569499416,77
"1538",2.06532033628916,-2.91849569499416,77
"1539",2.47959017733799,-2.91849569499416,77
"1540",2.89386001838681,-2.91849569499416,77
"1541",-4.97726696154084,0.307814582006944,78
"1542",-4.56299712049201,0.307814582006944,78
"1543",-4.14872727944319,0.307814582006944,78
"1544",-3.73445743839437,0.307814582006944,78
"1545",-3.32018759734554,0.307814582006944,78
"1546",-2.90591775629672,0.307814582006944,78
"1547",-2.4916479152479,-0.0506643376598452,78
"1548",-2.07737807419907,-0.588382717160028,78
"1549",-1.66310823315025,-0.946861636826817,78
"1550",-1.24883839210143,-1.484580016327,78
"1551",-0.834568551052602,-1.84305893599379,78
"1552",-0.420298710003778,-2.20153785566058,78
"1553",-0.0060288689549548,-2.73925623516076,78
"1554",0.408240972093869,-3.27697461466094,78
"1555",0.822510813142692,-3.27697461466094,78
"1556",1.23678065419152,-3.27697461466094,78
"1557",1.65105049524034,-3.27697461466094,78
"1558",2.06532033628916,-3.27697461466094,78
"1559",2.47959017733799,-3.27697461466094,78
"1560",2.89386001838681,-3.27697461466094,78
"1561",-4.97726696154084,0.307814582006944,79
"1562",-4.56299712049201,0.307814582006944,79
"1563",-4.14872727944319,0.307814582006944,79
"1564",-3.73445743839437,0.307814582006944,79
"1565",-3.32018759734554,0.307814582006944,79
"1566",-2.90591775629672,0.307814582006944,79
"1567",-2.4916479152479,0.307814582006944,79
"1568",-2.07737807419907,-0.588382717160028,79
"1569",-1.66310823315025,-1.12610109666021,79
"1570",-1.24883839210143,-1.30534055649361,79
"1571",-0.834568551052602,-1.84305893599379,79
"1572",-0.420298710003778,-2.73925623516076,79
"1573",-0.0060288689549548,-3.27697461466094,79
"1574",0.408240972093869,-3.27697461466094,79
"1575",0.822510813142692,-3.27697461466094,79
"1576",1.23678065419152,-3.27697461466094,79
"1577",1.65105049524034,-3.27697461466094,79
"1578",2.06532033628916,-3.27697461466094,79
"1579",2.47959017733799,-3.27697461466094,79
"1580",2.89386001838681,-3.27697461466094,79
"1581",-4.97726696154084,0.307814582006944,80
"1582",-4.56299712049201,0.307814582006944,80
"1583",-4.14872727944319,0.307814582006944,80
"1584",-3.73445743839437,0.307814582006944,80
"1585",-3.32018759734554,0.307814582006944,80
"1586",-2.90591775629672,0.307814582006944,80
"1587",-2.4916479152479,0.128575122173549,80
"1588",-2.07737807419907,-0.588382717160028,80
"1589",-1.66310823315025,-1.66381947616039,80
"1590",-1.24883839210143,-1.84305893599379,80
"1591",-0.834568551052602,-1.84305893599379,80
"1592",-0.420298710003778,-2.02229839582718,80
"1593",-0.0060288689549548,-2.91849569499416,80
"1594",0.408240972093869,-3.27697461466094,80
"1595",0.822510813142692,-3.27697461466094,80
"1596",1.23678065419152,-3.27697461466094,80
"1597",1.65105049524034,-3.27697461466094,80
"1598",2.06532033628916,-3.27697461466094,80
"1599",2.47959017733799,-3.27697461466094,80
"1600",2.89386001838681,-3.27697461466094,80
"1601",-4.97726696154084,0.307814582006944,81
"1602",-4.56299712049201,0.307814582006944,81
"1603",-4.14872727944319,0.307814582006944,81
"1604",-3.73445743839437,0.307814582006944,81
"1605",-3.32018759734554,0.307814582006944,81
"1606",-2.90591775629672,0.307814582006944,81
"1607",-2.4916479152479,0.307814582006944,81
"1608",-2.07737807419907,-0.588382717160028,81
"1609",-1.66310823315025,-1.30534055649361,81
"1610",-1.24883839210143,-2.02229839582718,81
"1611",-0.834568551052602,-2.73925623516076,81
"1612",-0.420298710003778,-3.27697461466094,81
"1613",-0.0060288689549548,-3.27697461466094,81
"1614",0.408240972093869,-3.27697461466094,81
"1615",0.822510813142692,-3.27697461466094,81
"1616",1.23678065419152,-3.27697461466094,81
"1617",1.65105049524034,-3.27697461466094,81
"1618",2.06532033628916,-3.27697461466094,81
"1619",2.47959017733799,-3.27697461466094,81
"1620",2.89386001838681,-3.27697461466094,81
"1621",-4.97726696154084,0.307814582006944,82
"1622",-4.56299712049201,0.307814582006944,82
"1623",-4.14872727944319,0.307814582006944,82
"1624",-3.73445743839437,0.307814582006944,82
"1625",-3.32018759734554,0.307814582006944,82
"1626",-2.90591775629672,0.307814582006944,82
"1627",-2.4916479152479,0.128575122173549,82
"1628",-2.07737807419907,-0.588382717160028,82
"1629",-1.66310823315025,-1.12610109666021,82
"1630",-1.24883839210143,-2.02229839582718,82
"1631",-0.834568551052602,-2.73925623516076,82
"1632",-0.420298710003778,-3.09773515482755,82
"1633",-0.0060288689549548,-3.27697461466094,82
"1634",0.408240972093869,-3.27697461466094,82
"1635",0.822510813142692,-3.27697461466094,82
"1636",1.23678065419152,-3.27697461466094,82
"1637",1.65105049524034,-3.27697461466094,82
"1638",2.06532033628916,-3.27697461466094,82
"1639",2.47959017733799,-3.27697461466094,82
"1640",2.89386001838681,-3.27697461466094,82
"1641",-4.97726696154084,0.307814582006944,83
"1642",-4.56299712049201,0.307814582006944,83
"1643",-4.14872727944319,0.307814582006944,83
"1644",-3.73445743839437,0.307814582006944,83
"1645",-3.32018759734554,0.307814582006944,83
"1646",-2.90591775629672,0.307814582006944,83
"1647",-2.4916479152479,-0.22990379749324,83
"1648",-2.07737807419907,-0.588382717160028,83
"1649",-1.66310823315025,-0.767622176993423,83
"1650",-1.24883839210143,-1.12610109666021,83
"1651",-0.834568551052602,-1.484580016327,83
"1652",-0.420298710003778,-1.84305893599379,83
"1653",-0.0060288689549548,-2.20153785566058,83
"1654",0.408240972093869,-2.56001677532737,83
"1655",0.822510813142692,-2.73925623516076,83
"1656",1.23678065419152,-2.73925623516076,83
"1657",1.65105049524034,-2.91849569499416,83
"1658",2.06532033628916,-2.91849569499416,83
"1659",2.47959017733799,-2.91849569499416,83
"1660",2.89386001838681,-2.91849569499416,83
"1661",-4.97726696154084,0.307814582006944,84
"1662",-4.56299712049201,0.307814582006944,84
"1663",-4.14872727944319,0.307814582006944,84
"1664",-3.73445743839437,0.307814582006944,84
"1665",-3.32018759734554,0.307814582006944,84
"1666",-2.90591775629672,0.307814582006944,84
"1667",-2.4916479152479,0.128575122173549,84
"1668",-2.07737807419907,-0.588382717160028,84
"1669",-1.66310823315025,-0.946861636826817,84
"1670",-1.24883839210143,-1.30534055649361,84
"1671",-0.834568551052602,-1.66381947616039,84
"1672",-0.420298710003778,-2.02229839582718,84
"1673",-0.0060288689549548,-2.38077731549397,84
"1674",0.408240972093869,-2.73925623516076,84
"1675",0.822510813142692,-2.91849569499416,84
"1676",1.23678065419152,-2.91849569499416,84
"1677",1.65105049524034,-2.91849569499416,84
"1678",2.06532033628916,-2.91849569499416,84
"1679",2.47959017733799,-2.91849569499416,84
"1680",2.89386001838681,-2.91849569499416,84
"1681",-4.97726696154084,0.307814582006944,85
"1682",-4.56299712049201,0.307814582006944,85
"1683",-4.14872727944319,0.307814582006944,85
"1684",-3.73445743839437,0.307814582006944,85
"1685",-3.32018759734554,0.307814582006944,85
"1686",-2.90591775629672,0.307814582006944,85
"1687",-2.4916479152479,0.307814582006944,85
"1688",-2.07737807419907,-0.588382717160028,85
"1689",-1.66310823315025,-1.12610109666021,85
"1690",-1.24883839210143,-1.484580016327,85
"1691",-0.834568551052602,-1.84305893599379,85
"1692",-0.420298710003778,-2.38077731549397,85
"1693",-0.0060288689549548,-2.91849569499416,85
"1694",0.408240972093869,-3.27697461466094,85
"1695",0.822510813142692,-3.27697461466094,85
"1696",1.23678065419152,-3.27697461466094,85
"1697",1.65105049524034,-3.27697461466094,85
"1698",2.06532033628916,-3.27697461466094,85
"1699",2.47959017733799,-3.27697461466094,85
"1700",2.89386001838681,-3.27697461466094,85
"1701",-4.97726696154084,0.307814582006944,86
"1702",-4.56299712049201,0.307814582006944,86
"1703",-4.14872727944319,0.307814582006944,86
"1704",-3.73445743839437,0.307814582006944,86
"1705",-3.32018759734554,0.307814582006944,86
"1706",-2.90591775629672,0.307814582006944,86
"1707",-2.4916479152479,-0.0506643376598452,86
"1708",-2.07737807419907,-0.767622176993423,86
"1709",-1.66310823315025,-2.02229839582718,86
"1710",-1.24883839210143,-2.73925623516076,86
"1711",-0.834568551052602,-3.27697461466094,86
"1712",-0.420298710003778,-3.27697461466094,86
"1713",-0.0060288689549548,-3.27697461466094,86
"1714",0.408240972093869,-3.27697461466094,86
"1715",0.822510813142692,-3.27697461466094,86
"1716",1.23678065419152,-3.27697461466094,86
"1717",1.65105049524034,-3.27697461466094,86
"1718",2.06532033628916,-3.27697461466094,86
"1719",2.47959017733799,-3.27697461466094,86
"1720",2.89386001838681,-3.27697461466094,86
"1721",-4.97726696154084,0.307814582006944,87
"1722",-4.56299712049201,0.307814582006944,87
"1723",-4.14872727944319,0.307814582006944,87
"1724",-3.73445743839437,0.307814582006944,87
"1725",-3.32018759734554,0.307814582006944,87
"1726",-2.90591775629672,0.307814582006944,87
"1727",-2.4916479152479,0.307814582006944,87
"1728",-2.07737807419907,-0.588382717160028,87
"1729",-1.66310823315025,-1.30534055649361,87
"1730",-1.24883839210143,-2.02229839582718,87
"1731",-0.834568551052602,-2.73925623516076,87
"1732",-0.420298710003778,-3.09773515482755,87
"1733",-0.0060288689549548,-3.27697461466094,87
"1734",0.408240972093869,-3.27697461466094,87
"1735",0.822510813142692,-3.27697461466094,87
"1736",1.23678065419152,-3.27697461466094,87
"1737",1.65105049524034,-3.27697461466094,87
"1738",2.06532033628916,-3.27697461466094,87
"1739",2.47959017733799,-3.27697461466094,87
"1740",2.89386001838681,-3.27697461466094,87
"1741",-4.97726696154084,0.307814582006944,88
"1742",-4.56299712049201,0.307814582006944,88
"1743",-4.14872727944319,0.307814582006944,88
"1744",-3.73445743839437,0.307814582006944,88
"1745",-3.32018759734554,0.307814582006944,88
"1746",-2.90591775629672,0.307814582006944,88
"1747",-2.4916479152479,-0.0506643376598452,88
"1748",-2.07737807419907,-0.767622176993423,88
"1749",-1.66310823315025,-1.30534055649361,88
"1750",-1.24883839210143,-1.66381947616039,88
"1751",-0.834568551052602,-1.84305893599379,88
"1752",-0.420298710003778,-2.02229839582718,88
"1753",-0.0060288689549548,-2.56001677532737,88
"1754",0.408240972093869,-3.27697461466094,88
"1755",0.822510813142692,-3.27697461466094,88
"1756",1.23678065419152,-3.27697461466094,88
"1757",1.65105049524034,-3.27697461466094,88
"1758",2.06532033628916,-3.27697461466094,88
"1759",2.47959017733799,-3.27697461466094,88
"1760",2.89386001838681,-3.27697461466094,88
"1761",-4.97726696154084,0.307814582006944,89
"1762",-4.56299712049201,0.307814582006944,89
"1763",-4.14872727944319,0.307814582006944,89
"1764",-3.73445743839437,0.307814582006944,89
"1765",-3.32018759734554,0.307814582006944,89
"1766",-2.90591775629672,0.307814582006944,89
"1767",-2.4916479152479,0.307814582006944,89
"1768",-2.07737807419907,-0.767622176993423,89
"1769",-1.66310823315025,-1.30534055649361,89
"1770",-1.24883839210143,-1.66381947616039,89
"1771",-0.834568551052602,-2.02229839582718,89
"1772",-0.420298710003778,-2.56001677532737,89
"1773",-0.0060288689549548,-3.09773515482755,89
"1774",0.408240972093869,-3.27697461466094,89
"1775",0.822510813142692,-3.27697461466094,89
"1776",1.23678065419152,-3.27697461466094,89
"1777",1.65105049524034,-3.27697461466094,89
"1778",2.06532033628916,-3.27697461466094,89
"1779",2.47959017733799,-3.27697461466094,89
"1780",2.89386001838681,-3.27697461466094,89
"1781",-4.97726696154084,0.307814582006944,90
"1782",-4.56299712049201,0.307814582006944,90
"1783",-4.14872727944319,0.307814582006944,90
"1784",-3.73445743839437,0.307814582006944,90
"1785",-3.32018759734554,0.307814582006944,90
"1786",-2.90591775629672,0.307814582006944,90
"1787",-2.4916479152479,0.307814582006944,90
"1788",-2.07737807419907,-0.588382717160028,90
"1789",-1.66310823315025,-1.66381947616039,90
"1790",-1.24883839210143,-2.91849569499416,90
"1791",-0.834568551052602,-3.27697461466094,90
"1792",-0.420298710003778,-3.27697461466094,90
"1793",-0.0060288689549548,-3.27697461466094,90
"1794",0.408240972093869,-3.27697461466094,90
"1795",0.822510813142692,-3.27697461466094,90
"1796",1.23678065419152,-3.27697461466094,90
"1797",1.65105049524034,-3.27697461466094,90
"1798",2.06532033628916,-3.27697461466094,90
"1799",2.47959017733799,-3.27697461466094,90
"1800",2.89386001838681,-3.27697461466094,90
"1801",-4.97726696154084,0.307814582006944,91
"1802",-4.56299712049201,0.307814582006944,91
"1803",-4.14872727944319,0.307814582006944,91
"1804",-3.73445743839437,0.307814582006944,91
"1805",-3.32018759734554,0.307814582006944,91
"1806",-2.90591775629672,0.307814582006944,91
"1807",-2.4916479152479,0.307814582006944,91
"1808",-2.07737807419907,-0.588382717160028,91
"1809",-1.66310823315025,-1.484580016327,91
"1810",-1.24883839210143,-1.84305893599379,91
"1811",-0.834568551052602,-2.20153785566058,91
"1812",-0.420298710003778,-2.38077731549397,91
"1813",-0.0060288689549548,-2.56001677532737,91
"1814",0.408240972093869,-2.91849569499416,91
"1815",0.822510813142692,-3.27697461466094,91
"1816",1.23678065419152,-3.27697461466094,91
"1817",1.65105049524034,-3.27697461466094,91
"1818",2.06532033628916,-3.27697461466094,91
"1819",2.47959017733799,-3.27697461466094,91
"1820",2.89386001838681,-3.27697461466094,91
"1821",-4.97726696154084,0.307814582006944,92
"1822",-4.56299712049201,0.307814582006944,92
"1823",-4.14872727944319,0.307814582006944,92
"1824",-3.73445743839437,0.307814582006944,92
"1825",-3.32018759734554,0.307814582006944,92
"1826",-2.90591775629672,0.307814582006944,92
"1827",-2.4916479152479,0.128575122173549,92
"1828",-2.07737807419907,-0.588382717160028,92
"1829",-1.66310823315025,-0.946861636826817,92
"1830",-1.24883839210143,-1.12610109666021,92
"1831",-0.834568551052602,-1.484580016327,92
"1832",-0.420298710003778,-1.84305893599379,92
"1833",-0.0060288689549548,-2.56001677532737,92
"1834",0.408240972093869,-3.27697461466094,92
"1835",0.822510813142692,-3.27697461466094,92
"1836",1.23678065419152,-3.27697461466094,92
"1837",1.65105049524034,-3.27697461466094,92
"1838",2.06532033628916,-3.27697461466094,92
"1839",2.47959017733799,-3.27697461466094,92
"1840",2.89386001838681,-3.27697461466094,92
"1841",-4.97726696154084,-0.22990379749324,93
"1842",-4.56299712049201,-0.22990379749324,93
"1843",-4.14872727944319,-0.22990379749324,93
"1844",-3.73445743839437,-0.22990379749324,93
"1845",-3.32018759734554,-0.409143257326634,93
"1846",-2.90591775629672,-0.409143257326634,93
"1847",-2.4916479152479,-0.409143257326634,93
"1848",-2.07737807419907,-0.409143257326634,93
"1849",-1.66310823315025,-0.588382717160028,93
"1850",-1.24883839210143,-0.946861636826817,93
"1851",-0.834568551052602,-1.12610109666021,93
"1852",-0.420298710003778,-1.484580016327,93
"1853",-0.0060288689549548,-1.66381947616039,93
"1854",0.408240972093869,-1.84305893599379,93
"1855",0.822510813142692,-2.02229839582718,93
"1856",1.23678065419152,-2.20153785566058,93
"1857",1.65105049524034,-2.20153785566058,93
"1858",2.06532033628916,-2.20153785566058,93
"1859",2.47959017733799,-2.20153785566058,93
"1860",2.89386001838681,-2.20153785566058,93
"1861",-4.97726696154084,0.307814582006944,94
"1862",-4.56299712049201,0.307814582006944,94
"1863",-4.14872727944319,0.307814582006944,94
"1864",-3.73445743839437,0.307814582006944,94
"1865",-3.32018759734554,0.307814582006944,94
"1866",-2.90591775629672,0.307814582006944,94
"1867",-2.4916479152479,-0.22990379749324,94
"1868",-2.07737807419907,-0.409143257326634,94
"1869",-1.66310823315025,-0.767622176993423,94
"1870",-1.24883839210143,-0.767622176993423,94
"1871",-0.834568551052602,-1.30534055649361,94
"1872",-0.420298710003778,-2.02229839582718,94
"1873",-0.0060288689549548,-2.56001677532737,94
"1874",0.408240972093869,-2.73925623516076,94
"1875",0.822510813142692,-2.73925623516076,94
"1876",1.23678065419152,-2.73925623516076,94
"1877",1.65105049524034,-2.73925623516076,94
"1878",2.06532033628916,-2.73925623516076,94
"1879",2.47959017733799,-2.73925623516076,94
"1880",2.89386001838681,-2.73925623516076,94
"1881",-4.97726696154084,0.307814582006944,95
"1882",-4.56299712049201,0.307814582006944,95
"1883",-4.14872727944319,0.307814582006944,95
"1884",-3.73445743839437,0.307814582006944,95
"1885",-3.32018759734554,0.307814582006944,95
"1886",-2.90591775629672,0.307814582006944,95
"1887",-2.4916479152479,0.307814582006944,95
"1888",-2.07737807419907,-0.588382717160028,95
"1889",-1.66310823315025,-0.767622176993423,95
"1890",-1.24883839210143,-0.946861636826817,95
"1891",-0.834568551052602,-1.12610109666021,95
"1892",-0.420298710003778,-1.484580016327,95
"1893",-0.0060288689549548,-1.84305893599379,95
"1894",0.408240972093869,-2.20153785566058,95
"1895",0.822510813142692,-2.38077731549397,95
"1896",1.23678065419152,-2.38077731549397,95
"1897",1.65105049524034,-2.38077731549397,95
"1898",2.06532033628916,-2.56001677532737,95
"1899",2.47959017733799,-2.56001677532737,95
"1900",2.89386001838681,-2.56001677532737,95
"1901",-4.97726696154084,0.307814582006944,96
"1902",-4.56299712049201,0.307814582006944,96
"1903",-4.14872727944319,0.307814582006944,96
"1904",-3.73445743839437,0.307814582006944,96
"1905",-3.32018759734554,0.307814582006944,96
"1906",-2.90591775629672,0.307814582006944,96
"1907",-2.4916479152479,0.307814582006944,96
"1908",-2.07737807419907,-0.588382717160028,96
"1909",-1.66310823315025,-1.30534055649361,96
"1910",-1.24883839210143,-1.84305893599379,96
"1911",-0.834568551052602,-2.02229839582718,96
"1912",-0.420298710003778,-2.38077731549397,96
"1913",-0.0060288689549548,-2.56001677532737,96
"1914",0.408240972093869,-2.73925623516076,96
"1915",0.822510813142692,-2.91849569499416,96
"1916",1.23678065419152,-2.91849569499416,96
"1917",1.65105049524034,-3.09773515482755,96
"1918",2.06532033628916,-3.09773515482755,96
"1919",2.47959017733799,-3.09773515482755,96
"1920",2.89386001838681,-3.09773515482755,96
"1921",-4.97726696154084,0.307814582006944,97
"1922",-4.56299712049201,0.307814582006944,97
"1923",-4.14872727944319,0.128575122173549,97
"1924",-3.73445743839437,-0.0506643376598452,97
"1925",-3.32018759734554,-0.22990379749324,97
"1926",-2.90591775629672,-0.22990379749324,97
"1927",-2.4916479152479,-0.409143257326634,97
"1928",-2.07737807419907,-0.409143257326634,97
"1929",-1.66310823315025,-0.588382717160028,97
"1930",-1.24883839210143,-0.946861636826817,97
"1931",-0.834568551052602,-1.66381947616039,97
"1932",-0.420298710003778,-2.20153785566058,97
"1933",-0.0060288689549548,-2.38077731549397,97
"1934",0.408240972093869,-2.56001677532737,97
"1935",0.822510813142692,-2.56001677532737,97
"1936",1.23678065419152,-2.56001677532737,97
"1937",1.65105049524034,-2.56001677532737,97
"1938",2.06532033628916,-2.56001677532737,97
"1939",2.47959017733799,-2.56001677532737,97
"1940",2.89386001838681,-2.56001677532737,97
"1941",-4.97726696154084,0.307814582006944,98
"1942",-4.56299712049201,0.307814582006944,98
"1943",-4.14872727944319,0.307814582006944,98
"1944",-3.73445743839437,0.307814582006944,98
"1945",-3.32018759734554,0.128575122173549,98
"1946",-2.90591775629672,-0.0506643376598452,98
"1947",-2.4916479152479,-0.22990379749324,98
"1948",-2.07737807419907,-0.588382717160028,98
"1949",-1.66310823315025,-1.12610109666021,98
"1950",-1.24883839210143,-1.484580016327,98
"1951",-0.834568551052602,-2.02229839582718,98
"1952",-0.420298710003778,-2.38077731549397,98
"1953",-0.0060288689549548,-3.27697461466094,98
"1954",0.408240972093869,-3.27697461466094,98
"1955",0.822510813142692,-3.27697461466094,98
"1956",1.23678065419152,-3.27697461466094,98
"1957",1.65105049524034,-3.27697461466094,98
"1958",2.06532033628916,-3.27697461466094,98
"1959",2.47959017733799,-3.27697461466094,98
"1960",2.89386001838681,-3.27697461466094,98
"1961",-4.97726696154084,0.307814582006944,99
"1962",-4.56299712049201,0.307814582006944,99
"1963",-4.14872727944319,0.307814582006944,99
"1964",-3.73445743839437,0.307814582006944,99
"1965",-3.32018759734554,0.307814582006944,99
"1966",-2.90591775629672,0.307814582006944,99
"1967",-2.4916479152479,-0.22990379749324,99
"1968",-2.07737807419907,-0.588382717160028,99
"1969",-1.66310823315025,-0.946861636826817,99
"1970",-1.24883839210143,-1.30534055649361,99
"1971",-0.834568551052602,-2.02229839582718,99
"1972",-0.420298710003778,-2.73925623516076,99
"1973",-0.0060288689549548,-3.09773515482755,99
"1974",0.408240972093869,-3.27697461466094,99
"1975",0.822510813142692,-3.27697461466094,99
"1976",1.23678065419152,-3.27697461466094,99
"1977",1.65105049524034,-3.27697461466094,99
"1978",2.06532033628916,-3.27697461466094,99
"1979",2.47959017733799,-3.27697461466094,99
"1980",2.89386001838681,-3.27697461466094,99
"1981",-4.97726696154084,0.307814582006944,100
"1982",-4.56299712049201,0.307814582006944,100
"1983",-4.14872727944319,0.307814582006944,100
"1984",-3.73445743839437,0.307814582006944,100
"1985",-3.32018759734554,0.307814582006944,100
"1986",-2.90591775629672,0.307814582006944,100
"1987",-2.4916479152479,0.307814582006944,100
"1988",-2.07737807419907,-0.767622176993423,100
"1989",-1.66310823315025,-1.84305893599379,100
"1990",-1.24883839210143,-2.56001677532737,100
"1991",-0.834568551052602,-3.09773515482755,100
"1992",-0.420298710003778,-3.27697461466094,100
"1993",-0.0060288689549548,-3.27697461466094,100
"1994",0.408240972093869,-3.27697461466094,100
"1995",0.822510813142692,-3.27697461466094,100
"1996",1.23678065419152,-3.27697461466094,100
"1997",1.65105049524034,-3.27697461466094,100
"1998",2.06532033628916,-3.27697461466094,100
"1999",2.47959017733799,-3.27697461466094,100
"2000",2.89386001838681,-3.27697461466094,100
