"","x","y","sample"
"1",-4.37795534633137,3.3335517817055,1
"2",-4.00205986734572,3.3335517817055,1
"3",-3.62616438836008,3.3335517817055,1
"4",-3.25026890937443,3.3335517817055,1
"5",-2.87437343038878,3.3335517817055,1
"6",-2.49847795140313,3.3335517817055,1
"7",-2.12258247241748,3.3335517817055,1
"8",-1.74668699343184,3.3335517817055,1
"9",-1.37079151444619,1.56548882291478,1
"10",-0.994896035460539,0.15103845588221,1
"11",-0.619000556474891,-0.556186727634076,1
"12",-0.243105077489243,-1.26341191115036,1
"13",0.132790401496405,-1.26341191115036,1
"14",0.508685880482053,-1.61702450290851,1
"15",0.884581359467701,-1.61702450290851,1
"16",1.26047683845335,-1.61702450290851,1
"17",1.636372317439,-1.61702450290851,1
"18",2.01226779642465,-1.61702450290851,1
"19",2.38816327541029,-1.61702450290851,1
"20",2.76405875439594,-1.61702450290851,1
"21",-4.37795534633137,3.3335517817055,2
"22",-4.00205986734572,3.3335517817055,2
"23",-3.62616438836008,3.3335517817055,2
"24",-3.25026890937443,3.3335517817055,2
"25",-2.87437343038878,3.3335517817055,2
"26",-2.49847795140313,3.3335517817055,2
"27",-2.12258247241748,3.3335517817055,2
"28",-1.74668699343184,3.3335517817055,2
"29",-1.37079151444619,1.91910141467293,2
"30",-0.994896035460539,-0.202574135875933,2
"31",-0.619000556474891,-0.556186727634076,2
"32",-0.243105077489243,-0.909799319392219,2
"33",0.132790401496405,-0.909799319392219,2
"34",0.508685880482053,-1.26341191115036,2
"35",0.884581359467701,-1.26341191115036,2
"36",1.26047683845335,-1.26341191115036,2
"37",1.636372317439,-1.26341191115036,2
"38",2.01226779642465,-1.26341191115036,2
"39",2.38816327541029,-1.26341191115036,2
"40",2.76405875439594,-1.26341191115036,2
"41",-4.37795534633137,3.3335517817055,3
"42",-4.00205986734572,3.3335517817055,3
"43",-3.62616438836008,3.3335517817055,3
"44",-3.25026890937443,3.3335517817055,3
"45",-2.87437343038878,3.3335517817055,3
"46",-2.49847795140313,3.3335517817055,3
"47",-2.12258247241748,3.3335517817055,3
"48",-1.74668699343184,3.3335517817055,3
"49",-1.37079151444619,1.56548882291478,3
"50",-0.994896035460539,0.15103845588221,3
"51",-0.619000556474891,-0.202574135875933,3
"52",-0.243105077489243,-0.556186727634076,3
"53",0.132790401496405,-0.909799319392219,3
"54",0.508685880482053,-0.909799319392219,3
"55",0.884581359467701,-1.26341191115036,3
"56",1.26047683845335,-1.26341191115036,3
"57",1.636372317439,-1.26341191115036,3
"58",2.01226779642465,-1.26341191115036,3
"59",2.38816327541029,-1.26341191115036,3
"60",2.76405875439594,-1.26341191115036,3
"61",-4.37795534633137,3.3335517817055,4
"62",-4.00205986734572,3.3335517817055,4
"63",-3.62616438836008,3.3335517817055,4
"64",-3.25026890937443,3.3335517817055,4
"65",-2.87437343038878,3.3335517817055,4
"66",-2.49847795140313,3.3335517817055,4
"67",-2.12258247241748,3.3335517817055,4
"68",-1.74668699343184,3.3335517817055,4
"69",-1.37079151444619,1.56548882291478,4
"70",-0.994896035460539,0.15103845588221,4
"71",-0.619000556474891,-0.202574135875933,4
"72",-0.243105077489243,-0.556186727634076,4
"73",0.132790401496405,-0.909799319392219,4
"74",0.508685880482053,-0.909799319392219,4
"75",0.884581359467701,-1.26341191115036,4
"76",1.26047683845335,-1.26341191115036,4
"77",1.636372317439,-1.26341191115036,4
"78",2.01226779642465,-1.26341191115036,4
"79",2.38816327541029,-1.26341191115036,4
"80",2.76405875439594,-1.26341191115036,4
"81",-4.37795534633137,3.3335517817055,5
"82",-4.00205986734572,3.3335517817055,5
"83",-3.62616438836008,3.3335517817055,5
"84",-3.25026890937443,3.3335517817055,5
"85",-2.87437343038878,3.3335517817055,5
"86",-2.49847795140313,3.3335517817055,5
"87",-2.12258247241748,3.3335517817055,5
"88",-1.74668699343184,3.3335517817055,5
"89",-1.37079151444619,1.56548882291478,5
"90",-0.994896035460539,0.15103845588221,5
"91",-0.619000556474891,-0.202574135875933,5
"92",-0.243105077489243,-0.556186727634076,5
"93",0.132790401496405,-0.909799319392219,5
"94",0.508685880482053,-0.909799319392219,5
"95",0.884581359467701,-0.909799319392219,5
"96",1.26047683845335,-0.909799319392219,5
"97",1.636372317439,-0.909799319392219,5
"98",2.01226779642465,-0.909799319392219,5
"99",2.38816327541029,-0.909799319392219,5
"100",2.76405875439594,-0.909799319392219,5
"101",-4.37795534633137,3.3335517817055,6
"102",-4.00205986734572,3.3335517817055,6
"103",-3.62616438836008,3.3335517817055,6
"104",-3.25026890937443,3.3335517817055,6
"105",-2.87437343038878,3.3335517817055,6
"106",-2.49847795140313,3.3335517817055,6
"107",-2.12258247241748,3.3335517817055,6
"108",-1.74668699343184,3.3335517817055,6
"109",-1.37079151444619,1.21187623115664,6
"110",-0.994896035460539,0.15103845588221,6
"111",-0.619000556474891,-0.556186727634076,6
"112",-0.243105077489243,-0.909799319392219,6
"113",0.132790401496405,-1.26341191115036,6
"114",0.508685880482053,-1.26341191115036,6
"115",0.884581359467701,-1.26341191115036,6
"116",1.26047683845335,-1.26341191115036,6
"117",1.636372317439,-1.26341191115036,6
"118",2.01226779642465,-1.26341191115036,6
"119",2.38816327541029,-1.26341191115036,6
"120",2.76405875439594,-1.26341191115036,6
"121",-4.37795534633137,3.3335517817055,7
"122",-4.00205986734572,3.3335517817055,7
"123",-3.62616438836008,3.3335517817055,7
"124",-3.25026890937443,3.3335517817055,7
"125",-2.87437343038878,3.3335517817055,7
"126",-2.49847795140313,3.3335517817055,7
"127",-2.12258247241748,3.3335517817055,7
"128",-1.74668699343184,3.3335517817055,7
"129",-1.37079151444619,3.3335517817055,7
"130",-0.994896035460539,-1.26341191115036,7
"131",-0.619000556474891,-1.97063709466665,7
"132",-0.243105077489243,-2.32424968642479,7
"133",0.132790401496405,-2.32424968642479,7
"134",0.508685880482053,-2.32424968642479,7
"135",0.884581359467701,-2.32424968642479,7
"136",1.26047683845335,-2.32424968642479,7
"137",1.636372317439,-2.32424968642479,7
"138",2.01226779642465,-2.32424968642479,7
"139",2.38816327541029,-2.32424968642479,7
"140",2.76405875439594,-2.32424968642479,7
"141",-4.37795534633137,3.3335517817055,8
"142",-4.00205986734572,3.3335517817055,8
"143",-3.62616438836008,3.3335517817055,8
"144",-3.25026890937443,3.3335517817055,8
"145",-2.87437343038878,3.3335517817055,8
"146",-2.49847795140313,3.3335517817055,8
"147",-2.12258247241748,3.3335517817055,8
"148",-1.74668699343184,3.3335517817055,8
"149",-1.37079151444619,1.91910141467293,8
"150",-0.994896035460539,-0.202574135875933,8
"151",-0.619000556474891,-1.26341191115036,8
"152",-0.243105077489243,-1.61702450290851,8
"153",0.132790401496405,-1.97063709466665,8
"154",0.508685880482053,-1.97063709466665,8
"155",0.884581359467701,-1.97063709466665,8
"156",1.26047683845335,-1.97063709466665,8
"157",1.636372317439,-1.97063709466665,8
"158",2.01226779642465,-1.97063709466665,8
"159",2.38816327541029,-1.97063709466665,8
"160",2.76405875439594,-1.97063709466665,8
"161",-4.37795534633137,3.3335517817055,9
"162",-4.00205986734572,3.3335517817055,9
"163",-3.62616438836008,3.3335517817055,9
"164",-3.25026890937443,3.3335517817055,9
"165",-2.87437343038878,3.3335517817055,9
"166",-2.49847795140313,3.3335517817055,9
"167",-2.12258247241748,3.3335517817055,9
"168",-1.74668699343184,3.3335517817055,9
"169",-1.37079151444619,1.91910141467293,9
"170",-0.994896035460539,-0.202574135875933,9
"171",-0.619000556474891,-0.556186727634076,9
"172",-0.243105077489243,-0.909799319392219,9
"173",0.132790401496405,-1.26341191115036,9
"174",0.508685880482053,-1.26341191115036,9
"175",0.884581359467701,-1.61702450290851,9
"176",1.26047683845335,-1.61702450290851,9
"177",1.636372317439,-1.61702450290851,9
"178",2.01226779642465,-1.61702450290851,9
"179",2.38816327541029,-1.61702450290851,9
"180",2.76405875439594,-1.61702450290851,9
"181",-4.37795534633137,3.3335517817055,10
"182",-4.00205986734572,3.3335517817055,10
"183",-3.62616438836008,3.3335517817055,10
"184",-3.25026890937443,3.3335517817055,10
"185",-2.87437343038878,3.3335517817055,10
"186",-2.49847795140313,3.3335517817055,10
"187",-2.12258247241748,3.3335517817055,10
"188",-1.74668699343184,3.3335517817055,10
"189",-1.37079151444619,1.91910141467293,10
"190",-0.994896035460539,-0.556186727634076,10
"191",-0.619000556474891,-0.909799319392219,10
"192",-0.243105077489243,-1.26341191115036,10
"193",0.132790401496405,-1.26341191115036,10
"194",0.508685880482053,-1.26341191115036,10
"195",0.884581359467701,-1.26341191115036,10
"196",1.26047683845335,-1.26341191115036,10
"197",1.636372317439,-1.61702450290851,10
"198",2.01226779642465,-1.61702450290851,10
"199",2.38816327541029,-1.61702450290851,10
"200",2.76405875439594,-1.61702450290851,10
"201",-4.37795534633137,3.3335517817055,11
"202",-4.00205986734572,3.3335517817055,11
"203",-3.62616438836008,3.3335517817055,11
"204",-3.25026890937443,3.3335517817055,11
"205",-2.87437343038878,3.3335517817055,11
"206",-2.49847795140313,3.3335517817055,11
"207",-2.12258247241748,3.3335517817055,11
"208",-1.74668699343184,3.3335517817055,11
"209",-1.37079151444619,1.56548882291478,11
"210",-0.994896035460539,0.504651047640353,11
"211",-0.619000556474891,-0.202574135875933,11
"212",-0.243105077489243,-0.909799319392219,11
"213",0.132790401496405,-0.909799319392219,11
"214",0.508685880482053,-0.909799319392219,11
"215",0.884581359467701,-1.26341191115036,11
"216",1.26047683845335,-1.26341191115036,11
"217",1.636372317439,-1.26341191115036,11
"218",2.01226779642465,-1.26341191115036,11
"219",2.38816327541029,-1.26341191115036,11
"220",2.76405875439594,-1.61702450290851,11
"221",-4.37795534633137,3.3335517817055,12
"222",-4.00205986734572,3.3335517817055,12
"223",-3.62616438836008,3.3335517817055,12
"224",-3.25026890937443,3.3335517817055,12
"225",-2.87437343038878,3.3335517817055,12
"226",-2.49847795140313,3.3335517817055,12
"227",-2.12258247241748,3.3335517817055,12
"228",-1.74668699343184,3.3335517817055,12
"229",-1.37079151444619,1.56548882291478,12
"230",-0.994896035460539,0.15103845588221,12
"231",-0.619000556474891,-0.556186727634076,12
"232",-0.243105077489243,-0.909799319392219,12
"233",0.132790401496405,-1.26341191115036,12
"234",0.508685880482053,-1.26341191115036,12
"235",0.884581359467701,-1.26341191115036,12
"236",1.26047683845335,-1.26341191115036,12
"237",1.636372317439,-1.26341191115036,12
"238",2.01226779642465,-1.26341191115036,12
"239",2.38816327541029,-1.61702450290851,12
"240",2.76405875439594,-1.61702450290851,12
"241",-4.37795534633137,3.3335517817055,13
"242",-4.00205986734572,3.3335517817055,13
"243",-3.62616438836008,3.3335517817055,13
"244",-3.25026890937443,3.3335517817055,13
"245",-2.87437343038878,3.3335517817055,13
"246",-2.49847795140313,3.3335517817055,13
"247",-2.12258247241748,3.3335517817055,13
"248",-1.74668699343184,3.3335517817055,13
"249",-1.37079151444619,1.56548882291478,13
"250",-0.994896035460539,-0.202574135875933,13
"251",-0.619000556474891,-0.556186727634076,13
"252",-0.243105077489243,-0.909799319392219,13
"253",0.132790401496405,-0.909799319392219,13
"254",0.508685880482053,-0.909799319392219,13
"255",0.884581359467701,-1.26341191115036,13
"256",1.26047683845335,-1.26341191115036,13
"257",1.636372317439,-1.26341191115036,13
"258",2.01226779642465,-1.26341191115036,13
"259",2.38816327541029,-1.26341191115036,13
"260",2.76405875439594,-1.26341191115036,13
"261",-4.37795534633137,3.3335517817055,14
"262",-4.00205986734572,3.3335517817055,14
"263",-3.62616438836008,3.3335517817055,14
"264",-3.25026890937443,3.3335517817055,14
"265",-2.87437343038878,3.3335517817055,14
"266",-2.49847795140313,3.3335517817055,14
"267",-2.12258247241748,3.3335517817055,14
"268",-1.74668699343184,3.3335517817055,14
"269",-1.37079151444619,1.91910141467293,14
"270",-0.994896035460539,0.15103845588221,14
"271",-0.619000556474891,-0.556186727634076,14
"272",-0.243105077489243,-0.556186727634076,14
"273",0.132790401496405,-0.909799319392219,14
"274",0.508685880482053,-0.909799319392219,14
"275",0.884581359467701,-0.909799319392219,14
"276",1.26047683845335,-0.909799319392219,14
"277",1.636372317439,-0.909799319392219,14
"278",2.01226779642465,-0.909799319392219,14
"279",2.38816327541029,-0.909799319392219,14
"280",2.76405875439594,-0.909799319392219,14
"281",-4.37795534633137,3.3335517817055,15
"282",-4.00205986734572,3.3335517817055,15
"283",-3.62616438836008,3.3335517817055,15
"284",-3.25026890937443,3.3335517817055,15
"285",-2.87437343038878,3.3335517817055,15
"286",-2.49847795140313,3.3335517817055,15
"287",-2.12258247241748,3.3335517817055,15
"288",-1.74668699343184,3.3335517817055,15
"289",-1.37079151444619,1.91910141467293,15
"290",-0.994896035460539,-0.556186727634076,15
"291",-0.619000556474891,-1.26341191115036,15
"292",-0.243105077489243,-1.61702450290851,15
"293",0.132790401496405,-1.97063709466665,15
"294",0.508685880482053,-2.32424968642479,15
"295",0.884581359467701,-2.32424968642479,15
"296",1.26047683845335,-2.32424968642479,15
"297",1.636372317439,-2.32424968642479,15
"298",2.01226779642465,-2.32424968642479,15
"299",2.38816327541029,-2.32424968642479,15
"300",2.76405875439594,-2.32424968642479,15
"301",-4.37795534633137,3.3335517817055,16
"302",-4.00205986734572,3.3335517817055,16
"303",-3.62616438836008,3.3335517817055,16
"304",-3.25026890937443,3.3335517817055,16
"305",-2.87437343038878,3.3335517817055,16
"306",-2.49847795140313,3.3335517817055,16
"307",-2.12258247241748,3.3335517817055,16
"308",-1.74668699343184,3.3335517817055,16
"309",-1.37079151444619,2.62632659818921,16
"310",-0.994896035460539,0.15103845588221,16
"311",-0.619000556474891,-0.556186727634076,16
"312",-0.243105077489243,-0.556186727634076,16
"313",0.132790401496405,-0.909799319392219,16
"314",0.508685880482053,-0.909799319392219,16
"315",0.884581359467701,-0.909799319392219,16
"316",1.26047683845335,-0.909799319392219,16
"317",1.636372317439,-1.26341191115036,16
"318",2.01226779642465,-1.26341191115036,16
"319",2.38816327541029,-1.26341191115036,16
"320",2.76405875439594,-1.26341191115036,16
"321",-4.37795534633137,3.3335517817055,17
"322",-4.00205986734572,3.3335517817055,17
"323",-3.62616438836008,3.3335517817055,17
"324",-3.25026890937443,3.3335517817055,17
"325",-2.87437343038878,3.3335517817055,17
"326",-2.49847795140313,3.3335517817055,17
"327",-2.12258247241748,3.3335517817055,17
"328",-1.74668699343184,3.3335517817055,17
"329",-1.37079151444619,1.56548882291478,17
"330",-0.994896035460539,-0.556186727634076,17
"331",-0.619000556474891,-1.26341191115036,17
"332",-0.243105077489243,-1.26341191115036,17
"333",0.132790401496405,-1.61702450290851,17
"334",0.508685880482053,-1.61702450290851,17
"335",0.884581359467701,-1.61702450290851,17
"336",1.26047683845335,-1.97063709466665,17
"337",1.636372317439,-1.97063709466665,17
"338",2.01226779642465,-1.97063709466665,17
"339",2.38816327541029,-1.97063709466665,17
"340",2.76405875439594,-1.97063709466665,17
"341",-4.37795534633137,3.3335517817055,18
"342",-4.00205986734572,3.3335517817055,18
"343",-3.62616438836008,3.3335517817055,18
"344",-3.25026890937443,3.3335517817055,18
"345",-2.87437343038878,3.3335517817055,18
"346",-2.49847795140313,3.3335517817055,18
"347",-2.12258247241748,3.3335517817055,18
"348",-1.74668699343184,3.3335517817055,18
"349",-1.37079151444619,1.56548882291478,18
"350",-0.994896035460539,0.15103845588221,18
"351",-0.619000556474891,-0.556186727634076,18
"352",-0.243105077489243,-0.909799319392219,18
"353",0.132790401496405,-1.26341191115036,18
"354",0.508685880482053,-1.61702450290851,18
"355",0.884581359467701,-1.97063709466665,18
"356",1.26047683845335,-1.97063709466665,18
"357",1.636372317439,-1.97063709466665,18
"358",2.01226779642465,-1.97063709466665,18
"359",2.38816327541029,-1.97063709466665,18
"360",2.76405875439594,-1.97063709466665,18
"361",-4.37795534633137,3.3335517817055,19
"362",-4.00205986734572,3.3335517817055,19
"363",-3.62616438836008,3.3335517817055,19
"364",-3.25026890937443,3.3335517817055,19
"365",-2.87437343038878,3.3335517817055,19
"366",-2.49847795140313,3.3335517817055,19
"367",-2.12258247241748,3.3335517817055,19
"368",-1.74668699343184,3.3335517817055,19
"369",-1.37079151444619,1.56548882291478,19
"370",-0.994896035460539,0.15103845588221,19
"371",-0.619000556474891,-0.556186727634076,19
"372",-0.243105077489243,-0.909799319392219,19
"373",0.132790401496405,-0.909799319392219,19
"374",0.508685880482053,-1.26341191115036,19
"375",0.884581359467701,-1.26341191115036,19
"376",1.26047683845335,-1.26341191115036,19
"377",1.636372317439,-1.26341191115036,19
"378",2.01226779642465,-1.61702450290851,19
"379",2.38816327541029,-1.61702450290851,19
"380",2.76405875439594,-1.61702450290851,19
"381",-4.37795534633137,3.3335517817055,20
"382",-4.00205986734572,3.3335517817055,20
"383",-3.62616438836008,3.3335517817055,20
"384",-3.25026890937443,3.3335517817055,20
"385",-2.87437343038878,3.3335517817055,20
"386",-2.49847795140313,3.3335517817055,20
"387",-2.12258247241748,3.3335517817055,20
"388",-1.74668699343184,3.3335517817055,20
"389",-1.37079151444619,1.56548882291478,20
"390",-0.994896035460539,0.15103845588221,20
"391",-0.619000556474891,-0.556186727634076,20
"392",-0.243105077489243,-0.909799319392219,20
"393",0.132790401496405,-0.909799319392219,20
"394",0.508685880482053,-1.26341191115036,20
"395",0.884581359467701,-1.26341191115036,20
"396",1.26047683845335,-1.26341191115036,20
"397",1.636372317439,-1.26341191115036,20
"398",2.01226779642465,-1.61702450290851,20
"399",2.38816327541029,-1.61702450290851,20
"400",2.76405875439594,-1.61702450290851,20
"401",-4.37795534633137,3.3335517817055,21
"402",-4.00205986734572,3.3335517817055,21
"403",-3.62616438836008,3.3335517817055,21
"404",-3.25026890937443,3.3335517817055,21
"405",-2.87437343038878,3.3335517817055,21
"406",-2.49847795140313,3.3335517817055,21
"407",-2.12258247241748,3.3335517817055,21
"408",-1.74668699343184,3.3335517817055,21
"409",-1.37079151444619,1.56548882291478,21
"410",-0.994896035460539,0.15103845588221,21
"411",-0.619000556474891,-0.556186727634076,21
"412",-0.243105077489243,-0.909799319392219,21
"413",0.132790401496405,-1.26341191115036,21
"414",0.508685880482053,-1.61702450290851,21
"415",0.884581359467701,-1.61702450290851,21
"416",1.26047683845335,-1.61702450290851,21
"417",1.636372317439,-1.61702450290851,21
"418",2.01226779642465,-1.61702450290851,21
"419",2.38816327541029,-1.97063709466665,21
"420",2.76405875439594,-1.97063709466665,21
"421",-4.37795534633137,3.3335517817055,22
"422",-4.00205986734572,3.3335517817055,22
"423",-3.62616438836008,3.3335517817055,22
"424",-3.25026890937443,3.3335517817055,22
"425",-2.87437343038878,3.3335517817055,22
"426",-2.49847795140313,3.3335517817055,22
"427",-2.12258247241748,3.3335517817055,22
"428",-1.74668699343184,3.3335517817055,22
"429",-1.37079151444619,1.56548882291478,22
"430",-0.994896035460539,0.15103845588221,22
"431",-0.619000556474891,-0.556186727634076,22
"432",-0.243105077489243,-0.909799319392219,22
"433",0.132790401496405,-1.26341191115036,22
"434",0.508685880482053,-1.26341191115036,22
"435",0.884581359467701,-1.26341191115036,22
"436",1.26047683845335,-1.61702450290851,22
"437",1.636372317439,-1.61702450290851,22
"438",2.01226779642465,-1.61702450290851,22
"439",2.38816327541029,-1.61702450290851,22
"440",2.76405875439594,-1.61702450290851,22
"441",-4.37795534633137,3.3335517817055,23
"442",-4.00205986734572,3.3335517817055,23
"443",-3.62616438836008,3.3335517817055,23
"444",-3.25026890937443,3.3335517817055,23
"445",-2.87437343038878,3.3335517817055,23
"446",-2.49847795140313,3.3335517817055,23
"447",-2.12258247241748,3.3335517817055,23
"448",-1.74668699343184,3.3335517817055,23
"449",-1.37079151444619,1.91910141467293,23
"450",-0.994896035460539,-0.202574135875933,23
"451",-0.619000556474891,-0.556186727634076,23
"452",-0.243105077489243,-0.909799319392219,23
"453",0.132790401496405,-0.909799319392219,23
"454",0.508685880482053,-0.909799319392219,23
"455",0.884581359467701,-0.909799319392219,23
"456",1.26047683845335,-1.26341191115036,23
"457",1.636372317439,-1.26341191115036,23
"458",2.01226779642465,-1.26341191115036,23
"459",2.38816327541029,-1.61702450290851,23
"460",2.76405875439594,-1.61702450290851,23
"461",-4.37795534633137,3.3335517817055,24
"462",-4.00205986734572,3.3335517817055,24
"463",-3.62616438836008,3.3335517817055,24
"464",-3.25026890937443,3.3335517817055,24
"465",-2.87437343038878,3.3335517817055,24
"466",-2.49847795140313,3.3335517817055,24
"467",-2.12258247241748,3.3335517817055,24
"468",-1.74668699343184,3.3335517817055,24
"469",-1.37079151444619,3.3335517817055,24
"470",-0.994896035460539,-0.556186727634076,24
"471",-0.619000556474891,-1.26341191115036,24
"472",-0.243105077489243,-1.26341191115036,24
"473",0.132790401496405,-1.26341191115036,24
"474",0.508685880482053,-1.26341191115036,24
"475",0.884581359467701,-1.26341191115036,24
"476",1.26047683845335,-1.61702450290851,24
"477",1.636372317439,-1.61702450290851,24
"478",2.01226779642465,-1.61702450290851,24
"479",2.38816327541029,-1.61702450290851,24
"480",2.76405875439594,-1.61702450290851,24
"481",-4.37795534633137,3.3335517817055,25
"482",-4.00205986734572,3.3335517817055,25
"483",-3.62616438836008,3.3335517817055,25
"484",-3.25026890937443,3.3335517817055,25
"485",-2.87437343038878,3.3335517817055,25
"486",-2.49847795140313,3.3335517817055,25
"487",-2.12258247241748,3.3335517817055,25
"488",-1.74668699343184,3.3335517817055,25
"489",-1.37079151444619,1.56548882291478,25
"490",-0.994896035460539,0.15103845588221,25
"491",-0.619000556474891,-0.556186727634076,25
"492",-0.243105077489243,-0.909799319392219,25
"493",0.132790401496405,-1.26341191115036,25
"494",0.508685880482053,-1.26341191115036,25
"495",0.884581359467701,-1.61702450290851,25
"496",1.26047683845335,-1.61702450290851,25
"497",1.636372317439,-1.61702450290851,25
"498",2.01226779642465,-1.61702450290851,25
"499",2.38816327541029,-1.61702450290851,25
"500",2.76405875439594,-1.61702450290851,25
"501",-4.37795534633137,3.3335517817055,26
"502",-4.00205986734572,3.3335517817055,26
"503",-3.62616438836008,3.3335517817055,26
"504",-3.25026890937443,3.3335517817055,26
"505",-2.87437343038878,3.3335517817055,26
"506",-2.49847795140313,3.3335517817055,26
"507",-2.12258247241748,3.3335517817055,26
"508",-1.74668699343184,3.3335517817055,26
"509",-1.37079151444619,1.91910141467293,26
"510",-0.994896035460539,-0.202574135875933,26
"511",-0.619000556474891,-0.909799319392219,26
"512",-0.243105077489243,-1.26341191115036,26
"513",0.132790401496405,-1.26341191115036,26
"514",0.508685880482053,-1.26341191115036,26
"515",0.884581359467701,-1.26341191115036,26
"516",1.26047683845335,-1.26341191115036,26
"517",1.636372317439,-1.26341191115036,26
"518",2.01226779642465,-1.26341191115036,26
"519",2.38816327541029,-1.26341191115036,26
"520",2.76405875439594,-1.26341191115036,26
"521",-4.37795534633137,3.3335517817055,27
"522",-4.00205986734572,3.3335517817055,27
"523",-3.62616438836008,3.3335517817055,27
"524",-3.25026890937443,3.3335517817055,27
"525",-2.87437343038878,3.3335517817055,27
"526",-2.49847795140313,3.3335517817055,27
"527",-2.12258247241748,3.3335517817055,27
"528",-1.74668699343184,3.3335517817055,27
"529",-1.37079151444619,3.3335517817055,27
"530",-0.994896035460539,-0.202574135875933,27
"531",-0.619000556474891,-0.909799319392219,27
"532",-0.243105077489243,-1.26341191115036,27
"533",0.132790401496405,-1.26341191115036,27
"534",0.508685880482053,-1.26341191115036,27
"535",0.884581359467701,-1.26341191115036,27
"536",1.26047683845335,-1.26341191115036,27
"537",1.636372317439,-1.61702450290851,27
"538",2.01226779642465,-1.61702450290851,27
"539",2.38816327541029,-1.61702450290851,27
"540",2.76405875439594,-1.61702450290851,27
"541",-4.37795534633137,3.3335517817055,28
"542",-4.00205986734572,3.3335517817055,28
"543",-3.62616438836008,3.3335517817055,28
"544",-3.25026890937443,3.3335517817055,28
"545",-2.87437343038878,3.3335517817055,28
"546",-2.49847795140313,3.3335517817055,28
"547",-2.12258247241748,3.3335517817055,28
"548",-1.74668699343184,3.3335517817055,28
"549",-1.37079151444619,1.56548882291478,28
"550",-0.994896035460539,0.15103845588221,28
"551",-0.619000556474891,-0.556186727634076,28
"552",-0.243105077489243,-0.909799319392219,28
"553",0.132790401496405,-1.26341191115036,28
"554",0.508685880482053,-1.26341191115036,28
"555",0.884581359467701,-1.26341191115036,28
"556",1.26047683845335,-1.61702450290851,28
"557",1.636372317439,-1.61702450290851,28
"558",2.01226779642465,-1.61702450290851,28
"559",2.38816327541029,-1.61702450290851,28
"560",2.76405875439594,-1.61702450290851,28
"561",-4.37795534633137,3.3335517817055,29
"562",-4.00205986734572,3.3335517817055,29
"563",-3.62616438836008,3.3335517817055,29
"564",-3.25026890937443,3.3335517817055,29
"565",-2.87437343038878,3.3335517817055,29
"566",-2.49847795140313,3.3335517817055,29
"567",-2.12258247241748,3.3335517817055,29
"568",-1.74668699343184,3.3335517817055,29
"569",-1.37079151444619,1.56548882291478,29
"570",-0.994896035460539,0.15103845588221,29
"571",-0.619000556474891,-0.556186727634076,29
"572",-0.243105077489243,-0.909799319392219,29
"573",0.132790401496405,-0.909799319392219,29
"574",0.508685880482053,-1.26341191115036,29
"575",0.884581359467701,-1.26341191115036,29
"576",1.26047683845335,-1.61702450290851,29
"577",1.636372317439,-1.61702450290851,29
"578",2.01226779642465,-1.61702450290851,29
"579",2.38816327541029,-1.61702450290851,29
"580",2.76405875439594,-1.61702450290851,29
"581",-4.37795534633137,3.3335517817055,30
"582",-4.00205986734572,3.3335517817055,30
"583",-3.62616438836008,3.3335517817055,30
"584",-3.25026890937443,3.3335517817055,30
"585",-2.87437343038878,3.3335517817055,30
"586",-2.49847795140313,3.3335517817055,30
"587",-2.12258247241748,3.3335517817055,30
"588",-1.74668699343184,3.3335517817055,30
"589",-1.37079151444619,1.56548882291478,30
"590",-0.994896035460539,0.15103845588221,30
"591",-0.619000556474891,-0.202574135875933,30
"592",-0.243105077489243,-0.556186727634076,30
"593",0.132790401496405,-0.909799319392219,30
"594",0.508685880482053,-0.909799319392219,30
"595",0.884581359467701,-0.909799319392219,30
"596",1.26047683845335,-1.26341191115036,30
"597",1.636372317439,-1.26341191115036,30
"598",2.01226779642465,-1.26341191115036,30
"599",2.38816327541029,-1.26341191115036,30
"600",2.76405875439594,-1.26341191115036,30
"601",-4.37795534633137,3.3335517817055,31
"602",-4.00205986734572,3.3335517817055,31
"603",-3.62616438836008,3.3335517817055,31
"604",-3.25026890937443,3.3335517817055,31
"605",-2.87437343038878,3.3335517817055,31
"606",-2.49847795140313,3.3335517817055,31
"607",-2.12258247241748,3.3335517817055,31
"608",-1.74668699343184,3.3335517817055,31
"609",-1.37079151444619,1.56548882291478,31
"610",-0.994896035460539,0.15103845588221,31
"611",-0.619000556474891,-0.909799319392219,31
"612",-0.243105077489243,-1.26341191115036,31
"613",0.132790401496405,-1.26341191115036,31
"614",0.508685880482053,-1.61702450290851,31
"615",0.884581359467701,-1.61702450290851,31
"616",1.26047683845335,-1.61702450290851,31
"617",1.636372317439,-1.61702450290851,31
"618",2.01226779642465,-1.61702450290851,31
"619",2.38816327541029,-1.61702450290851,31
"620",2.76405875439594,-1.61702450290851,31
"621",-4.37795534633137,3.3335517817055,32
"622",-4.00205986734572,3.3335517817055,32
"623",-3.62616438836008,3.3335517817055,32
"624",-3.25026890937443,3.3335517817055,32
"625",-2.87437343038878,3.3335517817055,32
"626",-2.49847795140313,3.3335517817055,32
"627",-2.12258247241748,3.3335517817055,32
"628",-1.74668699343184,3.3335517817055,32
"629",-1.37079151444619,1.91910141467293,32
"630",-0.994896035460539,-0.202574135875933,32
"631",-0.619000556474891,-0.909799319392219,32
"632",-0.243105077489243,-1.26341191115036,32
"633",0.132790401496405,-1.61702450290851,32
"634",0.508685880482053,-1.61702450290851,32
"635",0.884581359467701,-1.61702450290851,32
"636",1.26047683845335,-1.61702450290851,32
"637",1.636372317439,-1.97063709466665,32
"638",2.01226779642465,-1.97063709466665,32
"639",2.38816327541029,-1.97063709466665,32
"640",2.76405875439594,-1.97063709466665,32
"641",-4.37795534633137,3.3335517817055,33
"642",-4.00205986734572,3.3335517817055,33
"643",-3.62616438836008,3.3335517817055,33
"644",-3.25026890937443,3.3335517817055,33
"645",-2.87437343038878,3.3335517817055,33
"646",-2.49847795140313,3.3335517817055,33
"647",-2.12258247241748,3.3335517817055,33
"648",-1.74668699343184,3.3335517817055,33
"649",-1.37079151444619,3.3335517817055,33
"650",-0.994896035460539,-0.556186727634076,33
"651",-0.619000556474891,-1.26341191115036,33
"652",-0.243105077489243,-1.61702450290851,33
"653",0.132790401496405,-1.61702450290851,33
"654",0.508685880482053,-1.97063709466665,33
"655",0.884581359467701,-1.97063709466665,33
"656",1.26047683845335,-1.97063709466665,33
"657",1.636372317439,-1.97063709466665,33
"658",2.01226779642465,-2.32424968642479,33
"659",2.38816327541029,-2.32424968642479,33
"660",2.76405875439594,-2.32424968642479,33
"661",-4.37795534633137,3.3335517817055,34
"662",-4.00205986734572,3.3335517817055,34
"663",-3.62616438836008,3.3335517817055,34
"664",-3.25026890937443,3.3335517817055,34
"665",-2.87437343038878,3.3335517817055,34
"666",-2.49847795140313,3.3335517817055,34
"667",-2.12258247241748,3.3335517817055,34
"668",-1.74668699343184,3.3335517817055,34
"669",-1.37079151444619,1.56548882291478,34
"670",-0.994896035460539,0.15103845588221,34
"671",-0.619000556474891,-0.909799319392219,34
"672",-0.243105077489243,-1.26341191115036,34
"673",0.132790401496405,-1.61702450290851,34
"674",0.508685880482053,-1.61702450290851,34
"675",0.884581359467701,-1.61702450290851,34
"676",1.26047683845335,-1.61702450290851,34
"677",1.636372317439,-1.97063709466665,34
"678",2.01226779642465,-1.97063709466665,34
"679",2.38816327541029,-1.97063709466665,34
"680",2.76405875439594,-1.97063709466665,34
"681",-4.37795534633137,3.3335517817055,35
"682",-4.00205986734572,3.3335517817055,35
"683",-3.62616438836008,3.3335517817055,35
"684",-3.25026890937443,3.3335517817055,35
"685",-2.87437343038878,3.3335517817055,35
"686",-2.49847795140313,3.3335517817055,35
"687",-2.12258247241748,3.3335517817055,35
"688",-1.74668699343184,3.3335517817055,35
"689",-1.37079151444619,3.3335517817055,35
"690",-0.994896035460539,-0.202574135875933,35
"691",-0.619000556474891,-0.909799319392219,35
"692",-0.243105077489243,-0.909799319392219,35
"693",0.132790401496405,-1.26341191115036,35
"694",0.508685880482053,-1.26341191115036,35
"695",0.884581359467701,-1.26341191115036,35
"696",1.26047683845335,-1.26341191115036,35
"697",1.636372317439,-1.26341191115036,35
"698",2.01226779642465,-1.26341191115036,35
"699",2.38816327541029,-1.26341191115036,35
"700",2.76405875439594,-1.26341191115036,35
"701",-4.37795534633137,3.3335517817055,36
"702",-4.00205986734572,3.3335517817055,36
"703",-3.62616438836008,3.3335517817055,36
"704",-3.25026890937443,3.3335517817055,36
"705",-2.87437343038878,3.3335517817055,36
"706",-2.49847795140313,3.3335517817055,36
"707",-2.12258247241748,3.3335517817055,36
"708",-1.74668699343184,3.3335517817055,36
"709",-1.37079151444619,2.97993918994736,36
"710",-0.994896035460539,-0.202574135875933,36
"711",-0.619000556474891,-0.909799319392219,36
"712",-0.243105077489243,-0.909799319392219,36
"713",0.132790401496405,-1.26341191115036,36
"714",0.508685880482053,-1.26341191115036,36
"715",0.884581359467701,-1.26341191115036,36
"716",1.26047683845335,-1.61702450290851,36
"717",1.636372317439,-1.61702450290851,36
"718",2.01226779642465,-1.61702450290851,36
"719",2.38816327541029,-1.61702450290851,36
"720",2.76405875439594,-1.61702450290851,36
"721",-4.37795534633137,3.3335517817055,37
"722",-4.00205986734572,3.3335517817055,37
"723",-3.62616438836008,3.3335517817055,37
"724",-3.25026890937443,3.3335517817055,37
"725",-2.87437343038878,3.3335517817055,37
"726",-2.49847795140313,3.3335517817055,37
"727",-2.12258247241748,3.3335517817055,37
"728",-1.74668699343184,3.3335517817055,37
"729",-1.37079151444619,1.56548882291478,37
"730",-0.994896035460539,0.15103845588221,37
"731",-0.619000556474891,-0.202574135875933,37
"732",-0.243105077489243,-0.556186727634076,37
"733",0.132790401496405,-0.909799319392219,37
"734",0.508685880482053,-0.909799319392219,37
"735",0.884581359467701,-1.26341191115036,37
"736",1.26047683845335,-1.26341191115036,37
"737",1.636372317439,-1.26341191115036,37
"738",2.01226779642465,-1.26341191115036,37
"739",2.38816327541029,-1.26341191115036,37
"740",2.76405875439594,-1.26341191115036,37
"741",-4.37795534633137,3.3335517817055,38
"742",-4.00205986734572,3.3335517817055,38
"743",-3.62616438836008,3.3335517817055,38
"744",-3.25026890937443,3.3335517817055,38
"745",-2.87437343038878,3.3335517817055,38
"746",-2.49847795140313,3.3335517817055,38
"747",-2.12258247241748,3.3335517817055,38
"748",-1.74668699343184,3.3335517817055,38
"749",-1.37079151444619,1.91910141467293,38
"750",-0.994896035460539,0.15103845588221,38
"751",-0.619000556474891,-0.556186727634076,38
"752",-0.243105077489243,-0.909799319392219,38
"753",0.132790401496405,-0.909799319392219,38
"754",0.508685880482053,-0.909799319392219,38
"755",0.884581359467701,-1.26341191115036,38
"756",1.26047683845335,-1.26341191115036,38
"757",1.636372317439,-1.26341191115036,38
"758",2.01226779642465,-1.26341191115036,38
"759",2.38816327541029,-1.61702450290851,38
"760",2.76405875439594,-1.61702450290851,38
"761",-4.37795534633137,3.3335517817055,39
"762",-4.00205986734572,3.3335517817055,39
"763",-3.62616438836008,3.3335517817055,39
"764",-3.25026890937443,3.3335517817055,39
"765",-2.87437343038878,3.3335517817055,39
"766",-2.49847795140313,3.3335517817055,39
"767",-2.12258247241748,3.3335517817055,39
"768",-1.74668699343184,3.3335517817055,39
"769",-1.37079151444619,1.56548882291478,39
"770",-0.994896035460539,-0.556186727634076,39
"771",-0.619000556474891,-1.26341191115036,39
"772",-0.243105077489243,-1.61702450290851,39
"773",0.132790401496405,-1.61702450290851,39
"774",0.508685880482053,-1.61702450290851,39
"775",0.884581359467701,-1.61702450290851,39
"776",1.26047683845335,-1.61702450290851,39
"777",1.636372317439,-1.97063709466665,39
"778",2.01226779642465,-1.97063709466665,39
"779",2.38816327541029,-1.97063709466665,39
"780",2.76405875439594,-1.97063709466665,39
"781",-4.37795534633137,3.3335517817055,40
"782",-4.00205986734572,3.3335517817055,40
"783",-3.62616438836008,3.3335517817055,40
"784",-3.25026890937443,3.3335517817055,40
"785",-2.87437343038878,3.3335517817055,40
"786",-2.49847795140313,3.3335517817055,40
"787",-2.12258247241748,3.3335517817055,40
"788",-1.74668699343184,3.3335517817055,40
"789",-1.37079151444619,1.56548882291478,40
"790",-0.994896035460539,0.504651047640353,40
"791",-0.619000556474891,-0.202574135875933,40
"792",-0.243105077489243,-0.202574135875933,40
"793",0.132790401496405,-0.556186727634076,40
"794",0.508685880482053,-0.556186727634076,40
"795",0.884581359467701,-0.556186727634076,40
"796",1.26047683845335,-0.909799319392219,40
"797",1.636372317439,-0.909799319392219,40
"798",2.01226779642465,-0.909799319392219,40
"799",2.38816327541029,-0.909799319392219,40
"800",2.76405875439594,-0.909799319392219,40
"801",-4.37795534633137,3.3335517817055,41
"802",-4.00205986734572,3.3335517817055,41
"803",-3.62616438836008,3.3335517817055,41
"804",-3.25026890937443,3.3335517817055,41
"805",-2.87437343038878,3.3335517817055,41
"806",-2.49847795140313,3.3335517817055,41
"807",-2.12258247241748,3.3335517817055,41
"808",-1.74668699343184,3.3335517817055,41
"809",-1.37079151444619,3.3335517817055,41
"810",-0.994896035460539,-0.556186727634076,41
"811",-0.619000556474891,-1.26341191115036,41
"812",-0.243105077489243,-1.61702450290851,41
"813",0.132790401496405,-1.61702450290851,41
"814",0.508685880482053,-1.61702450290851,41
"815",0.884581359467701,-1.61702450290851,41
"816",1.26047683845335,-1.61702450290851,41
"817",1.636372317439,-1.61702450290851,41
"818",2.01226779642465,-1.61702450290851,41
"819",2.38816327541029,-1.97063709466665,41
"820",2.76405875439594,-1.97063709466665,41
"821",-4.37795534633137,3.3335517817055,42
"822",-4.00205986734572,3.3335517817055,42
"823",-3.62616438836008,3.3335517817055,42
"824",-3.25026890937443,3.3335517817055,42
"825",-2.87437343038878,3.3335517817055,42
"826",-2.49847795140313,3.3335517817055,42
"827",-2.12258247241748,3.3335517817055,42
"828",-1.74668699343184,3.3335517817055,42
"829",-1.37079151444619,3.3335517817055,42
"830",-0.994896035460539,-0.202574135875933,42
"831",-0.619000556474891,-0.556186727634076,42
"832",-0.243105077489243,-0.909799319392219,42
"833",0.132790401496405,-0.909799319392219,42
"834",0.508685880482053,-1.26341191115036,42
"835",0.884581359467701,-1.26341191115036,42
"836",1.26047683845335,-1.26341191115036,42
"837",1.636372317439,-1.26341191115036,42
"838",2.01226779642465,-1.26341191115036,42
"839",2.38816327541029,-1.26341191115036,42
"840",2.76405875439594,-1.26341191115036,42
"841",-4.37795534633137,3.3335517817055,43
"842",-4.00205986734572,3.3335517817055,43
"843",-3.62616438836008,3.3335517817055,43
"844",-3.25026890937443,3.3335517817055,43
"845",-2.87437343038878,3.3335517817055,43
"846",-2.49847795140313,3.3335517817055,43
"847",-2.12258247241748,3.3335517817055,43
"848",-1.74668699343184,3.3335517817055,43
"849",-1.37079151444619,1.56548882291478,43
"850",-0.994896035460539,-0.202574135875933,43
"851",-0.619000556474891,-0.909799319392219,43
"852",-0.243105077489243,-0.909799319392219,43
"853",0.132790401496405,-0.909799319392219,43
"854",0.508685880482053,-0.909799319392219,43
"855",0.884581359467701,-1.26341191115036,43
"856",1.26047683845335,-1.26341191115036,43
"857",1.636372317439,-1.26341191115036,43
"858",2.01226779642465,-1.26341191115036,43
"859",2.38816327541029,-1.26341191115036,43
"860",2.76405875439594,-1.26341191115036,43
"861",-4.37795534633137,3.3335517817055,44
"862",-4.00205986734572,3.3335517817055,44
"863",-3.62616438836008,3.3335517817055,44
"864",-3.25026890937443,3.3335517817055,44
"865",-2.87437343038878,3.3335517817055,44
"866",-2.49847795140313,3.3335517817055,44
"867",-2.12258247241748,3.3335517817055,44
"868",-1.74668699343184,3.3335517817055,44
"869",-1.37079151444619,3.3335517817055,44
"870",-0.994896035460539,-0.202574135875933,44
"871",-0.619000556474891,-0.556186727634076,44
"872",-0.243105077489243,-0.909799319392219,44
"873",0.132790401496405,-0.909799319392219,44
"874",0.508685880482053,-1.26341191115036,44
"875",0.884581359467701,-1.26341191115036,44
"876",1.26047683845335,-1.26341191115036,44
"877",1.636372317439,-1.26341191115036,44
"878",2.01226779642465,-1.26341191115036,44
"879",2.38816327541029,-1.26341191115036,44
"880",2.76405875439594,-1.26341191115036,44
"881",-4.37795534633137,3.3335517817055,45
"882",-4.00205986734572,3.3335517817055,45
"883",-3.62616438836008,3.3335517817055,45
"884",-3.25026890937443,3.3335517817055,45
"885",-2.87437343038878,3.3335517817055,45
"886",-2.49847795140313,3.3335517817055,45
"887",-2.12258247241748,3.3335517817055,45
"888",-1.74668699343184,3.3335517817055,45
"889",-1.37079151444619,1.56548882291478,45
"890",-0.994896035460539,0.15103845588221,45
"891",-0.619000556474891,-0.556186727634076,45
"892",-0.243105077489243,-0.909799319392219,45
"893",0.132790401496405,-0.909799319392219,45
"894",0.508685880482053,-1.26341191115036,45
"895",0.884581359467701,-1.26341191115036,45
"896",1.26047683845335,-1.26341191115036,45
"897",1.636372317439,-1.26341191115036,45
"898",2.01226779642465,-1.61702450290851,45
"899",2.38816327541029,-1.61702450290851,45
"900",2.76405875439594,-1.61702450290851,45
"901",-4.37795534633137,3.3335517817055,46
"902",-4.00205986734572,3.3335517817055,46
"903",-3.62616438836008,3.3335517817055,46
"904",-3.25026890937443,3.3335517817055,46
"905",-2.87437343038878,3.3335517817055,46
"906",-2.49847795140313,3.3335517817055,46
"907",-2.12258247241748,3.3335517817055,46
"908",-1.74668699343184,3.3335517817055,46
"909",-1.37079151444619,3.3335517817055,46
"910",-0.994896035460539,-0.202574135875933,46
"911",-0.619000556474891,-0.556186727634076,46
"912",-0.243105077489243,-0.909799319392219,46
"913",0.132790401496405,-0.909799319392219,46
"914",0.508685880482053,-0.909799319392219,46
"915",0.884581359467701,-1.26341191115036,46
"916",1.26047683845335,-1.26341191115036,46
"917",1.636372317439,-1.26341191115036,46
"918",2.01226779642465,-1.26341191115036,46
"919",2.38816327541029,-1.26341191115036,46
"920",2.76405875439594,-1.26341191115036,46
"921",-4.37795534633137,3.3335517817055,47
"922",-4.00205986734572,3.3335517817055,47
"923",-3.62616438836008,3.3335517817055,47
"924",-3.25026890937443,3.3335517817055,47
"925",-2.87437343038878,3.3335517817055,47
"926",-2.49847795140313,3.3335517817055,47
"927",-2.12258247241748,3.3335517817055,47
"928",-1.74668699343184,3.3335517817055,47
"929",-1.37079151444619,2.62632659818921,47
"930",-0.994896035460539,-0.556186727634076,47
"931",-0.619000556474891,-0.909799319392219,47
"932",-0.243105077489243,-1.26341191115036,47
"933",0.132790401496405,-1.61702450290851,47
"934",0.508685880482053,-1.61702450290851,47
"935",0.884581359467701,-1.61702450290851,47
"936",1.26047683845335,-1.61702450290851,47
"937",1.636372317439,-1.61702450290851,47
"938",2.01226779642465,-1.61702450290851,47
"939",2.38816327541029,-1.61702450290851,47
"940",2.76405875439594,-1.61702450290851,47
"941",-4.37795534633137,3.3335517817055,48
"942",-4.00205986734572,3.3335517817055,48
"943",-3.62616438836008,3.3335517817055,48
"944",-3.25026890937443,3.3335517817055,48
"945",-2.87437343038878,3.3335517817055,48
"946",-2.49847795140313,3.3335517817055,48
"947",-2.12258247241748,3.3335517817055,48
"948",-1.74668699343184,3.3335517817055,48
"949",-1.37079151444619,1.56548882291478,48
"950",-0.994896035460539,0.504651047640353,48
"951",-0.619000556474891,-0.202574135875933,48
"952",-0.243105077489243,-0.556186727634076,48
"953",0.132790401496405,-0.909799319392219,48
"954",0.508685880482053,-0.909799319392219,48
"955",0.884581359467701,-1.26341191115036,48
"956",1.26047683845335,-1.26341191115036,48
"957",1.636372317439,-1.26341191115036,48
"958",2.01226779642465,-1.26341191115036,48
"959",2.38816327541029,-1.61702450290851,48
"960",2.76405875439594,-1.61702450290851,48
"961",-4.37795534633137,3.3335517817055,49
"962",-4.00205986734572,3.3335517817055,49
"963",-3.62616438836008,3.3335517817055,49
"964",-3.25026890937443,3.3335517817055,49
"965",-2.87437343038878,3.3335517817055,49
"966",-2.49847795140313,3.3335517817055,49
"967",-2.12258247241748,3.3335517817055,49
"968",-1.74668699343184,3.3335517817055,49
"969",-1.37079151444619,1.56548882291478,49
"970",-0.994896035460539,0.504651047640353,49
"971",-0.619000556474891,-0.202574135875933,49
"972",-0.243105077489243,-0.556186727634076,49
"973",0.132790401496405,-0.909799319392219,49
"974",0.508685880482053,-0.909799319392219,49
"975",0.884581359467701,-0.909799319392219,49
"976",1.26047683845335,-0.909799319392219,49
"977",1.636372317439,-1.26341191115036,49
"978",2.01226779642465,-1.26341191115036,49
"979",2.38816327541029,-1.26341191115036,49
"980",2.76405875439594,-1.26341191115036,49
"981",-4.37795534633137,3.3335517817055,50
"982",-4.00205986734572,3.3335517817055,50
"983",-3.62616438836008,3.3335517817055,50
"984",-3.25026890937443,3.3335517817055,50
"985",-2.87437343038878,3.3335517817055,50
"986",-2.49847795140313,3.3335517817055,50
"987",-2.12258247241748,3.3335517817055,50
"988",-1.74668699343184,3.3335517817055,50
"989",-1.37079151444619,1.56548882291478,50
"990",-0.994896035460539,0.15103845588221,50
"991",-0.619000556474891,-0.556186727634076,50
"992",-0.243105077489243,-0.909799319392219,50
"993",0.132790401496405,-1.26341191115036,50
"994",0.508685880482053,-1.26341191115036,50
"995",0.884581359467701,-1.26341191115036,50
"996",1.26047683845335,-1.26341191115036,50
"997",1.636372317439,-1.26341191115036,50
"998",2.01226779642465,-1.26341191115036,50
"999",2.38816327541029,-1.26341191115036,50
"1000",2.76405875439594,-1.26341191115036,50
"1001",-4.37795534633137,3.3335517817055,51
"1002",-4.00205986734572,3.3335517817055,51
"1003",-3.62616438836008,3.3335517817055,51
"1004",-3.25026890937443,3.3335517817055,51
"1005",-2.87437343038878,3.3335517817055,51
"1006",-2.49847795140313,3.3335517817055,51
"1007",-2.12258247241748,3.3335517817055,51
"1008",-1.74668699343184,3.3335517817055,51
"1009",-1.37079151444619,1.56548882291478,51
"1010",-0.994896035460539,0.15103845588221,51
"1011",-0.619000556474891,-0.202574135875933,51
"1012",-0.243105077489243,-0.556186727634076,51
"1013",0.132790401496405,-0.909799319392219,51
"1014",0.508685880482053,-0.909799319392219,51
"1015",0.884581359467701,-0.909799319392219,51
"1016",1.26047683845335,-0.909799319392219,51
"1017",1.636372317439,-0.909799319392219,51
"1018",2.01226779642465,-0.909799319392219,51
"1019",2.38816327541029,-0.909799319392219,51
"1020",2.76405875439594,-0.909799319392219,51
"1021",-4.37795534633137,3.3335517817055,52
"1022",-4.00205986734572,3.3335517817055,52
"1023",-3.62616438836008,3.3335517817055,52
"1024",-3.25026890937443,3.3335517817055,52
"1025",-2.87437343038878,3.3335517817055,52
"1026",-2.49847795140313,3.3335517817055,52
"1027",-2.12258247241748,3.3335517817055,52
"1028",-1.74668699343184,3.3335517817055,52
"1029",-1.37079151444619,2.27271400643107,52
"1030",-0.994896035460539,-0.202574135875933,52
"1031",-0.619000556474891,-0.556186727634076,52
"1032",-0.243105077489243,-0.909799319392219,52
"1033",0.132790401496405,-1.26341191115036,52
"1034",0.508685880482053,-1.26341191115036,52
"1035",0.884581359467701,-1.26341191115036,52
"1036",1.26047683845335,-1.61702450290851,52
"1037",1.636372317439,-1.61702450290851,52
"1038",2.01226779642465,-1.61702450290851,52
"1039",2.38816327541029,-1.61702450290851,52
"1040",2.76405875439594,-1.61702450290851,52
"1041",-4.37795534633137,3.3335517817055,53
"1042",-4.00205986734572,3.3335517817055,53
"1043",-3.62616438836008,3.3335517817055,53
"1044",-3.25026890937443,3.3335517817055,53
"1045",-2.87437343038878,3.3335517817055,53
"1046",-2.49847795140313,3.3335517817055,53
"1047",-2.12258247241748,3.3335517817055,53
"1048",-1.74668699343184,3.3335517817055,53
"1049",-1.37079151444619,3.3335517817055,53
"1050",-0.994896035460539,-0.202574135875933,53
"1051",-0.619000556474891,-0.556186727634076,53
"1052",-0.243105077489243,-0.909799319392219,53
"1053",0.132790401496405,-0.909799319392219,53
"1054",0.508685880482053,-1.26341191115036,53
"1055",0.884581359467701,-1.26341191115036,53
"1056",1.26047683845335,-1.26341191115036,53
"1057",1.636372317439,-1.26341191115036,53
"1058",2.01226779642465,-1.61702450290851,53
"1059",2.38816327541029,-1.61702450290851,53
"1060",2.76405875439594,-1.61702450290851,53
"1061",-4.37795534633137,3.3335517817055,54
"1062",-4.00205986734572,3.3335517817055,54
"1063",-3.62616438836008,3.3335517817055,54
"1064",-3.25026890937443,3.3335517817055,54
"1065",-2.87437343038878,3.3335517817055,54
"1066",-2.49847795140313,3.3335517817055,54
"1067",-2.12258247241748,3.3335517817055,54
"1068",-1.74668699343184,3.3335517817055,54
"1069",-1.37079151444619,1.56548882291478,54
"1070",-0.994896035460539,0.15103845588221,54
"1071",-0.619000556474891,-0.202574135875933,54
"1072",-0.243105077489243,-0.909799319392219,54
"1073",0.132790401496405,-0.909799319392219,54
"1074",0.508685880482053,-1.26341191115036,54
"1075",0.884581359467701,-1.26341191115036,54
"1076",1.26047683845335,-1.26341191115036,54
"1077",1.636372317439,-1.26341191115036,54
"1078",2.01226779642465,-1.61702450290851,54
"1079",2.38816327541029,-1.61702450290851,54
"1080",2.76405875439594,-1.61702450290851,54
"1081",-4.37795534633137,3.3335517817055,55
"1082",-4.00205986734572,3.3335517817055,55
"1083",-3.62616438836008,3.3335517817055,55
"1084",-3.25026890937443,3.3335517817055,55
"1085",-2.87437343038878,3.3335517817055,55
"1086",-2.49847795140313,3.3335517817055,55
"1087",-2.12258247241748,3.3335517817055,55
"1088",-1.74668699343184,3.3335517817055,55
"1089",-1.37079151444619,1.56548882291478,55
"1090",-0.994896035460539,0.15103845588221,55
"1091",-0.619000556474891,-0.556186727634076,55
"1092",-0.243105077489243,-0.909799319392219,55
"1093",0.132790401496405,-0.909799319392219,55
"1094",0.508685880482053,-1.26341191115036,55
"1095",0.884581359467701,-1.26341191115036,55
"1096",1.26047683845335,-1.26341191115036,55
"1097",1.636372317439,-1.26341191115036,55
"1098",2.01226779642465,-1.26341191115036,55
"1099",2.38816327541029,-1.26341191115036,55
"1100",2.76405875439594,-1.26341191115036,55
"1101",-4.37795534633137,3.3335517817055,56
"1102",-4.00205986734572,3.3335517817055,56
"1103",-3.62616438836008,3.3335517817055,56
"1104",-3.25026890937443,3.3335517817055,56
"1105",-2.87437343038878,3.3335517817055,56
"1106",-2.49847795140313,3.3335517817055,56
"1107",-2.12258247241748,3.3335517817055,56
"1108",-1.74668699343184,3.3335517817055,56
"1109",-1.37079151444619,3.3335517817055,56
"1110",-0.994896035460539,-0.202574135875933,56
"1111",-0.619000556474891,-0.909799319392219,56
"1112",-0.243105077489243,-0.909799319392219,56
"1113",0.132790401496405,-1.26341191115036,56
"1114",0.508685880482053,-1.26341191115036,56
"1115",0.884581359467701,-1.26341191115036,56
"1116",1.26047683845335,-1.61702450290851,56
"1117",1.636372317439,-1.61702450290851,56
"1118",2.01226779642465,-1.61702450290851,56
"1119",2.38816327541029,-1.61702450290851,56
"1120",2.76405875439594,-1.61702450290851,56
"1121",-4.37795534633137,3.3335517817055,57
"1122",-4.00205986734572,3.3335517817055,57
"1123",-3.62616438836008,3.3335517817055,57
"1124",-3.25026890937443,3.3335517817055,57
"1125",-2.87437343038878,3.3335517817055,57
"1126",-2.49847795140313,3.3335517817055,57
"1127",-2.12258247241748,3.3335517817055,57
"1128",-1.74668699343184,3.3335517817055,57
"1129",-1.37079151444619,3.3335517817055,57
"1130",-0.994896035460539,-0.202574135875933,57
"1131",-0.619000556474891,-0.556186727634076,57
"1132",-0.243105077489243,-0.909799319392219,57
"1133",0.132790401496405,-1.26341191115036,57
"1134",0.508685880482053,-1.26341191115036,57
"1135",0.884581359467701,-1.61702450290851,57
"1136",1.26047683845335,-1.61702450290851,57
"1137",1.636372317439,-1.61702450290851,57
"1138",2.01226779642465,-1.61702450290851,57
"1139",2.38816327541029,-1.61702450290851,57
"1140",2.76405875439594,-1.61702450290851,57
"1141",-4.37795534633137,3.3335517817055,58
"1142",-4.00205986734572,3.3335517817055,58
"1143",-3.62616438836008,3.3335517817055,58
"1144",-3.25026890937443,3.3335517817055,58
"1145",-2.87437343038878,3.3335517817055,58
"1146",-2.49847795140313,3.3335517817055,58
"1147",-2.12258247241748,3.3335517817055,58
"1148",-1.74668699343184,3.3335517817055,58
"1149",-1.37079151444619,1.56548882291478,58
"1150",-0.994896035460539,0.504651047640353,58
"1151",-0.619000556474891,-0.202574135875933,58
"1152",-0.243105077489243,-0.556186727634076,58
"1153",0.132790401496405,-0.909799319392219,58
"1154",0.508685880482053,-1.26341191115036,58
"1155",0.884581359467701,-1.26341191115036,58
"1156",1.26047683845335,-1.26341191115036,58
"1157",1.636372317439,-1.26341191115036,58
"1158",2.01226779642465,-1.26341191115036,58
"1159",2.38816327541029,-1.61702450290851,58
"1160",2.76405875439594,-1.61702450290851,58
"1161",-4.37795534633137,3.3335517817055,59
"1162",-4.00205986734572,3.3335517817055,59
"1163",-3.62616438836008,3.3335517817055,59
"1164",-3.25026890937443,3.3335517817055,59
"1165",-2.87437343038878,3.3335517817055,59
"1166",-2.49847795140313,3.3335517817055,59
"1167",-2.12258247241748,3.3335517817055,59
"1168",-1.74668699343184,3.3335517817055,59
"1169",-1.37079151444619,1.56548882291478,59
"1170",-0.994896035460539,0.15103845588221,59
"1171",-0.619000556474891,-0.202574135875933,59
"1172",-0.243105077489243,-0.556186727634076,59
"1173",0.132790401496405,-0.909799319392219,59
"1174",0.508685880482053,-1.26341191115036,59
"1175",0.884581359467701,-1.26341191115036,59
"1176",1.26047683845335,-1.26341191115036,59
"1177",1.636372317439,-1.61702450290851,59
"1178",2.01226779642465,-1.61702450290851,59
"1179",2.38816327541029,-1.61702450290851,59
"1180",2.76405875439594,-1.61702450290851,59
"1181",-4.37795534633137,3.3335517817055,60
"1182",-4.00205986734572,3.3335517817055,60
"1183",-3.62616438836008,3.3335517817055,60
"1184",-3.25026890937443,3.3335517817055,60
"1185",-2.87437343038878,3.3335517817055,60
"1186",-2.49847795140313,3.3335517817055,60
"1187",-2.12258247241748,3.3335517817055,60
"1188",-1.74668699343184,3.3335517817055,60
"1189",-1.37079151444619,1.21187623115664,60
"1190",-0.994896035460539,0.504651047640353,60
"1191",-0.619000556474891,-0.556186727634076,60
"1192",-0.243105077489243,-1.26341191115036,60
"1193",0.132790401496405,-1.61702450290851,60
"1194",0.508685880482053,-1.97063709466665,60
"1195",0.884581359467701,-1.97063709466665,60
"1196",1.26047683845335,-1.97063709466665,60
"1197",1.636372317439,-1.97063709466665,60
"1198",2.01226779642465,-1.97063709466665,60
"1199",2.38816327541029,-1.97063709466665,60
"1200",2.76405875439594,-1.97063709466665,60
"1201",-4.37795534633137,3.3335517817055,61
"1202",-4.00205986734572,3.3335517817055,61
"1203",-3.62616438836008,3.3335517817055,61
"1204",-3.25026890937443,3.3335517817055,61
"1205",-2.87437343038878,3.3335517817055,61
"1206",-2.49847795140313,3.3335517817055,61
"1207",-2.12258247241748,3.3335517817055,61
"1208",-1.74668699343184,3.3335517817055,61
"1209",-1.37079151444619,1.56548882291478,61
"1210",-0.994896035460539,0.504651047640353,61
"1211",-0.619000556474891,-0.202574135875933,61
"1212",-0.243105077489243,-0.556186727634076,61
"1213",0.132790401496405,-0.556186727634076,61
"1214",0.508685880482053,-0.909799319392219,61
"1215",0.884581359467701,-0.909799319392219,61
"1216",1.26047683845335,-0.909799319392219,61
"1217",1.636372317439,-0.909799319392219,61
"1218",2.01226779642465,-0.909799319392219,61
"1219",2.38816327541029,-0.909799319392219,61
"1220",2.76405875439594,-0.909799319392219,61
"1221",-4.37795534633137,3.3335517817055,62
"1222",-4.00205986734572,3.3335517817055,62
"1223",-3.62616438836008,3.3335517817055,62
"1224",-3.25026890937443,3.3335517817055,62
"1225",-2.87437343038878,3.3335517817055,62
"1226",-2.49847795140313,3.3335517817055,62
"1227",-2.12258247241748,3.3335517817055,62
"1228",-1.74668699343184,3.3335517817055,62
"1229",-1.37079151444619,1.56548882291478,62
"1230",-0.994896035460539,0.15103845588221,62
"1231",-0.619000556474891,-0.202574135875933,62
"1232",-0.243105077489243,-0.556186727634076,62
"1233",0.132790401496405,-0.909799319392219,62
"1234",0.508685880482053,-1.26341191115036,62
"1235",0.884581359467701,-1.26341191115036,62
"1236",1.26047683845335,-1.26341191115036,62
"1237",1.636372317439,-1.26341191115036,62
"1238",2.01226779642465,-1.61702450290851,62
"1239",2.38816327541029,-1.61702450290851,62
"1240",2.76405875439594,-1.61702450290851,62
"1241",-4.37795534633137,3.3335517817055,63
"1242",-4.00205986734572,3.3335517817055,63
"1243",-3.62616438836008,3.3335517817055,63
"1244",-3.25026890937443,3.3335517817055,63
"1245",-2.87437343038878,3.3335517817055,63
"1246",-2.49847795140313,3.3335517817055,63
"1247",-2.12258247241748,3.3335517817055,63
"1248",-1.74668699343184,1.91910141467293,63
"1249",-1.37079151444619,1.21187623115664,63
"1250",-0.994896035460539,0.504651047640353,63
"1251",-0.619000556474891,-0.556186727634076,63
"1252",-0.243105077489243,-0.909799319392219,63
"1253",0.132790401496405,-0.909799319392219,63
"1254",0.508685880482053,-0.909799319392219,63
"1255",0.884581359467701,-0.909799319392219,63
"1256",1.26047683845335,-0.909799319392219,63
"1257",1.636372317439,-1.26341191115036,63
"1258",2.01226779642465,-1.26341191115036,63
"1259",2.38816327541029,-1.26341191115036,63
"1260",2.76405875439594,-1.26341191115036,63
"1261",-4.37795534633137,3.3335517817055,64
"1262",-4.00205986734572,3.3335517817055,64
"1263",-3.62616438836008,3.3335517817055,64
"1264",-3.25026890937443,3.3335517817055,64
"1265",-2.87437343038878,3.3335517817055,64
"1266",-2.49847795140313,3.3335517817055,64
"1267",-2.12258247241748,3.3335517817055,64
"1268",-1.74668699343184,3.3335517817055,64
"1269",-1.37079151444619,1.91910141467293,64
"1270",-0.994896035460539,-0.202574135875933,64
"1271",-0.619000556474891,-0.909799319392219,64
"1272",-0.243105077489243,-0.909799319392219,64
"1273",0.132790401496405,-1.26341191115036,64
"1274",0.508685880482053,-1.26341191115036,64
"1275",0.884581359467701,-1.26341191115036,64
"1276",1.26047683845335,-1.26341191115036,64
"1277",1.636372317439,-1.61702450290851,64
"1278",2.01226779642465,-1.61702450290851,64
"1279",2.38816327541029,-1.61702450290851,64
"1280",2.76405875439594,-1.61702450290851,64
"1281",-4.37795534633137,3.3335517817055,65
"1282",-4.00205986734572,3.3335517817055,65
"1283",-3.62616438836008,3.3335517817055,65
"1284",-3.25026890937443,3.3335517817055,65
"1285",-2.87437343038878,3.3335517817055,65
"1286",-2.49847795140313,3.3335517817055,65
"1287",-2.12258247241748,3.3335517817055,65
"1288",-1.74668699343184,3.3335517817055,65
"1289",-1.37079151444619,1.56548882291478,65
"1290",-0.994896035460539,0.15103845588221,65
"1291",-0.619000556474891,-0.909799319392219,65
"1292",-0.243105077489243,-0.909799319392219,65
"1293",0.132790401496405,-1.26341191115036,65
"1294",0.508685880482053,-1.26341191115036,65
"1295",0.884581359467701,-1.26341191115036,65
"1296",1.26047683845335,-1.26341191115036,65
"1297",1.636372317439,-1.26341191115036,65
"1298",2.01226779642465,-1.26341191115036,65
"1299",2.38816327541029,-1.26341191115036,65
"1300",2.76405875439594,-1.26341191115036,65
"1301",-4.37795534633137,3.3335517817055,66
"1302",-4.00205986734572,3.3335517817055,66
"1303",-3.62616438836008,3.3335517817055,66
"1304",-3.25026890937443,3.3335517817055,66
"1305",-2.87437343038878,3.3335517817055,66
"1306",-2.49847795140313,3.3335517817055,66
"1307",-2.12258247241748,3.3335517817055,66
"1308",-1.74668699343184,3.3335517817055,66
"1309",-1.37079151444619,1.56548882291478,66
"1310",-0.994896035460539,-0.202574135875933,66
"1311",-0.619000556474891,-0.909799319392219,66
"1312",-0.243105077489243,-1.26341191115036,66
"1313",0.132790401496405,-1.26341191115036,66
"1314",0.508685880482053,-1.61702450290851,66
"1315",0.884581359467701,-1.61702450290851,66
"1316",1.26047683845335,-1.97063709466665,66
"1317",1.636372317439,-1.97063709466665,66
"1318",2.01226779642465,-1.97063709466665,66
"1319",2.38816327541029,-1.97063709466665,66
"1320",2.76405875439594,-1.97063709466665,66
"1321",-4.37795534633137,3.3335517817055,67
"1322",-4.00205986734572,3.3335517817055,67
"1323",-3.62616438836008,3.3335517817055,67
"1324",-3.25026890937443,3.3335517817055,67
"1325",-2.87437343038878,3.3335517817055,67
"1326",-2.49847795140313,3.3335517817055,67
"1327",-2.12258247241748,3.3335517817055,67
"1328",-1.74668699343184,3.3335517817055,67
"1329",-1.37079151444619,3.3335517817055,67
"1330",-0.994896035460539,-0.202574135875933,67
"1331",-0.619000556474891,-0.556186727634076,67
"1332",-0.243105077489243,-0.909799319392219,67
"1333",0.132790401496405,-0.909799319392219,67
"1334",0.508685880482053,-0.909799319392219,67
"1335",0.884581359467701,-0.909799319392219,67
"1336",1.26047683845335,-0.909799319392219,67
"1337",1.636372317439,-1.26341191115036,67
"1338",2.01226779642465,-1.26341191115036,67
"1339",2.38816327541029,-1.26341191115036,67
"1340",2.76405875439594,-1.26341191115036,67
"1341",-4.37795534633137,3.3335517817055,68
"1342",-4.00205986734572,3.3335517817055,68
"1343",-3.62616438836008,3.3335517817055,68
"1344",-3.25026890937443,3.3335517817055,68
"1345",-2.87437343038878,3.3335517817055,68
"1346",-2.49847795140313,3.3335517817055,68
"1347",-2.12258247241748,3.3335517817055,68
"1348",-1.74668699343184,3.3335517817055,68
"1349",-1.37079151444619,2.97993918994736,68
"1350",-0.994896035460539,-0.556186727634076,68
"1351",-0.619000556474891,-0.909799319392219,68
"1352",-0.243105077489243,-1.26341191115036,68
"1353",0.132790401496405,-1.26341191115036,68
"1354",0.508685880482053,-1.26341191115036,68
"1355",0.884581359467701,-1.26341191115036,68
"1356",1.26047683845335,-1.61702450290851,68
"1357",1.636372317439,-1.61702450290851,68
"1358",2.01226779642465,-1.61702450290851,68
"1359",2.38816327541029,-1.61702450290851,68
"1360",2.76405875439594,-1.61702450290851,68
"1361",-4.37795534633137,3.3335517817055,69
"1362",-4.00205986734572,3.3335517817055,69
"1363",-3.62616438836008,3.3335517817055,69
"1364",-3.25026890937443,3.3335517817055,69
"1365",-2.87437343038878,3.3335517817055,69
"1366",-2.49847795140313,3.3335517817055,69
"1367",-2.12258247241748,3.3335517817055,69
"1368",-1.74668699343184,3.3335517817055,69
"1369",-1.37079151444619,3.3335517817055,69
"1370",-0.994896035460539,-0.202574135875933,69
"1371",-0.619000556474891,-0.909799319392219,69
"1372",-0.243105077489243,-1.26341191115036,69
"1373",0.132790401496405,-1.26341191115036,69
"1374",0.508685880482053,-1.26341191115036,69
"1375",0.884581359467701,-1.26341191115036,69
"1376",1.26047683845335,-1.26341191115036,69
"1377",1.636372317439,-1.61702450290851,69
"1378",2.01226779642465,-1.61702450290851,69
"1379",2.38816327541029,-1.61702450290851,69
"1380",2.76405875439594,-1.61702450290851,69
"1381",-4.37795534633137,3.3335517817055,70
"1382",-4.00205986734572,3.3335517817055,70
"1383",-3.62616438836008,3.3335517817055,70
"1384",-3.25026890937443,3.3335517817055,70
"1385",-2.87437343038878,3.3335517817055,70
"1386",-2.49847795140313,3.3335517817055,70
"1387",-2.12258247241748,3.3335517817055,70
"1388",-1.74668699343184,3.3335517817055,70
"1389",-1.37079151444619,3.3335517817055,70
"1390",-0.994896035460539,-0.556186727634076,70
"1391",-0.619000556474891,-1.26341191115036,70
"1392",-0.243105077489243,-1.26341191115036,70
"1393",0.132790401496405,-1.61702450290851,70
"1394",0.508685880482053,-1.61702450290851,70
"1395",0.884581359467701,-1.61702450290851,70
"1396",1.26047683845335,-1.61702450290851,70
"1397",1.636372317439,-1.61702450290851,70
"1398",2.01226779642465,-1.61702450290851,70
"1399",2.38816327541029,-1.61702450290851,70
"1400",2.76405875439594,-1.61702450290851,70
"1401",-4.37795534633137,3.3335517817055,71
"1402",-4.00205986734572,3.3335517817055,71
"1403",-3.62616438836008,3.3335517817055,71
"1404",-3.25026890937443,3.3335517817055,71
"1405",-2.87437343038878,3.3335517817055,71
"1406",-2.49847795140313,3.3335517817055,71
"1407",-2.12258247241748,3.3335517817055,71
"1408",-1.74668699343184,3.3335517817055,71
"1409",-1.37079151444619,1.56548882291478,71
"1410",-0.994896035460539,-0.202574135875933,71
"1411",-0.619000556474891,-0.556186727634076,71
"1412",-0.243105077489243,-1.26341191115036,71
"1413",0.132790401496405,-1.61702450290851,71
"1414",0.508685880482053,-1.61702450290851,71
"1415",0.884581359467701,-1.97063709466665,71
"1416",1.26047683845335,-1.97063709466665,71
"1417",1.636372317439,-1.97063709466665,71
"1418",2.01226779642465,-1.97063709466665,71
"1419",2.38816327541029,-1.97063709466665,71
"1420",2.76405875439594,-1.97063709466665,71
"1421",-4.37795534633137,3.3335517817055,72
"1422",-4.00205986734572,3.3335517817055,72
"1423",-3.62616438836008,3.3335517817055,72
"1424",-3.25026890937443,3.3335517817055,72
"1425",-2.87437343038878,3.3335517817055,72
"1426",-2.49847795140313,3.3335517817055,72
"1427",-2.12258247241748,3.3335517817055,72
"1428",-1.74668699343184,3.3335517817055,72
"1429",-1.37079151444619,1.56548882291478,72
"1430",-0.994896035460539,-0.202574135875933,72
"1431",-0.619000556474891,-0.909799319392219,72
"1432",-0.243105077489243,-1.61702450290851,72
"1433",0.132790401496405,-1.61702450290851,72
"1434",0.508685880482053,-1.61702450290851,72
"1435",0.884581359467701,-1.61702450290851,72
"1436",1.26047683845335,-1.61702450290851,72
"1437",1.636372317439,-1.61702450290851,72
"1438",2.01226779642465,-1.61702450290851,72
"1439",2.38816327541029,-1.61702450290851,72
"1440",2.76405875439594,-1.97063709466665,72
"1441",-4.37795534633137,3.3335517817055,73
"1442",-4.00205986734572,3.3335517817055,73
"1443",-3.62616438836008,3.3335517817055,73
"1444",-3.25026890937443,3.3335517817055,73
"1445",-2.87437343038878,3.3335517817055,73
"1446",-2.49847795140313,3.3335517817055,73
"1447",-2.12258247241748,3.3335517817055,73
"1448",-1.74668699343184,3.3335517817055,73
"1449",-1.37079151444619,1.56548882291478,73
"1450",-0.994896035460539,-0.202574135875933,73
"1451",-0.619000556474891,-0.556186727634076,73
"1452",-0.243105077489243,-0.909799319392219,73
"1453",0.132790401496405,-1.26341191115036,73
"1454",0.508685880482053,-1.26341191115036,73
"1455",0.884581359467701,-1.26341191115036,73
"1456",1.26047683845335,-1.26341191115036,73
"1457",1.636372317439,-1.26341191115036,73
"1458",2.01226779642465,-1.26341191115036,73
"1459",2.38816327541029,-1.26341191115036,73
"1460",2.76405875439594,-1.26341191115036,73
"1461",-4.37795534633137,3.3335517817055,74
"1462",-4.00205986734572,3.3335517817055,74
"1463",-3.62616438836008,3.3335517817055,74
"1464",-3.25026890937443,3.3335517817055,74
"1465",-2.87437343038878,3.3335517817055,74
"1466",-2.49847795140313,3.3335517817055,74
"1467",-2.12258247241748,3.3335517817055,74
"1468",-1.74668699343184,3.3335517817055,74
"1469",-1.37079151444619,3.3335517817055,74
"1470",-0.994896035460539,0.15103845588221,74
"1471",-0.619000556474891,-0.202574135875933,74
"1472",-0.243105077489243,-0.556186727634076,74
"1473",0.132790401496405,-0.556186727634076,74
"1474",0.508685880482053,-0.556186727634076,74
"1475",0.884581359467701,-0.909799319392219,74
"1476",1.26047683845335,-0.909799319392219,74
"1477",1.636372317439,-1.26341191115036,74
"1478",2.01226779642465,-1.26341191115036,74
"1479",2.38816327541029,-1.26341191115036,74
"1480",2.76405875439594,-1.26341191115036,74
"1481",-4.37795534633137,3.3335517817055,75
"1482",-4.00205986734572,3.3335517817055,75
"1483",-3.62616438836008,3.3335517817055,75
"1484",-3.25026890937443,3.3335517817055,75
"1485",-2.87437343038878,3.3335517817055,75
"1486",-2.49847795140313,3.3335517817055,75
"1487",-2.12258247241748,3.3335517817055,75
"1488",-1.74668699343184,3.3335517817055,75
"1489",-1.37079151444619,1.91910141467293,75
"1490",-0.994896035460539,-0.202574135875933,75
"1491",-0.619000556474891,-0.556186727634076,75
"1492",-0.243105077489243,-0.909799319392219,75
"1493",0.132790401496405,-0.909799319392219,75
"1494",0.508685880482053,-1.26341191115036,75
"1495",0.884581359467701,-1.26341191115036,75
"1496",1.26047683845335,-1.26341191115036,75
"1497",1.636372317439,-1.26341191115036,75
"1498",2.01226779642465,-1.26341191115036,75
"1499",2.38816327541029,-1.26341191115036,75
"1500",2.76405875439594,-1.61702450290851,75
"1501",-4.37795534633137,3.3335517817055,76
"1502",-4.00205986734572,3.3335517817055,76
"1503",-3.62616438836008,3.3335517817055,76
"1504",-3.25026890937443,3.3335517817055,76
"1505",-2.87437343038878,3.3335517817055,76
"1506",-2.49847795140313,3.3335517817055,76
"1507",-2.12258247241748,3.3335517817055,76
"1508",-1.74668699343184,3.3335517817055,76
"1509",-1.37079151444619,3.3335517817055,76
"1510",-0.994896035460539,-0.556186727634076,76
"1511",-0.619000556474891,-0.909799319392219,76
"1512",-0.243105077489243,-1.26341191115036,76
"1513",0.132790401496405,-1.26341191115036,76
"1514",0.508685880482053,-1.26341191115036,76
"1515",0.884581359467701,-1.26341191115036,76
"1516",1.26047683845335,-1.61702450290851,76
"1517",1.636372317439,-1.61702450290851,76
"1518",2.01226779642465,-1.61702450290851,76
"1519",2.38816327541029,-1.61702450290851,76
"1520",2.76405875439594,-1.61702450290851,76
"1521",-4.37795534633137,3.3335517817055,77
"1522",-4.00205986734572,3.3335517817055,77
"1523",-3.62616438836008,3.3335517817055,77
"1524",-3.25026890937443,3.3335517817055,77
"1525",-2.87437343038878,3.3335517817055,77
"1526",-2.49847795140313,3.3335517817055,77
"1527",-2.12258247241748,3.3335517817055,77
"1528",-1.74668699343184,3.3335517817055,77
"1529",-1.37079151444619,1.56548882291478,77
"1530",-0.994896035460539,0.15103845588221,77
"1531",-0.619000556474891,-0.909799319392219,77
"1532",-0.243105077489243,-1.26341191115036,77
"1533",0.132790401496405,-1.26341191115036,77
"1534",0.508685880482053,-1.26341191115036,77
"1535",0.884581359467701,-1.26341191115036,77
"1536",1.26047683845335,-1.26341191115036,77
"1537",1.636372317439,-1.61702450290851,77
"1538",2.01226779642465,-1.61702450290851,77
"1539",2.38816327541029,-1.61702450290851,77
"1540",2.76405875439594,-1.61702450290851,77
"1541",-4.37795534633137,3.3335517817055,78
"1542",-4.00205986734572,3.3335517817055,78
"1543",-3.62616438836008,3.3335517817055,78
"1544",-3.25026890937443,3.3335517817055,78
"1545",-2.87437343038878,3.3335517817055,78
"1546",-2.49847795140313,3.3335517817055,78
"1547",-2.12258247241748,3.3335517817055,78
"1548",-1.74668699343184,3.3335517817055,78
"1549",-1.37079151444619,2.97993918994736,78
"1550",-0.994896035460539,-0.202574135875933,78
"1551",-0.619000556474891,-0.556186727634076,78
"1552",-0.243105077489243,-0.909799319392219,78
"1553",0.132790401496405,-0.909799319392219,78
"1554",0.508685880482053,-1.26341191115036,78
"1555",0.884581359467701,-1.26341191115036,78
"1556",1.26047683845335,-1.26341191115036,78
"1557",1.636372317439,-1.26341191115036,78
"1558",2.01226779642465,-1.61702450290851,78
"1559",2.38816327541029,-1.61702450290851,78
"1560",2.76405875439594,-1.61702450290851,78
"1561",-4.37795534633137,3.3335517817055,79
"1562",-4.00205986734572,3.3335517817055,79
"1563",-3.62616438836008,3.3335517817055,79
"1564",-3.25026890937443,3.3335517817055,79
"1565",-2.87437343038878,3.3335517817055,79
"1566",-2.49847795140313,3.3335517817055,79
"1567",-2.12258247241748,3.3335517817055,79
"1568",-1.74668699343184,3.3335517817055,79
"1569",-1.37079151444619,1.91910141467293,79
"1570",-0.994896035460539,-0.202574135875933,79
"1571",-0.619000556474891,-0.556186727634076,79
"1572",-0.243105077489243,-0.909799319392219,79
"1573",0.132790401496405,-0.909799319392219,79
"1574",0.508685880482053,-1.26341191115036,79
"1575",0.884581359467701,-1.26341191115036,79
"1576",1.26047683845335,-1.26341191115036,79
"1577",1.636372317439,-1.26341191115036,79
"1578",2.01226779642465,-1.61702450290851,79
"1579",2.38816327541029,-1.61702450290851,79
"1580",2.76405875439594,-1.61702450290851,79
"1581",-4.37795534633137,3.3335517817055,80
"1582",-4.00205986734572,3.3335517817055,80
"1583",-3.62616438836008,3.3335517817055,80
"1584",-3.25026890937443,3.3335517817055,80
"1585",-2.87437343038878,3.3335517817055,80
"1586",-2.49847795140313,3.3335517817055,80
"1587",-2.12258247241748,3.3335517817055,80
"1588",-1.74668699343184,3.3335517817055,80
"1589",-1.37079151444619,1.91910141467293,80
"1590",-0.994896035460539,-0.556186727634076,80
"1591",-0.619000556474891,-0.909799319392219,80
"1592",-0.243105077489243,-1.26341191115036,80
"1593",0.132790401496405,-1.26341191115036,80
"1594",0.508685880482053,-1.26341191115036,80
"1595",0.884581359467701,-1.26341191115036,80
"1596",1.26047683845335,-1.26341191115036,80
"1597",1.636372317439,-1.26341191115036,80
"1598",2.01226779642465,-1.26341191115036,80
"1599",2.38816327541029,-1.26341191115036,80
"1600",2.76405875439594,-1.26341191115036,80
"1601",-4.37795534633137,3.3335517817055,81
"1602",-4.00205986734572,3.3335517817055,81
"1603",-3.62616438836008,3.3335517817055,81
"1604",-3.25026890937443,3.3335517817055,81
"1605",-2.87437343038878,3.3335517817055,81
"1606",-2.49847795140313,3.3335517817055,81
"1607",-2.12258247241748,3.3335517817055,81
"1608",-1.74668699343184,3.3335517817055,81
"1609",-1.37079151444619,1.56548882291478,81
"1610",-0.994896035460539,0.15103845588221,81
"1611",-0.619000556474891,-0.556186727634076,81
"1612",-0.243105077489243,-0.909799319392219,81
"1613",0.132790401496405,-1.26341191115036,81
"1614",0.508685880482053,-1.26341191115036,81
"1615",0.884581359467701,-1.61702450290851,81
"1616",1.26047683845335,-1.61702450290851,81
"1617",1.636372317439,-1.61702450290851,81
"1618",2.01226779642465,-1.61702450290851,81
"1619",2.38816327541029,-1.61702450290851,81
"1620",2.76405875439594,-1.97063709466665,81
"1621",-4.37795534633137,3.3335517817055,82
"1622",-4.00205986734572,3.3335517817055,82
"1623",-3.62616438836008,3.3335517817055,82
"1624",-3.25026890937443,3.3335517817055,82
"1625",-2.87437343038878,3.3335517817055,82
"1626",-2.49847795140313,3.3335517817055,82
"1627",-2.12258247241748,3.3335517817055,82
"1628",-1.74668699343184,3.3335517817055,82
"1629",-1.37079151444619,1.56548882291478,82
"1630",-0.994896035460539,0.15103845588221,82
"1631",-0.619000556474891,-0.202574135875933,82
"1632",-0.243105077489243,-0.909799319392219,82
"1633",0.132790401496405,-1.26341191115036,82
"1634",0.508685880482053,-1.26341191115036,82
"1635",0.884581359467701,-1.61702450290851,82
"1636",1.26047683845335,-1.61702450290851,82
"1637",1.636372317439,-1.97063709466665,82
"1638",2.01226779642465,-1.97063709466665,82
"1639",2.38816327541029,-1.97063709466665,82
"1640",2.76405875439594,-1.97063709466665,82
"1641",-4.37795534633137,3.3335517817055,83
"1642",-4.00205986734572,3.3335517817055,83
"1643",-3.62616438836008,3.3335517817055,83
"1644",-3.25026890937443,3.3335517817055,83
"1645",-2.87437343038878,3.3335517817055,83
"1646",-2.49847795140313,3.3335517817055,83
"1647",-2.12258247241748,3.3335517817055,83
"1648",-1.74668699343184,3.3335517817055,83
"1649",-1.37079151444619,3.3335517817055,83
"1650",-0.994896035460539,-0.202574135875933,83
"1651",-0.619000556474891,-0.556186727634076,83
"1652",-0.243105077489243,-0.909799319392219,83
"1653",0.132790401496405,-0.909799319392219,83
"1654",0.508685880482053,-1.26341191115036,83
"1655",0.884581359467701,-1.26341191115036,83
"1656",1.26047683845335,-1.26341191115036,83
"1657",1.636372317439,-1.26341191115036,83
"1658",2.01226779642465,-1.26341191115036,83
"1659",2.38816327541029,-1.26341191115036,83
"1660",2.76405875439594,-1.26341191115036,83
"1661",-4.37795534633137,3.3335517817055,84
"1662",-4.00205986734572,3.3335517817055,84
"1663",-3.62616438836008,3.3335517817055,84
"1664",-3.25026890937443,3.3335517817055,84
"1665",-2.87437343038878,3.3335517817055,84
"1666",-2.49847795140313,3.3335517817055,84
"1667",-2.12258247241748,3.3335517817055,84
"1668",-1.74668699343184,3.3335517817055,84
"1669",-1.37079151444619,1.56548882291478,84
"1670",-0.994896035460539,0.15103845588221,84
"1671",-0.619000556474891,-0.202574135875933,84
"1672",-0.243105077489243,-0.556186727634076,84
"1673",0.132790401496405,-0.909799319392219,84
"1674",0.508685880482053,-0.909799319392219,84
"1675",0.884581359467701,-1.26341191115036,84
"1676",1.26047683845335,-1.26341191115036,84
"1677",1.636372317439,-1.26341191115036,84
"1678",2.01226779642465,-1.26341191115036,84
"1679",2.38816327541029,-1.26341191115036,84
"1680",2.76405875439594,-1.26341191115036,84
"1681",-4.37795534633137,3.3335517817055,85
"1682",-4.00205986734572,3.3335517817055,85
"1683",-3.62616438836008,3.3335517817055,85
"1684",-3.25026890937443,3.3335517817055,85
"1685",-2.87437343038878,3.3335517817055,85
"1686",-2.49847795140313,3.3335517817055,85
"1687",-2.12258247241748,3.3335517817055,85
"1688",-1.74668699343184,3.3335517817055,85
"1689",-1.37079151444619,1.56548882291478,85
"1690",-0.994896035460539,-0.202574135875933,85
"1691",-0.619000556474891,-0.909799319392219,85
"1692",-0.243105077489243,-1.26341191115036,85
"1693",0.132790401496405,-1.61702450290851,85
"1694",0.508685880482053,-1.61702450290851,85
"1695",0.884581359467701,-1.61702450290851,85
"1696",1.26047683845335,-1.61702450290851,85
"1697",1.636372317439,-1.61702450290851,85
"1698",2.01226779642465,-1.61702450290851,85
"1699",2.38816327541029,-1.97063709466665,85
"1700",2.76405875439594,-1.97063709466665,85
"1701",-4.37795534633137,3.3335517817055,86
"1702",-4.00205986734572,3.3335517817055,86
"1703",-3.62616438836008,3.3335517817055,86
"1704",-3.25026890937443,3.3335517817055,86
"1705",-2.87437343038878,3.3335517817055,86
"1706",-2.49847795140313,3.3335517817055,86
"1707",-2.12258247241748,3.3335517817055,86
"1708",-1.74668699343184,3.3335517817055,86
"1709",-1.37079151444619,2.27271400643107,86
"1710",-0.994896035460539,0.15103845588221,86
"1711",-0.619000556474891,-0.556186727634076,86
"1712",-0.243105077489243,-0.909799319392219,86
"1713",0.132790401496405,-1.26341191115036,86
"1714",0.508685880482053,-1.26341191115036,86
"1715",0.884581359467701,-1.26341191115036,86
"1716",1.26047683845335,-1.26341191115036,86
"1717",1.636372317439,-1.26341191115036,86
"1718",2.01226779642465,-1.26341191115036,86
"1719",2.38816327541029,-1.26341191115036,86
"1720",2.76405875439594,-1.61702450290851,86
"1721",-4.37795534633137,3.3335517817055,87
"1722",-4.00205986734572,3.3335517817055,87
"1723",-3.62616438836008,3.3335517817055,87
"1724",-3.25026890937443,3.3335517817055,87
"1725",-2.87437343038878,3.3335517817055,87
"1726",-2.49847795140313,3.3335517817055,87
"1727",-2.12258247241748,3.3335517817055,87
"1728",-1.74668699343184,3.3335517817055,87
"1729",-1.37079151444619,1.91910141467293,87
"1730",-0.994896035460539,-0.202574135875933,87
"1731",-0.619000556474891,-0.556186727634076,87
"1732",-0.243105077489243,-0.909799319392219,87
"1733",0.132790401496405,-0.909799319392219,87
"1734",0.508685880482053,-1.26341191115036,87
"1735",0.884581359467701,-1.26341191115036,87
"1736",1.26047683845335,-1.26341191115036,87
"1737",1.636372317439,-1.26341191115036,87
"1738",2.01226779642465,-1.26341191115036,87
"1739",2.38816327541029,-1.61702450290851,87
"1740",2.76405875439594,-1.61702450290851,87
"1741",-4.37795534633137,3.3335517817055,88
"1742",-4.00205986734572,3.3335517817055,88
"1743",-3.62616438836008,3.3335517817055,88
"1744",-3.25026890937443,3.3335517817055,88
"1745",-2.87437343038878,3.3335517817055,88
"1746",-2.49847795140313,3.3335517817055,88
"1747",-2.12258247241748,3.3335517817055,88
"1748",-1.74668699343184,3.3335517817055,88
"1749",-1.37079151444619,3.3335517817055,88
"1750",-0.994896035460539,0.15103845588221,88
"1751",-0.619000556474891,-0.556186727634076,88
"1752",-0.243105077489243,-1.26341191115036,88
"1753",0.132790401496405,-1.26341191115036,88
"1754",0.508685880482053,-1.61702450290851,88
"1755",0.884581359467701,-1.61702450290851,88
"1756",1.26047683845335,-1.61702450290851,88
"1757",1.636372317439,-1.61702450290851,88
"1758",2.01226779642465,-1.61702450290851,88
"1759",2.38816327541029,-1.61702450290851,88
"1760",2.76405875439594,-1.61702450290851,88
"1761",-4.37795534633137,3.3335517817055,89
"1762",-4.00205986734572,3.3335517817055,89
"1763",-3.62616438836008,3.3335517817055,89
"1764",-3.25026890937443,3.3335517817055,89
"1765",-2.87437343038878,3.3335517817055,89
"1766",-2.49847795140313,3.3335517817055,89
"1767",-2.12258247241748,3.3335517817055,89
"1768",-1.74668699343184,3.3335517817055,89
"1769",-1.37079151444619,2.62632659818921,89
"1770",-0.994896035460539,-0.202574135875933,89
"1771",-0.619000556474891,-0.556186727634076,89
"1772",-0.243105077489243,-0.909799319392219,89
"1773",0.132790401496405,-0.909799319392219,89
"1774",0.508685880482053,-1.26341191115036,89
"1775",0.884581359467701,-1.26341191115036,89
"1776",1.26047683845335,-1.26341191115036,89
"1777",1.636372317439,-1.26341191115036,89
"1778",2.01226779642465,-1.26341191115036,89
"1779",2.38816327541029,-1.26341191115036,89
"1780",2.76405875439594,-1.26341191115036,89
"1781",-4.37795534633137,3.3335517817055,90
"1782",-4.00205986734572,3.3335517817055,90
"1783",-3.62616438836008,3.3335517817055,90
"1784",-3.25026890937443,3.3335517817055,90
"1785",-2.87437343038878,3.3335517817055,90
"1786",-2.49847795140313,3.3335517817055,90
"1787",-2.12258247241748,3.3335517817055,90
"1788",-1.74668699343184,3.3335517817055,90
"1789",-1.37079151444619,1.91910141467293,90
"1790",-0.994896035460539,0.15103845588221,90
"1791",-0.619000556474891,-0.556186727634076,90
"1792",-0.243105077489243,-0.909799319392219,90
"1793",0.132790401496405,-0.909799319392219,90
"1794",0.508685880482053,-1.26341191115036,90
"1795",0.884581359467701,-1.26341191115036,90
"1796",1.26047683845335,-1.26341191115036,90
"1797",1.636372317439,-1.26341191115036,90
"1798",2.01226779642465,-1.26341191115036,90
"1799",2.38816327541029,-1.26341191115036,90
"1800",2.76405875439594,-1.61702450290851,90
"1801",-4.37795534633137,3.3335517817055,91
"1802",-4.00205986734572,3.3335517817055,91
"1803",-3.62616438836008,3.3335517817055,91
"1804",-3.25026890937443,3.3335517817055,91
"1805",-2.87437343038878,3.3335517817055,91
"1806",-2.49847795140313,3.3335517817055,91
"1807",-2.12258247241748,3.3335517817055,91
"1808",-1.74668699343184,3.3335517817055,91
"1809",-1.37079151444619,1.91910141467293,91
"1810",-0.994896035460539,-0.202574135875933,91
"1811",-0.619000556474891,-0.909799319392219,91
"1812",-0.243105077489243,-1.26341191115036,91
"1813",0.132790401496405,-1.26341191115036,91
"1814",0.508685880482053,-1.26341191115036,91
"1815",0.884581359467701,-1.26341191115036,91
"1816",1.26047683845335,-1.26341191115036,91
"1817",1.636372317439,-1.61702450290851,91
"1818",2.01226779642465,-1.61702450290851,91
"1819",2.38816327541029,-1.61702450290851,91
"1820",2.76405875439594,-1.61702450290851,91
"1821",-4.37795534633137,3.3335517817055,92
"1822",-4.00205986734572,3.3335517817055,92
"1823",-3.62616438836008,3.3335517817055,92
"1824",-3.25026890937443,3.3335517817055,92
"1825",-2.87437343038878,3.3335517817055,92
"1826",-2.49847795140313,3.3335517817055,92
"1827",-2.12258247241748,3.3335517817055,92
"1828",-1.74668699343184,3.3335517817055,92
"1829",-1.37079151444619,1.56548882291478,92
"1830",-0.994896035460539,0.15103845588221,92
"1831",-0.619000556474891,-0.202574135875933,92
"1832",-0.243105077489243,-0.556186727634076,92
"1833",0.132790401496405,-0.909799319392219,92
"1834",0.508685880482053,-0.909799319392219,92
"1835",0.884581359467701,-0.909799319392219,92
"1836",1.26047683845335,-0.909799319392219,92
"1837",1.636372317439,-1.26341191115036,92
"1838",2.01226779642465,-1.26341191115036,92
"1839",2.38816327541029,-1.26341191115036,92
"1840",2.76405875439594,-1.61702450290851,92
"1841",-4.37795534633137,3.3335517817055,93
"1842",-4.00205986734572,3.3335517817055,93
"1843",-3.62616438836008,3.3335517817055,93
"1844",-3.25026890937443,3.3335517817055,93
"1845",-2.87437343038878,3.3335517817055,93
"1846",-2.49847795140313,3.3335517817055,93
"1847",-2.12258247241748,3.3335517817055,93
"1848",-1.74668699343184,3.3335517817055,93
"1849",-1.37079151444619,1.21187623115664,93
"1850",-0.994896035460539,0.504651047640353,93
"1851",-0.619000556474891,0.15103845588221,93
"1852",-0.243105077489243,-0.556186727634076,93
"1853",0.132790401496405,-0.556186727634076,93
"1854",0.508685880482053,-0.909799319392219,93
"1855",0.884581359467701,-1.26341191115036,93
"1856",1.26047683845335,-1.26341191115036,93
"1857",1.636372317439,-1.26341191115036,93
"1858",2.01226779642465,-1.26341191115036,93
"1859",2.38816327541029,-1.61702450290851,93
"1860",2.76405875439594,-1.61702450290851,93
"1861",-4.37795534633137,3.3335517817055,94
"1862",-4.00205986734572,3.3335517817055,94
"1863",-3.62616438836008,3.3335517817055,94
"1864",-3.25026890937443,3.3335517817055,94
"1865",-2.87437343038878,3.3335517817055,94
"1866",-2.49847795140313,3.3335517817055,94
"1867",-2.12258247241748,3.3335517817055,94
"1868",-1.74668699343184,3.3335517817055,94
"1869",-1.37079151444619,1.21187623115664,94
"1870",-0.994896035460539,0.504651047640353,94
"1871",-0.619000556474891,-0.202574135875933,94
"1872",-0.243105077489243,-0.909799319392219,94
"1873",0.132790401496405,-1.26341191115036,94
"1874",0.508685880482053,-1.26341191115036,94
"1875",0.884581359467701,-1.61702450290851,94
"1876",1.26047683845335,-1.61702450290851,94
"1877",1.636372317439,-1.61702450290851,94
"1878",2.01226779642465,-1.97063709466665,94
"1879",2.38816327541029,-1.97063709466665,94
"1880",2.76405875439594,-1.97063709466665,94
"1881",-4.37795534633137,3.3335517817055,95
"1882",-4.00205986734572,3.3335517817055,95
"1883",-3.62616438836008,3.3335517817055,95
"1884",-3.25026890937443,3.3335517817055,95
"1885",-2.87437343038878,3.3335517817055,95
"1886",-2.49847795140313,3.3335517817055,95
"1887",-2.12258247241748,3.3335517817055,95
"1888",-1.74668699343184,3.3335517817055,95
"1889",-1.37079151444619,1.56548882291478,95
"1890",-0.994896035460539,0.15103845588221,95
"1891",-0.619000556474891,-0.202574135875933,95
"1892",-0.243105077489243,-0.556186727634076,95
"1893",0.132790401496405,-0.909799319392219,95
"1894",0.508685880482053,-0.909799319392219,95
"1895",0.884581359467701,-1.26341191115036,95
"1896",1.26047683845335,-1.26341191115036,95
"1897",1.636372317439,-1.26341191115036,95
"1898",2.01226779642465,-1.26341191115036,95
"1899",2.38816327541029,-1.26341191115036,95
"1900",2.76405875439594,-1.26341191115036,95
"1901",-4.37795534633137,3.3335517817055,96
"1902",-4.00205986734572,3.3335517817055,96
"1903",-3.62616438836008,3.3335517817055,96
"1904",-3.25026890937443,3.3335517817055,96
"1905",-2.87437343038878,3.3335517817055,96
"1906",-2.49847795140313,3.3335517817055,96
"1907",-2.12258247241748,3.3335517817055,96
"1908",-1.74668699343184,3.3335517817055,96
"1909",-1.37079151444619,1.56548882291478,96
"1910",-0.994896035460539,0.504651047640353,96
"1911",-0.619000556474891,-0.202574135875933,96
"1912",-0.243105077489243,-0.556186727634076,96
"1913",0.132790401496405,-0.909799319392219,96
"1914",0.508685880482053,-0.909799319392219,96
"1915",0.884581359467701,-1.26341191115036,96
"1916",1.26047683845335,-1.26341191115036,96
"1917",1.636372317439,-1.26341191115036,96
"1918",2.01226779642465,-1.26341191115036,96
"1919",2.38816327541029,-1.26341191115036,96
"1920",2.76405875439594,-1.26341191115036,96
"1921",-4.37795534633137,3.3335517817055,97
"1922",-4.00205986734572,3.3335517817055,97
"1923",-3.62616438836008,3.3335517817055,97
"1924",-3.25026890937443,3.3335517817055,97
"1925",-2.87437343038878,3.3335517817055,97
"1926",-2.49847795140313,3.3335517817055,97
"1927",-2.12258247241748,3.3335517817055,97
"1928",-1.74668699343184,3.3335517817055,97
"1929",-1.37079151444619,1.21187623115664,97
"1930",-0.994896035460539,0.504651047640353,97
"1931",-0.619000556474891,-0.202574135875933,97
"1932",-0.243105077489243,-0.556186727634076,97
"1933",0.132790401496405,-0.556186727634076,97
"1934",0.508685880482053,-0.909799319392219,97
"1935",0.884581359467701,-0.909799319392219,97
"1936",1.26047683845335,-1.26341191115036,97
"1937",1.636372317439,-1.26341191115036,97
"1938",2.01226779642465,-1.26341191115036,97
"1939",2.38816327541029,-1.26341191115036,97
"1940",2.76405875439594,-1.26341191115036,97
"1941",-4.37795534633137,3.3335517817055,98
"1942",-4.00205986734572,3.3335517817055,98
"1943",-3.62616438836008,3.3335517817055,98
"1944",-3.25026890937443,3.3335517817055,98
"1945",-2.87437343038878,3.3335517817055,98
"1946",-2.49847795140313,3.3335517817055,98
"1947",-2.12258247241748,3.3335517817055,98
"1948",-1.74668699343184,3.3335517817055,98
"1949",-1.37079151444619,1.91910141467293,98
"1950",-0.994896035460539,0.15103845588221,98
"1951",-0.619000556474891,-0.556186727634076,98
"1952",-0.243105077489243,-0.556186727634076,98
"1953",0.132790401496405,-0.909799319392219,98
"1954",0.508685880482053,-0.909799319392219,98
"1955",0.884581359467701,-0.909799319392219,98
"1956",1.26047683845335,-1.26341191115036,98
"1957",1.636372317439,-1.26341191115036,98
"1958",2.01226779642465,-1.26341191115036,98
"1959",2.38816327541029,-1.26341191115036,98
"1960",2.76405875439594,-1.26341191115036,98
"1961",-4.37795534633137,3.3335517817055,99
"1962",-4.00205986734572,3.3335517817055,99
"1963",-3.62616438836008,3.3335517817055,99
"1964",-3.25026890937443,3.3335517817055,99
"1965",-2.87437343038878,3.3335517817055,99
"1966",-2.49847795140313,3.3335517817055,99
"1967",-2.12258247241748,3.3335517817055,99
"1968",-1.74668699343184,3.3335517817055,99
"1969",-1.37079151444619,1.56548882291478,99
"1970",-0.994896035460539,0.15103845588221,99
"1971",-0.619000556474891,-0.202574135875933,99
"1972",-0.243105077489243,-0.556186727634076,99
"1973",0.132790401496405,-0.909799319392219,99
"1974",0.508685880482053,-1.26341191115036,99
"1975",0.884581359467701,-1.26341191115036,99
"1976",1.26047683845335,-1.26341191115036,99
"1977",1.636372317439,-1.61702450290851,99
"1978",2.01226779642465,-1.61702450290851,99
"1979",2.38816327541029,-1.61702450290851,99
"1980",2.76405875439594,-1.61702450290851,99
"1981",-4.37795534633137,3.3335517817055,100
"1982",-4.00205986734572,3.3335517817055,100
"1983",-3.62616438836008,3.3335517817055,100
"1984",-3.25026890937443,3.3335517817055,100
"1985",-2.87437343038878,3.3335517817055,100
"1986",-2.49847795140313,3.3335517817055,100
"1987",-2.12258247241748,3.3335517817055,100
"1988",-1.74668699343184,3.3335517817055,100
"1989",-1.37079151444619,1.21187623115664,100
"1990",-0.994896035460539,0.504651047640353,100
"1991",-0.619000556474891,0.15103845588221,100
"1992",-0.243105077489243,-0.202574135875933,100
"1993",0.132790401496405,-0.556186727634076,100
"1994",0.508685880482053,-0.556186727634076,100
"1995",0.884581359467701,-0.909799319392219,100
"1996",1.26047683845335,-0.909799319392219,100
"1997",1.636372317439,-0.909799319392219,100
"1998",2.01226779642465,-1.26341191115036,100
"1999",2.38816327541029,-1.26341191115036,100
"2000",2.76405875439594,-1.26341191115036,100
