"","x","y","sample"
"1",-4.14809581448692,3.54236032219876,1
"2",-3.82633303622214,3.54236032219876,1
"3",-3.50457025795735,3.54236032219876,1
"4",-3.18280747969256,3.54236032219876,1
"5",-2.86104470142777,3.54236032219876,1
"6",-2.53928192316299,3.54236032219876,1
"7",-2.2175191448982,3.54236032219876,1
"8",-1.89575636663341,3.54236032219876,1
"9",-1.57399358836863,3.54236032219876,1
"10",-1.25223081010384,3.54236032219876,1
"11",-0.930468031839051,0.314789799973195,1
"12",-0.608705253574264,-0.0438291469407557,1
"13",-0.286942475309477,-0.402448093854707,1
"14",0.0348203029553105,-0.761067040768658,1
"15",0.356583081220097,-1.11968598768261,1
"16",0.678345859484884,-1.11968598768261,1
"17",1.00010863774967,-1.11968598768261,1
"18",1.32187141601446,-1.11968598768261,1
"19",1.64363419427925,-1.11968598768261,1
"20",1.96539697254403,-1.11968598768261,1
"21",-4.14809581448692,3.54236032219876,2
"22",-3.82633303622214,3.54236032219876,2
"23",-3.50457025795735,3.54236032219876,2
"24",-3.18280747969256,3.54236032219876,2
"25",-2.86104470142777,3.54236032219876,2
"26",-2.53928192316299,3.54236032219876,2
"27",-2.2175191448982,3.54236032219876,2
"28",-1.89575636663341,3.54236032219876,2
"29",-1.57399358836863,3.54236032219876,2
"30",-1.25223081010384,3.54236032219876,2
"31",-0.930468031839051,0.314789799973195,2
"32",-0.608705253574264,-0.0438291469407557,2
"33",-0.286942475309477,-0.402448093854707,2
"34",0.0348203029553105,-0.761067040768658,2
"35",0.356583081220097,-1.11968598768261,2
"36",0.678345859484884,-1.11968598768261,2
"37",1.00010863774967,-1.11968598768261,2
"38",1.32187141601446,-1.47830493459656,2
"39",1.64363419427925,-1.47830493459656,2
"40",1.96539697254403,-1.47830493459656,2
"41",-4.14809581448692,3.54236032219876,3
"42",-3.82633303622214,3.54236032219876,3
"43",-3.50457025795735,3.54236032219876,3
"44",-3.18280747969256,3.54236032219876,3
"45",-2.86104470142777,3.54236032219876,3
"46",-2.53928192316299,3.54236032219876,3
"47",-2.2175191448982,3.54236032219876,3
"48",-1.89575636663341,3.54236032219876,3
"49",-1.57399358836863,3.54236032219876,3
"50",-1.25223081010384,3.54236032219876,3
"51",-0.930468031839051,0.314789799973195,3
"52",-0.608705253574264,-0.402448093854707,3
"53",-0.286942475309477,-0.761067040768658,3
"54",0.0348203029553105,-0.761067040768658,3
"55",0.356583081220097,-1.11968598768261,3
"56",0.678345859484884,-1.11968598768261,3
"57",1.00010863774967,-1.11968598768261,3
"58",1.32187141601446,-1.11968598768261,3
"59",1.64363419427925,-1.11968598768261,3
"60",1.96539697254403,-1.11968598768261,3
"61",-4.14809581448692,3.54236032219876,4
"62",-3.82633303622214,3.54236032219876,4
"63",-3.50457025795735,3.54236032219876,4
"64",-3.18280747969256,3.54236032219876,4
"65",-2.86104470142777,3.54236032219876,4
"66",-2.53928192316299,3.54236032219876,4
"67",-2.2175191448982,3.54236032219876,4
"68",-1.89575636663341,3.54236032219876,4
"69",-1.57399358836863,3.54236032219876,4
"70",-1.25223081010384,3.54236032219876,4
"71",-0.930468031839051,-0.0438291469407557,4
"72",-0.608705253574264,-0.0438291469407557,4
"73",-0.286942475309477,-0.402448093854707,4
"74",0.0348203029553105,-0.761067040768658,4
"75",0.356583081220097,-1.11968598768261,4
"76",0.678345859484884,-1.11968598768261,4
"77",1.00010863774967,-1.47830493459656,4
"78",1.32187141601446,-1.47830493459656,4
"79",1.64363419427925,-1.47830493459656,4
"80",1.96539697254403,-1.47830493459656,4
"81",-4.14809581448692,3.54236032219876,5
"82",-3.82633303622214,3.54236032219876,5
"83",-3.50457025795735,3.54236032219876,5
"84",-3.18280747969256,3.54236032219876,5
"85",-2.86104470142777,3.54236032219876,5
"86",-2.53928192316299,3.54236032219876,5
"87",-2.2175191448982,3.54236032219876,5
"88",-1.89575636663341,3.54236032219876,5
"89",-1.57399358836863,3.54236032219876,5
"90",-1.25223081010384,3.54236032219876,5
"91",-0.930468031839051,0.314789799973195,5
"92",-0.608705253574264,-0.402448093854707,5
"93",-0.286942475309477,-0.402448093854707,5
"94",0.0348203029553105,-0.761067040768658,5
"95",0.356583081220097,-1.11968598768261,5
"96",0.678345859484884,-1.11968598768261,5
"97",1.00010863774967,-1.11968598768261,5
"98",1.32187141601446,-1.11968598768261,5
"99",1.64363419427925,-1.11968598768261,5
"100",1.96539697254403,-1.11968598768261,5
"101",-4.14809581448692,3.54236032219876,6
"102",-3.82633303622214,3.54236032219876,6
"103",-3.50457025795735,3.54236032219876,6
"104",-3.18280747969256,3.54236032219876,6
"105",-2.86104470142777,3.54236032219876,6
"106",-2.53928192316299,3.54236032219876,6
"107",-2.2175191448982,3.54236032219876,6
"108",-1.89575636663341,3.54236032219876,6
"109",-1.57399358836863,3.54236032219876,6
"110",-1.25223081010384,3.54236032219876,6
"111",-0.930468031839051,-0.0438291469407557,6
"112",-0.608705253574264,-0.402448093854707,6
"113",-0.286942475309477,-0.761067040768658,6
"114",0.0348203029553105,-1.11968598768261,6
"115",0.356583081220097,-1.11968598768261,6
"116",0.678345859484884,-1.47830493459656,6
"117",1.00010863774967,-1.47830493459656,6
"118",1.32187141601446,-1.47830493459656,6
"119",1.64363419427925,-1.47830493459656,6
"120",1.96539697254403,-1.47830493459656,6
"121",-4.14809581448692,3.54236032219876,7
"122",-3.82633303622214,3.54236032219876,7
"123",-3.50457025795735,3.54236032219876,7
"124",-3.18280747969256,3.54236032219876,7
"125",-2.86104470142777,3.54236032219876,7
"126",-2.53928192316299,3.54236032219876,7
"127",-2.2175191448982,3.54236032219876,7
"128",-1.89575636663341,3.54236032219876,7
"129",-1.57399358836863,3.54236032219876,7
"130",-1.25223081010384,3.54236032219876,7
"131",-0.930468031839051,0.314789799973195,7
"132",-0.608705253574264,-0.402448093854707,7
"133",-0.286942475309477,-0.761067040768658,7
"134",0.0348203029553105,-1.11968598768261,7
"135",0.356583081220097,-1.11968598768261,7
"136",0.678345859484884,-1.11968598768261,7
"137",1.00010863774967,-1.11968598768261,7
"138",1.32187141601446,-1.11968598768261,7
"139",1.64363419427925,-1.11968598768261,7
"140",1.96539697254403,-1.11968598768261,7
"141",-4.14809581448692,3.54236032219876,8
"142",-3.82633303622214,3.54236032219876,8
"143",-3.50457025795735,3.54236032219876,8
"144",-3.18280747969256,3.54236032219876,8
"145",-2.86104470142777,3.54236032219876,8
"146",-2.53928192316299,3.54236032219876,8
"147",-2.2175191448982,3.54236032219876,8
"148",-1.89575636663341,3.54236032219876,8
"149",-1.57399358836863,3.54236032219876,8
"150",-1.25223081010384,3.54236032219876,8
"151",-0.930468031839051,0.673408746887146,8
"152",-0.608705253574264,-0.0438291469407557,8
"153",-0.286942475309477,-0.761067040768658,8
"154",0.0348203029553105,-1.11968598768261,8
"155",0.356583081220097,-1.47830493459656,8
"156",0.678345859484884,-1.47830493459656,8
"157",1.00010863774967,-1.47830493459656,8
"158",1.32187141601446,-1.47830493459656,8
"159",1.64363419427925,-1.47830493459656,8
"160",1.96539697254403,-1.47830493459656,8
"161",-4.14809581448692,3.54236032219876,9
"162",-3.82633303622214,3.54236032219876,9
"163",-3.50457025795735,3.54236032219876,9
"164",-3.18280747969256,3.54236032219876,9
"165",-2.86104470142777,3.54236032219876,9
"166",-2.53928192316299,3.54236032219876,9
"167",-2.2175191448982,3.54236032219876,9
"168",-1.89575636663341,3.54236032219876,9
"169",-1.57399358836863,3.54236032219876,9
"170",-1.25223081010384,3.54236032219876,9
"171",-0.930468031839051,0.314789799973195,9
"172",-0.608705253574264,-0.761067040768658,9
"173",-0.286942475309477,-1.11968598768261,9
"174",0.0348203029553105,-1.11968598768261,9
"175",0.356583081220097,-1.47830493459656,9
"176",0.678345859484884,-1.47830493459656,9
"177",1.00010863774967,-1.47830493459656,9
"178",1.32187141601446,-1.47830493459656,9
"179",1.64363419427925,-1.47830493459656,9
"180",1.96539697254403,-1.47830493459656,9
"181",-4.14809581448692,3.54236032219876,10
"182",-3.82633303622214,3.54236032219876,10
"183",-3.50457025795735,3.54236032219876,10
"184",-3.18280747969256,3.54236032219876,10
"185",-2.86104470142777,3.54236032219876,10
"186",-2.53928192316299,3.54236032219876,10
"187",-2.2175191448982,3.54236032219876,10
"188",-1.89575636663341,3.54236032219876,10
"189",-1.57399358836863,3.54236032219876,10
"190",-1.25223081010384,3.54236032219876,10
"191",-0.930468031839051,0.314789799973195,10
"192",-0.608705253574264,-0.0438291469407557,10
"193",-0.286942475309477,-0.402448093854707,10
"194",0.0348203029553105,-0.761067040768658,10
"195",0.356583081220097,-1.11968598768261,10
"196",0.678345859484884,-1.11968598768261,10
"197",1.00010863774967,-1.11968598768261,10
"198",1.32187141601446,-1.11968598768261,10
"199",1.64363419427925,-1.11968598768261,10
"200",1.96539697254403,-1.11968598768261,10
"201",-4.14809581448692,3.54236032219876,11
"202",-3.82633303622214,3.54236032219876,11
"203",-3.50457025795735,3.54236032219876,11
"204",-3.18280747969256,3.54236032219876,11
"205",-2.86104470142777,3.54236032219876,11
"206",-2.53928192316299,3.54236032219876,11
"207",-2.2175191448982,3.54236032219876,11
"208",-1.89575636663341,3.54236032219876,11
"209",-1.57399358836863,3.54236032219876,11
"210",-1.25223081010384,3.54236032219876,11
"211",-0.930468031839051,-0.0438291469407557,11
"212",-0.608705253574264,-0.402448093854707,11
"213",-0.286942475309477,-0.402448093854707,11
"214",0.0348203029553105,-0.761067040768658,11
"215",0.356583081220097,-1.11968598768261,11
"216",0.678345859484884,-1.11968598768261,11
"217",1.00010863774967,-1.11968598768261,11
"218",1.32187141601446,-1.11968598768261,11
"219",1.64363419427925,-1.11968598768261,11
"220",1.96539697254403,-1.11968598768261,11
"221",-4.14809581448692,3.54236032219876,12
"222",-3.82633303622214,3.54236032219876,12
"223",-3.50457025795735,3.54236032219876,12
"224",-3.18280747969256,3.54236032219876,12
"225",-2.86104470142777,3.54236032219876,12
"226",-2.53928192316299,3.54236032219876,12
"227",-2.2175191448982,3.54236032219876,12
"228",-1.89575636663341,3.54236032219876,12
"229",-1.57399358836863,3.54236032219876,12
"230",-1.25223081010384,3.54236032219876,12
"231",-0.930468031839051,-0.0438291469407557,12
"232",-0.608705253574264,-0.402448093854707,12
"233",-0.286942475309477,-0.761067040768658,12
"234",0.0348203029553105,-1.11968598768261,12
"235",0.356583081220097,-1.11968598768261,12
"236",0.678345859484884,-1.11968598768261,12
"237",1.00010863774967,-1.11968598768261,12
"238",1.32187141601446,-1.11968598768261,12
"239",1.64363419427925,-1.11968598768261,12
"240",1.96539697254403,-1.11968598768261,12
"241",-4.14809581448692,3.54236032219876,13
"242",-3.82633303622214,3.54236032219876,13
"243",-3.50457025795735,3.54236032219876,13
"244",-3.18280747969256,3.54236032219876,13
"245",-2.86104470142777,3.54236032219876,13
"246",-2.53928192316299,3.54236032219876,13
"247",-2.2175191448982,3.54236032219876,13
"248",-1.89575636663341,3.54236032219876,13
"249",-1.57399358836863,3.54236032219876,13
"250",-1.25223081010384,3.54236032219876,13
"251",-0.930468031839051,0.314789799973195,13
"252",-0.608705253574264,-0.402448093854707,13
"253",-0.286942475309477,-1.11968598768261,13
"254",0.0348203029553105,-1.47830493459656,13
"255",0.356583081220097,-1.47830493459656,13
"256",0.678345859484884,-1.47830493459656,13
"257",1.00010863774967,-1.47830493459656,13
"258",1.32187141601446,-1.47830493459656,13
"259",1.64363419427925,-1.47830493459656,13
"260",1.96539697254403,-1.47830493459656,13
"261",-4.14809581448692,3.54236032219876,14
"262",-3.82633303622214,3.54236032219876,14
"263",-3.50457025795735,3.54236032219876,14
"264",-3.18280747969256,3.54236032219876,14
"265",-2.86104470142777,3.54236032219876,14
"266",-2.53928192316299,3.54236032219876,14
"267",-2.2175191448982,3.54236032219876,14
"268",-1.89575636663341,3.54236032219876,14
"269",-1.57399358836863,3.54236032219876,14
"270",-1.25223081010384,3.54236032219876,14
"271",-0.930468031839051,-0.0438291469407557,14
"272",-0.608705253574264,-0.402448093854707,14
"273",-0.286942475309477,-0.761067040768658,14
"274",0.0348203029553105,-0.761067040768658,14
"275",0.356583081220097,-1.11968598768261,14
"276",0.678345859484884,-1.11968598768261,14
"277",1.00010863774967,-1.11968598768261,14
"278",1.32187141601446,-1.11968598768261,14
"279",1.64363419427925,-1.11968598768261,14
"280",1.96539697254403,-1.11968598768261,14
"281",-4.14809581448692,3.54236032219876,15
"282",-3.82633303622214,3.54236032219876,15
"283",-3.50457025795735,3.54236032219876,15
"284",-3.18280747969256,3.54236032219876,15
"285",-2.86104470142777,3.54236032219876,15
"286",-2.53928192316299,3.54236032219876,15
"287",-2.2175191448982,3.54236032219876,15
"288",-1.89575636663341,3.54236032219876,15
"289",-1.57399358836863,3.54236032219876,15
"290",-1.25223081010384,3.54236032219876,15
"291",-0.930468031839051,-0.0438291469407557,15
"292",-0.608705253574264,-0.402448093854707,15
"293",-0.286942475309477,-0.761067040768658,15
"294",0.0348203029553105,-0.761067040768658,15
"295",0.356583081220097,-1.11968598768261,15
"296",0.678345859484884,-1.11968598768261,15
"297",1.00010863774967,-1.11968598768261,15
"298",1.32187141601446,-1.47830493459656,15
"299",1.64363419427925,-1.47830493459656,15
"300",1.96539697254403,-1.47830493459656,15
"301",-4.14809581448692,3.54236032219876,16
"302",-3.82633303622214,3.54236032219876,16
"303",-3.50457025795735,3.54236032219876,16
"304",-3.18280747969256,3.54236032219876,16
"305",-2.86104470142777,3.54236032219876,16
"306",-2.53928192316299,3.54236032219876,16
"307",-2.2175191448982,3.54236032219876,16
"308",-1.89575636663341,3.54236032219876,16
"309",-1.57399358836863,3.54236032219876,16
"310",-1.25223081010384,3.54236032219876,16
"311",-0.930468031839051,0.314789799973195,16
"312",-0.608705253574264,-0.402448093854707,16
"313",-0.286942475309477,-0.761067040768658,16
"314",0.0348203029553105,-1.11968598768261,16
"315",0.356583081220097,-1.11968598768261,16
"316",0.678345859484884,-1.11968598768261,16
"317",1.00010863774967,-1.11968598768261,16
"318",1.32187141601446,-1.11968598768261,16
"319",1.64363419427925,-1.11968598768261,16
"320",1.96539697254403,-1.11968598768261,16
"321",-4.14809581448692,3.54236032219876,17
"322",-3.82633303622214,3.54236032219876,17
"323",-3.50457025795735,3.54236032219876,17
"324",-3.18280747969256,3.54236032219876,17
"325",-2.86104470142777,3.54236032219876,17
"326",-2.53928192316299,3.54236032219876,17
"327",-2.2175191448982,3.54236032219876,17
"328",-1.89575636663341,3.54236032219876,17
"329",-1.57399358836863,3.54236032219876,17
"330",-1.25223081010384,3.54236032219876,17
"331",-0.930468031839051,-0.0438291469407557,17
"332",-0.608705253574264,-0.402448093854707,17
"333",-0.286942475309477,-0.402448093854707,17
"334",0.0348203029553105,-0.761067040768658,17
"335",0.356583081220097,-1.11968598768261,17
"336",0.678345859484884,-1.11968598768261,17
"337",1.00010863774967,-1.47830493459656,17
"338",1.32187141601446,-1.47830493459656,17
"339",1.64363419427925,-1.47830493459656,17
"340",1.96539697254403,-1.47830493459656,17
"341",-4.14809581448692,3.54236032219876,18
"342",-3.82633303622214,3.54236032219876,18
"343",-3.50457025795735,3.54236032219876,18
"344",-3.18280747969256,3.54236032219876,18
"345",-2.86104470142777,3.54236032219876,18
"346",-2.53928192316299,3.54236032219876,18
"347",-2.2175191448982,3.54236032219876,18
"348",-1.89575636663341,3.54236032219876,18
"349",-1.57399358836863,3.54236032219876,18
"350",-1.25223081010384,3.54236032219876,18
"351",-0.930468031839051,-0.0438291469407557,18
"352",-0.608705253574264,-0.761067040768658,18
"353",-0.286942475309477,-0.761067040768658,18
"354",0.0348203029553105,-1.11968598768261,18
"355",0.356583081220097,-1.11968598768261,18
"356",0.678345859484884,-1.11968598768261,18
"357",1.00010863774967,-1.11968598768261,18
"358",1.32187141601446,-1.11968598768261,18
"359",1.64363419427925,-1.11968598768261,18
"360",1.96539697254403,-1.11968598768261,18
"361",-4.14809581448692,3.54236032219876,19
"362",-3.82633303622214,3.54236032219876,19
"363",-3.50457025795735,3.54236032219876,19
"364",-3.18280747969256,3.54236032219876,19
"365",-2.86104470142777,3.54236032219876,19
"366",-2.53928192316299,3.54236032219876,19
"367",-2.2175191448982,3.54236032219876,19
"368",-1.89575636663341,3.54236032219876,19
"369",-1.57399358836863,3.54236032219876,19
"370",-1.25223081010384,3.54236032219876,19
"371",-0.930468031839051,0.314789799973195,19
"372",-0.608705253574264,-0.0438291469407557,19
"373",-0.286942475309477,-0.402448093854707,19
"374",0.0348203029553105,-0.761067040768658,19
"375",0.356583081220097,-0.761067040768658,19
"376",0.678345859484884,-1.11968598768261,19
"377",1.00010863774967,-1.11968598768261,19
"378",1.32187141601446,-1.11968598768261,19
"379",1.64363419427925,-1.11968598768261,19
"380",1.96539697254403,-1.11968598768261,19
"381",-4.14809581448692,3.54236032219876,20
"382",-3.82633303622214,3.54236032219876,20
"383",-3.50457025795735,3.54236032219876,20
"384",-3.18280747969256,3.54236032219876,20
"385",-2.86104470142777,3.54236032219876,20
"386",-2.53928192316299,3.54236032219876,20
"387",-2.2175191448982,3.54236032219876,20
"388",-1.89575636663341,3.54236032219876,20
"389",-1.57399358836863,3.54236032219876,20
"390",-1.25223081010384,3.54236032219876,20
"391",-0.930468031839051,0.314789799973195,20
"392",-0.608705253574264,-0.0438291469407557,20
"393",-0.286942475309477,-0.761067040768658,20
"394",0.0348203029553105,-0.761067040768658,20
"395",0.356583081220097,-1.11968598768261,20
"396",0.678345859484884,-1.11968598768261,20
"397",1.00010863774967,-1.11968598768261,20
"398",1.32187141601446,-1.11968598768261,20
"399",1.64363419427925,-1.11968598768261,20
"400",1.96539697254403,-1.11968598768261,20
"401",-4.14809581448692,3.54236032219876,21
"402",-3.82633303622214,3.54236032219876,21
"403",-3.50457025795735,3.54236032219876,21
"404",-3.18280747969256,3.54236032219876,21
"405",-2.86104470142777,3.54236032219876,21
"406",-2.53928192316299,3.54236032219876,21
"407",-2.2175191448982,3.54236032219876,21
"408",-1.89575636663341,3.54236032219876,21
"409",-1.57399358836863,3.54236032219876,21
"410",-1.25223081010384,3.54236032219876,21
"411",-0.930468031839051,0.314789799973195,21
"412",-0.608705253574264,-0.0438291469407557,21
"413",-0.286942475309477,-0.402448093854707,21
"414",0.0348203029553105,-1.11968598768261,21
"415",0.356583081220097,-1.47830493459656,21
"416",0.678345859484884,-1.83692388151051,21
"417",1.00010863774967,-1.83692388151051,21
"418",1.32187141601446,-1.83692388151051,21
"419",1.64363419427925,-1.83692388151051,21
"420",1.96539697254403,-1.83692388151051,21
"421",-4.14809581448692,3.54236032219876,22
"422",-3.82633303622214,3.54236032219876,22
"423",-3.50457025795735,3.54236032219876,22
"424",-3.18280747969256,3.54236032219876,22
"425",-2.86104470142777,3.54236032219876,22
"426",-2.53928192316299,3.54236032219876,22
"427",-2.2175191448982,3.54236032219876,22
"428",-1.89575636663341,3.54236032219876,22
"429",-1.57399358836863,3.54236032219876,22
"430",-1.25223081010384,3.54236032219876,22
"431",-0.930468031839051,-0.0438291469407557,22
"432",-0.608705253574264,-0.402448093854707,22
"433",-0.286942475309477,-0.761067040768658,22
"434",0.0348203029553105,-0.761067040768658,22
"435",0.356583081220097,-1.11968598768261,22
"436",0.678345859484884,-1.11968598768261,22
"437",1.00010863774967,-1.11968598768261,22
"438",1.32187141601446,-1.11968598768261,22
"439",1.64363419427925,-1.11968598768261,22
"440",1.96539697254403,-1.11968598768261,22
"441",-4.14809581448692,3.54236032219876,23
"442",-3.82633303622214,3.54236032219876,23
"443",-3.50457025795735,3.54236032219876,23
"444",-3.18280747969256,3.54236032219876,23
"445",-2.86104470142777,3.54236032219876,23
"446",-2.53928192316299,3.54236032219876,23
"447",-2.2175191448982,3.54236032219876,23
"448",-1.89575636663341,3.54236032219876,23
"449",-1.57399358836863,3.54236032219876,23
"450",-1.25223081010384,3.54236032219876,23
"451",-0.930468031839051,0.314789799973195,23
"452",-0.608705253574264,-0.402448093854707,23
"453",-0.286942475309477,-0.761067040768658,23
"454",0.0348203029553105,-1.11968598768261,23
"455",0.356583081220097,-1.11968598768261,23
"456",0.678345859484884,-1.11968598768261,23
"457",1.00010863774967,-1.11968598768261,23
"458",1.32187141601446,-1.11968598768261,23
"459",1.64363419427925,-1.11968598768261,23
"460",1.96539697254403,-1.11968598768261,23
"461",-4.14809581448692,3.54236032219876,24
"462",-3.82633303622214,3.54236032219876,24
"463",-3.50457025795735,3.54236032219876,24
"464",-3.18280747969256,3.54236032219876,24
"465",-2.86104470142777,3.54236032219876,24
"466",-2.53928192316299,3.54236032219876,24
"467",-2.2175191448982,3.54236032219876,24
"468",-1.89575636663341,3.54236032219876,24
"469",-1.57399358836863,3.54236032219876,24
"470",-1.25223081010384,3.54236032219876,24
"471",-0.930468031839051,0.314789799973195,24
"472",-0.608705253574264,-0.0438291469407557,24
"473",-0.286942475309477,-0.402448093854707,24
"474",0.0348203029553105,-0.761067040768658,24
"475",0.356583081220097,-1.11968598768261,24
"476",0.678345859484884,-1.11968598768261,24
"477",1.00010863774967,-1.11968598768261,24
"478",1.32187141601446,-1.47830493459656,24
"479",1.64363419427925,-1.47830493459656,24
"480",1.96539697254403,-1.47830493459656,24
"481",-4.14809581448692,3.54236032219876,25
"482",-3.82633303622214,3.54236032219876,25
"483",-3.50457025795735,3.54236032219876,25
"484",-3.18280747969256,3.54236032219876,25
"485",-2.86104470142777,3.54236032219876,25
"486",-2.53928192316299,3.54236032219876,25
"487",-2.2175191448982,3.54236032219876,25
"488",-1.89575636663341,3.54236032219876,25
"489",-1.57399358836863,3.54236032219876,25
"490",-1.25223081010384,3.54236032219876,25
"491",-0.930468031839051,0.314789799973195,25
"492",-0.608705253574264,-0.0438291469407557,25
"493",-0.286942475309477,-0.0438291469407557,25
"494",0.0348203029553105,-0.402448093854707,25
"495",0.356583081220097,-1.11968598768261,25
"496",0.678345859484884,-1.11968598768261,25
"497",1.00010863774967,-1.11968598768261,25
"498",1.32187141601446,-1.11968598768261,25
"499",1.64363419427925,-1.11968598768261,25
"500",1.96539697254403,-1.11968598768261,25
"501",-4.14809581448692,3.54236032219876,26
"502",-3.82633303622214,3.54236032219876,26
"503",-3.50457025795735,3.54236032219876,26
"504",-3.18280747969256,3.54236032219876,26
"505",-2.86104470142777,3.54236032219876,26
"506",-2.53928192316299,3.54236032219876,26
"507",-2.2175191448982,3.54236032219876,26
"508",-1.89575636663341,3.54236032219876,26
"509",-1.57399358836863,3.54236032219876,26
"510",-1.25223081010384,3.54236032219876,26
"511",-0.930468031839051,0.314789799973195,26
"512",-0.608705253574264,-0.402448093854707,26
"513",-0.286942475309477,-0.402448093854707,26
"514",0.0348203029553105,-0.761067040768658,26
"515",0.356583081220097,-0.761067040768658,26
"516",0.678345859484884,-1.11968598768261,26
"517",1.00010863774967,-1.11968598768261,26
"518",1.32187141601446,-1.11968598768261,26
"519",1.64363419427925,-1.11968598768261,26
"520",1.96539697254403,-1.11968598768261,26
"521",-4.14809581448692,3.54236032219876,27
"522",-3.82633303622214,3.54236032219876,27
"523",-3.50457025795735,3.54236032219876,27
"524",-3.18280747969256,3.54236032219876,27
"525",-2.86104470142777,3.54236032219876,27
"526",-2.53928192316299,3.54236032219876,27
"527",-2.2175191448982,3.54236032219876,27
"528",-1.89575636663341,3.54236032219876,27
"529",-1.57399358836863,3.54236032219876,27
"530",-1.25223081010384,3.54236032219876,27
"531",-0.930468031839051,-0.0438291469407557,27
"532",-0.608705253574264,-0.761067040768658,27
"533",-0.286942475309477,-1.11968598768261,27
"534",0.0348203029553105,-1.11968598768261,27
"535",0.356583081220097,-1.11968598768261,27
"536",0.678345859484884,-1.47830493459656,27
"537",1.00010863774967,-1.47830493459656,27
"538",1.32187141601446,-1.47830493459656,27
"539",1.64363419427925,-1.47830493459656,27
"540",1.96539697254403,-1.47830493459656,27
"541",-4.14809581448692,3.54236032219876,28
"542",-3.82633303622214,3.54236032219876,28
"543",-3.50457025795735,3.54236032219876,28
"544",-3.18280747969256,3.54236032219876,28
"545",-2.86104470142777,3.54236032219876,28
"546",-2.53928192316299,3.54236032219876,28
"547",-2.2175191448982,3.54236032219876,28
"548",-1.89575636663341,3.54236032219876,28
"549",-1.57399358836863,3.54236032219876,28
"550",-1.25223081010384,3.54236032219876,28
"551",-0.930468031839051,0.673408746887146,28
"552",-0.608705253574264,-0.0438291469407557,28
"553",-0.286942475309477,-0.402448093854707,28
"554",0.0348203029553105,-0.761067040768658,28
"555",0.356583081220097,-1.11968598768261,28
"556",0.678345859484884,-1.11968598768261,28
"557",1.00010863774967,-1.11968598768261,28
"558",1.32187141601446,-1.11968598768261,28
"559",1.64363419427925,-1.11968598768261,28
"560",1.96539697254403,-1.11968598768261,28
"561",-4.14809581448692,3.54236032219876,29
"562",-3.82633303622214,3.54236032219876,29
"563",-3.50457025795735,3.54236032219876,29
"564",-3.18280747969256,3.54236032219876,29
"565",-2.86104470142777,3.54236032219876,29
"566",-2.53928192316299,3.54236032219876,29
"567",-2.2175191448982,3.54236032219876,29
"568",-1.89575636663341,3.54236032219876,29
"569",-1.57399358836863,3.54236032219876,29
"570",-1.25223081010384,3.54236032219876,29
"571",-0.930468031839051,0.314789799973195,29
"572",-0.608705253574264,-0.0438291469407557,29
"573",-0.286942475309477,-0.402448093854707,29
"574",0.0348203029553105,-0.402448093854707,29
"575",0.356583081220097,-0.761067040768658,29
"576",0.678345859484884,-0.761067040768658,29
"577",1.00010863774967,-0.761067040768658,29
"578",1.32187141601446,-0.761067040768658,29
"579",1.64363419427925,-0.761067040768658,29
"580",1.96539697254403,-0.761067040768658,29
"581",-4.14809581448692,3.54236032219876,30
"582",-3.82633303622214,3.54236032219876,30
"583",-3.50457025795735,3.54236032219876,30
"584",-3.18280747969256,3.54236032219876,30
"585",-2.86104470142777,3.54236032219876,30
"586",-2.53928192316299,3.54236032219876,30
"587",-2.2175191448982,3.54236032219876,30
"588",-1.89575636663341,3.54236032219876,30
"589",-1.57399358836863,3.54236032219876,30
"590",-1.25223081010384,3.54236032219876,30
"591",-0.930468031839051,-0.0438291469407557,30
"592",-0.608705253574264,-0.761067040768658,30
"593",-0.286942475309477,-0.761067040768658,30
"594",0.0348203029553105,-1.11968598768261,30
"595",0.356583081220097,-1.11968598768261,30
"596",0.678345859484884,-1.11968598768261,30
"597",1.00010863774967,-1.47830493459656,30
"598",1.32187141601446,-1.47830493459656,30
"599",1.64363419427925,-1.47830493459656,30
"600",1.96539697254403,-1.47830493459656,30
"601",-4.14809581448692,3.54236032219876,31
"602",-3.82633303622214,3.54236032219876,31
"603",-3.50457025795735,3.54236032219876,31
"604",-3.18280747969256,3.54236032219876,31
"605",-2.86104470142777,3.54236032219876,31
"606",-2.53928192316299,3.54236032219876,31
"607",-2.2175191448982,3.54236032219876,31
"608",-1.89575636663341,3.54236032219876,31
"609",-1.57399358836863,3.54236032219876,31
"610",-1.25223081010384,3.54236032219876,31
"611",-0.930468031839051,0.314789799973195,31
"612",-0.608705253574264,-0.402448093854707,31
"613",-0.286942475309477,-0.761067040768658,31
"614",0.0348203029553105,-1.11968598768261,31
"615",0.356583081220097,-1.11968598768261,31
"616",0.678345859484884,-1.11968598768261,31
"617",1.00010863774967,-1.47830493459656,31
"618",1.32187141601446,-1.47830493459656,31
"619",1.64363419427925,-1.47830493459656,31
"620",1.96539697254403,-1.47830493459656,31
"621",-4.14809581448692,3.54236032219876,32
"622",-3.82633303622214,3.54236032219876,32
"623",-3.50457025795735,3.54236032219876,32
"624",-3.18280747969256,3.54236032219876,32
"625",-2.86104470142777,3.54236032219876,32
"626",-2.53928192316299,3.54236032219876,32
"627",-2.2175191448982,3.54236032219876,32
"628",-1.89575636663341,3.54236032219876,32
"629",-1.57399358836863,3.54236032219876,32
"630",-1.25223081010384,3.54236032219876,32
"631",-0.930468031839051,0.314789799973195,32
"632",-0.608705253574264,-0.402448093854707,32
"633",-0.286942475309477,-0.761067040768658,32
"634",0.0348203029553105,-0.761067040768658,32
"635",0.356583081220097,-0.761067040768658,32
"636",0.678345859484884,-1.11968598768261,32
"637",1.00010863774967,-1.11968598768261,32
"638",1.32187141601446,-1.11968598768261,32
"639",1.64363419427925,-1.11968598768261,32
"640",1.96539697254403,-1.11968598768261,32
"641",-4.14809581448692,3.54236032219876,33
"642",-3.82633303622214,3.54236032219876,33
"643",-3.50457025795735,3.54236032219876,33
"644",-3.18280747969256,3.54236032219876,33
"645",-2.86104470142777,3.54236032219876,33
"646",-2.53928192316299,3.54236032219876,33
"647",-2.2175191448982,3.54236032219876,33
"648",-1.89575636663341,3.54236032219876,33
"649",-1.57399358836863,3.54236032219876,33
"650",-1.25223081010384,3.54236032219876,33
"651",-0.930468031839051,0.314789799973195,33
"652",-0.608705253574264,-0.0438291469407557,33
"653",-0.286942475309477,-0.0438291469407557,33
"654",0.0348203029553105,-0.402448093854707,33
"655",0.356583081220097,-0.761067040768658,33
"656",0.678345859484884,-0.761067040768658,33
"657",1.00010863774967,-0.761067040768658,33
"658",1.32187141601446,-0.761067040768658,33
"659",1.64363419427925,-1.11968598768261,33
"660",1.96539697254403,-1.11968598768261,33
"661",-4.14809581448692,3.54236032219876,34
"662",-3.82633303622214,3.54236032219876,34
"663",-3.50457025795735,3.54236032219876,34
"664",-3.18280747969256,3.54236032219876,34
"665",-2.86104470142777,3.54236032219876,34
"666",-2.53928192316299,3.54236032219876,34
"667",-2.2175191448982,3.54236032219876,34
"668",-1.89575636663341,3.54236032219876,34
"669",-1.57399358836863,3.54236032219876,34
"670",-1.25223081010384,3.54236032219876,34
"671",-0.930468031839051,0.314789799973195,34
"672",-0.608705253574264,-0.0438291469407557,34
"673",-0.286942475309477,-0.402448093854707,34
"674",0.0348203029553105,-0.402448093854707,34
"675",0.356583081220097,-0.761067040768658,34
"676",0.678345859484884,-0.761067040768658,34
"677",1.00010863774967,-0.761067040768658,34
"678",1.32187141601446,-0.761067040768658,34
"679",1.64363419427925,-0.761067040768658,34
"680",1.96539697254403,-0.761067040768658,34
"681",-4.14809581448692,3.54236032219876,35
"682",-3.82633303622214,3.54236032219876,35
"683",-3.50457025795735,3.54236032219876,35
"684",-3.18280747969256,3.54236032219876,35
"685",-2.86104470142777,3.54236032219876,35
"686",-2.53928192316299,3.54236032219876,35
"687",-2.2175191448982,3.54236032219876,35
"688",-1.89575636663341,3.54236032219876,35
"689",-1.57399358836863,3.54236032219876,35
"690",-1.25223081010384,3.54236032219876,35
"691",-0.930468031839051,0.314789799973195,35
"692",-0.608705253574264,-0.402448093854707,35
"693",-0.286942475309477,-0.402448093854707,35
"694",0.0348203029553105,-0.761067040768658,35
"695",0.356583081220097,-0.761067040768658,35
"696",0.678345859484884,-1.11968598768261,35
"697",1.00010863774967,-1.11968598768261,35
"698",1.32187141601446,-1.47830493459656,35
"699",1.64363419427925,-1.47830493459656,35
"700",1.96539697254403,-1.47830493459656,35
"701",-4.14809581448692,3.54236032219876,36
"702",-3.82633303622214,3.54236032219876,36
"703",-3.50457025795735,3.54236032219876,36
"704",-3.18280747969256,3.54236032219876,36
"705",-2.86104470142777,3.54236032219876,36
"706",-2.53928192316299,3.54236032219876,36
"707",-2.2175191448982,3.54236032219876,36
"708",-1.89575636663341,3.54236032219876,36
"709",-1.57399358836863,3.54236032219876,36
"710",-1.25223081010384,3.54236032219876,36
"711",-0.930468031839051,0.314789799973195,36
"712",-0.608705253574264,-0.0438291469407557,36
"713",-0.286942475309477,-0.402448093854707,36
"714",0.0348203029553105,-0.761067040768658,36
"715",0.356583081220097,-0.761067040768658,36
"716",0.678345859484884,-1.11968598768261,36
"717",1.00010863774967,-1.11968598768261,36
"718",1.32187141601446,-1.11968598768261,36
"719",1.64363419427925,-1.11968598768261,36
"720",1.96539697254403,-1.11968598768261,36
"721",-4.14809581448692,3.54236032219876,37
"722",-3.82633303622214,3.54236032219876,37
"723",-3.50457025795735,3.54236032219876,37
"724",-3.18280747969256,3.54236032219876,37
"725",-2.86104470142777,3.54236032219876,37
"726",-2.53928192316299,3.54236032219876,37
"727",-2.2175191448982,3.54236032219876,37
"728",-1.89575636663341,3.54236032219876,37
"729",-1.57399358836863,3.54236032219876,37
"730",-1.25223081010384,3.54236032219876,37
"731",-0.930468031839051,0.673408746887146,37
"732",-0.608705253574264,-0.0438291469407557,37
"733",-0.286942475309477,-0.761067040768658,37
"734",0.0348203029553105,-1.11968598768261,37
"735",0.356583081220097,-1.11968598768261,37
"736",0.678345859484884,-1.11968598768261,37
"737",1.00010863774967,-1.11968598768261,37
"738",1.32187141601446,-1.11968598768261,37
"739",1.64363419427925,-1.11968598768261,37
"740",1.96539697254403,-1.11968598768261,37
"741",-4.14809581448692,3.54236032219876,38
"742",-3.82633303622214,3.54236032219876,38
"743",-3.50457025795735,3.54236032219876,38
"744",-3.18280747969256,3.54236032219876,38
"745",-2.86104470142777,3.54236032219876,38
"746",-2.53928192316299,3.54236032219876,38
"747",-2.2175191448982,3.54236032219876,38
"748",-1.89575636663341,3.54236032219876,38
"749",-1.57399358836863,3.54236032219876,38
"750",-1.25223081010384,3.54236032219876,38
"751",-0.930468031839051,-0.0438291469407557,38
"752",-0.608705253574264,-0.402448093854707,38
"753",-0.286942475309477,-0.402448093854707,38
"754",0.0348203029553105,-0.761067040768658,38
"755",0.356583081220097,-0.761067040768658,38
"756",0.678345859484884,-1.11968598768261,38
"757",1.00010863774967,-1.11968598768261,38
"758",1.32187141601446,-1.11968598768261,38
"759",1.64363419427925,-1.11968598768261,38
"760",1.96539697254403,-1.11968598768261,38
"761",-4.14809581448692,3.54236032219876,39
"762",-3.82633303622214,3.54236032219876,39
"763",-3.50457025795735,3.54236032219876,39
"764",-3.18280747969256,3.54236032219876,39
"765",-2.86104470142777,3.54236032219876,39
"766",-2.53928192316299,3.54236032219876,39
"767",-2.2175191448982,3.54236032219876,39
"768",-1.89575636663341,3.54236032219876,39
"769",-1.57399358836863,3.54236032219876,39
"770",-1.25223081010384,3.54236032219876,39
"771",-0.930468031839051,0.314789799973195,39
"772",-0.608705253574264,-0.0438291469407557,39
"773",-0.286942475309477,-0.402448093854707,39
"774",0.0348203029553105,-0.402448093854707,39
"775",0.356583081220097,-0.761067040768658,39
"776",0.678345859484884,-0.761067040768658,39
"777",1.00010863774967,-0.761067040768658,39
"778",1.32187141601446,-0.761067040768658,39
"779",1.64363419427925,-0.761067040768658,39
"780",1.96539697254403,-0.761067040768658,39
"781",-4.14809581448692,3.54236032219876,40
"782",-3.82633303622214,3.54236032219876,40
"783",-3.50457025795735,3.54236032219876,40
"784",-3.18280747969256,3.54236032219876,40
"785",-2.86104470142777,3.54236032219876,40
"786",-2.53928192316299,3.54236032219876,40
"787",-2.2175191448982,3.54236032219876,40
"788",-1.89575636663341,3.54236032219876,40
"789",-1.57399358836863,3.54236032219876,40
"790",-1.25223081010384,3.54236032219876,40
"791",-0.930468031839051,-0.0438291469407557,40
"792",-0.608705253574264,-0.402448093854707,40
"793",-0.286942475309477,-0.761067040768658,40
"794",0.0348203029553105,-1.11968598768261,40
"795",0.356583081220097,-1.47830493459656,40
"796",0.678345859484884,-1.47830493459656,40
"797",1.00010863774967,-1.47830493459656,40
"798",1.32187141601446,-1.47830493459656,40
"799",1.64363419427925,-1.47830493459656,40
"800",1.96539697254403,-1.47830493459656,40
"801",-4.14809581448692,3.54236032219876,41
"802",-3.82633303622214,3.54236032219876,41
"803",-3.50457025795735,3.54236032219876,41
"804",-3.18280747969256,3.54236032219876,41
"805",-2.86104470142777,3.54236032219876,41
"806",-2.53928192316299,3.54236032219876,41
"807",-2.2175191448982,3.54236032219876,41
"808",-1.89575636663341,3.54236032219876,41
"809",-1.57399358836863,3.54236032219876,41
"810",-1.25223081010384,3.54236032219876,41
"811",-0.930468031839051,0.314789799973195,41
"812",-0.608705253574264,-0.402448093854707,41
"813",-0.286942475309477,-0.761067040768658,41
"814",0.0348203029553105,-1.11968598768261,41
"815",0.356583081220097,-1.11968598768261,41
"816",0.678345859484884,-1.11968598768261,41
"817",1.00010863774967,-1.11968598768261,41
"818",1.32187141601446,-1.11968598768261,41
"819",1.64363419427925,-1.11968598768261,41
"820",1.96539697254403,-1.11968598768261,41
"821",-4.14809581448692,3.54236032219876,42
"822",-3.82633303622214,3.54236032219876,42
"823",-3.50457025795735,3.54236032219876,42
"824",-3.18280747969256,3.54236032219876,42
"825",-2.86104470142777,3.54236032219876,42
"826",-2.53928192316299,3.54236032219876,42
"827",-2.2175191448982,3.54236032219876,42
"828",-1.89575636663341,3.54236032219876,42
"829",-1.57399358836863,3.54236032219876,42
"830",-1.25223081010384,3.54236032219876,42
"831",-0.930468031839051,0.314789799973195,42
"832",-0.608705253574264,-0.402448093854707,42
"833",-0.286942475309477,-0.402448093854707,42
"834",0.0348203029553105,-0.761067040768658,42
"835",0.356583081220097,-0.761067040768658,42
"836",0.678345859484884,-0.761067040768658,42
"837",1.00010863774967,-1.11968598768261,42
"838",1.32187141601446,-1.11968598768261,42
"839",1.64363419427925,-1.11968598768261,42
"840",1.96539697254403,-1.11968598768261,42
"841",-4.14809581448692,3.54236032219876,43
"842",-3.82633303622214,3.54236032219876,43
"843",-3.50457025795735,3.54236032219876,43
"844",-3.18280747969256,3.54236032219876,43
"845",-2.86104470142777,3.54236032219876,43
"846",-2.53928192316299,3.54236032219876,43
"847",-2.2175191448982,3.54236032219876,43
"848",-1.89575636663341,3.54236032219876,43
"849",-1.57399358836863,3.54236032219876,43
"850",-1.25223081010384,3.54236032219876,43
"851",-0.930468031839051,0.314789799973195,43
"852",-0.608705253574264,-0.402448093854707,43
"853",-0.286942475309477,-0.402448093854707,43
"854",0.0348203029553105,-0.761067040768658,43
"855",0.356583081220097,-1.11968598768261,43
"856",0.678345859484884,-1.11968598768261,43
"857",1.00010863774967,-1.11968598768261,43
"858",1.32187141601446,-1.47830493459656,43
"859",1.64363419427925,-1.47830493459656,43
"860",1.96539697254403,-1.47830493459656,43
"861",-4.14809581448692,3.54236032219876,44
"862",-3.82633303622214,3.54236032219876,44
"863",-3.50457025795735,3.54236032219876,44
"864",-3.18280747969256,3.54236032219876,44
"865",-2.86104470142777,3.54236032219876,44
"866",-2.53928192316299,3.54236032219876,44
"867",-2.2175191448982,3.54236032219876,44
"868",-1.89575636663341,3.54236032219876,44
"869",-1.57399358836863,3.54236032219876,44
"870",-1.25223081010384,3.54236032219876,44
"871",-0.930468031839051,0.314789799973195,44
"872",-0.608705253574264,-0.0438291469407557,44
"873",-0.286942475309477,-0.402448093854707,44
"874",0.0348203029553105,-0.761067040768658,44
"875",0.356583081220097,-1.11968598768261,44
"876",0.678345859484884,-1.11968598768261,44
"877",1.00010863774967,-1.11968598768261,44
"878",1.32187141601446,-1.11968598768261,44
"879",1.64363419427925,-1.11968598768261,44
"880",1.96539697254403,-1.11968598768261,44
"881",-4.14809581448692,3.54236032219876,45
"882",-3.82633303622214,3.54236032219876,45
"883",-3.50457025795735,3.54236032219876,45
"884",-3.18280747969256,3.54236032219876,45
"885",-2.86104470142777,3.54236032219876,45
"886",-2.53928192316299,3.54236032219876,45
"887",-2.2175191448982,3.54236032219876,45
"888",-1.89575636663341,3.54236032219876,45
"889",-1.57399358836863,3.54236032219876,45
"890",-1.25223081010384,3.54236032219876,45
"891",-0.930468031839051,0.314789799973195,45
"892",-0.608705253574264,-0.0438291469407557,45
"893",-0.286942475309477,-0.402448093854707,45
"894",0.0348203029553105,-0.761067040768658,45
"895",0.356583081220097,-1.11968598768261,45
"896",0.678345859484884,-1.11968598768261,45
"897",1.00010863774967,-1.11968598768261,45
"898",1.32187141601446,-1.47830493459656,45
"899",1.64363419427925,-1.47830493459656,45
"900",1.96539697254403,-1.47830493459656,45
"901",-4.14809581448692,3.54236032219876,46
"902",-3.82633303622214,3.54236032219876,46
"903",-3.50457025795735,3.54236032219876,46
"904",-3.18280747969256,3.54236032219876,46
"905",-2.86104470142777,3.54236032219876,46
"906",-2.53928192316299,3.54236032219876,46
"907",-2.2175191448982,3.54236032219876,46
"908",-1.89575636663341,3.54236032219876,46
"909",-1.57399358836863,3.54236032219876,46
"910",-1.25223081010384,3.54236032219876,46
"911",-0.930468031839051,0.314789799973195,46
"912",-0.608705253574264,-0.0438291469407557,46
"913",-0.286942475309477,-0.402448093854707,46
"914",0.0348203029553105,-0.402448093854707,46
"915",0.356583081220097,-0.761067040768658,46
"916",0.678345859484884,-0.761067040768658,46
"917",1.00010863774967,-0.761067040768658,46
"918",1.32187141601446,-0.761067040768658,46
"919",1.64363419427925,-0.761067040768658,46
"920",1.96539697254403,-0.761067040768658,46
"921",-4.14809581448692,3.54236032219876,47
"922",-3.82633303622214,3.54236032219876,47
"923",-3.50457025795735,3.54236032219876,47
"924",-3.18280747969256,3.54236032219876,47
"925",-2.86104470142777,3.54236032219876,47
"926",-2.53928192316299,3.54236032219876,47
"927",-2.2175191448982,3.54236032219876,47
"928",-1.89575636663341,3.54236032219876,47
"929",-1.57399358836863,3.54236032219876,47
"930",-1.25223081010384,3.54236032219876,47
"931",-0.930468031839051,0.314789799973195,47
"932",-0.608705253574264,-0.0438291469407557,47
"933",-0.286942475309477,-0.402448093854707,47
"934",0.0348203029553105,-0.761067040768658,47
"935",0.356583081220097,-0.761067040768658,47
"936",0.678345859484884,-0.761067040768658,47
"937",1.00010863774967,-1.11968598768261,47
"938",1.32187141601446,-1.11968598768261,47
"939",1.64363419427925,-1.11968598768261,47
"940",1.96539697254403,-1.11968598768261,47
"941",-4.14809581448692,3.54236032219876,48
"942",-3.82633303622214,3.54236032219876,48
"943",-3.50457025795735,3.54236032219876,48
"944",-3.18280747969256,3.54236032219876,48
"945",-2.86104470142777,3.54236032219876,48
"946",-2.53928192316299,3.54236032219876,48
"947",-2.2175191448982,3.54236032219876,48
"948",-1.89575636663341,3.54236032219876,48
"949",-1.57399358836863,3.54236032219876,48
"950",-1.25223081010384,3.54236032219876,48
"951",-0.930468031839051,0.314789799973195,48
"952",-0.608705253574264,-0.402448093854707,48
"953",-0.286942475309477,-0.761067040768658,48
"954",0.0348203029553105,-0.761067040768658,48
"955",0.356583081220097,-1.11968598768261,48
"956",0.678345859484884,-1.11968598768261,48
"957",1.00010863774967,-1.11968598768261,48
"958",1.32187141601446,-1.11968598768261,48
"959",1.64363419427925,-1.11968598768261,48
"960",1.96539697254403,-1.11968598768261,48
"961",-4.14809581448692,3.54236032219876,49
"962",-3.82633303622214,3.54236032219876,49
"963",-3.50457025795735,3.54236032219876,49
"964",-3.18280747969256,3.54236032219876,49
"965",-2.86104470142777,3.54236032219876,49
"966",-2.53928192316299,3.54236032219876,49
"967",-2.2175191448982,3.54236032219876,49
"968",-1.89575636663341,3.54236032219876,49
"969",-1.57399358836863,3.54236032219876,49
"970",-1.25223081010384,3.54236032219876,49
"971",-0.930468031839051,0.314789799973195,49
"972",-0.608705253574264,-0.402448093854707,49
"973",-0.286942475309477,-0.402448093854707,49
"974",0.0348203029553105,-0.761067040768658,49
"975",0.356583081220097,-0.761067040768658,49
"976",0.678345859484884,-0.761067040768658,49
"977",1.00010863774967,-0.761067040768658,49
"978",1.32187141601446,-0.761067040768658,49
"979",1.64363419427925,-1.11968598768261,49
"980",1.96539697254403,-1.11968598768261,49
"981",-4.14809581448692,3.54236032219876,50
"982",-3.82633303622214,3.54236032219876,50
"983",-3.50457025795735,3.54236032219876,50
"984",-3.18280747969256,3.54236032219876,50
"985",-2.86104470142777,3.54236032219876,50
"986",-2.53928192316299,3.54236032219876,50
"987",-2.2175191448982,3.54236032219876,50
"988",-1.89575636663341,3.54236032219876,50
"989",-1.57399358836863,3.54236032219876,50
"990",-1.25223081010384,3.54236032219876,50
"991",-0.930468031839051,-0.0438291469407557,50
"992",-0.608705253574264,-0.761067040768658,50
"993",-0.286942475309477,-1.47830493459656,50
"994",0.0348203029553105,-1.83692388151051,50
"995",0.356583081220097,-1.83692388151051,50
"996",0.678345859484884,-1.83692388151051,50
"997",1.00010863774967,-1.83692388151051,50
"998",1.32187141601446,-1.83692388151051,50
"999",1.64363419427925,-1.83692388151051,50
"1000",1.96539697254403,-1.83692388151051,50
"1001",-4.14809581448692,3.54236032219876,51
"1002",-3.82633303622214,3.54236032219876,51
"1003",-3.50457025795735,3.54236032219876,51
"1004",-3.18280747969256,3.54236032219876,51
"1005",-2.86104470142777,3.54236032219876,51
"1006",-2.53928192316299,3.54236032219876,51
"1007",-2.2175191448982,3.54236032219876,51
"1008",-1.89575636663341,3.54236032219876,51
"1009",-1.57399358836863,3.54236032219876,51
"1010",-1.25223081010384,3.54236032219876,51
"1011",-0.930468031839051,0.314789799973195,51
"1012",-0.608705253574264,-0.402448093854707,51
"1013",-0.286942475309477,-0.761067040768658,51
"1014",0.0348203029553105,-1.11968598768261,51
"1015",0.356583081220097,-1.47830493459656,51
"1016",0.678345859484884,-1.47830493459656,51
"1017",1.00010863774967,-1.47830493459656,51
"1018",1.32187141601446,-1.47830493459656,51
"1019",1.64363419427925,-1.47830493459656,51
"1020",1.96539697254403,-1.47830493459656,51
"1021",-4.14809581448692,3.54236032219876,52
"1022",-3.82633303622214,3.54236032219876,52
"1023",-3.50457025795735,3.54236032219876,52
"1024",-3.18280747969256,3.54236032219876,52
"1025",-2.86104470142777,3.54236032219876,52
"1026",-2.53928192316299,3.54236032219876,52
"1027",-2.2175191448982,3.54236032219876,52
"1028",-1.89575636663341,3.54236032219876,52
"1029",-1.57399358836863,3.54236032219876,52
"1030",-1.25223081010384,3.54236032219876,52
"1031",-0.930468031839051,-0.0438291469407557,52
"1032",-0.608705253574264,-0.761067040768658,52
"1033",-0.286942475309477,-0.761067040768658,52
"1034",0.0348203029553105,-1.11968598768261,52
"1035",0.356583081220097,-1.11968598768261,52
"1036",0.678345859484884,-1.11968598768261,52
"1037",1.00010863774967,-1.11968598768261,52
"1038",1.32187141601446,-1.11968598768261,52
"1039",1.64363419427925,-1.11968598768261,52
"1040",1.96539697254403,-1.11968598768261,52
"1041",-4.14809581448692,3.54236032219876,53
"1042",-3.82633303622214,3.54236032219876,53
"1043",-3.50457025795735,3.54236032219876,53
"1044",-3.18280747969256,3.54236032219876,53
"1045",-2.86104470142777,3.54236032219876,53
"1046",-2.53928192316299,3.54236032219876,53
"1047",-2.2175191448982,3.54236032219876,53
"1048",-1.89575636663341,3.54236032219876,53
"1049",-1.57399358836863,3.54236032219876,53
"1050",-1.25223081010384,3.54236032219876,53
"1051",-0.930468031839051,0.314789799973195,53
"1052",-0.608705253574264,-0.402448093854707,53
"1053",-0.286942475309477,-0.761067040768658,53
"1054",0.0348203029553105,-1.11968598768261,53
"1055",0.356583081220097,-1.11968598768261,53
"1056",0.678345859484884,-1.47830493459656,53
"1057",1.00010863774967,-1.47830493459656,53
"1058",1.32187141601446,-1.47830493459656,53
"1059",1.64363419427925,-1.47830493459656,53
"1060",1.96539697254403,-1.47830493459656,53
"1061",-4.14809581448692,3.54236032219876,54
"1062",-3.82633303622214,3.54236032219876,54
"1063",-3.50457025795735,3.54236032219876,54
"1064",-3.18280747969256,3.54236032219876,54
"1065",-2.86104470142777,3.54236032219876,54
"1066",-2.53928192316299,3.54236032219876,54
"1067",-2.2175191448982,3.54236032219876,54
"1068",-1.89575636663341,3.54236032219876,54
"1069",-1.57399358836863,3.54236032219876,54
"1070",-1.25223081010384,3.54236032219876,54
"1071",-0.930468031839051,0.314789799973195,54
"1072",-0.608705253574264,-0.402448093854707,54
"1073",-0.286942475309477,-0.761067040768658,54
"1074",0.0348203029553105,-0.761067040768658,54
"1075",0.356583081220097,-1.11968598768261,54
"1076",0.678345859484884,-1.11968598768261,54
"1077",1.00010863774967,-1.11968598768261,54
"1078",1.32187141601446,-1.11968598768261,54
"1079",1.64363419427925,-1.11968598768261,54
"1080",1.96539697254403,-1.11968598768261,54
"1081",-4.14809581448692,3.54236032219876,55
"1082",-3.82633303622214,3.54236032219876,55
"1083",-3.50457025795735,3.54236032219876,55
"1084",-3.18280747969256,3.54236032219876,55
"1085",-2.86104470142777,3.54236032219876,55
"1086",-2.53928192316299,3.54236032219876,55
"1087",-2.2175191448982,3.54236032219876,55
"1088",-1.89575636663341,3.54236032219876,55
"1089",-1.57399358836863,3.54236032219876,55
"1090",-1.25223081010384,3.54236032219876,55
"1091",-0.930468031839051,-0.402448093854707,55
"1092",-0.608705253574264,-1.11968598768261,55
"1093",-0.286942475309477,-1.47830493459656,55
"1094",0.0348203029553105,-1.47830493459656,55
"1095",0.356583081220097,-1.47830493459656,55
"1096",0.678345859484884,-1.83692388151051,55
"1097",1.00010863774967,-1.83692388151051,55
"1098",1.32187141601446,-1.83692388151051,55
"1099",1.64363419427925,-1.83692388151051,55
"1100",1.96539697254403,-1.83692388151051,55
"1101",-4.14809581448692,3.54236032219876,56
"1102",-3.82633303622214,3.54236032219876,56
"1103",-3.50457025795735,3.54236032219876,56
"1104",-3.18280747969256,3.54236032219876,56
"1105",-2.86104470142777,3.54236032219876,56
"1106",-2.53928192316299,3.54236032219876,56
"1107",-2.2175191448982,3.54236032219876,56
"1108",-1.89575636663341,3.54236032219876,56
"1109",-1.57399358836863,3.54236032219876,56
"1110",-1.25223081010384,3.54236032219876,56
"1111",-0.930468031839051,0.314789799973195,56
"1112",-0.608705253574264,-0.0438291469407557,56
"1113",-0.286942475309477,-0.402448093854707,56
"1114",0.0348203029553105,-0.761067040768658,56
"1115",0.356583081220097,-1.11968598768261,56
"1116",0.678345859484884,-1.47830493459656,56
"1117",1.00010863774967,-1.47830493459656,56
"1118",1.32187141601446,-1.47830493459656,56
"1119",1.64363419427925,-1.47830493459656,56
"1120",1.96539697254403,-1.47830493459656,56
"1121",-4.14809581448692,3.54236032219876,57
"1122",-3.82633303622214,3.54236032219876,57
"1123",-3.50457025795735,3.54236032219876,57
"1124",-3.18280747969256,3.54236032219876,57
"1125",-2.86104470142777,3.54236032219876,57
"1126",-2.53928192316299,3.54236032219876,57
"1127",-2.2175191448982,3.54236032219876,57
"1128",-1.89575636663341,3.54236032219876,57
"1129",-1.57399358836863,3.54236032219876,57
"1130",-1.25223081010384,3.54236032219876,57
"1131",-0.930468031839051,0.314789799973195,57
"1132",-0.608705253574264,-0.402448093854707,57
"1133",-0.286942475309477,-0.402448093854707,57
"1134",0.0348203029553105,-0.761067040768658,57
"1135",0.356583081220097,-1.11968598768261,57
"1136",0.678345859484884,-1.11968598768261,57
"1137",1.00010863774967,-1.11968598768261,57
"1138",1.32187141601446,-1.11968598768261,57
"1139",1.64363419427925,-1.11968598768261,57
"1140",1.96539697254403,-1.11968598768261,57
"1141",-4.14809581448692,3.54236032219876,58
"1142",-3.82633303622214,3.54236032219876,58
"1143",-3.50457025795735,3.54236032219876,58
"1144",-3.18280747969256,3.54236032219876,58
"1145",-2.86104470142777,3.54236032219876,58
"1146",-2.53928192316299,3.54236032219876,58
"1147",-2.2175191448982,3.54236032219876,58
"1148",-1.89575636663341,3.54236032219876,58
"1149",-1.57399358836863,3.54236032219876,58
"1150",-1.25223081010384,3.54236032219876,58
"1151",-0.930468031839051,0.314789799973195,58
"1152",-0.608705253574264,-0.402448093854707,58
"1153",-0.286942475309477,-0.402448093854707,58
"1154",0.0348203029553105,-0.761067040768658,58
"1155",0.356583081220097,-1.11968598768261,58
"1156",0.678345859484884,-1.47830493459656,58
"1157",1.00010863774967,-1.47830493459656,58
"1158",1.32187141601446,-1.47830493459656,58
"1159",1.64363419427925,-1.47830493459656,58
"1160",1.96539697254403,-1.47830493459656,58
"1161",-4.14809581448692,3.54236032219876,59
"1162",-3.82633303622214,3.54236032219876,59
"1163",-3.50457025795735,3.54236032219876,59
"1164",-3.18280747969256,3.54236032219876,59
"1165",-2.86104470142777,3.54236032219876,59
"1166",-2.53928192316299,3.54236032219876,59
"1167",-2.2175191448982,3.54236032219876,59
"1168",-1.89575636663341,3.54236032219876,59
"1169",-1.57399358836863,3.54236032219876,59
"1170",-1.25223081010384,3.54236032219876,59
"1171",-0.930468031839051,0.314789799973195,59
"1172",-0.608705253574264,-0.0438291469407557,59
"1173",-0.286942475309477,-0.402448093854707,59
"1174",0.0348203029553105,-0.402448093854707,59
"1175",0.356583081220097,-0.761067040768658,59
"1176",0.678345859484884,-0.761067040768658,59
"1177",1.00010863774967,-1.11968598768261,59
"1178",1.32187141601446,-1.11968598768261,59
"1179",1.64363419427925,-1.11968598768261,59
"1180",1.96539697254403,-1.11968598768261,59
"1181",-4.14809581448692,3.54236032219876,60
"1182",-3.82633303622214,3.54236032219876,60
"1183",-3.50457025795735,3.54236032219876,60
"1184",-3.18280747969256,3.54236032219876,60
"1185",-2.86104470142777,3.54236032219876,60
"1186",-2.53928192316299,3.54236032219876,60
"1187",-2.2175191448982,3.54236032219876,60
"1188",-1.89575636663341,3.54236032219876,60
"1189",-1.57399358836863,3.54236032219876,60
"1190",-1.25223081010384,3.54236032219876,60
"1191",-0.930468031839051,0.314789799973195,60
"1192",-0.608705253574264,-0.402448093854707,60
"1193",-0.286942475309477,-0.761067040768658,60
"1194",0.0348203029553105,-0.761067040768658,60
"1195",0.356583081220097,-1.11968598768261,60
"1196",0.678345859484884,-1.11968598768261,60
"1197",1.00010863774967,-1.11968598768261,60
"1198",1.32187141601446,-1.11968598768261,60
"1199",1.64363419427925,-1.11968598768261,60
"1200",1.96539697254403,-1.11968598768261,60
"1201",-4.14809581448692,3.54236032219876,61
"1202",-3.82633303622214,3.54236032219876,61
"1203",-3.50457025795735,3.54236032219876,61
"1204",-3.18280747969256,3.54236032219876,61
"1205",-2.86104470142777,3.54236032219876,61
"1206",-2.53928192316299,3.54236032219876,61
"1207",-2.2175191448982,3.54236032219876,61
"1208",-1.89575636663341,3.54236032219876,61
"1209",-1.57399358836863,3.54236032219876,61
"1210",-1.25223081010384,3.54236032219876,61
"1211",-0.930468031839051,0.314789799973195,61
"1212",-0.608705253574264,-0.0438291469407557,61
"1213",-0.286942475309477,-0.761067040768658,61
"1214",0.0348203029553105,-1.11968598768261,61
"1215",0.356583081220097,-1.47830493459656,61
"1216",0.678345859484884,-1.83692388151051,61
"1217",1.00010863774967,-1.83692388151051,61
"1218",1.32187141601446,-1.83692388151051,61
"1219",1.64363419427925,-1.83692388151051,61
"1220",1.96539697254403,-1.83692388151051,61
"1221",-4.14809581448692,3.54236032219876,62
"1222",-3.82633303622214,3.54236032219876,62
"1223",-3.50457025795735,3.54236032219876,62
"1224",-3.18280747969256,3.54236032219876,62
"1225",-2.86104470142777,3.54236032219876,62
"1226",-2.53928192316299,3.54236032219876,62
"1227",-2.2175191448982,3.54236032219876,62
"1228",-1.89575636663341,3.54236032219876,62
"1229",-1.57399358836863,3.54236032219876,62
"1230",-1.25223081010384,3.54236032219876,62
"1231",-0.930468031839051,0.314789799973195,62
"1232",-0.608705253574264,-0.0438291469407557,62
"1233",-0.286942475309477,-0.402448093854707,62
"1234",0.0348203029553105,-0.761067040768658,62
"1235",0.356583081220097,-0.761067040768658,62
"1236",0.678345859484884,-0.761067040768658,62
"1237",1.00010863774967,-1.11968598768261,62
"1238",1.32187141601446,-1.11968598768261,62
"1239",1.64363419427925,-1.11968598768261,62
"1240",1.96539697254403,-1.11968598768261,62
"1241",-4.14809581448692,3.54236032219876,63
"1242",-3.82633303622214,3.54236032219876,63
"1243",-3.50457025795735,3.54236032219876,63
"1244",-3.18280747969256,3.54236032219876,63
"1245",-2.86104470142777,3.54236032219876,63
"1246",-2.53928192316299,3.54236032219876,63
"1247",-2.2175191448982,3.54236032219876,63
"1248",-1.89575636663341,3.54236032219876,63
"1249",-1.57399358836863,3.54236032219876,63
"1250",-1.25223081010384,3.54236032219876,63
"1251",-0.930468031839051,0.314789799973195,63
"1252",-0.608705253574264,-0.402448093854707,63
"1253",-0.286942475309477,-1.11968598768261,63
"1254",0.0348203029553105,-1.11968598768261,63
"1255",0.356583081220097,-1.47830493459656,63
"1256",0.678345859484884,-1.47830493459656,63
"1257",1.00010863774967,-1.47830493459656,63
"1258",1.32187141601446,-1.47830493459656,63
"1259",1.64363419427925,-1.47830493459656,63
"1260",1.96539697254403,-1.47830493459656,63
"1261",-4.14809581448692,3.54236032219876,64
"1262",-3.82633303622214,3.54236032219876,64
"1263",-3.50457025795735,3.54236032219876,64
"1264",-3.18280747969256,3.54236032219876,64
"1265",-2.86104470142777,3.54236032219876,64
"1266",-2.53928192316299,3.54236032219876,64
"1267",-2.2175191448982,3.54236032219876,64
"1268",-1.89575636663341,3.54236032219876,64
"1269",-1.57399358836863,3.54236032219876,64
"1270",-1.25223081010384,3.54236032219876,64
"1271",-0.930468031839051,-0.0438291469407557,64
"1272",-0.608705253574264,-0.761067040768658,64
"1273",-0.286942475309477,-1.11968598768261,64
"1274",0.0348203029553105,-1.47830493459656,64
"1275",0.356583081220097,-1.47830493459656,64
"1276",0.678345859484884,-1.47830493459656,64
"1277",1.00010863774967,-1.47830493459656,64
"1278",1.32187141601446,-1.47830493459656,64
"1279",1.64363419427925,-1.47830493459656,64
"1280",1.96539697254403,-1.47830493459656,64
"1281",-4.14809581448692,3.54236032219876,65
"1282",-3.82633303622214,3.54236032219876,65
"1283",-3.50457025795735,3.54236032219876,65
"1284",-3.18280747969256,3.54236032219876,65
"1285",-2.86104470142777,3.54236032219876,65
"1286",-2.53928192316299,3.54236032219876,65
"1287",-2.2175191448982,3.54236032219876,65
"1288",-1.89575636663341,3.54236032219876,65
"1289",-1.57399358836863,3.54236032219876,65
"1290",-1.25223081010384,3.54236032219876,65
"1291",-0.930468031839051,-0.0438291469407557,65
"1292",-0.608705253574264,-0.761067040768658,65
"1293",-0.286942475309477,-1.11968598768261,65
"1294",0.0348203029553105,-1.11968598768261,65
"1295",0.356583081220097,-1.47830493459656,65
"1296",0.678345859484884,-1.47830493459656,65
"1297",1.00010863774967,-1.47830493459656,65
"1298",1.32187141601446,-1.47830493459656,65
"1299",1.64363419427925,-1.47830493459656,65
"1300",1.96539697254403,-1.47830493459656,65
"1301",-4.14809581448692,3.54236032219876,66
"1302",-3.82633303622214,3.54236032219876,66
"1303",-3.50457025795735,3.54236032219876,66
"1304",-3.18280747969256,3.54236032219876,66
"1305",-2.86104470142777,3.54236032219876,66
"1306",-2.53928192316299,3.54236032219876,66
"1307",-2.2175191448982,3.54236032219876,66
"1308",-1.89575636663341,3.54236032219876,66
"1309",-1.57399358836863,3.54236032219876,66
"1310",-1.25223081010384,3.54236032219876,66
"1311",-0.930468031839051,-0.0438291469407557,66
"1312",-0.608705253574264,-0.402448093854707,66
"1313",-0.286942475309477,-0.761067040768658,66
"1314",0.0348203029553105,-1.11968598768261,66
"1315",0.356583081220097,-1.11968598768261,66
"1316",0.678345859484884,-1.47830493459656,66
"1317",1.00010863774967,-1.47830493459656,66
"1318",1.32187141601446,-1.47830493459656,66
"1319",1.64363419427925,-1.47830493459656,66
"1320",1.96539697254403,-1.47830493459656,66
"1321",-4.14809581448692,3.54236032219876,67
"1322",-3.82633303622214,3.54236032219876,67
"1323",-3.50457025795735,3.54236032219876,67
"1324",-3.18280747969256,3.54236032219876,67
"1325",-2.86104470142777,3.54236032219876,67
"1326",-2.53928192316299,3.54236032219876,67
"1327",-2.2175191448982,3.54236032219876,67
"1328",-1.89575636663341,3.54236032219876,67
"1329",-1.57399358836863,3.54236032219876,67
"1330",-1.25223081010384,3.54236032219876,67
"1331",-0.930468031839051,0.314789799973195,67
"1332",-0.608705253574264,-0.402448093854707,67
"1333",-0.286942475309477,-0.761067040768658,67
"1334",0.0348203029553105,-1.11968598768261,67
"1335",0.356583081220097,-1.11968598768261,67
"1336",0.678345859484884,-1.11968598768261,67
"1337",1.00010863774967,-1.11968598768261,67
"1338",1.32187141601446,-1.11968598768261,67
"1339",1.64363419427925,-1.11968598768261,67
"1340",1.96539697254403,-1.11968598768261,67
"1341",-4.14809581448692,3.54236032219876,68
"1342",-3.82633303622214,3.54236032219876,68
"1343",-3.50457025795735,3.54236032219876,68
"1344",-3.18280747969256,3.54236032219876,68
"1345",-2.86104470142777,3.54236032219876,68
"1346",-2.53928192316299,3.54236032219876,68
"1347",-2.2175191448982,3.54236032219876,68
"1348",-1.89575636663341,3.54236032219876,68
"1349",-1.57399358836863,3.54236032219876,68
"1350",-1.25223081010384,3.54236032219876,68
"1351",-0.930468031839051,0.314789799973195,68
"1352",-0.608705253574264,-0.402448093854707,68
"1353",-0.286942475309477,-0.761067040768658,68
"1354",0.0348203029553105,-1.11968598768261,68
"1355",0.356583081220097,-1.11968598768261,68
"1356",0.678345859484884,-1.11968598768261,68
"1357",1.00010863774967,-1.47830493459656,68
"1358",1.32187141601446,-1.47830493459656,68
"1359",1.64363419427925,-1.47830493459656,68
"1360",1.96539697254403,-1.47830493459656,68
"1361",-4.14809581448692,3.54236032219876,69
"1362",-3.82633303622214,3.54236032219876,69
"1363",-3.50457025795735,3.54236032219876,69
"1364",-3.18280747969256,3.54236032219876,69
"1365",-2.86104470142777,3.54236032219876,69
"1366",-2.53928192316299,3.54236032219876,69
"1367",-2.2175191448982,3.54236032219876,69
"1368",-1.89575636663341,3.54236032219876,69
"1369",-1.57399358836863,3.54236032219876,69
"1370",-1.25223081010384,3.54236032219876,69
"1371",-0.930468031839051,0.314789799973195,69
"1372",-0.608705253574264,-0.0438291469407557,69
"1373",-0.286942475309477,-0.402448093854707,69
"1374",0.0348203029553105,-0.761067040768658,69
"1375",0.356583081220097,-0.761067040768658,69
"1376",0.678345859484884,-0.761067040768658,69
"1377",1.00010863774967,-0.761067040768658,69
"1378",1.32187141601446,-0.761067040768658,69
"1379",1.64363419427925,-0.761067040768658,69
"1380",1.96539697254403,-0.761067040768658,69
"1381",-4.14809581448692,3.54236032219876,70
"1382",-3.82633303622214,3.54236032219876,70
"1383",-3.50457025795735,3.54236032219876,70
"1384",-3.18280747969256,3.54236032219876,70
"1385",-2.86104470142777,3.54236032219876,70
"1386",-2.53928192316299,3.54236032219876,70
"1387",-2.2175191448982,3.54236032219876,70
"1388",-1.89575636663341,3.54236032219876,70
"1389",-1.57399358836863,3.54236032219876,70
"1390",-1.25223081010384,3.54236032219876,70
"1391",-0.930468031839051,0.314789799973195,70
"1392",-0.608705253574264,-0.402448093854707,70
"1393",-0.286942475309477,-0.761067040768658,70
"1394",0.0348203029553105,-0.761067040768658,70
"1395",0.356583081220097,-1.11968598768261,70
"1396",0.678345859484884,-1.11968598768261,70
"1397",1.00010863774967,-1.11968598768261,70
"1398",1.32187141601446,-1.11968598768261,70
"1399",1.64363419427925,-1.11968598768261,70
"1400",1.96539697254403,-1.11968598768261,70
"1401",-4.14809581448692,3.54236032219876,71
"1402",-3.82633303622214,3.54236032219876,71
"1403",-3.50457025795735,3.54236032219876,71
"1404",-3.18280747969256,3.54236032219876,71
"1405",-2.86104470142777,3.54236032219876,71
"1406",-2.53928192316299,3.54236032219876,71
"1407",-2.2175191448982,3.54236032219876,71
"1408",-1.89575636663341,3.54236032219876,71
"1409",-1.57399358836863,3.54236032219876,71
"1410",-1.25223081010384,3.54236032219876,71
"1411",-0.930468031839051,0.673408746887146,71
"1412",-0.608705253574264,-0.0438291469407557,71
"1413",-0.286942475309477,-0.402448093854707,71
"1414",0.0348203029553105,-0.761067040768658,71
"1415",0.356583081220097,-0.761067040768658,71
"1416",0.678345859484884,-1.11968598768261,71
"1417",1.00010863774967,-1.11968598768261,71
"1418",1.32187141601446,-1.11968598768261,71
"1419",1.64363419427925,-1.11968598768261,71
"1420",1.96539697254403,-1.11968598768261,71
"1421",-4.14809581448692,3.54236032219876,72
"1422",-3.82633303622214,3.54236032219876,72
"1423",-3.50457025795735,3.54236032219876,72
"1424",-3.18280747969256,3.54236032219876,72
"1425",-2.86104470142777,3.54236032219876,72
"1426",-2.53928192316299,3.54236032219876,72
"1427",-2.2175191448982,3.54236032219876,72
"1428",-1.89575636663341,3.54236032219876,72
"1429",-1.57399358836863,3.54236032219876,72
"1430",-1.25223081010384,3.54236032219876,72
"1431",-0.930468031839051,0.314789799973195,72
"1432",-0.608705253574264,-0.0438291469407557,72
"1433",-0.286942475309477,-0.402448093854707,72
"1434",0.0348203029553105,-0.761067040768658,72
"1435",0.356583081220097,-0.761067040768658,72
"1436",0.678345859484884,-1.11968598768261,72
"1437",1.00010863774967,-1.11968598768261,72
"1438",1.32187141601446,-1.11968598768261,72
"1439",1.64363419427925,-1.11968598768261,72
"1440",1.96539697254403,-1.11968598768261,72
"1441",-4.14809581448692,3.54236032219876,73
"1442",-3.82633303622214,3.54236032219876,73
"1443",-3.50457025795735,3.54236032219876,73
"1444",-3.18280747969256,3.54236032219876,73
"1445",-2.86104470142777,3.54236032219876,73
"1446",-2.53928192316299,3.54236032219876,73
"1447",-2.2175191448982,3.54236032219876,73
"1448",-1.89575636663341,3.54236032219876,73
"1449",-1.57399358836863,3.54236032219876,73
"1450",-1.25223081010384,3.54236032219876,73
"1451",-0.930468031839051,-0.0438291469407557,73
"1452",-0.608705253574264,-0.402448093854707,73
"1453",-0.286942475309477,-0.761067040768658,73
"1454",0.0348203029553105,-1.11968598768261,73
"1455",0.356583081220097,-1.47830493459656,73
"1456",0.678345859484884,-1.47830493459656,73
"1457",1.00010863774967,-1.83692388151051,73
"1458",1.32187141601446,-1.83692388151051,73
"1459",1.64363419427925,-1.83692388151051,73
"1460",1.96539697254403,-1.83692388151051,73
"1461",-4.14809581448692,3.54236032219876,74
"1462",-3.82633303622214,3.54236032219876,74
"1463",-3.50457025795735,3.54236032219876,74
"1464",-3.18280747969256,3.54236032219876,74
"1465",-2.86104470142777,3.54236032219876,74
"1466",-2.53928192316299,3.54236032219876,74
"1467",-2.2175191448982,3.54236032219876,74
"1468",-1.89575636663341,3.54236032219876,74
"1469",-1.57399358836863,3.54236032219876,74
"1470",-1.25223081010384,3.54236032219876,74
"1471",-0.930468031839051,-0.0438291469407557,74
"1472",-0.608705253574264,-0.402448093854707,74
"1473",-0.286942475309477,-0.761067040768658,74
"1474",0.0348203029553105,-0.761067040768658,74
"1475",0.356583081220097,-1.11968598768261,74
"1476",0.678345859484884,-1.11968598768261,74
"1477",1.00010863774967,-1.11968598768261,74
"1478",1.32187141601446,-1.11968598768261,74
"1479",1.64363419427925,-1.11968598768261,74
"1480",1.96539697254403,-1.11968598768261,74
"1481",-4.14809581448692,3.54236032219876,75
"1482",-3.82633303622214,3.54236032219876,75
"1483",-3.50457025795735,3.54236032219876,75
"1484",-3.18280747969256,3.54236032219876,75
"1485",-2.86104470142777,3.54236032219876,75
"1486",-2.53928192316299,3.54236032219876,75
"1487",-2.2175191448982,3.54236032219876,75
"1488",-1.89575636663341,3.54236032219876,75
"1489",-1.57399358836863,3.54236032219876,75
"1490",-1.25223081010384,3.54236032219876,75
"1491",-0.930468031839051,0.314789799973195,75
"1492",-0.608705253574264,-0.0438291469407557,75
"1493",-0.286942475309477,-0.402448093854707,75
"1494",0.0348203029553105,-0.402448093854707,75
"1495",0.356583081220097,-0.761067040768658,75
"1496",0.678345859484884,-0.761067040768658,75
"1497",1.00010863774967,-1.11968598768261,75
"1498",1.32187141601446,-1.11968598768261,75
"1499",1.64363419427925,-1.11968598768261,75
"1500",1.96539697254403,-1.11968598768261,75
"1501",-4.14809581448692,3.54236032219876,76
"1502",-3.82633303622214,3.54236032219876,76
"1503",-3.50457025795735,3.54236032219876,76
"1504",-3.18280747969256,3.54236032219876,76
"1505",-2.86104470142777,3.54236032219876,76
"1506",-2.53928192316299,3.54236032219876,76
"1507",-2.2175191448982,3.54236032219876,76
"1508",-1.89575636663341,3.54236032219876,76
"1509",-1.57399358836863,3.54236032219876,76
"1510",-1.25223081010384,3.54236032219876,76
"1511",-0.930468031839051,0.314789799973195,76
"1512",-0.608705253574264,-0.402448093854707,76
"1513",-0.286942475309477,-0.761067040768658,76
"1514",0.0348203029553105,-1.11968598768261,76
"1515",0.356583081220097,-1.11968598768261,76
"1516",0.678345859484884,-1.47830493459656,76
"1517",1.00010863774967,-1.47830493459656,76
"1518",1.32187141601446,-1.47830493459656,76
"1519",1.64363419427925,-1.47830493459656,76
"1520",1.96539697254403,-1.47830493459656,76
"1521",-4.14809581448692,3.54236032219876,77
"1522",-3.82633303622214,3.54236032219876,77
"1523",-3.50457025795735,3.54236032219876,77
"1524",-3.18280747969256,3.54236032219876,77
"1525",-2.86104470142777,3.54236032219876,77
"1526",-2.53928192316299,3.54236032219876,77
"1527",-2.2175191448982,3.54236032219876,77
"1528",-1.89575636663341,3.54236032219876,77
"1529",-1.57399358836863,3.54236032219876,77
"1530",-1.25223081010384,3.54236032219876,77
"1531",-0.930468031839051,-0.0438291469407557,77
"1532",-0.608705253574264,-0.402448093854707,77
"1533",-0.286942475309477,-0.402448093854707,77
"1534",0.0348203029553105,-0.761067040768658,77
"1535",0.356583081220097,-1.11968598768261,77
"1536",0.678345859484884,-1.11968598768261,77
"1537",1.00010863774967,-1.11968598768261,77
"1538",1.32187141601446,-1.11968598768261,77
"1539",1.64363419427925,-1.11968598768261,77
"1540",1.96539697254403,-1.11968598768261,77
"1541",-4.14809581448692,3.54236032219876,78
"1542",-3.82633303622214,3.54236032219876,78
"1543",-3.50457025795735,3.54236032219876,78
"1544",-3.18280747969256,3.54236032219876,78
"1545",-2.86104470142777,3.54236032219876,78
"1546",-2.53928192316299,3.54236032219876,78
"1547",-2.2175191448982,3.54236032219876,78
"1548",-1.89575636663341,3.54236032219876,78
"1549",-1.57399358836863,3.54236032219876,78
"1550",-1.25223081010384,3.54236032219876,78
"1551",-0.930468031839051,-0.0438291469407557,78
"1552",-0.608705253574264,-0.761067040768658,78
"1553",-0.286942475309477,-1.11968598768261,78
"1554",0.0348203029553105,-1.11968598768261,78
"1555",0.356583081220097,-1.47830493459656,78
"1556",0.678345859484884,-1.47830493459656,78
"1557",1.00010863774967,-1.47830493459656,78
"1558",1.32187141601446,-1.47830493459656,78
"1559",1.64363419427925,-1.47830493459656,78
"1560",1.96539697254403,-1.47830493459656,78
"1561",-4.14809581448692,3.54236032219876,79
"1562",-3.82633303622214,3.54236032219876,79
"1563",-3.50457025795735,3.54236032219876,79
"1564",-3.18280747969256,3.54236032219876,79
"1565",-2.86104470142777,3.54236032219876,79
"1566",-2.53928192316299,3.54236032219876,79
"1567",-2.2175191448982,3.54236032219876,79
"1568",-1.89575636663341,3.54236032219876,79
"1569",-1.57399358836863,3.54236032219876,79
"1570",-1.25223081010384,3.54236032219876,79
"1571",-0.930468031839051,0.314789799973195,79
"1572",-0.608705253574264,-0.402448093854707,79
"1573",-0.286942475309477,-0.402448093854707,79
"1574",0.0348203029553105,-0.761067040768658,79
"1575",0.356583081220097,-1.11968598768261,79
"1576",0.678345859484884,-1.11968598768261,79
"1577",1.00010863774967,-1.11968598768261,79
"1578",1.32187141601446,-1.11968598768261,79
"1579",1.64363419427925,-1.11968598768261,79
"1580",1.96539697254403,-1.11968598768261,79
"1581",-4.14809581448692,3.54236032219876,80
"1582",-3.82633303622214,3.54236032219876,80
"1583",-3.50457025795735,3.54236032219876,80
"1584",-3.18280747969256,3.54236032219876,80
"1585",-2.86104470142777,3.54236032219876,80
"1586",-2.53928192316299,3.54236032219876,80
"1587",-2.2175191448982,3.54236032219876,80
"1588",-1.89575636663341,3.54236032219876,80
"1589",-1.57399358836863,3.54236032219876,80
"1590",-1.25223081010384,3.54236032219876,80
"1591",-0.930468031839051,-0.0438291469407557,80
"1592",-0.608705253574264,-0.402448093854707,80
"1593",-0.286942475309477,-0.761067040768658,80
"1594",0.0348203029553105,-0.761067040768658,80
"1595",0.356583081220097,-1.11968598768261,80
"1596",0.678345859484884,-1.11968598768261,80
"1597",1.00010863774967,-1.47830493459656,80
"1598",1.32187141601446,-1.47830493459656,80
"1599",1.64363419427925,-1.47830493459656,80
"1600",1.96539697254403,-1.47830493459656,80
"1601",-4.14809581448692,3.54236032219876,81
"1602",-3.82633303622214,3.54236032219876,81
"1603",-3.50457025795735,3.54236032219876,81
"1604",-3.18280747969256,3.54236032219876,81
"1605",-2.86104470142777,3.54236032219876,81
"1606",-2.53928192316299,3.54236032219876,81
"1607",-2.2175191448982,3.54236032219876,81
"1608",-1.89575636663341,3.54236032219876,81
"1609",-1.57399358836863,3.54236032219876,81
"1610",-1.25223081010384,3.54236032219876,81
"1611",-0.930468031839051,0.314789799973195,81
"1612",-0.608705253574264,-0.402448093854707,81
"1613",-0.286942475309477,-0.761067040768658,81
"1614",0.0348203029553105,-0.761067040768658,81
"1615",0.356583081220097,-1.11968598768261,81
"1616",0.678345859484884,-1.11968598768261,81
"1617",1.00010863774967,-1.11968598768261,81
"1618",1.32187141601446,-1.11968598768261,81
"1619",1.64363419427925,-1.11968598768261,81
"1620",1.96539697254403,-1.11968598768261,81
"1621",-4.14809581448692,3.54236032219876,82
"1622",-3.82633303622214,3.54236032219876,82
"1623",-3.50457025795735,3.54236032219876,82
"1624",-3.18280747969256,3.54236032219876,82
"1625",-2.86104470142777,3.54236032219876,82
"1626",-2.53928192316299,3.54236032219876,82
"1627",-2.2175191448982,3.54236032219876,82
"1628",-1.89575636663341,3.54236032219876,82
"1629",-1.57399358836863,3.54236032219876,82
"1630",-1.25223081010384,3.54236032219876,82
"1631",-0.930468031839051,0.314789799973195,82
"1632",-0.608705253574264,-0.0438291469407557,82
"1633",-0.286942475309477,-0.761067040768658,82
"1634",0.0348203029553105,-0.761067040768658,82
"1635",0.356583081220097,-1.11968598768261,82
"1636",0.678345859484884,-1.11968598768261,82
"1637",1.00010863774967,-1.11968598768261,82
"1638",1.32187141601446,-1.47830493459656,82
"1639",1.64363419427925,-1.47830493459656,82
"1640",1.96539697254403,-1.47830493459656,82
"1641",-4.14809581448692,3.54236032219876,83
"1642",-3.82633303622214,3.54236032219876,83
"1643",-3.50457025795735,3.54236032219876,83
"1644",-3.18280747969256,3.54236032219876,83
"1645",-2.86104470142777,3.54236032219876,83
"1646",-2.53928192316299,3.54236032219876,83
"1647",-2.2175191448982,3.54236032219876,83
"1648",-1.89575636663341,3.54236032219876,83
"1649",-1.57399358836863,3.54236032219876,83
"1650",-1.25223081010384,3.54236032219876,83
"1651",-0.930468031839051,0.314789799973195,83
"1652",-0.608705253574264,-0.0438291469407557,83
"1653",-0.286942475309477,-0.402448093854707,83
"1654",0.0348203029553105,-0.761067040768658,83
"1655",0.356583081220097,-0.761067040768658,83
"1656",0.678345859484884,-1.11968598768261,83
"1657",1.00010863774967,-1.11968598768261,83
"1658",1.32187141601446,-1.11968598768261,83
"1659",1.64363419427925,-1.11968598768261,83
"1660",1.96539697254403,-1.11968598768261,83
"1661",-4.14809581448692,3.54236032219876,84
"1662",-3.82633303622214,3.54236032219876,84
"1663",-3.50457025795735,3.54236032219876,84
"1664",-3.18280747969256,3.54236032219876,84
"1665",-2.86104470142777,3.54236032219876,84
"1666",-2.53928192316299,3.54236032219876,84
"1667",-2.2175191448982,3.54236032219876,84
"1668",-1.89575636663341,3.54236032219876,84
"1669",-1.57399358836863,3.54236032219876,84
"1670",-1.25223081010384,3.54236032219876,84
"1671",-0.930468031839051,0.314789799973195,84
"1672",-0.608705253574264,-0.0438291469407557,84
"1673",-0.286942475309477,-0.402448093854707,84
"1674",0.0348203029553105,-0.761067040768658,84
"1675",0.356583081220097,-0.761067040768658,84
"1676",0.678345859484884,-1.11968598768261,84
"1677",1.00010863774967,-1.11968598768261,84
"1678",1.32187141601446,-1.11968598768261,84
"1679",1.64363419427925,-1.11968598768261,84
"1680",1.96539697254403,-1.11968598768261,84
"1681",-4.14809581448692,3.54236032219876,85
"1682",-3.82633303622214,3.54236032219876,85
"1683",-3.50457025795735,3.54236032219876,85
"1684",-3.18280747969256,3.54236032219876,85
"1685",-2.86104470142777,3.54236032219876,85
"1686",-2.53928192316299,3.54236032219876,85
"1687",-2.2175191448982,3.54236032219876,85
"1688",-1.89575636663341,3.54236032219876,85
"1689",-1.57399358836863,3.54236032219876,85
"1690",-1.25223081010384,3.54236032219876,85
"1691",-0.930468031839051,0.314789799973195,85
"1692",-0.608705253574264,-0.0438291469407557,85
"1693",-0.286942475309477,-0.402448093854707,85
"1694",0.0348203029553105,-0.761067040768658,85
"1695",0.356583081220097,-1.11968598768261,85
"1696",0.678345859484884,-1.11968598768261,85
"1697",1.00010863774967,-1.11968598768261,85
"1698",1.32187141601446,-1.11968598768261,85
"1699",1.64363419427925,-1.11968598768261,85
"1700",1.96539697254403,-1.11968598768261,85
"1701",-4.14809581448692,3.54236032219876,86
"1702",-3.82633303622214,3.54236032219876,86
"1703",-3.50457025795735,3.54236032219876,86
"1704",-3.18280747969256,3.54236032219876,86
"1705",-2.86104470142777,3.54236032219876,86
"1706",-2.53928192316299,3.54236032219876,86
"1707",-2.2175191448982,3.54236032219876,86
"1708",-1.89575636663341,3.54236032219876,86
"1709",-1.57399358836863,3.54236032219876,86
"1710",-1.25223081010384,3.54236032219876,86
"1711",-0.930468031839051,0.314789799973195,86
"1712",-0.608705253574264,-0.0438291469407557,86
"1713",-0.286942475309477,-0.402448093854707,86
"1714",0.0348203029553105,-0.761067040768658,86
"1715",0.356583081220097,-0.761067040768658,86
"1716",0.678345859484884,-0.761067040768658,86
"1717",1.00010863774967,-0.761067040768658,86
"1718",1.32187141601446,-1.11968598768261,86
"1719",1.64363419427925,-1.11968598768261,86
"1720",1.96539697254403,-1.11968598768261,86
"1721",-4.14809581448692,3.54236032219876,87
"1722",-3.82633303622214,3.54236032219876,87
"1723",-3.50457025795735,3.54236032219876,87
"1724",-3.18280747969256,3.54236032219876,87
"1725",-2.86104470142777,3.54236032219876,87
"1726",-2.53928192316299,3.54236032219876,87
"1727",-2.2175191448982,3.54236032219876,87
"1728",-1.89575636663341,3.54236032219876,87
"1729",-1.57399358836863,3.54236032219876,87
"1730",-1.25223081010384,3.54236032219876,87
"1731",-0.930468031839051,-0.0438291469407557,87
"1732",-0.608705253574264,-0.402448093854707,87
"1733",-0.286942475309477,-0.402448093854707,87
"1734",0.0348203029553105,-0.761067040768658,87
"1735",0.356583081220097,-1.11968598768261,87
"1736",0.678345859484884,-1.11968598768261,87
"1737",1.00010863774967,-1.47830493459656,87
"1738",1.32187141601446,-1.47830493459656,87
"1739",1.64363419427925,-1.47830493459656,87
"1740",1.96539697254403,-1.47830493459656,87
"1741",-4.14809581448692,3.54236032219876,88
"1742",-3.82633303622214,3.54236032219876,88
"1743",-3.50457025795735,3.54236032219876,88
"1744",-3.18280747969256,3.54236032219876,88
"1745",-2.86104470142777,3.54236032219876,88
"1746",-2.53928192316299,3.54236032219876,88
"1747",-2.2175191448982,3.54236032219876,88
"1748",-1.89575636663341,3.54236032219876,88
"1749",-1.57399358836863,3.54236032219876,88
"1750",-1.25223081010384,3.54236032219876,88
"1751",-0.930468031839051,0.314789799973195,88
"1752",-0.608705253574264,-0.402448093854707,88
"1753",-0.286942475309477,-0.761067040768658,88
"1754",0.0348203029553105,-1.11968598768261,88
"1755",0.356583081220097,-1.11968598768261,88
"1756",0.678345859484884,-1.11968598768261,88
"1757",1.00010863774967,-1.11968598768261,88
"1758",1.32187141601446,-1.11968598768261,88
"1759",1.64363419427925,-1.11968598768261,88
"1760",1.96539697254403,-1.11968598768261,88
"1761",-4.14809581448692,3.54236032219876,89
"1762",-3.82633303622214,3.54236032219876,89
"1763",-3.50457025795735,3.54236032219876,89
"1764",-3.18280747969256,3.54236032219876,89
"1765",-2.86104470142777,3.54236032219876,89
"1766",-2.53928192316299,3.54236032219876,89
"1767",-2.2175191448982,3.54236032219876,89
"1768",-1.89575636663341,3.54236032219876,89
"1769",-1.57399358836863,3.54236032219876,89
"1770",-1.25223081010384,3.54236032219876,89
"1771",-0.930468031839051,0.314789799973195,89
"1772",-0.608705253574264,-0.0438291469407557,89
"1773",-0.286942475309477,-0.402448093854707,89
"1774",0.0348203029553105,-0.402448093854707,89
"1775",0.356583081220097,-0.761067040768658,89
"1776",0.678345859484884,-0.761067040768658,89
"1777",1.00010863774967,-0.761067040768658,89
"1778",1.32187141601446,-1.11968598768261,89
"1779",1.64363419427925,-1.11968598768261,89
"1780",1.96539697254403,-1.11968598768261,89
"1781",-4.14809581448692,3.54236032219876,90
"1782",-3.82633303622214,3.54236032219876,90
"1783",-3.50457025795735,3.54236032219876,90
"1784",-3.18280747969256,3.54236032219876,90
"1785",-2.86104470142777,3.54236032219876,90
"1786",-2.53928192316299,3.54236032219876,90
"1787",-2.2175191448982,3.54236032219876,90
"1788",-1.89575636663341,3.54236032219876,90
"1789",-1.57399358836863,3.54236032219876,90
"1790",-1.25223081010384,3.54236032219876,90
"1791",-0.930468031839051,-0.0438291469407557,90
"1792",-0.608705253574264,-0.402448093854707,90
"1793",-0.286942475309477,-0.761067040768658,90
"1794",0.0348203029553105,-1.11968598768261,90
"1795",0.356583081220097,-1.11968598768261,90
"1796",0.678345859484884,-1.11968598768261,90
"1797",1.00010863774967,-1.11968598768261,90
"1798",1.32187141601446,-1.11968598768261,90
"1799",1.64363419427925,-1.11968598768261,90
"1800",1.96539697254403,-1.11968598768261,90
"1801",-4.14809581448692,3.54236032219876,91
"1802",-3.82633303622214,3.54236032219876,91
"1803",-3.50457025795735,3.54236032219876,91
"1804",-3.18280747969256,3.54236032219876,91
"1805",-2.86104470142777,3.54236032219876,91
"1806",-2.53928192316299,3.54236032219876,91
"1807",-2.2175191448982,3.54236032219876,91
"1808",-1.89575636663341,3.54236032219876,91
"1809",-1.57399358836863,3.54236032219876,91
"1810",-1.25223081010384,3.54236032219876,91
"1811",-0.930468031839051,-0.0438291469407557,91
"1812",-0.608705253574264,-0.761067040768658,91
"1813",-0.286942475309477,-1.11968598768261,91
"1814",0.0348203029553105,-1.47830493459656,91
"1815",0.356583081220097,-1.47830493459656,91
"1816",0.678345859484884,-1.47830493459656,91
"1817",1.00010863774967,-1.47830493459656,91
"1818",1.32187141601446,-1.47830493459656,91
"1819",1.64363419427925,-1.47830493459656,91
"1820",1.96539697254403,-1.47830493459656,91
"1821",-4.14809581448692,3.54236032219876,92
"1822",-3.82633303622214,3.54236032219876,92
"1823",-3.50457025795735,3.54236032219876,92
"1824",-3.18280747969256,3.54236032219876,92
"1825",-2.86104470142777,3.54236032219876,92
"1826",-2.53928192316299,3.54236032219876,92
"1827",-2.2175191448982,3.54236032219876,92
"1828",-1.89575636663341,3.54236032219876,92
"1829",-1.57399358836863,3.54236032219876,92
"1830",-1.25223081010384,3.54236032219876,92
"1831",-0.930468031839051,0.314789799973195,92
"1832",-0.608705253574264,-0.402448093854707,92
"1833",-0.286942475309477,-0.761067040768658,92
"1834",0.0348203029553105,-0.761067040768658,92
"1835",0.356583081220097,-1.11968598768261,92
"1836",0.678345859484884,-1.11968598768261,92
"1837",1.00010863774967,-1.11968598768261,92
"1838",1.32187141601446,-1.11968598768261,92
"1839",1.64363419427925,-1.11968598768261,92
"1840",1.96539697254403,-1.11968598768261,92
"1841",-4.14809581448692,3.54236032219876,93
"1842",-3.82633303622214,3.54236032219876,93
"1843",-3.50457025795735,3.54236032219876,93
"1844",-3.18280747969256,3.54236032219876,93
"1845",-2.86104470142777,3.54236032219876,93
"1846",-2.53928192316299,3.54236032219876,93
"1847",-2.2175191448982,3.54236032219876,93
"1848",-1.89575636663341,3.54236032219876,93
"1849",-1.57399358836863,3.54236032219876,93
"1850",-1.25223081010384,3.54236032219876,93
"1851",-0.930468031839051,-0.0438291469407557,93
"1852",-0.608705253574264,-0.761067040768658,93
"1853",-0.286942475309477,-1.11968598768261,93
"1854",0.0348203029553105,-1.11968598768261,93
"1855",0.356583081220097,-1.47830493459656,93
"1856",0.678345859484884,-1.47830493459656,93
"1857",1.00010863774967,-1.47830493459656,93
"1858",1.32187141601446,-1.47830493459656,93
"1859",1.64363419427925,-1.47830493459656,93
"1860",1.96539697254403,-1.47830493459656,93
"1861",-4.14809581448692,3.54236032219876,94
"1862",-3.82633303622214,3.54236032219876,94
"1863",-3.50457025795735,3.54236032219876,94
"1864",-3.18280747969256,3.54236032219876,94
"1865",-2.86104470142777,3.54236032219876,94
"1866",-2.53928192316299,3.54236032219876,94
"1867",-2.2175191448982,3.54236032219876,94
"1868",-1.89575636663341,3.54236032219876,94
"1869",-1.57399358836863,3.54236032219876,94
"1870",-1.25223081010384,3.54236032219876,94
"1871",-0.930468031839051,0.314789799973195,94
"1872",-0.608705253574264,-0.0438291469407557,94
"1873",-0.286942475309477,-0.402448093854707,94
"1874",0.0348203029553105,-0.761067040768658,94
"1875",0.356583081220097,-0.761067040768658,94
"1876",0.678345859484884,-0.761067040768658,94
"1877",1.00010863774967,-0.761067040768658,94
"1878",1.32187141601446,-0.761067040768658,94
"1879",1.64363419427925,-0.761067040768658,94
"1880",1.96539697254403,-0.761067040768658,94
"1881",-4.14809581448692,3.54236032219876,95
"1882",-3.82633303622214,3.54236032219876,95
"1883",-3.50457025795735,3.54236032219876,95
"1884",-3.18280747969256,3.54236032219876,95
"1885",-2.86104470142777,3.54236032219876,95
"1886",-2.53928192316299,3.54236032219876,95
"1887",-2.2175191448982,3.54236032219876,95
"1888",-1.89575636663341,3.54236032219876,95
"1889",-1.57399358836863,3.54236032219876,95
"1890",-1.25223081010384,3.54236032219876,95
"1891",-0.930468031839051,-0.0438291469407557,95
"1892",-0.608705253574264,-0.402448093854707,95
"1893",-0.286942475309477,-0.402448093854707,95
"1894",0.0348203029553105,-0.761067040768658,95
"1895",0.356583081220097,-1.11968598768261,95
"1896",0.678345859484884,-1.11968598768261,95
"1897",1.00010863774967,-1.11968598768261,95
"1898",1.32187141601446,-1.11968598768261,95
"1899",1.64363419427925,-1.11968598768261,95
"1900",1.96539697254403,-1.11968598768261,95
"1901",-4.14809581448692,3.54236032219876,96
"1902",-3.82633303622214,3.54236032219876,96
"1903",-3.50457025795735,3.54236032219876,96
"1904",-3.18280747969256,3.54236032219876,96
"1905",-2.86104470142777,3.54236032219876,96
"1906",-2.53928192316299,3.54236032219876,96
"1907",-2.2175191448982,3.54236032219876,96
"1908",-1.89575636663341,3.54236032219876,96
"1909",-1.57399358836863,3.54236032219876,96
"1910",-1.25223081010384,3.54236032219876,96
"1911",-0.930468031839051,0.673408746887146,96
"1912",-0.608705253574264,-0.0438291469407557,96
"1913",-0.286942475309477,-0.402448093854707,96
"1914",0.0348203029553105,-0.761067040768658,96
"1915",0.356583081220097,-0.761067040768658,96
"1916",0.678345859484884,-0.761067040768658,96
"1917",1.00010863774967,-0.761067040768658,96
"1918",1.32187141601446,-1.11968598768261,96
"1919",1.64363419427925,-1.11968598768261,96
"1920",1.96539697254403,-1.11968598768261,96
"1921",-4.14809581448692,3.54236032219876,97
"1922",-3.82633303622214,3.54236032219876,97
"1923",-3.50457025795735,3.54236032219876,97
"1924",-3.18280747969256,3.54236032219876,97
"1925",-2.86104470142777,3.54236032219876,97
"1926",-2.53928192316299,3.54236032219876,97
"1927",-2.2175191448982,3.54236032219876,97
"1928",-1.89575636663341,3.54236032219876,97
"1929",-1.57399358836863,3.54236032219876,97
"1930",-1.25223081010384,3.54236032219876,97
"1931",-0.930468031839051,-0.0438291469407557,97
"1932",-0.608705253574264,-0.402448093854707,97
"1933",-0.286942475309477,-0.761067040768658,97
"1934",0.0348203029553105,-1.11968598768261,97
"1935",0.356583081220097,-1.47830493459656,97
"1936",0.678345859484884,-1.47830493459656,97
"1937",1.00010863774967,-1.47830493459656,97
"1938",1.32187141601446,-1.47830493459656,97
"1939",1.64363419427925,-1.47830493459656,97
"1940",1.96539697254403,-1.47830493459656,97
"1941",-4.14809581448692,3.54236032219876,98
"1942",-3.82633303622214,3.54236032219876,98
"1943",-3.50457025795735,3.54236032219876,98
"1944",-3.18280747969256,3.54236032219876,98
"1945",-2.86104470142777,3.54236032219876,98
"1946",-2.53928192316299,3.54236032219876,98
"1947",-2.2175191448982,3.54236032219876,98
"1948",-1.89575636663341,3.54236032219876,98
"1949",-1.57399358836863,3.54236032219876,98
"1950",-1.25223081010384,3.54236032219876,98
"1951",-0.930468031839051,-0.0438291469407557,98
"1952",-0.608705253574264,-0.761067040768658,98
"1953",-0.286942475309477,-1.11968598768261,98
"1954",0.0348203029553105,-1.11968598768261,98
"1955",0.356583081220097,-1.47830493459656,98
"1956",0.678345859484884,-1.47830493459656,98
"1957",1.00010863774967,-1.47830493459656,98
"1958",1.32187141601446,-1.47830493459656,98
"1959",1.64363419427925,-1.47830493459656,98
"1960",1.96539697254403,-1.47830493459656,98
"1961",-4.14809581448692,3.54236032219876,99
"1962",-3.82633303622214,3.54236032219876,99
"1963",-3.50457025795735,3.54236032219876,99
"1964",-3.18280747969256,3.54236032219876,99
"1965",-2.86104470142777,3.54236032219876,99
"1966",-2.53928192316299,3.54236032219876,99
"1967",-2.2175191448982,3.54236032219876,99
"1968",-1.89575636663341,3.54236032219876,99
"1969",-1.57399358836863,3.54236032219876,99
"1970",-1.25223081010384,3.54236032219876,99
"1971",-0.930468031839051,0.314789799973195,99
"1972",-0.608705253574264,-0.0438291469407557,99
"1973",-0.286942475309477,-0.402448093854707,99
"1974",0.0348203029553105,-0.761067040768658,99
"1975",0.356583081220097,-0.761067040768658,99
"1976",0.678345859484884,-1.11968598768261,99
"1977",1.00010863774967,-1.11968598768261,99
"1978",1.32187141601446,-1.11968598768261,99
"1979",1.64363419427925,-1.11968598768261,99
"1980",1.96539697254403,-1.11968598768261,99
"1981",-4.14809581448692,3.54236032219876,100
"1982",-3.82633303622214,3.54236032219876,100
"1983",-3.50457025795735,3.54236032219876,100
"1984",-3.18280747969256,3.54236032219876,100
"1985",-2.86104470142777,3.54236032219876,100
"1986",-2.53928192316299,3.54236032219876,100
"1987",-2.2175191448982,3.54236032219876,100
"1988",-1.89575636663341,3.54236032219876,100
"1989",-1.57399358836863,3.54236032219876,100
"1990",-1.25223081010384,3.54236032219876,100
"1991",-0.930468031839051,-0.0438291469407557,100
"1992",-0.608705253574264,-0.402448093854707,100
"1993",-0.286942475309477,-0.402448093854707,100
"1994",0.0348203029553105,-0.761067040768658,100
"1995",0.356583081220097,-0.761067040768658,100
"1996",0.678345859484884,-1.11968598768261,100
"1997",1.00010863774967,-1.11968598768261,100
"1998",1.32187141601446,-1.11968598768261,100
"1999",1.64363419427925,-1.11968598768261,100
"2000",1.96539697254403,-1.11968598768261,100
