"","x","y","sample"
"1",-4.04119193955362,-0.131122366929416,1
"2",-3.67962803548771,-0.131122366929416,1
"3",-3.31806413142181,-0.131122366929416,1
"4",-2.9565002273559,-0.131122366929416,1
"5",-2.59493632329,-0.84540808121513,1
"6",-2.2333724192241,-0.84540808121513,1
"7",-1.87180851515819,-0.988265224072273,1
"8",-1.51024461109229,-0.988265224072273,1
"9",-1.14868070702638,-1.13112236692942,1
"10",-0.78711680296048,-1.84540808121513,1
"11",-0.425552898894576,-2.4168366526437,1
"12",-0.063988994828672,-2.55969379550084,1
"13",0.297574909237232,-2.55969379550084,1
"14",0.659138813303136,-2.55969379550084,1
"15",1.02070271736904,-2.55969379550084,1
"16",1.38226662143494,-2.55969379550084,1
"17",1.74383052550085,-2.55969379550084,1
"18",2.10539442956675,-2.55969379550084,1
"19",2.46695833363266,-2.55969379550084,1
"20",2.82852223769856,-2.55969379550084,1
"21",-4.04119193955362,-0.131122366929416,2
"22",-3.67962803548771,-0.131122366929416,2
"23",-3.31806413142181,-0.131122366929416,2
"24",-2.9565002273559,-0.131122366929416,2
"25",-2.59493632329,-0.416836652643702,2
"26",-2.2333724192241,-0.84540808121513,2
"27",-1.87180851515819,-0.988265224072273,2
"28",-1.51024461109229,-1.13112236692942,2
"29",-1.14868070702638,-1.27397950978656,2
"30",-0.78711680296048,-2.27397950978656,2
"31",-0.425552898894576,-2.98826522407227,2
"32",-0.063988994828672,-2.98826522407227,2
"33",0.297574909237232,-2.98826522407227,2
"34",0.659138813303136,-2.98826522407227,2
"35",1.02070271736904,-2.98826522407227,2
"36",1.38226662143494,-2.98826522407227,2
"37",1.74383052550085,-2.98826522407227,2
"38",2.10539442956675,-2.98826522407227,2
"39",2.46695833363266,-2.98826522407227,2
"40",2.82852223769856,-2.98826522407227,2
"41",-4.04119193955362,-0.131122366929416,3
"42",-3.67962803548771,-0.131122366929416,3
"43",-3.31806413142181,-0.131122366929416,3
"44",-2.9565002273559,-0.416836652643702,3
"45",-2.59493632329,-0.702550938357987,3
"46",-2.2333724192241,-0.84540808121513,3
"47",-1.87180851515819,-0.988265224072273,3
"48",-1.51024461109229,-1.13112236692942,3
"49",-1.14868070702638,-1.27397950978656,3
"50",-0.78711680296048,-2.4168366526437,3
"51",-0.425552898894576,-2.98826522407227,3
"52",-0.063988994828672,-2.98826522407227,3
"53",0.297574909237232,-2.98826522407227,3
"54",0.659138813303136,-2.98826522407227,3
"55",1.02070271736904,-2.98826522407227,3
"56",1.38226662143494,-2.98826522407227,3
"57",1.74383052550085,-2.98826522407227,3
"58",2.10539442956675,-2.98826522407227,3
"59",2.46695833363266,-2.98826522407227,3
"60",2.82852223769856,-2.98826522407227,3
"61",-4.04119193955362,-0.702550938357987,4
"62",-3.67962803548771,-0.702550938357987,4
"63",-3.31806413142181,-0.702550938357987,4
"64",-2.9565002273559,-0.84540808121513,4
"65",-2.59493632329,-0.84540808121513,4
"66",-2.2333724192241,-0.84540808121513,4
"67",-1.87180851515819,-0.988265224072273,4
"68",-1.51024461109229,-0.988265224072273,4
"69",-1.14868070702638,-1.13112236692942,4
"70",-0.78711680296048,-2.55969379550084,4
"71",-0.425552898894576,-2.98826522407227,4
"72",-0.063988994828672,-2.98826522407227,4
"73",0.297574909237232,-2.98826522407227,4
"74",0.659138813303136,-2.98826522407227,4
"75",1.02070271736904,-2.98826522407227,4
"76",1.38226662143494,-2.98826522407227,4
"77",1.74383052550085,-2.98826522407227,4
"78",2.10539442956675,-2.98826522407227,4
"79",2.46695833363266,-2.98826522407227,4
"80",2.82852223769856,-2.98826522407227,4
"81",-4.04119193955362,-0.131122366929416,5
"82",-3.67962803548771,-0.131122366929416,5
"83",-3.31806413142181,-0.131122366929416,5
"84",-2.9565002273559,-0.131122366929416,5
"85",-2.59493632329,-0.131122366929416,5
"86",-2.2333724192241,-0.559693795500845,5
"87",-1.87180851515819,-0.988265224072273,5
"88",-1.51024461109229,-1.13112236692942,5
"89",-1.14868070702638,-1.13112236692942,5
"90",-0.78711680296048,-1.13112236692942,5
"91",-0.425552898894576,-1.55969379550084,5
"92",-0.063988994828672,-2.13112236692942,5
"93",0.297574909237232,-2.4168366526437,5
"94",0.659138813303136,-2.55969379550084,5
"95",1.02070271736904,-2.55969379550084,5
"96",1.38226662143494,-2.55969379550084,5
"97",1.74383052550085,-2.55969379550084,5
"98",2.10539442956675,-2.55969379550084,5
"99",2.46695833363266,-2.55969379550084,5
"100",2.82852223769856,-2.55969379550084,5
"101",-4.04119193955362,-0.273979509786559,6
"102",-3.67962803548771,-0.559693795500845,6
"103",-3.31806413142181,-0.702550938357987,6
"104",-2.9565002273559,-0.702550938357987,6
"105",-2.59493632329,-0.84540808121513,6
"106",-2.2333724192241,-0.84540808121513,6
"107",-1.87180851515819,-0.988265224072273,6
"108",-1.51024461109229,-0.988265224072273,6
"109",-1.14868070702638,-0.988265224072273,6
"110",-0.78711680296048,-1.55969379550084,6
"111",-0.425552898894576,-2.27397950978656,6
"112",-0.063988994828672,-2.98826522407227,6
"113",0.297574909237232,-2.98826522407227,6
"114",0.659138813303136,-2.98826522407227,6
"115",1.02070271736904,-2.98826522407227,6
"116",1.38226662143494,-2.98826522407227,6
"117",1.74383052550085,-2.98826522407227,6
"118",2.10539442956675,-2.98826522407227,6
"119",2.46695833363266,-2.98826522407227,6
"120",2.82852223769856,-2.98826522407227,6
"121",-4.04119193955362,-0.416836652643702,7
"122",-3.67962803548771,-0.559693795500845,7
"123",-3.31806413142181,-0.702550938357987,7
"124",-2.9565002273559,-0.702550938357987,7
"125",-2.59493632329,-0.84540808121513,7
"126",-2.2333724192241,-0.84540808121513,7
"127",-1.87180851515819,-0.988265224072273,7
"128",-1.51024461109229,-0.988265224072273,7
"129",-1.14868070702638,-1.98826522407227,7
"130",-0.78711680296048,-2.98826522407227,7
"131",-0.425552898894576,-2.98826522407227,7
"132",-0.063988994828672,-2.98826522407227,7
"133",0.297574909237232,-2.98826522407227,7
"134",0.659138813303136,-2.98826522407227,7
"135",1.02070271736904,-2.98826522407227,7
"136",1.38226662143494,-2.98826522407227,7
"137",1.74383052550085,-2.98826522407227,7
"138",2.10539442956675,-2.98826522407227,7
"139",2.46695833363266,-2.98826522407227,7
"140",2.82852223769856,-2.98826522407227,7
"141",-4.04119193955362,-0.131122366929416,8
"142",-3.67962803548771,-0.131122366929416,8
"143",-3.31806413142181,-0.131122366929416,8
"144",-2.9565002273559,-0.131122366929416,8
"145",-2.59493632329,-0.131122366929416,8
"146",-2.2333724192241,-0.702550938357987,8
"147",-1.87180851515819,-1.13112236692942,8
"148",-1.51024461109229,-1.4168366526437,8
"149",-1.14868070702638,-1.55969379550084,8
"150",-0.78711680296048,-1.70255093835799,8
"151",-0.425552898894576,-2.13112236692942,8
"152",-0.063988994828672,-2.84540808121513,8
"153",0.297574909237232,-2.98826522407227,8
"154",0.659138813303136,-2.98826522407227,8
"155",1.02070271736904,-2.98826522407227,8
"156",1.38226662143494,-2.98826522407227,8
"157",1.74383052550085,-2.98826522407227,8
"158",2.10539442956675,-2.98826522407227,8
"159",2.46695833363266,-2.98826522407227,8
"160",2.82852223769856,-2.98826522407227,8
"161",-4.04119193955362,-0.84540808121513,9
"162",-3.67962803548771,-0.84540808121513,9
"163",-3.31806413142181,-0.84540808121513,9
"164",-2.9565002273559,-0.84540808121513,9
"165",-2.59493632329,-0.84540808121513,9
"166",-2.2333724192241,-0.84540808121513,9
"167",-1.87180851515819,-0.988265224072273,9
"168",-1.51024461109229,-0.988265224072273,9
"169",-1.14868070702638,-0.988265224072273,9
"170",-0.78711680296048,-1.55969379550084,9
"171",-0.425552898894576,-2.27397950978656,9
"172",-0.063988994828672,-2.70255093835799,9
"173",0.297574909237232,-2.98826522407227,9
"174",0.659138813303136,-2.98826522407227,9
"175",1.02070271736904,-2.98826522407227,9
"176",1.38226662143494,-2.98826522407227,9
"177",1.74383052550085,-2.98826522407227,9
"178",2.10539442956675,-2.98826522407227,9
"179",2.46695833363266,-2.98826522407227,9
"180",2.82852223769856,-2.98826522407227,9
"181",-4.04119193955362,-0.131122366929416,10
"182",-3.67962803548771,-0.131122366929416,10
"183",-3.31806413142181,-0.131122366929416,10
"184",-2.9565002273559,-0.131122366929416,10
"185",-2.59493632329,-0.131122366929416,10
"186",-2.2333724192241,-0.559693795500845,10
"187",-1.87180851515819,-1.13112236692942,10
"188",-1.51024461109229,-1.55969379550084,10
"189",-1.14868070702638,-1.98826522407227,10
"190",-0.78711680296048,-2.27397950978656,10
"191",-0.425552898894576,-2.55969379550084,10
"192",-0.063988994828672,-2.98826522407227,10
"193",0.297574909237232,-2.98826522407227,10
"194",0.659138813303136,-2.98826522407227,10
"195",1.02070271736904,-2.98826522407227,10
"196",1.38226662143494,-2.98826522407227,10
"197",1.74383052550085,-2.98826522407227,10
"198",2.10539442956675,-2.98826522407227,10
"199",2.46695833363266,-2.98826522407227,10
"200",2.82852223769856,-2.98826522407227,10
"201",-4.04119193955362,-0.84540808121513,11
"202",-3.67962803548771,-0.84540808121513,11
"203",-3.31806413142181,-0.84540808121513,11
"204",-2.9565002273559,-0.84540808121513,11
"205",-2.59493632329,-0.84540808121513,11
"206",-2.2333724192241,-0.84540808121513,11
"207",-1.87180851515819,-0.988265224072273,11
"208",-1.51024461109229,-2.98826522407227,11
"209",-1.14868070702638,-2.98826522407227,11
"210",-0.78711680296048,-2.98826522407227,11
"211",-0.425552898894576,-2.98826522407227,11
"212",-0.063988994828672,-2.98826522407227,11
"213",0.297574909237232,-2.98826522407227,11
"214",0.659138813303136,-2.98826522407227,11
"215",1.02070271736904,-2.98826522407227,11
"216",1.38226662143494,-2.98826522407227,11
"217",1.74383052550085,-2.98826522407227,11
"218",2.10539442956675,-2.98826522407227,11
"219",2.46695833363266,-2.98826522407227,11
"220",2.82852223769856,-2.98826522407227,11
"221",-4.04119193955362,-0.131122366929416,12
"222",-3.67962803548771,-0.131122366929416,12
"223",-3.31806413142181,-0.131122366929416,12
"224",-2.9565002273559,-0.131122366929416,12
"225",-2.59493632329,-0.416836652643702,12
"226",-2.2333724192241,-0.702550938357987,12
"227",-1.87180851515819,-0.988265224072273,12
"228",-1.51024461109229,-1.84540808121513,12
"229",-1.14868070702638,-2.98826522407227,12
"230",-0.78711680296048,-2.98826522407227,12
"231",-0.425552898894576,-2.98826522407227,12
"232",-0.063988994828672,-2.98826522407227,12
"233",0.297574909237232,-2.98826522407227,12
"234",0.659138813303136,-2.98826522407227,12
"235",1.02070271736904,-2.98826522407227,12
"236",1.38226662143494,-2.98826522407227,12
"237",1.74383052550085,-2.98826522407227,12
"238",2.10539442956675,-2.98826522407227,12
"239",2.46695833363266,-2.98826522407227,12
"240",2.82852223769856,-2.98826522407227,12
"241",-4.04119193955362,-0.131122366929416,13
"242",-3.67962803548771,-0.416836652643702,13
"243",-3.31806413142181,-0.559693795500845,13
"244",-2.9565002273559,-0.702550938357987,13
"245",-2.59493632329,-0.84540808121513,13
"246",-2.2333724192241,-0.84540808121513,13
"247",-1.87180851515819,-0.988265224072273,13
"248",-1.51024461109229,-0.988265224072273,13
"249",-1.14868070702638,-1.13112236692942,13
"250",-0.78711680296048,-1.55969379550084,13
"251",-0.425552898894576,-2.4168366526437,13
"252",-0.063988994828672,-2.98826522407227,13
"253",0.297574909237232,-2.98826522407227,13
"254",0.659138813303136,-2.98826522407227,13
"255",1.02070271736904,-2.98826522407227,13
"256",1.38226662143494,-2.98826522407227,13
"257",1.74383052550085,-2.98826522407227,13
"258",2.10539442956675,-2.98826522407227,13
"259",2.46695833363266,-2.98826522407227,13
"260",2.82852223769856,-2.98826522407227,13
"261",-4.04119193955362,-0.702550938357987,14
"262",-3.67962803548771,-0.702550938357987,14
"263",-3.31806413142181,-0.84540808121513,14
"264",-2.9565002273559,-0.84540808121513,14
"265",-2.59493632329,-0.84540808121513,14
"266",-2.2333724192241,-0.84540808121513,14
"267",-1.87180851515819,-0.988265224072273,14
"268",-1.51024461109229,-0.988265224072273,14
"269",-1.14868070702638,-1.13112236692942,14
"270",-0.78711680296048,-2.98826522407227,14
"271",-0.425552898894576,-2.98826522407227,14
"272",-0.063988994828672,-2.98826522407227,14
"273",0.297574909237232,-2.98826522407227,14
"274",0.659138813303136,-2.98826522407227,14
"275",1.02070271736904,-2.98826522407227,14
"276",1.38226662143494,-2.98826522407227,14
"277",1.74383052550085,-2.98826522407227,14
"278",2.10539442956675,-2.98826522407227,14
"279",2.46695833363266,-2.98826522407227,14
"280",2.82852223769856,-2.98826522407227,14
"281",-4.04119193955362,-0.131122366929416,15
"282",-3.67962803548771,-0.131122366929416,15
"283",-3.31806413142181,-0.131122366929416,15
"284",-2.9565002273559,-0.559693795500845,15
"285",-2.59493632329,-0.702550938357987,15
"286",-2.2333724192241,-0.84540808121513,15
"287",-1.87180851515819,-0.988265224072273,15
"288",-1.51024461109229,-0.988265224072273,15
"289",-1.14868070702638,-0.988265224072273,15
"290",-0.78711680296048,-1.13112236692942,15
"291",-0.425552898894576,-2.27397950978656,15
"292",-0.063988994828672,-2.84540808121513,15
"293",0.297574909237232,-2.98826522407227,15
"294",0.659138813303136,-2.98826522407227,15
"295",1.02070271736904,-2.98826522407227,15
"296",1.38226662143494,-2.98826522407227,15
"297",1.74383052550085,-2.98826522407227,15
"298",2.10539442956675,-2.98826522407227,15
"299",2.46695833363266,-2.98826522407227,15
"300",2.82852223769856,-2.98826522407227,15
"301",-4.04119193955362,-0.559693795500845,16
"302",-3.67962803548771,-0.702550938357987,16
"303",-3.31806413142181,-0.702550938357987,16
"304",-2.9565002273559,-0.84540808121513,16
"305",-2.59493632329,-0.84540808121513,16
"306",-2.2333724192241,-0.84540808121513,16
"307",-1.87180851515819,-0.988265224072273,16
"308",-1.51024461109229,-1.27397950978656,16
"309",-1.14868070702638,-2.27397950978656,16
"310",-0.78711680296048,-2.84540808121513,16
"311",-0.425552898894576,-2.98826522407227,16
"312",-0.063988994828672,-2.98826522407227,16
"313",0.297574909237232,-2.98826522407227,16
"314",0.659138813303136,-2.98826522407227,16
"315",1.02070271736904,-2.98826522407227,16
"316",1.38226662143494,-2.98826522407227,16
"317",1.74383052550085,-2.98826522407227,16
"318",2.10539442956675,-2.98826522407227,16
"319",2.46695833363266,-2.98826522407227,16
"320",2.82852223769856,-2.98826522407227,16
"321",-4.04119193955362,-0.131122366929416,17
"322",-3.67962803548771,-0.131122366929416,17
"323",-3.31806413142181,-0.131122366929416,17
"324",-2.9565002273559,-0.131122366929416,17
"325",-2.59493632329,-0.416836652643702,17
"326",-2.2333724192241,-0.84540808121513,17
"327",-1.87180851515819,-0.988265224072273,17
"328",-1.51024461109229,-0.988265224072273,17
"329",-1.14868070702638,-1.13112236692942,17
"330",-0.78711680296048,-1.27397950978656,17
"331",-0.425552898894576,-2.70255093835799,17
"332",-0.063988994828672,-2.98826522407227,17
"333",0.297574909237232,-2.98826522407227,17
"334",0.659138813303136,-2.98826522407227,17
"335",1.02070271736904,-2.98826522407227,17
"336",1.38226662143494,-2.98826522407227,17
"337",1.74383052550085,-2.98826522407227,17
"338",2.10539442956675,-2.98826522407227,17
"339",2.46695833363266,-2.98826522407227,17
"340",2.82852223769856,-2.98826522407227,17
"341",-4.04119193955362,-0.84540808121513,18
"342",-3.67962803548771,-0.84540808121513,18
"343",-3.31806413142181,-0.84540808121513,18
"344",-2.9565002273559,-0.84540808121513,18
"345",-2.59493632329,-0.84540808121513,18
"346",-2.2333724192241,-0.84540808121513,18
"347",-1.87180851515819,-0.988265224072273,18
"348",-1.51024461109229,-2.13112236692942,18
"349",-1.14868070702638,-2.98826522407227,18
"350",-0.78711680296048,-2.98826522407227,18
"351",-0.425552898894576,-2.98826522407227,18
"352",-0.063988994828672,-2.98826522407227,18
"353",0.297574909237232,-2.98826522407227,18
"354",0.659138813303136,-2.98826522407227,18
"355",1.02070271736904,-2.98826522407227,18
"356",1.38226662143494,-2.98826522407227,18
"357",1.74383052550085,-2.98826522407227,18
"358",2.10539442956675,-2.98826522407227,18
"359",2.46695833363266,-2.98826522407227,18
"360",2.82852223769856,-2.98826522407227,18
"361",-4.04119193955362,-0.131122366929416,19
"362",-3.67962803548771,-0.131122366929416,19
"363",-3.31806413142181,-0.273979509786559,19
"364",-2.9565002273559,-0.559693795500845,19
"365",-2.59493632329,-0.702550938357987,19
"366",-2.2333724192241,-0.84540808121513,19
"367",-1.87180851515819,-0.988265224072273,19
"368",-1.51024461109229,-1.4168366526437,19
"369",-1.14868070702638,-2.27397950978656,19
"370",-0.78711680296048,-2.55969379550084,19
"371",-0.425552898894576,-2.84540808121513,19
"372",-0.063988994828672,-2.98826522407227,19
"373",0.297574909237232,-2.98826522407227,19
"374",0.659138813303136,-2.98826522407227,19
"375",1.02070271736904,-2.98826522407227,19
"376",1.38226662143494,-2.98826522407227,19
"377",1.74383052550085,-2.98826522407227,19
"378",2.10539442956675,-2.98826522407227,19
"379",2.46695833363266,-2.98826522407227,19
"380",2.82852223769856,-2.98826522407227,19
"381",-4.04119193955362,-0.559693795500845,20
"382",-3.67962803548771,-0.559693795500845,20
"383",-3.31806413142181,-0.702550938357987,20
"384",-2.9565002273559,-0.702550938357987,20
"385",-2.59493632329,-0.84540808121513,20
"386",-2.2333724192241,-0.84540808121513,20
"387",-1.87180851515819,-0.988265224072273,20
"388",-1.51024461109229,-0.988265224072273,20
"389",-1.14868070702638,-1.13112236692942,20
"390",-0.78711680296048,-1.84540808121513,20
"391",-0.425552898894576,-2.70255093835799,20
"392",-0.063988994828672,-2.98826522407227,20
"393",0.297574909237232,-2.98826522407227,20
"394",0.659138813303136,-2.98826522407227,20
"395",1.02070271736904,-2.98826522407227,20
"396",1.38226662143494,-2.98826522407227,20
"397",1.74383052550085,-2.98826522407227,20
"398",2.10539442956675,-2.98826522407227,20
"399",2.46695833363266,-2.98826522407227,20
"400",2.82852223769856,-2.98826522407227,20
"401",-4.04119193955362,-0.131122366929416,21
"402",-3.67962803548771,-0.131122366929416,21
"403",-3.31806413142181,-0.273979509786559,21
"404",-2.9565002273559,-0.559693795500845,21
"405",-2.59493632329,-0.702550938357987,21
"406",-2.2333724192241,-0.84540808121513,21
"407",-1.87180851515819,-0.988265224072273,21
"408",-1.51024461109229,-0.988265224072273,21
"409",-1.14868070702638,-1.13112236692942,21
"410",-0.78711680296048,-1.98826522407227,21
"411",-0.425552898894576,-2.98826522407227,21
"412",-0.063988994828672,-2.98826522407227,21
"413",0.297574909237232,-2.98826522407227,21
"414",0.659138813303136,-2.98826522407227,21
"415",1.02070271736904,-2.98826522407227,21
"416",1.38226662143494,-2.98826522407227,21
"417",1.74383052550085,-2.98826522407227,21
"418",2.10539442956675,-2.98826522407227,21
"419",2.46695833363266,-2.98826522407227,21
"420",2.82852223769856,-2.98826522407227,21
"421",-4.04119193955362,-0.559693795500845,22
"422",-3.67962803548771,-0.702550938357987,22
"423",-3.31806413142181,-0.702550938357987,22
"424",-2.9565002273559,-0.84540808121513,22
"425",-2.59493632329,-0.84540808121513,22
"426",-2.2333724192241,-0.84540808121513,22
"427",-1.87180851515819,-0.988265224072273,22
"428",-1.51024461109229,-0.988265224072273,22
"429",-1.14868070702638,-0.988265224072273,22
"430",-0.78711680296048,-1.70255093835799,22
"431",-0.425552898894576,-2.70255093835799,22
"432",-0.063988994828672,-2.98826522407227,22
"433",0.297574909237232,-2.98826522407227,22
"434",0.659138813303136,-2.98826522407227,22
"435",1.02070271736904,-2.98826522407227,22
"436",1.38226662143494,-2.98826522407227,22
"437",1.74383052550085,-2.98826522407227,22
"438",2.10539442956675,-2.98826522407227,22
"439",2.46695833363266,-2.98826522407227,22
"440",2.82852223769856,-2.98826522407227,22
"441",-4.04119193955362,-0.131122366929416,23
"442",-3.67962803548771,-0.131122366929416,23
"443",-3.31806413142181,-0.131122366929416,23
"444",-2.9565002273559,-0.131122366929416,23
"445",-2.59493632329,-0.131122366929416,23
"446",-2.2333724192241,-0.702550938357987,23
"447",-1.87180851515819,-0.988265224072273,23
"448",-1.51024461109229,-1.13112236692942,23
"449",-1.14868070702638,-1.27397950978656,23
"450",-0.78711680296048,-2.27397950978656,23
"451",-0.425552898894576,-2.98826522407227,23
"452",-0.063988994828672,-2.98826522407227,23
"453",0.297574909237232,-2.98826522407227,23
"454",0.659138813303136,-2.98826522407227,23
"455",1.02070271736904,-2.98826522407227,23
"456",1.38226662143494,-2.98826522407227,23
"457",1.74383052550085,-2.98826522407227,23
"458",2.10539442956675,-2.98826522407227,23
"459",2.46695833363266,-2.98826522407227,23
"460",2.82852223769856,-2.98826522407227,23
"461",-4.04119193955362,-0.131122366929416,24
"462",-3.67962803548771,-0.131122366929416,24
"463",-3.31806413142181,-0.131122366929416,24
"464",-2.9565002273559,-0.131122366929416,24
"465",-2.59493632329,-0.131122366929416,24
"466",-2.2333724192241,-0.702550938357987,24
"467",-1.87180851515819,-0.988265224072273,24
"468",-1.51024461109229,-1.27397950978656,24
"469",-1.14868070702638,-1.4168366526437,24
"470",-0.78711680296048,-1.70255093835799,24
"471",-0.425552898894576,-2.84540808121513,24
"472",-0.063988994828672,-2.98826522407227,24
"473",0.297574909237232,-2.98826522407227,24
"474",0.659138813303136,-2.98826522407227,24
"475",1.02070271736904,-2.98826522407227,24
"476",1.38226662143494,-2.98826522407227,24
"477",1.74383052550085,-2.98826522407227,24
"478",2.10539442956675,-2.98826522407227,24
"479",2.46695833363266,-2.98826522407227,24
"480",2.82852223769856,-2.98826522407227,24
"481",-4.04119193955362,-0.131122366929416,25
"482",-3.67962803548771,-0.131122366929416,25
"483",-3.31806413142181,-0.131122366929416,25
"484",-2.9565002273559,-0.131122366929416,25
"485",-2.59493632329,-0.559693795500845,25
"486",-2.2333724192241,-0.84540808121513,25
"487",-1.87180851515819,-0.988265224072273,25
"488",-1.51024461109229,-0.988265224072273,25
"489",-1.14868070702638,-1.27397950978656,25
"490",-0.78711680296048,-2.4168366526437,25
"491",-0.425552898894576,-2.98826522407227,25
"492",-0.063988994828672,-2.98826522407227,25
"493",0.297574909237232,-2.98826522407227,25
"494",0.659138813303136,-2.98826522407227,25
"495",1.02070271736904,-2.98826522407227,25
"496",1.38226662143494,-2.98826522407227,25
"497",1.74383052550085,-2.98826522407227,25
"498",2.10539442956675,-2.98826522407227,25
"499",2.46695833363266,-2.98826522407227,25
"500",2.82852223769856,-2.98826522407227,25
"501",-4.04119193955362,-0.416836652643702,26
"502",-3.67962803548771,-0.559693795500845,26
"503",-3.31806413142181,-0.702550938357987,26
"504",-2.9565002273559,-0.702550938357987,26
"505",-2.59493632329,-0.84540808121513,26
"506",-2.2333724192241,-0.84540808121513,26
"507",-1.87180851515819,-0.988265224072273,26
"508",-1.51024461109229,-0.988265224072273,26
"509",-1.14868070702638,-1.13112236692942,26
"510",-0.78711680296048,-1.98826522407227,26
"511",-0.425552898894576,-2.84540808121513,26
"512",-0.063988994828672,-2.98826522407227,26
"513",0.297574909237232,-2.98826522407227,26
"514",0.659138813303136,-2.98826522407227,26
"515",1.02070271736904,-2.98826522407227,26
"516",1.38226662143494,-2.98826522407227,26
"517",1.74383052550085,-2.98826522407227,26
"518",2.10539442956675,-2.98826522407227,26
"519",2.46695833363266,-2.98826522407227,26
"520",2.82852223769856,-2.98826522407227,26
"521",-4.04119193955362,-0.131122366929416,27
"522",-3.67962803548771,-0.131122366929416,27
"523",-3.31806413142181,-0.131122366929416,27
"524",-2.9565002273559,-0.131122366929416,27
"525",-2.59493632329,-0.131122366929416,27
"526",-2.2333724192241,-0.559693795500845,27
"527",-1.87180851515819,-1.13112236692942,27
"528",-1.51024461109229,-1.27397950978656,27
"529",-1.14868070702638,-1.70255093835799,27
"530",-0.78711680296048,-2.84540808121513,27
"531",-0.425552898894576,-2.98826522407227,27
"532",-0.063988994828672,-2.98826522407227,27
"533",0.297574909237232,-2.98826522407227,27
"534",0.659138813303136,-2.98826522407227,27
"535",1.02070271736904,-2.98826522407227,27
"536",1.38226662143494,-2.98826522407227,27
"537",1.74383052550085,-2.98826522407227,27
"538",2.10539442956675,-2.98826522407227,27
"539",2.46695833363266,-2.98826522407227,27
"540",2.82852223769856,-2.98826522407227,27
"541",-4.04119193955362,-0.131122366929416,28
"542",-3.67962803548771,-0.131122366929416,28
"543",-3.31806413142181,-0.131122366929416,28
"544",-2.9565002273559,-0.131122366929416,28
"545",-2.59493632329,-0.416836652643702,28
"546",-2.2333724192241,-0.84540808121513,28
"547",-1.87180851515819,-0.988265224072273,28
"548",-1.51024461109229,-1.13112236692942,28
"549",-1.14868070702638,-1.27397950978656,28
"550",-0.78711680296048,-1.84540808121513,28
"551",-0.425552898894576,-2.98826522407227,28
"552",-0.063988994828672,-2.98826522407227,28
"553",0.297574909237232,-2.98826522407227,28
"554",0.659138813303136,-2.98826522407227,28
"555",1.02070271736904,-2.98826522407227,28
"556",1.38226662143494,-2.98826522407227,28
"557",1.74383052550085,-2.98826522407227,28
"558",2.10539442956675,-2.98826522407227,28
"559",2.46695833363266,-2.98826522407227,28
"560",2.82852223769856,-2.98826522407227,28
"561",-4.04119193955362,-0.559693795500845,29
"562",-3.67962803548771,-0.702550938357987,29
"563",-3.31806413142181,-0.702550938357987,29
"564",-2.9565002273559,-0.84540808121513,29
"565",-2.59493632329,-0.84540808121513,29
"566",-2.2333724192241,-0.84540808121513,29
"567",-1.87180851515819,-0.988265224072273,29
"568",-1.51024461109229,-0.988265224072273,29
"569",-1.14868070702638,-0.988265224072273,29
"570",-0.78711680296048,-1.4168366526437,29
"571",-0.425552898894576,-2.55969379550084,29
"572",-0.063988994828672,-2.84540808121513,29
"573",0.297574909237232,-2.84540808121513,29
"574",0.659138813303136,-2.84540808121513,29
"575",1.02070271736904,-2.84540808121513,29
"576",1.38226662143494,-2.84540808121513,29
"577",1.74383052550085,-2.84540808121513,29
"578",2.10539442956675,-2.84540808121513,29
"579",2.46695833363266,-2.84540808121513,29
"580",2.82852223769856,-2.84540808121513,29
"581",-4.04119193955362,-0.131122366929416,30
"582",-3.67962803548771,-0.131122366929416,30
"583",-3.31806413142181,-0.131122366929416,30
"584",-2.9565002273559,-0.131122366929416,30
"585",-2.59493632329,-0.131122366929416,30
"586",-2.2333724192241,-0.131122366929416,30
"587",-1.87180851515819,-1.4168366526437,30
"588",-1.51024461109229,-1.4168366526437,30
"589",-1.14868070702638,-1.55969379550084,30
"590",-0.78711680296048,-1.55969379550084,30
"591",-0.425552898894576,-2.70255093835799,30
"592",-0.063988994828672,-2.98826522407227,30
"593",0.297574909237232,-2.98826522407227,30
"594",0.659138813303136,-2.98826522407227,30
"595",1.02070271736904,-2.98826522407227,30
"596",1.38226662143494,-2.98826522407227,30
"597",1.74383052550085,-2.98826522407227,30
"598",2.10539442956675,-2.98826522407227,30
"599",2.46695833363266,-2.98826522407227,30
"600",2.82852223769856,-2.98826522407227,30
"601",-4.04119193955362,-0.559693795500845,31
"602",-3.67962803548771,-0.702550938357987,31
"603",-3.31806413142181,-0.702550938357987,31
"604",-2.9565002273559,-0.84540808121513,31
"605",-2.59493632329,-0.84540808121513,31
"606",-2.2333724192241,-0.84540808121513,31
"607",-1.87180851515819,-0.988265224072273,31
"608",-1.51024461109229,-0.988265224072273,31
"609",-1.14868070702638,-0.988265224072273,31
"610",-0.78711680296048,-1.13112236692942,31
"611",-0.425552898894576,-1.84540808121513,31
"612",-0.063988994828672,-2.4168366526437,31
"613",0.297574909237232,-2.70255093835799,31
"614",0.659138813303136,-2.84540808121513,31
"615",1.02070271736904,-2.84540808121513,31
"616",1.38226662143494,-2.84540808121513,31
"617",1.74383052550085,-2.84540808121513,31
"618",2.10539442956675,-2.84540808121513,31
"619",2.46695833363266,-2.84540808121513,31
"620",2.82852223769856,-2.84540808121513,31
"621",-4.04119193955362,-0.131122366929416,32
"622",-3.67962803548771,-0.131122366929416,32
"623",-3.31806413142181,-0.131122366929416,32
"624",-2.9565002273559,-0.131122366929416,32
"625",-2.59493632329,-0.131122366929416,32
"626",-2.2333724192241,-0.131122366929416,32
"627",-1.87180851515819,-1.98826522407227,32
"628",-1.51024461109229,-2.13112236692942,32
"629",-1.14868070702638,-2.13112236692942,32
"630",-0.78711680296048,-2.13112236692942,32
"631",-0.425552898894576,-2.27397950978656,32
"632",-0.063988994828672,-2.55969379550084,32
"633",0.297574909237232,-2.84540808121513,32
"634",0.659138813303136,-2.84540808121513,32
"635",1.02070271736904,-2.84540808121513,32
"636",1.38226662143494,-2.84540808121513,32
"637",1.74383052550085,-2.84540808121513,32
"638",2.10539442956675,-2.84540808121513,32
"639",2.46695833363266,-2.84540808121513,32
"640",2.82852223769856,-2.84540808121513,32
"641",-4.04119193955362,-0.131122366929416,33
"642",-3.67962803548771,-0.131122366929416,33
"643",-3.31806413142181,-0.131122366929416,33
"644",-2.9565002273559,-0.131122366929416,33
"645",-2.59493632329,-0.131122366929416,33
"646",-2.2333724192241,-0.559693795500845,33
"647",-1.87180851515819,-1.13112236692942,33
"648",-1.51024461109229,-2.98826522407227,33
"649",-1.14868070702638,-2.98826522407227,33
"650",-0.78711680296048,-2.98826522407227,33
"651",-0.425552898894576,-2.98826522407227,33
"652",-0.063988994828672,-2.98826522407227,33
"653",0.297574909237232,-2.98826522407227,33
"654",0.659138813303136,-2.98826522407227,33
"655",1.02070271736904,-2.98826522407227,33
"656",1.38226662143494,-2.98826522407227,33
"657",1.74383052550085,-2.98826522407227,33
"658",2.10539442956675,-2.98826522407227,33
"659",2.46695833363266,-2.98826522407227,33
"660",2.82852223769856,-2.98826522407227,33
"661",-4.04119193955362,-0.131122366929416,34
"662",-3.67962803548771,-0.131122366929416,34
"663",-3.31806413142181,-0.131122366929416,34
"664",-2.9565002273559,-0.131122366929416,34
"665",-2.59493632329,-0.131122366929416,34
"666",-2.2333724192241,-0.702550938357987,34
"667",-1.87180851515819,-1.13112236692942,34
"668",-1.51024461109229,-1.4168366526437,34
"669",-1.14868070702638,-1.55969379550084,34
"670",-0.78711680296048,-2.13112236692942,34
"671",-0.425552898894576,-2.98826522407227,34
"672",-0.063988994828672,-2.98826522407227,34
"673",0.297574909237232,-2.98826522407227,34
"674",0.659138813303136,-2.98826522407227,34
"675",1.02070271736904,-2.98826522407227,34
"676",1.38226662143494,-2.98826522407227,34
"677",1.74383052550085,-2.98826522407227,34
"678",2.10539442956675,-2.98826522407227,34
"679",2.46695833363266,-2.98826522407227,34
"680",2.82852223769856,-2.98826522407227,34
"681",-4.04119193955362,-0.131122366929416,35
"682",-3.67962803548771,-0.131122366929416,35
"683",-3.31806413142181,-0.131122366929416,35
"684",-2.9565002273559,-0.131122366929416,35
"685",-2.59493632329,-0.131122366929416,35
"686",-2.2333724192241,-0.131122366929416,35
"687",-1.87180851515819,-1.13112236692942,35
"688",-1.51024461109229,-1.27397950978656,35
"689",-1.14868070702638,-1.27397950978656,35
"690",-0.78711680296048,-2.55969379550084,35
"691",-0.425552898894576,-2.98826522407227,35
"692",-0.063988994828672,-2.98826522407227,35
"693",0.297574909237232,-2.98826522407227,35
"694",0.659138813303136,-2.98826522407227,35
"695",1.02070271736904,-2.98826522407227,35
"696",1.38226662143494,-2.98826522407227,35
"697",1.74383052550085,-2.98826522407227,35
"698",2.10539442956675,-2.98826522407227,35
"699",2.46695833363266,-2.98826522407227,35
"700",2.82852223769856,-2.98826522407227,35
"701",-4.04119193955362,-0.131122366929416,36
"702",-3.67962803548771,-0.131122366929416,36
"703",-3.31806413142181,-0.131122366929416,36
"704",-2.9565002273559,-0.131122366929416,36
"705",-2.59493632329,-0.131122366929416,36
"706",-2.2333724192241,-0.131122366929416,36
"707",-1.87180851515819,-2.13112236692942,36
"708",-1.51024461109229,-2.98826522407227,36
"709",-1.14868070702638,-2.98826522407227,36
"710",-0.78711680296048,-2.98826522407227,36
"711",-0.425552898894576,-2.98826522407227,36
"712",-0.063988994828672,-2.98826522407227,36
"713",0.297574909237232,-2.98826522407227,36
"714",0.659138813303136,-2.98826522407227,36
"715",1.02070271736904,-2.98826522407227,36
"716",1.38226662143494,-2.98826522407227,36
"717",1.74383052550085,-2.98826522407227,36
"718",2.10539442956675,-2.98826522407227,36
"719",2.46695833363266,-2.98826522407227,36
"720",2.82852223769856,-2.98826522407227,36
"721",-4.04119193955362,-0.131122366929416,37
"722",-3.67962803548771,-0.131122366929416,37
"723",-3.31806413142181,-0.131122366929416,37
"724",-2.9565002273559,-0.131122366929416,37
"725",-2.59493632329,-0.559693795500845,37
"726",-2.2333724192241,-0.84540808121513,37
"727",-1.87180851515819,-0.988265224072273,37
"728",-1.51024461109229,-1.13112236692942,37
"729",-1.14868070702638,-1.27397950978656,37
"730",-0.78711680296048,-2.55969379550084,37
"731",-0.425552898894576,-2.98826522407227,37
"732",-0.063988994828672,-2.98826522407227,37
"733",0.297574909237232,-2.98826522407227,37
"734",0.659138813303136,-2.98826522407227,37
"735",1.02070271736904,-2.98826522407227,37
"736",1.38226662143494,-2.98826522407227,37
"737",1.74383052550085,-2.98826522407227,37
"738",2.10539442956675,-2.98826522407227,37
"739",2.46695833363266,-2.98826522407227,37
"740",2.82852223769856,-2.98826522407227,37
"741",-4.04119193955362,-0.131122366929416,38
"742",-3.67962803548771,-0.131122366929416,38
"743",-3.31806413142181,-0.131122366929416,38
"744",-2.9565002273559,-0.131122366929416,38
"745",-2.59493632329,-0.131122366929416,38
"746",-2.2333724192241,-0.702550938357987,38
"747",-1.87180851515819,-0.988265224072273,38
"748",-1.51024461109229,-0.988265224072273,38
"749",-1.14868070702638,-0.988265224072273,38
"750",-0.78711680296048,-1.84540808121513,38
"751",-0.425552898894576,-2.98826522407227,38
"752",-0.063988994828672,-2.98826522407227,38
"753",0.297574909237232,-2.98826522407227,38
"754",0.659138813303136,-2.98826522407227,38
"755",1.02070271736904,-2.98826522407227,38
"756",1.38226662143494,-2.98826522407227,38
"757",1.74383052550085,-2.98826522407227,38
"758",2.10539442956675,-2.98826522407227,38
"759",2.46695833363266,-2.98826522407227,38
"760",2.82852223769856,-2.98826522407227,38
"761",-4.04119193955362,-0.84540808121513,39
"762",-3.67962803548771,-0.84540808121513,39
"763",-3.31806413142181,-0.84540808121513,39
"764",-2.9565002273559,-0.84540808121513,39
"765",-2.59493632329,-0.84540808121513,39
"766",-2.2333724192241,-0.84540808121513,39
"767",-1.87180851515819,-0.988265224072273,39
"768",-1.51024461109229,-0.988265224072273,39
"769",-1.14868070702638,-0.988265224072273,39
"770",-0.78711680296048,-2.4168366526437,39
"771",-0.425552898894576,-2.98826522407227,39
"772",-0.063988994828672,-2.98826522407227,39
"773",0.297574909237232,-2.98826522407227,39
"774",0.659138813303136,-2.98826522407227,39
"775",1.02070271736904,-2.98826522407227,39
"776",1.38226662143494,-2.98826522407227,39
"777",1.74383052550085,-2.98826522407227,39
"778",2.10539442956675,-2.98826522407227,39
"779",2.46695833363266,-2.98826522407227,39
"780",2.82852223769856,-2.98826522407227,39
"781",-4.04119193955362,-0.416836652643702,40
"782",-3.67962803548771,-0.559693795500845,40
"783",-3.31806413142181,-0.559693795500845,40
"784",-2.9565002273559,-0.702550938357987,40
"785",-2.59493632329,-0.84540808121513,40
"786",-2.2333724192241,-0.84540808121513,40
"787",-1.87180851515819,-0.988265224072273,40
"788",-1.51024461109229,-1.13112236692942,40
"789",-1.14868070702638,-2.84540808121513,40
"790",-0.78711680296048,-2.98826522407227,40
"791",-0.425552898894576,-2.98826522407227,40
"792",-0.063988994828672,-2.98826522407227,40
"793",0.297574909237232,-2.98826522407227,40
"794",0.659138813303136,-2.98826522407227,40
"795",1.02070271736904,-2.98826522407227,40
"796",1.38226662143494,-2.98826522407227,40
"797",1.74383052550085,-2.98826522407227,40
"798",2.10539442956675,-2.98826522407227,40
"799",2.46695833363266,-2.98826522407227,40
"800",2.82852223769856,-2.98826522407227,40
"801",-4.04119193955362,-0.131122366929416,41
"802",-3.67962803548771,-0.131122366929416,41
"803",-3.31806413142181,-0.131122366929416,41
"804",-2.9565002273559,-0.131122366929416,41
"805",-2.59493632329,-0.131122366929416,41
"806",-2.2333724192241,-0.559693795500845,41
"807",-1.87180851515819,-0.988265224072273,41
"808",-1.51024461109229,-1.27397950978656,41
"809",-1.14868070702638,-1.4168366526437,41
"810",-0.78711680296048,-1.70255093835799,41
"811",-0.425552898894576,-2.84540808121513,41
"812",-0.063988994828672,-2.98826522407227,41
"813",0.297574909237232,-2.98826522407227,41
"814",0.659138813303136,-2.98826522407227,41
"815",1.02070271736904,-2.98826522407227,41
"816",1.38226662143494,-2.98826522407227,41
"817",1.74383052550085,-2.98826522407227,41
"818",2.10539442956675,-2.98826522407227,41
"819",2.46695833363266,-2.98826522407227,41
"820",2.82852223769856,-2.98826522407227,41
"821",-4.04119193955362,-0.131122366929416,42
"822",-3.67962803548771,-0.131122366929416,42
"823",-3.31806413142181,-0.131122366929416,42
"824",-2.9565002273559,-0.131122366929416,42
"825",-2.59493632329,-0.131122366929416,42
"826",-2.2333724192241,-0.131122366929416,42
"827",-1.87180851515819,-2.98826522407227,42
"828",-1.51024461109229,-2.98826522407227,42
"829",-1.14868070702638,-2.98826522407227,42
"830",-0.78711680296048,-2.98826522407227,42
"831",-0.425552898894576,-2.98826522407227,42
"832",-0.063988994828672,-2.98826522407227,42
"833",0.297574909237232,-2.98826522407227,42
"834",0.659138813303136,-2.98826522407227,42
"835",1.02070271736904,-2.98826522407227,42
"836",1.38226662143494,-2.98826522407227,42
"837",1.74383052550085,-2.98826522407227,42
"838",2.10539442956675,-2.98826522407227,42
"839",2.46695833363266,-2.98826522407227,42
"840",2.82852223769856,-2.98826522407227,42
"841",-4.04119193955362,-0.131122366929416,43
"842",-3.67962803548771,-0.131122366929416,43
"843",-3.31806413142181,-0.131122366929416,43
"844",-2.9565002273559,-0.131122366929416,43
"845",-2.59493632329,-0.559693795500845,43
"846",-2.2333724192241,-0.84540808121513,43
"847",-1.87180851515819,-0.988265224072273,43
"848",-1.51024461109229,-1.13112236692942,43
"849",-1.14868070702638,-1.4168366526437,43
"850",-0.78711680296048,-1.70255093835799,43
"851",-0.425552898894576,-2.4168366526437,43
"852",-0.063988994828672,-2.70255093835799,43
"853",0.297574909237232,-2.84540808121513,43
"854",0.659138813303136,-2.84540808121513,43
"855",1.02070271736904,-2.84540808121513,43
"856",1.38226662143494,-2.84540808121513,43
"857",1.74383052550085,-2.84540808121513,43
"858",2.10539442956675,-2.84540808121513,43
"859",2.46695833363266,-2.84540808121513,43
"860",2.82852223769856,-2.84540808121513,43
"861",-4.04119193955362,-0.131122366929416,44
"862",-3.67962803548771,-0.416836652643702,44
"863",-3.31806413142181,-0.559693795500845,44
"864",-2.9565002273559,-0.702550938357987,44
"865",-2.59493632329,-0.84540808121513,44
"866",-2.2333724192241,-0.84540808121513,44
"867",-1.87180851515819,-0.988265224072273,44
"868",-1.51024461109229,-0.988265224072273,44
"869",-1.14868070702638,-0.988265224072273,44
"870",-0.78711680296048,-1.27397950978656,44
"871",-0.425552898894576,-2.13112236692942,44
"872",-0.063988994828672,-2.98826522407227,44
"873",0.297574909237232,-2.98826522407227,44
"874",0.659138813303136,-2.98826522407227,44
"875",1.02070271736904,-2.98826522407227,44
"876",1.38226662143494,-2.98826522407227,44
"877",1.74383052550085,-2.98826522407227,44
"878",2.10539442956675,-2.98826522407227,44
"879",2.46695833363266,-2.98826522407227,44
"880",2.82852223769856,-2.98826522407227,44
"881",-4.04119193955362,-0.131122366929416,45
"882",-3.67962803548771,-0.131122366929416,45
"883",-3.31806413142181,-0.131122366929416,45
"884",-2.9565002273559,-0.416836652643702,45
"885",-2.59493632329,-0.702550938357987,45
"886",-2.2333724192241,-0.84540808121513,45
"887",-1.87180851515819,-0.988265224072273,45
"888",-1.51024461109229,-1.13112236692942,45
"889",-1.14868070702638,-1.27397950978656,45
"890",-0.78711680296048,-2.27397950978656,45
"891",-0.425552898894576,-2.98826522407227,45
"892",-0.063988994828672,-2.98826522407227,45
"893",0.297574909237232,-2.98826522407227,45
"894",0.659138813303136,-2.98826522407227,45
"895",1.02070271736904,-2.98826522407227,45
"896",1.38226662143494,-2.98826522407227,45
"897",1.74383052550085,-2.98826522407227,45
"898",2.10539442956675,-2.98826522407227,45
"899",2.46695833363266,-2.98826522407227,45
"900",2.82852223769856,-2.98826522407227,45
"901",-4.04119193955362,-0.131122366929416,46
"902",-3.67962803548771,-0.131122366929416,46
"903",-3.31806413142181,-0.273979509786559,46
"904",-2.9565002273559,-0.559693795500845,46
"905",-2.59493632329,-0.702550938357987,46
"906",-2.2333724192241,-0.84540808121513,46
"907",-1.87180851515819,-0.988265224072273,46
"908",-1.51024461109229,-0.988265224072273,46
"909",-1.14868070702638,-1.13112236692942,46
"910",-0.78711680296048,-1.27397950978656,46
"911",-0.425552898894576,-2.4168366526437,46
"912",-0.063988994828672,-2.98826522407227,46
"913",0.297574909237232,-2.98826522407227,46
"914",0.659138813303136,-2.98826522407227,46
"915",1.02070271736904,-2.98826522407227,46
"916",1.38226662143494,-2.98826522407227,46
"917",1.74383052550085,-2.98826522407227,46
"918",2.10539442956675,-2.98826522407227,46
"919",2.46695833363266,-2.98826522407227,46
"920",2.82852223769856,-2.98826522407227,46
"921",-4.04119193955362,-0.559693795500845,47
"922",-3.67962803548771,-0.702550938357987,47
"923",-3.31806413142181,-0.702550938357987,47
"924",-2.9565002273559,-0.84540808121513,47
"925",-2.59493632329,-0.84540808121513,47
"926",-2.2333724192241,-0.84540808121513,47
"927",-1.87180851515819,-0.988265224072273,47
"928",-1.51024461109229,-0.988265224072273,47
"929",-1.14868070702638,-0.988265224072273,47
"930",-0.78711680296048,-1.4168366526437,47
"931",-0.425552898894576,-2.27397950978656,47
"932",-0.063988994828672,-2.70255093835799,47
"933",0.297574909237232,-2.84540808121513,47
"934",0.659138813303136,-2.84540808121513,47
"935",1.02070271736904,-2.84540808121513,47
"936",1.38226662143494,-2.84540808121513,47
"937",1.74383052550085,-2.84540808121513,47
"938",2.10539442956675,-2.84540808121513,47
"939",2.46695833363266,-2.84540808121513,47
"940",2.82852223769856,-2.84540808121513,47
"941",-4.04119193955362,-0.131122366929416,48
"942",-3.67962803548771,-0.131122366929416,48
"943",-3.31806413142181,-0.131122366929416,48
"944",-2.9565002273559,-0.131122366929416,48
"945",-2.59493632329,-0.131122366929416,48
"946",-2.2333724192241,-0.131122366929416,48
"947",-1.87180851515819,-1.13112236692942,48
"948",-1.51024461109229,-1.4168366526437,48
"949",-1.14868070702638,-1.4168366526437,48
"950",-0.78711680296048,-1.4168366526437,48
"951",-0.425552898894576,-1.84540808121513,48
"952",-0.063988994828672,-2.84540808121513,48
"953",0.297574909237232,-2.98826522407227,48
"954",0.659138813303136,-2.98826522407227,48
"955",1.02070271736904,-2.98826522407227,48
"956",1.38226662143494,-2.98826522407227,48
"957",1.74383052550085,-2.98826522407227,48
"958",2.10539442956675,-2.98826522407227,48
"959",2.46695833363266,-2.98826522407227,48
"960",2.82852223769856,-2.98826522407227,48
"961",-4.04119193955362,-0.131122366929416,49
"962",-3.67962803548771,-0.131122366929416,49
"963",-3.31806413142181,-0.131122366929416,49
"964",-2.9565002273559,-0.131122366929416,49
"965",-2.59493632329,-0.559693795500845,49
"966",-2.2333724192241,-0.84540808121513,49
"967",-1.87180851515819,-0.988265224072273,49
"968",-1.51024461109229,-1.27397950978656,49
"969",-1.14868070702638,-1.70255093835799,49
"970",-0.78711680296048,-2.84540808121513,49
"971",-0.425552898894576,-2.98826522407227,49
"972",-0.063988994828672,-2.98826522407227,49
"973",0.297574909237232,-2.98826522407227,49
"974",0.659138813303136,-2.98826522407227,49
"975",1.02070271736904,-2.98826522407227,49
"976",1.38226662143494,-2.98826522407227,49
"977",1.74383052550085,-2.98826522407227,49
"978",2.10539442956675,-2.98826522407227,49
"979",2.46695833363266,-2.98826522407227,49
"980",2.82852223769856,-2.98826522407227,49
"981",-4.04119193955362,-0.131122366929416,50
"982",-3.67962803548771,-0.131122366929416,50
"983",-3.31806413142181,-0.131122366929416,50
"984",-2.9565002273559,-0.131122366929416,50
"985",-2.59493632329,-0.131122366929416,50
"986",-2.2333724192241,-0.559693795500845,50
"987",-1.87180851515819,-1.13112236692942,50
"988",-1.51024461109229,-1.4168366526437,50
"989",-1.14868070702638,-1.84540808121513,50
"990",-0.78711680296048,-2.98826522407227,50
"991",-0.425552898894576,-2.98826522407227,50
"992",-0.063988994828672,-2.98826522407227,50
"993",0.297574909237232,-2.98826522407227,50
"994",0.659138813303136,-2.98826522407227,50
"995",1.02070271736904,-2.98826522407227,50
"996",1.38226662143494,-2.98826522407227,50
"997",1.74383052550085,-2.98826522407227,50
"998",2.10539442956675,-2.98826522407227,50
"999",2.46695833363266,-2.98826522407227,50
"1000",2.82852223769856,-2.98826522407227,50
"1001",-4.04119193955362,-0.84540808121513,51
"1002",-3.67962803548771,-0.84540808121513,51
"1003",-3.31806413142181,-0.84540808121513,51
"1004",-2.9565002273559,-0.84540808121513,51
"1005",-2.59493632329,-0.84540808121513,51
"1006",-2.2333724192241,-0.84540808121513,51
"1007",-1.87180851515819,-0.988265224072273,51
"1008",-1.51024461109229,-0.988265224072273,51
"1009",-1.14868070702638,-1.27397950978656,51
"1010",-0.78711680296048,-2.70255093835799,51
"1011",-0.425552898894576,-2.98826522407227,51
"1012",-0.063988994828672,-2.98826522407227,51
"1013",0.297574909237232,-2.98826522407227,51
"1014",0.659138813303136,-2.98826522407227,51
"1015",1.02070271736904,-2.98826522407227,51
"1016",1.38226662143494,-2.98826522407227,51
"1017",1.74383052550085,-2.98826522407227,51
"1018",2.10539442956675,-2.98826522407227,51
"1019",2.46695833363266,-2.98826522407227,51
"1020",2.82852223769856,-2.98826522407227,51
"1021",-4.04119193955362,-0.702550938357987,52
"1022",-3.67962803548771,-0.702550938357987,52
"1023",-3.31806413142181,-0.702550938357987,52
"1024",-2.9565002273559,-0.702550938357987,52
"1025",-2.59493632329,-0.702550938357987,52
"1026",-2.2333724192241,-0.84540808121513,52
"1027",-1.87180851515819,-1.13112236692942,52
"1028",-1.51024461109229,-1.13112236692942,52
"1029",-1.14868070702638,-1.27397950978656,52
"1030",-0.78711680296048,-1.98826522407227,52
"1031",-0.425552898894576,-2.55969379550084,52
"1032",-0.063988994828672,-2.84540808121513,52
"1033",0.297574909237232,-2.84540808121513,52
"1034",0.659138813303136,-2.84540808121513,52
"1035",1.02070271736904,-2.84540808121513,52
"1036",1.38226662143494,-2.84540808121513,52
"1037",1.74383052550085,-2.84540808121513,52
"1038",2.10539442956675,-2.84540808121513,52
"1039",2.46695833363266,-2.84540808121513,52
"1040",2.82852223769856,-2.84540808121513,52
"1041",-4.04119193955362,-0.131122366929416,53
"1042",-3.67962803548771,-0.273979509786559,53
"1043",-3.31806413142181,-0.559693795500845,53
"1044",-2.9565002273559,-0.702550938357987,53
"1045",-2.59493632329,-0.84540808121513,53
"1046",-2.2333724192241,-0.84540808121513,53
"1047",-1.87180851515819,-0.988265224072273,53
"1048",-1.51024461109229,-0.988265224072273,53
"1049",-1.14868070702638,-0.988265224072273,53
"1050",-0.78711680296048,-1.4168366526437,53
"1051",-0.425552898894576,-2.70255093835799,53
"1052",-0.063988994828672,-2.98826522407227,53
"1053",0.297574909237232,-2.98826522407227,53
"1054",0.659138813303136,-2.98826522407227,53
"1055",1.02070271736904,-2.98826522407227,53
"1056",1.38226662143494,-2.98826522407227,53
"1057",1.74383052550085,-2.98826522407227,53
"1058",2.10539442956675,-2.98826522407227,53
"1059",2.46695833363266,-2.98826522407227,53
"1060",2.82852223769856,-2.98826522407227,53
"1061",-4.04119193955362,-0.84540808121513,54
"1062",-3.67962803548771,-0.84540808121513,54
"1063",-3.31806413142181,-0.84540808121513,54
"1064",-2.9565002273559,-0.84540808121513,54
"1065",-2.59493632329,-0.84540808121513,54
"1066",-2.2333724192241,-0.84540808121513,54
"1067",-1.87180851515819,-0.988265224072273,54
"1068",-1.51024461109229,-0.988265224072273,54
"1069",-1.14868070702638,-0.988265224072273,54
"1070",-0.78711680296048,-0.988265224072273,54
"1071",-0.425552898894576,-2.13112236692942,54
"1072",-0.063988994828672,-2.98826522407227,54
"1073",0.297574909237232,-2.98826522407227,54
"1074",0.659138813303136,-2.98826522407227,54
"1075",1.02070271736904,-2.98826522407227,54
"1076",1.38226662143494,-2.98826522407227,54
"1077",1.74383052550085,-2.98826522407227,54
"1078",2.10539442956675,-2.98826522407227,54
"1079",2.46695833363266,-2.98826522407227,54
"1080",2.82852223769856,-2.98826522407227,54
"1081",-4.04119193955362,-0.131122366929416,55
"1082",-3.67962803548771,-0.131122366929416,55
"1083",-3.31806413142181,-0.131122366929416,55
"1084",-2.9565002273559,-0.131122366929416,55
"1085",-2.59493632329,-0.131122366929416,55
"1086",-2.2333724192241,-0.84540808121513,55
"1087",-1.87180851515819,-0.988265224072273,55
"1088",-1.51024461109229,-1.13112236692942,55
"1089",-1.14868070702638,-1.70255093835799,55
"1090",-0.78711680296048,-2.98826522407227,55
"1091",-0.425552898894576,-2.98826522407227,55
"1092",-0.063988994828672,-2.98826522407227,55
"1093",0.297574909237232,-2.98826522407227,55
"1094",0.659138813303136,-2.98826522407227,55
"1095",1.02070271736904,-2.98826522407227,55
"1096",1.38226662143494,-2.98826522407227,55
"1097",1.74383052550085,-2.98826522407227,55
"1098",2.10539442956675,-2.98826522407227,55
"1099",2.46695833363266,-2.98826522407227,55
"1100",2.82852223769856,-2.98826522407227,55
"1101",-4.04119193955362,-0.131122366929416,56
"1102",-3.67962803548771,-0.131122366929416,56
"1103",-3.31806413142181,-0.273979509786559,56
"1104",-2.9565002273559,-0.559693795500845,56
"1105",-2.59493632329,-0.702550938357987,56
"1106",-2.2333724192241,-0.84540808121513,56
"1107",-1.87180851515819,-0.988265224072273,56
"1108",-1.51024461109229,-0.988265224072273,56
"1109",-1.14868070702638,-1.13112236692942,56
"1110",-0.78711680296048,-1.55969379550084,56
"1111",-0.425552898894576,-2.70255093835799,56
"1112",-0.063988994828672,-2.98826522407227,56
"1113",0.297574909237232,-2.98826522407227,56
"1114",0.659138813303136,-2.98826522407227,56
"1115",1.02070271736904,-2.98826522407227,56
"1116",1.38226662143494,-2.98826522407227,56
"1117",1.74383052550085,-2.98826522407227,56
"1118",2.10539442956675,-2.98826522407227,56
"1119",2.46695833363266,-2.98826522407227,56
"1120",2.82852223769856,-2.98826522407227,56
"1121",-4.04119193955362,-0.131122366929416,57
"1122",-3.67962803548771,-0.131122366929416,57
"1123",-3.31806413142181,-0.131122366929416,57
"1124",-2.9565002273559,-0.273979509786559,57
"1125",-2.59493632329,-0.702550938357987,57
"1126",-2.2333724192241,-0.84540808121513,57
"1127",-1.87180851515819,-0.988265224072273,57
"1128",-1.51024461109229,-1.13112236692942,57
"1129",-1.14868070702638,-1.98826522407227,57
"1130",-0.78711680296048,-2.98826522407227,57
"1131",-0.425552898894576,-2.98826522407227,57
"1132",-0.063988994828672,-2.98826522407227,57
"1133",0.297574909237232,-2.98826522407227,57
"1134",0.659138813303136,-2.98826522407227,57
"1135",1.02070271736904,-2.98826522407227,57
"1136",1.38226662143494,-2.98826522407227,57
"1137",1.74383052550085,-2.98826522407227,57
"1138",2.10539442956675,-2.98826522407227,57
"1139",2.46695833363266,-2.98826522407227,57
"1140",2.82852223769856,-2.98826522407227,57
"1141",-4.04119193955362,-0.131122366929416,58
"1142",-3.67962803548771,-0.131122366929416,58
"1143",-3.31806413142181,-0.131122366929416,58
"1144",-2.9565002273559,-0.416836652643702,58
"1145",-2.59493632329,-0.559693795500845,58
"1146",-2.2333724192241,-0.84540808121513,58
"1147",-1.87180851515819,-0.988265224072273,58
"1148",-1.51024461109229,-1.13112236692942,58
"1149",-1.14868070702638,-1.27397950978656,58
"1150",-0.78711680296048,-2.27397950978656,58
"1151",-0.425552898894576,-2.98826522407227,58
"1152",-0.063988994828672,-2.98826522407227,58
"1153",0.297574909237232,-2.98826522407227,58
"1154",0.659138813303136,-2.98826522407227,58
"1155",1.02070271736904,-2.98826522407227,58
"1156",1.38226662143494,-2.98826522407227,58
"1157",1.74383052550085,-2.98826522407227,58
"1158",2.10539442956675,-2.98826522407227,58
"1159",2.46695833363266,-2.98826522407227,58
"1160",2.82852223769856,-2.98826522407227,58
"1161",-4.04119193955362,-0.131122366929416,59
"1162",-3.67962803548771,-0.131122366929416,59
"1163",-3.31806413142181,-0.131122366929416,59
"1164",-2.9565002273559,-0.131122366929416,59
"1165",-2.59493632329,-0.131122366929416,59
"1166",-2.2333724192241,-0.84540808121513,59
"1167",-1.87180851515819,-0.988265224072273,59
"1168",-1.51024461109229,-0.988265224072273,59
"1169",-1.14868070702638,-0.988265224072273,59
"1170",-0.78711680296048,-0.988265224072273,59
"1171",-0.425552898894576,-1.84540808121513,59
"1172",-0.063988994828672,-2.4168366526437,59
"1173",0.297574909237232,-2.70255093835799,59
"1174",0.659138813303136,-2.70255093835799,59
"1175",1.02070271736904,-2.70255093835799,59
"1176",1.38226662143494,-2.70255093835799,59
"1177",1.74383052550085,-2.70255093835799,59
"1178",2.10539442956675,-2.70255093835799,59
"1179",2.46695833363266,-2.70255093835799,59
"1180",2.82852223769856,-2.70255093835799,59
"1181",-4.04119193955362,-0.559693795500845,60
"1182",-3.67962803548771,-0.702550938357987,60
"1183",-3.31806413142181,-0.702550938357987,60
"1184",-2.9565002273559,-0.84540808121513,60
"1185",-2.59493632329,-0.84540808121513,60
"1186",-2.2333724192241,-0.84540808121513,60
"1187",-1.87180851515819,-0.988265224072273,60
"1188",-1.51024461109229,-0.988265224072273,60
"1189",-1.14868070702638,-0.988265224072273,60
"1190",-0.78711680296048,-1.55969379550084,60
"1191",-0.425552898894576,-2.98826522407227,60
"1192",-0.063988994828672,-2.98826522407227,60
"1193",0.297574909237232,-2.98826522407227,60
"1194",0.659138813303136,-2.98826522407227,60
"1195",1.02070271736904,-2.98826522407227,60
"1196",1.38226662143494,-2.98826522407227,60
"1197",1.74383052550085,-2.98826522407227,60
"1198",2.10539442956675,-2.98826522407227,60
"1199",2.46695833363266,-2.98826522407227,60
"1200",2.82852223769856,-2.98826522407227,60
"1201",-4.04119193955362,-0.702550938357987,61
"1202",-3.67962803548771,-0.702550938357987,61
"1203",-3.31806413142181,-0.84540808121513,61
"1204",-2.9565002273559,-0.84540808121513,61
"1205",-2.59493632329,-0.84540808121513,61
"1206",-2.2333724192241,-0.84540808121513,61
"1207",-1.87180851515819,-0.988265224072273,61
"1208",-1.51024461109229,-2.98826522407227,61
"1209",-1.14868070702638,-2.98826522407227,61
"1210",-0.78711680296048,-2.98826522407227,61
"1211",-0.425552898894576,-2.98826522407227,61
"1212",-0.063988994828672,-2.98826522407227,61
"1213",0.297574909237232,-2.98826522407227,61
"1214",0.659138813303136,-2.98826522407227,61
"1215",1.02070271736904,-2.98826522407227,61
"1216",1.38226662143494,-2.98826522407227,61
"1217",1.74383052550085,-2.98826522407227,61
"1218",2.10539442956675,-2.98826522407227,61
"1219",2.46695833363266,-2.98826522407227,61
"1220",2.82852223769856,-2.98826522407227,61
"1221",-4.04119193955362,-0.131122366929416,62
"1222",-3.67962803548771,-0.131122366929416,62
"1223",-3.31806413142181,-0.131122366929416,62
"1224",-2.9565002273559,-0.131122366929416,62
"1225",-2.59493632329,-0.131122366929416,62
"1226",-2.2333724192241,-0.559693795500845,62
"1227",-1.87180851515819,-1.13112236692942,62
"1228",-1.51024461109229,-1.27397950978656,62
"1229",-1.14868070702638,-1.4168366526437,62
"1230",-0.78711680296048,-2.13112236692942,62
"1231",-0.425552898894576,-2.98826522407227,62
"1232",-0.063988994828672,-2.98826522407227,62
"1233",0.297574909237232,-2.98826522407227,62
"1234",0.659138813303136,-2.98826522407227,62
"1235",1.02070271736904,-2.98826522407227,62
"1236",1.38226662143494,-2.98826522407227,62
"1237",1.74383052550085,-2.98826522407227,62
"1238",2.10539442956675,-2.98826522407227,62
"1239",2.46695833363266,-2.98826522407227,62
"1240",2.82852223769856,-2.98826522407227,62
"1241",-4.04119193955362,-0.131122366929416,63
"1242",-3.67962803548771,-0.131122366929416,63
"1243",-3.31806413142181,-0.131122366929416,63
"1244",-2.9565002273559,-0.273979509786559,63
"1245",-2.59493632329,-0.559693795500845,63
"1246",-2.2333724192241,-0.84540808121513,63
"1247",-1.87180851515819,-0.988265224072273,63
"1248",-1.51024461109229,-1.13112236692942,63
"1249",-1.14868070702638,-1.27397950978656,63
"1250",-0.78711680296048,-1.84540808121513,63
"1251",-0.425552898894576,-2.70255093835799,63
"1252",-0.063988994828672,-2.98826522407227,63
"1253",0.297574909237232,-2.98826522407227,63
"1254",0.659138813303136,-2.98826522407227,63
"1255",1.02070271736904,-2.98826522407227,63
"1256",1.38226662143494,-2.98826522407227,63
"1257",1.74383052550085,-2.98826522407227,63
"1258",2.10539442956675,-2.98826522407227,63
"1259",2.46695833363266,-2.98826522407227,63
"1260",2.82852223769856,-2.98826522407227,63
"1261",-4.04119193955362,-0.559693795500845,64
"1262",-3.67962803548771,-0.702550938357987,64
"1263",-3.31806413142181,-0.702550938357987,64
"1264",-2.9565002273559,-0.702550938357987,64
"1265",-2.59493632329,-0.84540808121513,64
"1266",-2.2333724192241,-0.84540808121513,64
"1267",-1.87180851515819,-2.4168366526437,64
"1268",-1.51024461109229,-2.98826522407227,64
"1269",-1.14868070702638,-2.98826522407227,64
"1270",-0.78711680296048,-2.98826522407227,64
"1271",-0.425552898894576,-2.98826522407227,64
"1272",-0.063988994828672,-2.98826522407227,64
"1273",0.297574909237232,-2.98826522407227,64
"1274",0.659138813303136,-2.98826522407227,64
"1275",1.02070271736904,-2.98826522407227,64
"1276",1.38226662143494,-2.98826522407227,64
"1277",1.74383052550085,-2.98826522407227,64
"1278",2.10539442956675,-2.98826522407227,64
"1279",2.46695833363266,-2.98826522407227,64
"1280",2.82852223769856,-2.98826522407227,64
"1281",-4.04119193955362,-0.131122366929416,65
"1282",-3.67962803548771,-0.131122366929416,65
"1283",-3.31806413142181,-0.131122366929416,65
"1284",-2.9565002273559,-0.131122366929416,65
"1285",-2.59493632329,-0.559693795500845,65
"1286",-2.2333724192241,-0.84540808121513,65
"1287",-1.87180851515819,-0.988265224072273,65
"1288",-1.51024461109229,-1.13112236692942,65
"1289",-1.14868070702638,-1.27397950978656,65
"1290",-0.78711680296048,-1.70255093835799,65
"1291",-0.425552898894576,-2.70255093835799,65
"1292",-0.063988994828672,-2.98826522407227,65
"1293",0.297574909237232,-2.98826522407227,65
"1294",0.659138813303136,-2.98826522407227,65
"1295",1.02070271736904,-2.98826522407227,65
"1296",1.38226662143494,-2.98826522407227,65
"1297",1.74383052550085,-2.98826522407227,65
"1298",2.10539442956675,-2.98826522407227,65
"1299",2.46695833363266,-2.98826522407227,65
"1300",2.82852223769856,-2.98826522407227,65
"1301",-4.04119193955362,-0.131122366929416,66
"1302",-3.67962803548771,-0.131122366929416,66
"1303",-3.31806413142181,-0.416836652643702,66
"1304",-2.9565002273559,-0.559693795500845,66
"1305",-2.59493632329,-0.702550938357987,66
"1306",-2.2333724192241,-0.84540808121513,66
"1307",-1.87180851515819,-0.988265224072273,66
"1308",-1.51024461109229,-0.988265224072273,66
"1309",-1.14868070702638,-1.13112236692942,66
"1310",-0.78711680296048,-1.13112236692942,66
"1311",-0.425552898894576,-1.55969379550084,66
"1312",-0.063988994828672,-2.27397950978656,66
"1313",0.297574909237232,-2.55969379550084,66
"1314",0.659138813303136,-2.70255093835799,66
"1315",1.02070271736904,-2.70255093835799,66
"1316",1.38226662143494,-2.70255093835799,66
"1317",1.74383052550085,-2.70255093835799,66
"1318",2.10539442956675,-2.70255093835799,66
"1319",2.46695833363266,-2.70255093835799,66
"1320",2.82852223769856,-2.70255093835799,66
"1321",-4.04119193955362,-0.131122366929416,67
"1322",-3.67962803548771,-0.131122366929416,67
"1323",-3.31806413142181,-0.131122366929416,67
"1324",-2.9565002273559,-0.131122366929416,67
"1325",-2.59493632329,-0.559693795500845,67
"1326",-2.2333724192241,-0.84540808121513,67
"1327",-1.87180851515819,-0.988265224072273,67
"1328",-1.51024461109229,-1.13112236692942,67
"1329",-1.14868070702638,-1.4168366526437,67
"1330",-0.78711680296048,-2.55969379550084,67
"1331",-0.425552898894576,-2.98826522407227,67
"1332",-0.063988994828672,-2.98826522407227,67
"1333",0.297574909237232,-2.98826522407227,67
"1334",0.659138813303136,-2.98826522407227,67
"1335",1.02070271736904,-2.98826522407227,67
"1336",1.38226662143494,-2.98826522407227,67
"1337",1.74383052550085,-2.98826522407227,67
"1338",2.10539442956675,-2.98826522407227,67
"1339",2.46695833363266,-2.98826522407227,67
"1340",2.82852223769856,-2.98826522407227,67
"1341",-4.04119193955362,-0.702550938357987,68
"1342",-3.67962803548771,-0.84540808121513,68
"1343",-3.31806413142181,-0.84540808121513,68
"1344",-2.9565002273559,-0.84540808121513,68
"1345",-2.59493632329,-0.84540808121513,68
"1346",-2.2333724192241,-0.84540808121513,68
"1347",-1.87180851515819,-0.988265224072273,68
"1348",-1.51024461109229,-0.988265224072273,68
"1349",-1.14868070702638,-0.988265224072273,68
"1350",-0.78711680296048,-1.4168366526437,68
"1351",-0.425552898894576,-2.27397950978656,68
"1352",-0.063988994828672,-2.70255093835799,68
"1353",0.297574909237232,-2.84540808121513,68
"1354",0.659138813303136,-2.84540808121513,68
"1355",1.02070271736904,-2.84540808121513,68
"1356",1.38226662143494,-2.84540808121513,68
"1357",1.74383052550085,-2.84540808121513,68
"1358",2.10539442956675,-2.84540808121513,68
"1359",2.46695833363266,-2.84540808121513,68
"1360",2.82852223769856,-2.84540808121513,68
"1361",-4.04119193955362,-0.131122366929416,69
"1362",-3.67962803548771,-0.131122366929416,69
"1363",-3.31806413142181,-0.131122366929416,69
"1364",-2.9565002273559,-0.559693795500845,69
"1365",-2.59493632329,-0.84540808121513,69
"1366",-2.2333724192241,-0.84540808121513,69
"1367",-1.87180851515819,-0.988265224072273,69
"1368",-1.51024461109229,-0.988265224072273,69
"1369",-1.14868070702638,-1.13112236692942,69
"1370",-0.78711680296048,-1.55969379550084,69
"1371",-0.425552898894576,-2.13112236692942,69
"1372",-0.063988994828672,-2.4168366526437,69
"1373",0.297574909237232,-2.70255093835799,69
"1374",0.659138813303136,-2.70255093835799,69
"1375",1.02070271736904,-2.70255093835799,69
"1376",1.38226662143494,-2.70255093835799,69
"1377",1.74383052550085,-2.70255093835799,69
"1378",2.10539442956675,-2.70255093835799,69
"1379",2.46695833363266,-2.70255093835799,69
"1380",2.82852223769856,-2.70255093835799,69
"1381",-4.04119193955362,-0.131122366929416,70
"1382",-3.67962803548771,-0.131122366929416,70
"1383",-3.31806413142181,-0.131122366929416,70
"1384",-2.9565002273559,-0.131122366929416,70
"1385",-2.59493632329,-0.131122366929416,70
"1386",-2.2333724192241,-0.131122366929416,70
"1387",-1.87180851515819,-1.13112236692942,70
"1388",-1.51024461109229,-1.13112236692942,70
"1389",-1.14868070702638,-1.13112236692942,70
"1390",-0.78711680296048,-1.27397950978656,70
"1391",-0.425552898894576,-1.55969379550084,70
"1392",-0.063988994828672,-2.13112236692942,70
"1393",0.297574909237232,-2.4168366526437,70
"1394",0.659138813303136,-2.4168366526437,70
"1395",1.02070271736904,-2.4168366526437,70
"1396",1.38226662143494,-2.4168366526437,70
"1397",1.74383052550085,-2.4168366526437,70
"1398",2.10539442956675,-2.4168366526437,70
"1399",2.46695833363266,-2.4168366526437,70
"1400",2.82852223769856,-2.4168366526437,70
"1401",-4.04119193955362,-0.131122366929416,71
"1402",-3.67962803548771,-0.559693795500845,71
"1403",-3.31806413142181,-0.84540808121513,71
"1404",-2.9565002273559,-0.84540808121513,71
"1405",-2.59493632329,-0.84540808121513,71
"1406",-2.2333724192241,-0.84540808121513,71
"1407",-1.87180851515819,-0.988265224072273,71
"1408",-1.51024461109229,-0.988265224072273,71
"1409",-1.14868070702638,-1.13112236692942,71
"1410",-0.78711680296048,-2.70255093835799,71
"1411",-0.425552898894576,-2.98826522407227,71
"1412",-0.063988994828672,-2.98826522407227,71
"1413",0.297574909237232,-2.98826522407227,71
"1414",0.659138813303136,-2.98826522407227,71
"1415",1.02070271736904,-2.98826522407227,71
"1416",1.38226662143494,-2.98826522407227,71
"1417",1.74383052550085,-2.98826522407227,71
"1418",2.10539442956675,-2.98826522407227,71
"1419",2.46695833363266,-2.98826522407227,71
"1420",2.82852223769856,-2.98826522407227,71
"1421",-4.04119193955362,-0.702550938357987,72
"1422",-3.67962803548771,-0.702550938357987,72
"1423",-3.31806413142181,-0.84540808121513,72
"1424",-2.9565002273559,-0.84540808121513,72
"1425",-2.59493632329,-0.84540808121513,72
"1426",-2.2333724192241,-0.84540808121513,72
"1427",-1.87180851515819,-0.988265224072273,72
"1428",-1.51024461109229,-0.988265224072273,72
"1429",-1.14868070702638,-0.988265224072273,72
"1430",-0.78711680296048,-0.988265224072273,72
"1431",-0.425552898894576,-1.84540808121513,72
"1432",-0.063988994828672,-2.55969379550084,72
"1433",0.297574909237232,-2.98826522407227,72
"1434",0.659138813303136,-2.98826522407227,72
"1435",1.02070271736904,-2.98826522407227,72
"1436",1.38226662143494,-2.98826522407227,72
"1437",1.74383052550085,-2.98826522407227,72
"1438",2.10539442956675,-2.98826522407227,72
"1439",2.46695833363266,-2.98826522407227,72
"1440",2.82852223769856,-2.98826522407227,72
"1441",-4.04119193955362,-0.131122366929416,73
"1442",-3.67962803548771,-0.416836652643702,73
"1443",-3.31806413142181,-0.559693795500845,73
"1444",-2.9565002273559,-0.702550938357987,73
"1445",-2.59493632329,-0.84540808121513,73
"1446",-2.2333724192241,-0.84540808121513,73
"1447",-1.87180851515819,-0.988265224072273,73
"1448",-1.51024461109229,-0.988265224072273,73
"1449",-1.14868070702638,-0.988265224072273,73
"1450",-0.78711680296048,-1.13112236692942,73
"1451",-0.425552898894576,-1.70255093835799,73
"1452",-0.063988994828672,-2.4168366526437,73
"1453",0.297574909237232,-2.70255093835799,73
"1454",0.659138813303136,-2.84540808121513,73
"1455",1.02070271736904,-2.84540808121513,73
"1456",1.38226662143494,-2.84540808121513,73
"1457",1.74383052550085,-2.84540808121513,73
"1458",2.10539442956675,-2.84540808121513,73
"1459",2.46695833363266,-2.84540808121513,73
"1460",2.82852223769856,-2.84540808121513,73
"1461",-4.04119193955362,-0.559693795500845,74
"1462",-3.67962803548771,-0.559693795500845,74
"1463",-3.31806413142181,-0.559693795500845,74
"1464",-2.9565002273559,-0.559693795500845,74
"1465",-2.59493632329,-0.559693795500845,74
"1466",-2.2333724192241,-0.702550938357987,74
"1467",-1.87180851515819,-1.13112236692942,74
"1468",-1.51024461109229,-1.98826522407227,74
"1469",-1.14868070702638,-2.98826522407227,74
"1470",-0.78711680296048,-2.98826522407227,74
"1471",-0.425552898894576,-2.98826522407227,74
"1472",-0.063988994828672,-2.98826522407227,74
"1473",0.297574909237232,-2.98826522407227,74
"1474",0.659138813303136,-2.98826522407227,74
"1475",1.02070271736904,-2.98826522407227,74
"1476",1.38226662143494,-2.98826522407227,74
"1477",1.74383052550085,-2.98826522407227,74
"1478",2.10539442956675,-2.98826522407227,74
"1479",2.46695833363266,-2.98826522407227,74
"1480",2.82852223769856,-2.98826522407227,74
"1481",-4.04119193955362,-0.416836652643702,75
"1482",-3.67962803548771,-0.559693795500845,75
"1483",-3.31806413142181,-0.559693795500845,75
"1484",-2.9565002273559,-0.702550938357987,75
"1485",-2.59493632329,-0.702550938357987,75
"1486",-2.2333724192241,-0.84540808121513,75
"1487",-1.87180851515819,-1.13112236692942,75
"1488",-1.51024461109229,-2.98826522407227,75
"1489",-1.14868070702638,-2.98826522407227,75
"1490",-0.78711680296048,-2.98826522407227,75
"1491",-0.425552898894576,-2.98826522407227,75
"1492",-0.063988994828672,-2.98826522407227,75
"1493",0.297574909237232,-2.98826522407227,75
"1494",0.659138813303136,-2.98826522407227,75
"1495",1.02070271736904,-2.98826522407227,75
"1496",1.38226662143494,-2.98826522407227,75
"1497",1.74383052550085,-2.98826522407227,75
"1498",2.10539442956675,-2.98826522407227,75
"1499",2.46695833363266,-2.98826522407227,75
"1500",2.82852223769856,-2.98826522407227,75
"1501",-4.04119193955362,-0.559693795500845,76
"1502",-3.67962803548771,-0.702550938357987,76
"1503",-3.31806413142181,-0.702550938357987,76
"1504",-2.9565002273559,-0.84540808121513,76
"1505",-2.59493632329,-0.84540808121513,76
"1506",-2.2333724192241,-0.84540808121513,76
"1507",-1.87180851515819,-0.988265224072273,76
"1508",-1.51024461109229,-2.4168366526437,76
"1509",-1.14868070702638,-2.98826522407227,76
"1510",-0.78711680296048,-2.98826522407227,76
"1511",-0.425552898894576,-2.98826522407227,76
"1512",-0.063988994828672,-2.98826522407227,76
"1513",0.297574909237232,-2.98826522407227,76
"1514",0.659138813303136,-2.98826522407227,76
"1515",1.02070271736904,-2.98826522407227,76
"1516",1.38226662143494,-2.98826522407227,76
"1517",1.74383052550085,-2.98826522407227,76
"1518",2.10539442956675,-2.98826522407227,76
"1519",2.46695833363266,-2.98826522407227,76
"1520",2.82852223769856,-2.98826522407227,76
"1521",-4.04119193955362,-0.131122366929416,77
"1522",-3.67962803548771,-0.131122366929416,77
"1523",-3.31806413142181,-0.416836652643702,77
"1524",-2.9565002273559,-0.559693795500845,77
"1525",-2.59493632329,-0.702550938357987,77
"1526",-2.2333724192241,-0.84540808121513,77
"1527",-1.87180851515819,-0.988265224072273,77
"1528",-1.51024461109229,-1.13112236692942,77
"1529",-1.14868070702638,-1.13112236692942,77
"1530",-0.78711680296048,-2.13112236692942,77
"1531",-0.425552898894576,-2.98826522407227,77
"1532",-0.063988994828672,-2.98826522407227,77
"1533",0.297574909237232,-2.98826522407227,77
"1534",0.659138813303136,-2.98826522407227,77
"1535",1.02070271736904,-2.98826522407227,77
"1536",1.38226662143494,-2.98826522407227,77
"1537",1.74383052550085,-2.98826522407227,77
"1538",2.10539442956675,-2.98826522407227,77
"1539",2.46695833363266,-2.98826522407227,77
"1540",2.82852223769856,-2.98826522407227,77
"1541",-4.04119193955362,-0.559693795500845,78
"1542",-3.67962803548771,-0.702550938357987,78
"1543",-3.31806413142181,-0.702550938357987,78
"1544",-2.9565002273559,-0.84540808121513,78
"1545",-2.59493632329,-0.84540808121513,78
"1546",-2.2333724192241,-0.84540808121513,78
"1547",-1.87180851515819,-0.988265224072273,78
"1548",-1.51024461109229,-0.988265224072273,78
"1549",-1.14868070702638,-1.27397950978656,78
"1550",-0.78711680296048,-2.4168366526437,78
"1551",-0.425552898894576,-2.98826522407227,78
"1552",-0.063988994828672,-2.98826522407227,78
"1553",0.297574909237232,-2.98826522407227,78
"1554",0.659138813303136,-2.98826522407227,78
"1555",1.02070271736904,-2.98826522407227,78
"1556",1.38226662143494,-2.98826522407227,78
"1557",1.74383052550085,-2.98826522407227,78
"1558",2.10539442956675,-2.98826522407227,78
"1559",2.46695833363266,-2.98826522407227,78
"1560",2.82852223769856,-2.98826522407227,78
"1561",-4.04119193955362,-0.131122366929416,79
"1562",-3.67962803548771,-0.131122366929416,79
"1563",-3.31806413142181,-0.131122366929416,79
"1564",-2.9565002273559,-0.131122366929416,79
"1565",-2.59493632329,-0.131122366929416,79
"1566",-2.2333724192241,-0.84540808121513,79
"1567",-1.87180851515819,-0.988265224072273,79
"1568",-1.51024461109229,-1.13112236692942,79
"1569",-1.14868070702638,-1.13112236692942,79
"1570",-0.78711680296048,-1.13112236692942,79
"1571",-0.425552898894576,-1.4168366526437,79
"1572",-0.063988994828672,-1.84540808121513,79
"1573",0.297574909237232,-2.13112236692942,79
"1574",0.659138813303136,-2.13112236692942,79
"1575",1.02070271736904,-2.27397950978656,79
"1576",1.38226662143494,-2.27397950978656,79
"1577",1.74383052550085,-2.27397950978656,79
"1578",2.10539442956675,-2.27397950978656,79
"1579",2.46695833363266,-2.27397950978656,79
"1580",2.82852223769856,-2.27397950978656,79
"1581",-4.04119193955362,-0.131122366929416,80
"1582",-3.67962803548771,-0.131122366929416,80
"1583",-3.31806413142181,-0.131122366929416,80
"1584",-2.9565002273559,-0.131122366929416,80
"1585",-2.59493632329,-0.131122366929416,80
"1586",-2.2333724192241,-0.273979509786559,80
"1587",-1.87180851515819,-1.13112236692942,80
"1588",-1.51024461109229,-1.27397950978656,80
"1589",-1.14868070702638,-1.27397950978656,80
"1590",-0.78711680296048,-1.4168366526437,80
"1591",-0.425552898894576,-1.84540808121513,80
"1592",-0.063988994828672,-2.55969379550084,80
"1593",0.297574909237232,-2.98826522407227,80
"1594",0.659138813303136,-2.98826522407227,80
"1595",1.02070271736904,-2.98826522407227,80
"1596",1.38226662143494,-2.98826522407227,80
"1597",1.74383052550085,-2.98826522407227,80
"1598",2.10539442956675,-2.98826522407227,80
"1599",2.46695833363266,-2.98826522407227,80
"1600",2.82852223769856,-2.98826522407227,80
"1601",-4.04119193955362,-0.702550938357987,81
"1602",-3.67962803548771,-0.702550938357987,81
"1603",-3.31806413142181,-0.84540808121513,81
"1604",-2.9565002273559,-0.84540808121513,81
"1605",-2.59493632329,-0.84540808121513,81
"1606",-2.2333724192241,-0.84540808121513,81
"1607",-1.87180851515819,-0.988265224072273,81
"1608",-1.51024461109229,-0.988265224072273,81
"1609",-1.14868070702638,-0.988265224072273,81
"1610",-0.78711680296048,-1.4168366526437,81
"1611",-0.425552898894576,-2.55969379550084,81
"1612",-0.063988994828672,-2.98826522407227,81
"1613",0.297574909237232,-2.98826522407227,81
"1614",0.659138813303136,-2.98826522407227,81
"1615",1.02070271736904,-2.98826522407227,81
"1616",1.38226662143494,-2.98826522407227,81
"1617",1.74383052550085,-2.98826522407227,81
"1618",2.10539442956675,-2.98826522407227,81
"1619",2.46695833363266,-2.98826522407227,81
"1620",2.82852223769856,-2.98826522407227,81
"1621",-4.04119193955362,-0.416836652643702,82
"1622",-3.67962803548771,-0.559693795500845,82
"1623",-3.31806413142181,-0.559693795500845,82
"1624",-2.9565002273559,-0.702550938357987,82
"1625",-2.59493632329,-0.702550938357987,82
"1626",-2.2333724192241,-0.84540808121513,82
"1627",-1.87180851515819,-0.988265224072273,82
"1628",-1.51024461109229,-1.27397950978656,82
"1629",-1.14868070702638,-1.4168366526437,82
"1630",-0.78711680296048,-1.84540808121513,82
"1631",-0.425552898894576,-2.84540808121513,82
"1632",-0.063988994828672,-2.98826522407227,82
"1633",0.297574909237232,-2.98826522407227,82
"1634",0.659138813303136,-2.98826522407227,82
"1635",1.02070271736904,-2.98826522407227,82
"1636",1.38226662143494,-2.98826522407227,82
"1637",1.74383052550085,-2.98826522407227,82
"1638",2.10539442956675,-2.98826522407227,82
"1639",2.46695833363266,-2.98826522407227,82
"1640",2.82852223769856,-2.98826522407227,82
"1641",-4.04119193955362,-0.131122366929416,83
"1642",-3.67962803548771,-0.131122366929416,83
"1643",-3.31806413142181,-0.131122366929416,83
"1644",-2.9565002273559,-0.131122366929416,83
"1645",-2.59493632329,-0.131122366929416,83
"1646",-2.2333724192241,-0.559693795500845,83
"1647",-1.87180851515819,-1.13112236692942,83
"1648",-1.51024461109229,-1.27397950978656,83
"1649",-1.14868070702638,-1.55969379550084,83
"1650",-0.78711680296048,-1.84540808121513,83
"1651",-0.425552898894576,-2.55969379550084,83
"1652",-0.063988994828672,-2.98826522407227,83
"1653",0.297574909237232,-2.98826522407227,83
"1654",0.659138813303136,-2.98826522407227,83
"1655",1.02070271736904,-2.98826522407227,83
"1656",1.38226662143494,-2.98826522407227,83
"1657",1.74383052550085,-2.98826522407227,83
"1658",2.10539442956675,-2.98826522407227,83
"1659",2.46695833363266,-2.98826522407227,83
"1660",2.82852223769856,-2.98826522407227,83
"1661",-4.04119193955362,-0.131122366929416,84
"1662",-3.67962803548771,-0.131122366929416,84
"1663",-3.31806413142181,-0.273979509786559,84
"1664",-2.9565002273559,-0.416836652643702,84
"1665",-2.59493632329,-0.559693795500845,84
"1666",-2.2333724192241,-0.84540808121513,84
"1667",-1.87180851515819,-0.988265224072273,84
"1668",-1.51024461109229,-1.13112236692942,84
"1669",-1.14868070702638,-1.27397950978656,84
"1670",-0.78711680296048,-1.98826522407227,84
"1671",-0.425552898894576,-2.98826522407227,84
"1672",-0.063988994828672,-2.98826522407227,84
"1673",0.297574909237232,-2.98826522407227,84
"1674",0.659138813303136,-2.98826522407227,84
"1675",1.02070271736904,-2.98826522407227,84
"1676",1.38226662143494,-2.98826522407227,84
"1677",1.74383052550085,-2.98826522407227,84
"1678",2.10539442956675,-2.98826522407227,84
"1679",2.46695833363266,-2.98826522407227,84
"1680",2.82852223769856,-2.98826522407227,84
"1681",-4.04119193955362,-0.131122366929416,85
"1682",-3.67962803548771,-0.131122366929416,85
"1683",-3.31806413142181,-0.131122366929416,85
"1684",-2.9565002273559,-0.131122366929416,85
"1685",-2.59493632329,-0.702550938357987,85
"1686",-2.2333724192241,-0.84540808121513,85
"1687",-1.87180851515819,-0.988265224072273,85
"1688",-1.51024461109229,-0.988265224072273,85
"1689",-1.14868070702638,-0.988265224072273,85
"1690",-0.78711680296048,-1.27397950978656,85
"1691",-0.425552898894576,-1.98826522407227,85
"1692",-0.063988994828672,-2.4168366526437,85
"1693",0.297574909237232,-2.55969379550084,85
"1694",0.659138813303136,-2.70255093835799,85
"1695",1.02070271736904,-2.70255093835799,85
"1696",1.38226662143494,-2.70255093835799,85
"1697",1.74383052550085,-2.70255093835799,85
"1698",2.10539442956675,-2.70255093835799,85
"1699",2.46695833363266,-2.70255093835799,85
"1700",2.82852223769856,-2.70255093835799,85
"1701",-4.04119193955362,-0.131122366929416,86
"1702",-3.67962803548771,-0.131122366929416,86
"1703",-3.31806413142181,-0.131122366929416,86
"1704",-2.9565002273559,-0.131122366929416,86
"1705",-2.59493632329,-0.416836652643702,86
"1706",-2.2333724192241,-0.84540808121513,86
"1707",-1.87180851515819,-0.988265224072273,86
"1708",-1.51024461109229,-1.13112236692942,86
"1709",-1.14868070702638,-1.13112236692942,86
"1710",-0.78711680296048,-1.4168366526437,86
"1711",-0.425552898894576,-2.4168366526437,86
"1712",-0.063988994828672,-2.98826522407227,86
"1713",0.297574909237232,-2.98826522407227,86
"1714",0.659138813303136,-2.98826522407227,86
"1715",1.02070271736904,-2.98826522407227,86
"1716",1.38226662143494,-2.98826522407227,86
"1717",1.74383052550085,-2.98826522407227,86
"1718",2.10539442956675,-2.98826522407227,86
"1719",2.46695833363266,-2.98826522407227,86
"1720",2.82852223769856,-2.98826522407227,86
"1721",-4.04119193955362,-0.131122366929416,87
"1722",-3.67962803548771,-0.131122366929416,87
"1723",-3.31806413142181,-0.131122366929416,87
"1724",-2.9565002273559,-0.131122366929416,87
"1725",-2.59493632329,-0.131122366929416,87
"1726",-2.2333724192241,-0.131122366929416,87
"1727",-1.87180851515819,-1.84540808121513,87
"1728",-1.51024461109229,-2.13112236692942,87
"1729",-1.14868070702638,-2.27397950978656,87
"1730",-0.78711680296048,-2.4168366526437,87
"1731",-0.425552898894576,-2.4168366526437,87
"1732",-0.063988994828672,-2.55969379550084,87
"1733",0.297574909237232,-2.55969379550084,87
"1734",0.659138813303136,-2.70255093835799,87
"1735",1.02070271736904,-2.70255093835799,87
"1736",1.38226662143494,-2.70255093835799,87
"1737",1.74383052550085,-2.70255093835799,87
"1738",2.10539442956675,-2.70255093835799,87
"1739",2.46695833363266,-2.70255093835799,87
"1740",2.82852223769856,-2.70255093835799,87
"1741",-4.04119193955362,-0.131122366929416,88
"1742",-3.67962803548771,-0.131122366929416,88
"1743",-3.31806413142181,-0.131122366929416,88
"1744",-2.9565002273559,-0.131122366929416,88
"1745",-2.59493632329,-0.131122366929416,88
"1746",-2.2333724192241,-0.559693795500845,88
"1747",-1.87180851515819,-1.13112236692942,88
"1748",-1.51024461109229,-1.4168366526437,88
"1749",-1.14868070702638,-1.70255093835799,88
"1750",-0.78711680296048,-1.98826522407227,88
"1751",-0.425552898894576,-2.70255093835799,88
"1752",-0.063988994828672,-2.98826522407227,88
"1753",0.297574909237232,-2.98826522407227,88
"1754",0.659138813303136,-2.98826522407227,88
"1755",1.02070271736904,-2.98826522407227,88
"1756",1.38226662143494,-2.98826522407227,88
"1757",1.74383052550085,-2.98826522407227,88
"1758",2.10539442956675,-2.98826522407227,88
"1759",2.46695833363266,-2.98826522407227,88
"1760",2.82852223769856,-2.98826522407227,88
"1761",-4.04119193955362,-0.131122366929416,89
"1762",-3.67962803548771,-0.273979509786559,89
"1763",-3.31806413142181,-0.416836652643702,89
"1764",-2.9565002273559,-0.559693795500845,89
"1765",-2.59493632329,-0.702550938357987,89
"1766",-2.2333724192241,-0.84540808121513,89
"1767",-1.87180851515819,-0.988265224072273,89
"1768",-1.51024461109229,-1.13112236692942,89
"1769",-1.14868070702638,-1.4168366526437,89
"1770",-0.78711680296048,-1.98826522407227,89
"1771",-0.425552898894576,-2.70255093835799,89
"1772",-0.063988994828672,-2.98826522407227,89
"1773",0.297574909237232,-2.98826522407227,89
"1774",0.659138813303136,-2.98826522407227,89
"1775",1.02070271736904,-2.98826522407227,89
"1776",1.38226662143494,-2.98826522407227,89
"1777",1.74383052550085,-2.98826522407227,89
"1778",2.10539442956675,-2.98826522407227,89
"1779",2.46695833363266,-2.98826522407227,89
"1780",2.82852223769856,-2.98826522407227,89
"1781",-4.04119193955362,-0.131122366929416,90
"1782",-3.67962803548771,-0.131122366929416,90
"1783",-3.31806413142181,-0.131122366929416,90
"1784",-2.9565002273559,-0.131122366929416,90
"1785",-2.59493632329,-0.131122366929416,90
"1786",-2.2333724192241,-0.131122366929416,90
"1787",-1.87180851515819,-1.13112236692942,90
"1788",-1.51024461109229,-1.27397950978656,90
"1789",-1.14868070702638,-1.55969379550084,90
"1790",-0.78711680296048,-1.98826522407227,90
"1791",-0.425552898894576,-2.98826522407227,90
"1792",-0.063988994828672,-2.98826522407227,90
"1793",0.297574909237232,-2.98826522407227,90
"1794",0.659138813303136,-2.98826522407227,90
"1795",1.02070271736904,-2.98826522407227,90
"1796",1.38226662143494,-2.98826522407227,90
"1797",1.74383052550085,-2.98826522407227,90
"1798",2.10539442956675,-2.98826522407227,90
"1799",2.46695833363266,-2.98826522407227,90
"1800",2.82852223769856,-2.98826522407227,90
"1801",-4.04119193955362,-0.131122366929416,91
"1802",-3.67962803548771,-0.131122366929416,91
"1803",-3.31806413142181,-0.131122366929416,91
"1804",-2.9565002273559,-0.416836652643702,91
"1805",-2.59493632329,-0.702550938357987,91
"1806",-2.2333724192241,-0.84540808121513,91
"1807",-1.87180851515819,-0.988265224072273,91
"1808",-1.51024461109229,-1.13112236692942,91
"1809",-1.14868070702638,-1.13112236692942,91
"1810",-0.78711680296048,-1.27397950978656,91
"1811",-0.425552898894576,-1.84540808121513,91
"1812",-0.063988994828672,-2.4168366526437,91
"1813",0.297574909237232,-2.70255093835799,91
"1814",0.659138813303136,-2.70255093835799,91
"1815",1.02070271736904,-2.70255093835799,91
"1816",1.38226662143494,-2.70255093835799,91
"1817",1.74383052550085,-2.70255093835799,91
"1818",2.10539442956675,-2.70255093835799,91
"1819",2.46695833363266,-2.70255093835799,91
"1820",2.82852223769856,-2.70255093835799,91
"1821",-4.04119193955362,-0.131122366929416,92
"1822",-3.67962803548771,-0.131122366929416,92
"1823",-3.31806413142181,-0.131122366929416,92
"1824",-2.9565002273559,-0.416836652643702,92
"1825",-2.59493632329,-0.702550938357987,92
"1826",-2.2333724192241,-0.84540808121513,92
"1827",-1.87180851515819,-0.988265224072273,92
"1828",-1.51024461109229,-1.13112236692942,92
"1829",-1.14868070702638,-2.13112236692942,92
"1830",-0.78711680296048,-2.98826522407227,92
"1831",-0.425552898894576,-2.98826522407227,92
"1832",-0.063988994828672,-2.98826522407227,92
"1833",0.297574909237232,-2.98826522407227,92
"1834",0.659138813303136,-2.98826522407227,92
"1835",1.02070271736904,-2.98826522407227,92
"1836",1.38226662143494,-2.98826522407227,92
"1837",1.74383052550085,-2.98826522407227,92
"1838",2.10539442956675,-2.98826522407227,92
"1839",2.46695833363266,-2.98826522407227,92
"1840",2.82852223769856,-2.98826522407227,92
"1841",-4.04119193955362,-0.131122366929416,93
"1842",-3.67962803548771,-0.131122366929416,93
"1843",-3.31806413142181,-0.131122366929416,93
"1844",-2.9565002273559,-0.131122366929416,93
"1845",-2.59493632329,-0.559693795500845,93
"1846",-2.2333724192241,-0.84540808121513,93
"1847",-1.87180851515819,-0.988265224072273,93
"1848",-1.51024461109229,-1.13112236692942,93
"1849",-1.14868070702638,-1.13112236692942,93
"1850",-0.78711680296048,-1.55969379550084,93
"1851",-0.425552898894576,-2.55969379550084,93
"1852",-0.063988994828672,-2.84540808121513,93
"1853",0.297574909237232,-2.98826522407227,93
"1854",0.659138813303136,-2.98826522407227,93
"1855",1.02070271736904,-2.98826522407227,93
"1856",1.38226662143494,-2.98826522407227,93
"1857",1.74383052550085,-2.98826522407227,93
"1858",2.10539442956675,-2.98826522407227,93
"1859",2.46695833363266,-2.98826522407227,93
"1860",2.82852223769856,-2.98826522407227,93
"1861",-4.04119193955362,-0.702550938357987,94
"1862",-3.67962803548771,-0.702550938357987,94
"1863",-3.31806413142181,-0.84540808121513,94
"1864",-2.9565002273559,-0.84540808121513,94
"1865",-2.59493632329,-0.84540808121513,94
"1866",-2.2333724192241,-0.84540808121513,94
"1867",-1.87180851515819,-1.84540808121513,94
"1868",-1.51024461109229,-2.98826522407227,94
"1869",-1.14868070702638,-2.98826522407227,94
"1870",-0.78711680296048,-2.98826522407227,94
"1871",-0.425552898894576,-2.98826522407227,94
"1872",-0.063988994828672,-2.98826522407227,94
"1873",0.297574909237232,-2.98826522407227,94
"1874",0.659138813303136,-2.98826522407227,94
"1875",1.02070271736904,-2.98826522407227,94
"1876",1.38226662143494,-2.98826522407227,94
"1877",1.74383052550085,-2.98826522407227,94
"1878",2.10539442956675,-2.98826522407227,94
"1879",2.46695833363266,-2.98826522407227,94
"1880",2.82852223769856,-2.98826522407227,94
"1881",-4.04119193955362,-0.131122366929416,95
"1882",-3.67962803548771,-0.131122366929416,95
"1883",-3.31806413142181,-0.273979509786559,95
"1884",-2.9565002273559,-0.559693795500845,95
"1885",-2.59493632329,-0.702550938357987,95
"1886",-2.2333724192241,-0.84540808121513,95
"1887",-1.87180851515819,-0.988265224072273,95
"1888",-1.51024461109229,-0.988265224072273,95
"1889",-1.14868070702638,-1.13112236692942,95
"1890",-0.78711680296048,-1.27397950978656,95
"1891",-0.425552898894576,-1.98826522407227,95
"1892",-0.063988994828672,-2.55969379550084,95
"1893",0.297574909237232,-2.84540808121513,95
"1894",0.659138813303136,-2.84540808121513,95
"1895",1.02070271736904,-2.84540808121513,95
"1896",1.38226662143494,-2.84540808121513,95
"1897",1.74383052550085,-2.84540808121513,95
"1898",2.10539442956675,-2.84540808121513,95
"1899",2.46695833363266,-2.84540808121513,95
"1900",2.82852223769856,-2.84540808121513,95
"1901",-4.04119193955362,-0.559693795500845,96
"1902",-3.67962803548771,-0.702550938357987,96
"1903",-3.31806413142181,-0.702550938357987,96
"1904",-2.9565002273559,-0.84540808121513,96
"1905",-2.59493632329,-0.84540808121513,96
"1906",-2.2333724192241,-0.84540808121513,96
"1907",-1.87180851515819,-0.988265224072273,96
"1908",-1.51024461109229,-0.988265224072273,96
"1909",-1.14868070702638,-0.988265224072273,96
"1910",-0.78711680296048,-1.4168366526437,96
"1911",-0.425552898894576,-2.84540808121513,96
"1912",-0.063988994828672,-2.98826522407227,96
"1913",0.297574909237232,-2.98826522407227,96
"1914",0.659138813303136,-2.98826522407227,96
"1915",1.02070271736904,-2.98826522407227,96
"1916",1.38226662143494,-2.98826522407227,96
"1917",1.74383052550085,-2.98826522407227,96
"1918",2.10539442956675,-2.98826522407227,96
"1919",2.46695833363266,-2.98826522407227,96
"1920",2.82852223769856,-2.98826522407227,96
"1921",-4.04119193955362,-0.84540808121513,97
"1922",-3.67962803548771,-0.84540808121513,97
"1923",-3.31806413142181,-0.84540808121513,97
"1924",-2.9565002273559,-0.84540808121513,97
"1925",-2.59493632329,-0.84540808121513,97
"1926",-2.2333724192241,-0.84540808121513,97
"1927",-1.87180851515819,-0.988265224072273,97
"1928",-1.51024461109229,-0.988265224072273,97
"1929",-1.14868070702638,-1.13112236692942,97
"1930",-0.78711680296048,-2.27397950978656,97
"1931",-0.425552898894576,-2.98826522407227,97
"1932",-0.063988994828672,-2.98826522407227,97
"1933",0.297574909237232,-2.98826522407227,97
"1934",0.659138813303136,-2.98826522407227,97
"1935",1.02070271736904,-2.98826522407227,97
"1936",1.38226662143494,-2.98826522407227,97
"1937",1.74383052550085,-2.98826522407227,97
"1938",2.10539442956675,-2.98826522407227,97
"1939",2.46695833363266,-2.98826522407227,97
"1940",2.82852223769856,-2.98826522407227,97
"1941",-4.04119193955362,-0.131122366929416,98
"1942",-3.67962803548771,-0.131122366929416,98
"1943",-3.31806413142181,-0.131122366929416,98
"1944",-2.9565002273559,-0.131122366929416,98
"1945",-2.59493632329,-0.131122366929416,98
"1946",-2.2333724192241,-0.131122366929416,98
"1947",-1.87180851515819,-0.988265224072273,98
"1948",-1.51024461109229,-1.13112236692942,98
"1949",-1.14868070702638,-1.13112236692942,98
"1950",-0.78711680296048,-1.55969379550084,98
"1951",-0.425552898894576,-2.84540808121513,98
"1952",-0.063988994828672,-2.98826522407227,98
"1953",0.297574909237232,-2.98826522407227,98
"1954",0.659138813303136,-2.98826522407227,98
"1955",1.02070271736904,-2.98826522407227,98
"1956",1.38226662143494,-2.98826522407227,98
"1957",1.74383052550085,-2.98826522407227,98
"1958",2.10539442956675,-2.98826522407227,98
"1959",2.46695833363266,-2.98826522407227,98
"1960",2.82852223769856,-2.98826522407227,98
"1961",-4.04119193955362,-0.131122366929416,99
"1962",-3.67962803548771,-0.131122366929416,99
"1963",-3.31806413142181,-0.131122366929416,99
"1964",-2.9565002273559,-0.131122366929416,99
"1965",-2.59493632329,-0.131122366929416,99
"1966",-2.2333724192241,-0.559693795500845,99
"1967",-1.87180851515819,-1.13112236692942,99
"1968",-1.51024461109229,-1.27397950978656,99
"1969",-1.14868070702638,-1.4168366526437,99
"1970",-0.78711680296048,-1.70255093835799,99
"1971",-0.425552898894576,-2.84540808121513,99
"1972",-0.063988994828672,-2.98826522407227,99
"1973",0.297574909237232,-2.98826522407227,99
"1974",0.659138813303136,-2.98826522407227,99
"1975",1.02070271736904,-2.98826522407227,99
"1976",1.38226662143494,-2.98826522407227,99
"1977",1.74383052550085,-2.98826522407227,99
"1978",2.10539442956675,-2.98826522407227,99
"1979",2.46695833363266,-2.98826522407227,99
"1980",2.82852223769856,-2.98826522407227,99
"1981",-4.04119193955362,-0.273979509786559,100
"1982",-3.67962803548771,-0.416836652643702,100
"1983",-3.31806413142181,-0.559693795500845,100
"1984",-2.9565002273559,-0.702550938357987,100
"1985",-2.59493632329,-0.702550938357987,100
"1986",-2.2333724192241,-0.84540808121513,100
"1987",-1.87180851515819,-0.988265224072273,100
"1988",-1.51024461109229,-0.988265224072273,100
"1989",-1.14868070702638,-2.13112236692942,100
"1990",-0.78711680296048,-2.98826522407227,100
"1991",-0.425552898894576,-2.98826522407227,100
"1992",-0.063988994828672,-2.98826522407227,100
"1993",0.297574909237232,-2.98826522407227,100
"1994",0.659138813303136,-2.98826522407227,100
"1995",1.02070271736904,-2.98826522407227,100
"1996",1.38226662143494,-2.98826522407227,100
"1997",1.74383052550085,-2.98826522407227,100
"1998",2.10539442956675,-2.98826522407227,100
"1999",2.46695833363266,-2.98826522407227,100
"2000",2.82852223769856,-2.98826522407227,100
