"","x","y","sample"
"1",-3.48763540942381,1.9999862055777,1
"2",-3.10077447760824,1.9999862055777,1
"3",-2.71391354579266,1.9999862055777,1
"4",-2.32705261397708,1.9999862055777,1
"5",-1.9401916821615,1.9999862055777,1
"6",-1.55333075034592,1.9999862055777,1
"7",-1.16646981853035,1.9999862055777,1
"8",-0.779608886714768,1.9999862055777,1
"9",-0.39274795489919,0.137168568761859,1
"10",-0.00588702308361189,-0.395065041756951,1
"11",0.380973908731966,-0.661181847016356,1
"12",0.767834840547544,-0.661181847016356,1
"13",1.15469577236312,-0.661181847016356,1
"14",1.5415567041787,-0.661181847016356,1
"15",1.92841763599428,-0.661181847016356,1
"16",2.31527856780986,-0.661181847016356,1
"17",2.70213949962544,-0.661181847016356,1
"18",3.08900043144101,-0.661181847016356,1
"19",3.47586136325659,-0.661181847016356,1
"20",3.86272229507217,-0.661181847016356,1
"21",-3.48763540942381,1.9999862055777,2
"22",-3.10077447760824,1.9999862055777,2
"23",-2.71391354579266,1.9999862055777,2
"24",-2.32705261397708,1.9999862055777,2
"25",-1.9401916821615,1.9999862055777,2
"26",-1.55333075034592,1.9999862055777,2
"27",-1.16646981853035,1.9999862055777,2
"28",-0.779608886714768,1.9999862055777,2
"29",-0.39274795489919,0.137168568761859,2
"30",-0.00588702308361189,-0.395065041756951,2
"31",0.380973908731966,-0.661181847016356,2
"32",0.767834840547544,-0.661181847016356,2
"33",1.15469577236312,-0.661181847016356,2
"34",1.5415567041787,-0.661181847016356,2
"35",1.92841763599428,-0.661181847016356,2
"36",2.31527856780986,-0.661181847016356,2
"37",2.70213949962544,-0.661181847016356,2
"38",3.08900043144101,-0.661181847016356,2
"39",3.47586136325659,-0.661181847016356,2
"40",3.86272229507217,-0.661181847016356,2
"41",-3.48763540942381,1.9999862055777,3
"42",-3.10077447760824,1.9999862055777,3
"43",-2.71391354579266,1.9999862055777,3
"44",-2.32705261397708,1.9999862055777,3
"45",-1.9401916821615,1.9999862055777,3
"46",-1.55333075034592,1.9999862055777,3
"47",-1.16646981853035,1.9999862055777,3
"48",-0.779608886714768,1.9999862055777,3
"49",-0.39274795489919,-0.128948236497546,3
"50",-0.00588702308361189,-0.395065041756951,3
"51",0.380973908731966,-0.661181847016356,3
"52",0.767834840547544,-0.661181847016356,3
"53",1.15469577236312,-0.661181847016356,3
"54",1.5415567041787,-0.661181847016356,3
"55",1.92841763599428,-0.661181847016356,3
"56",2.31527856780986,-0.661181847016356,3
"57",2.70213949962544,-0.661181847016356,3
"58",3.08900043144101,-0.661181847016356,3
"59",3.47586136325659,-0.661181847016356,3
"60",3.86272229507217,-0.661181847016356,3
"61",-3.48763540942381,1.9999862055777,4
"62",-3.10077447760824,1.9999862055777,4
"63",-2.71391354579266,1.9999862055777,4
"64",-2.32705261397708,1.9999862055777,4
"65",-1.9401916821615,1.9999862055777,4
"66",-1.55333075034592,1.9999862055777,4
"67",-1.16646981853035,1.9999862055777,4
"68",-0.779608886714768,1.9999862055777,4
"69",-0.39274795489919,-0.128948236497546,4
"70",-0.00588702308361189,-0.395065041756951,4
"71",0.380973908731966,-0.661181847016356,4
"72",0.767834840547544,-0.661181847016356,4
"73",1.15469577236312,-0.661181847016356,4
"74",1.5415567041787,-0.661181847016356,4
"75",1.92841763599428,-0.661181847016356,4
"76",2.31527856780986,-0.661181847016356,4
"77",2.70213949962544,-0.661181847016356,4
"78",3.08900043144101,-0.661181847016356,4
"79",3.47586136325659,-0.661181847016356,4
"80",3.86272229507217,-0.661181847016356,4
"81",-3.48763540942381,1.9999862055777,5
"82",-3.10077447760824,1.9999862055777,5
"83",-2.71391354579266,1.9999862055777,5
"84",-2.32705261397708,1.9999862055777,5
"85",-1.9401916821615,1.9999862055777,5
"86",-1.55333075034592,1.9999862055777,5
"87",-1.16646981853035,1.9999862055777,5
"88",-0.779608886714768,1.9999862055777,5
"89",-0.39274795489919,-0.128948236497546,5
"90",-0.00588702308361189,-0.395065041756951,5
"91",0.380973908731966,-0.661181847016356,5
"92",0.767834840547544,-0.661181847016356,5
"93",1.15469577236312,-0.661181847016356,5
"94",1.5415567041787,-0.661181847016356,5
"95",1.92841763599428,-0.661181847016356,5
"96",2.31527856780986,-0.661181847016356,5
"97",2.70213949962544,-0.661181847016356,5
"98",3.08900043144101,-0.661181847016356,5
"99",3.47586136325659,-0.661181847016356,5
"100",3.86272229507217,-0.661181847016356,5
"101",-3.48763540942381,1.9999862055777,6
"102",-3.10077447760824,1.9999862055777,6
"103",-2.71391354579266,1.9999862055777,6
"104",-2.32705261397708,1.9999862055777,6
"105",-1.9401916821615,1.9999862055777,6
"106",-1.55333075034592,1.9999862055777,6
"107",-1.16646981853035,1.9999862055777,6
"108",-0.779608886714768,1.20163578979948,6
"109",-0.39274795489919,-0.128948236497546,6
"110",-0.00588702308361189,-0.395065041756951,6
"111",0.380973908731966,-0.661181847016356,6
"112",0.767834840547544,-0.661181847016356,6
"113",1.15469577236312,-0.661181847016356,6
"114",1.5415567041787,-0.661181847016356,6
"115",1.92841763599428,-0.661181847016356,6
"116",2.31527856780986,-0.661181847016356,6
"117",2.70213949962544,-0.661181847016356,6
"118",3.08900043144101,-0.661181847016356,6
"119",3.47586136325659,-0.661181847016356,6
"120",3.86272229507217,-0.661181847016356,6
"121",-3.48763540942381,1.9999862055777,7
"122",-3.10077447760824,1.9999862055777,7
"123",-2.71391354579266,1.9999862055777,7
"124",-2.32705261397708,1.9999862055777,7
"125",-1.9401916821615,1.9999862055777,7
"126",-1.55333075034592,1.9999862055777,7
"127",-1.16646981853035,1.9999862055777,7
"128",-0.779608886714768,1.46775259505888,7
"129",-0.39274795489919,-0.128948236497546,7
"130",-0.00588702308361189,-0.395065041756951,7
"131",0.380973908731966,-0.661181847016356,7
"132",0.767834840547544,-0.661181847016356,7
"133",1.15469577236312,-0.661181847016356,7
"134",1.5415567041787,-0.661181847016356,7
"135",1.92841763599428,-0.661181847016356,7
"136",2.31527856780986,-0.661181847016356,7
"137",2.70213949962544,-0.661181847016356,7
"138",3.08900043144101,-0.661181847016356,7
"139",3.47586136325659,-0.661181847016356,7
"140",3.86272229507217,-0.661181847016356,7
"141",-3.48763540942381,1.9999862055777,8
"142",-3.10077447760824,1.9999862055777,8
"143",-2.71391354579266,1.9999862055777,8
"144",-2.32705261397708,1.9999862055777,8
"145",-1.9401916821615,1.9999862055777,8
"146",-1.55333075034592,1.9999862055777,8
"147",-1.16646981853035,1.9999862055777,8
"148",-0.779608886714768,1.9999862055777,8
"149",-0.39274795489919,-0.128948236497546,8
"150",-0.00588702308361189,-0.395065041756951,8
"151",0.380973908731966,-0.661181847016356,8
"152",0.767834840547544,-0.661181847016356,8
"153",1.15469577236312,-0.661181847016356,8
"154",1.5415567041787,-0.661181847016356,8
"155",1.92841763599428,-0.661181847016356,8
"156",2.31527856780986,-0.661181847016356,8
"157",2.70213949962544,-0.661181847016356,8
"158",3.08900043144101,-0.661181847016356,8
"159",3.47586136325659,-0.661181847016356,8
"160",3.86272229507217,-0.661181847016356,8
"161",-3.48763540942381,1.9999862055777,9
"162",-3.10077447760824,1.9999862055777,9
"163",-2.71391354579266,1.9999862055777,9
"164",-2.32705261397708,1.9999862055777,9
"165",-1.9401916821615,1.9999862055777,9
"166",-1.55333075034592,1.9999862055777,9
"167",-1.16646981853035,1.9999862055777,9
"168",-0.779608886714768,0.403285374021264,9
"169",-0.39274795489919,-0.395065041756951,9
"170",-0.00588702308361189,-0.661181847016356,9
"171",0.380973908731966,-0.661181847016356,9
"172",0.767834840547544,-0.661181847016356,9
"173",1.15469577236312,-0.661181847016356,9
"174",1.5415567041787,-0.661181847016356,9
"175",1.92841763599428,-0.661181847016356,9
"176",2.31527856780986,-0.661181847016356,9
"177",2.70213949962544,-0.661181847016356,9
"178",3.08900043144101,-0.661181847016356,9
"179",3.47586136325659,-0.661181847016356,9
"180",3.86272229507217,-0.661181847016356,9
"181",-3.48763540942381,1.9999862055777,10
"182",-3.10077447760824,1.9999862055777,10
"183",-2.71391354579266,1.9999862055777,10
"184",-2.32705261397708,1.9999862055777,10
"185",-1.9401916821615,1.9999862055777,10
"186",-1.55333075034592,1.9999862055777,10
"187",-1.16646981853035,1.9999862055777,10
"188",-0.779608886714768,1.9999862055777,10
"189",-0.39274795489919,-0.128948236497546,10
"190",-0.00588702308361189,-0.395065041756951,10
"191",0.380973908731966,-0.661181847016356,10
"192",0.767834840547544,-0.661181847016356,10
"193",1.15469577236312,-0.661181847016356,10
"194",1.5415567041787,-0.661181847016356,10
"195",1.92841763599428,-0.661181847016356,10
"196",2.31527856780986,-0.661181847016356,10
"197",2.70213949962544,-0.661181847016356,10
"198",3.08900043144101,-0.661181847016356,10
"199",3.47586136325659,-0.661181847016356,10
"200",3.86272229507217,-0.661181847016356,10
"201",-3.48763540942381,1.9999862055777,11
"202",-3.10077447760824,1.9999862055777,11
"203",-2.71391354579266,1.9999862055777,11
"204",-2.32705261397708,1.9999862055777,11
"205",-1.9401916821615,1.9999862055777,11
"206",-1.55333075034592,1.9999862055777,11
"207",-1.16646981853035,1.9999862055777,11
"208",-0.779608886714768,1.9999862055777,11
"209",-0.39274795489919,0.137168568761859,11
"210",-0.00588702308361189,-0.395065041756951,11
"211",0.380973908731966,-0.661181847016356,11
"212",0.767834840547544,-0.661181847016356,11
"213",1.15469577236312,-0.661181847016356,11
"214",1.5415567041787,-0.661181847016356,11
"215",1.92841763599428,-0.661181847016356,11
"216",2.31527856780986,-0.661181847016356,11
"217",2.70213949962544,-0.661181847016356,11
"218",3.08900043144101,-0.661181847016356,11
"219",3.47586136325659,-0.661181847016356,11
"220",3.86272229507217,-0.661181847016356,11
"221",-3.48763540942381,1.9999862055777,12
"222",-3.10077447760824,1.9999862055777,12
"223",-2.71391354579266,1.9999862055777,12
"224",-2.32705261397708,1.9999862055777,12
"225",-1.9401916821615,1.9999862055777,12
"226",-1.55333075034592,1.9999862055777,12
"227",-1.16646981853035,1.9999862055777,12
"228",-0.779608886714768,0.935518984540074,12
"229",-0.39274795489919,-0.128948236497546,12
"230",-0.00588702308361189,-0.395065041756951,12
"231",0.380973908731966,-0.661181847016356,12
"232",0.767834840547544,-0.661181847016356,12
"233",1.15469577236312,-0.661181847016356,12
"234",1.5415567041787,-0.661181847016356,12
"235",1.92841763599428,-0.661181847016356,12
"236",2.31527856780986,-0.661181847016356,12
"237",2.70213949962544,-0.661181847016356,12
"238",3.08900043144101,-0.661181847016356,12
"239",3.47586136325659,-0.661181847016356,12
"240",3.86272229507217,-0.661181847016356,12
"241",-3.48763540942381,1.9999862055777,13
"242",-3.10077447760824,1.9999862055777,13
"243",-2.71391354579266,1.9999862055777,13
"244",-2.32705261397708,1.9999862055777,13
"245",-1.9401916821615,1.9999862055777,13
"246",-1.55333075034592,1.9999862055777,13
"247",-1.16646981853035,1.9999862055777,13
"248",-0.779608886714768,0.137168568761859,13
"249",-0.39274795489919,-0.128948236497546,13
"250",-0.00588702308361189,-0.395065041756951,13
"251",0.380973908731966,-0.661181847016356,13
"252",0.767834840547544,-0.661181847016356,13
"253",1.15469577236312,-0.661181847016356,13
"254",1.5415567041787,-0.661181847016356,13
"255",1.92841763599428,-0.661181847016356,13
"256",2.31527856780986,-0.661181847016356,13
"257",2.70213949962544,-0.661181847016356,13
"258",3.08900043144101,-0.661181847016356,13
"259",3.47586136325659,-0.661181847016356,13
"260",3.86272229507217,-0.661181847016356,13
"261",-3.48763540942381,1.9999862055777,14
"262",-3.10077447760824,1.9999862055777,14
"263",-2.71391354579266,1.9999862055777,14
"264",-2.32705261397708,1.9999862055777,14
"265",-1.9401916821615,1.9999862055777,14
"266",-1.55333075034592,1.9999862055777,14
"267",-1.16646981853035,1.9999862055777,14
"268",-0.779608886714768,1.9999862055777,14
"269",-0.39274795489919,-0.128948236497546,14
"270",-0.00588702308361189,-0.395065041756951,14
"271",0.380973908731966,-0.661181847016356,14
"272",0.767834840547544,-0.661181847016356,14
"273",1.15469577236312,-0.661181847016356,14
"274",1.5415567041787,-0.661181847016356,14
"275",1.92841763599428,-0.661181847016356,14
"276",2.31527856780986,-0.661181847016356,14
"277",2.70213949962544,-0.661181847016356,14
"278",3.08900043144101,-0.661181847016356,14
"279",3.47586136325659,-0.661181847016356,14
"280",3.86272229507217,-0.661181847016356,14
"281",-3.48763540942381,1.9999862055777,15
"282",-3.10077447760824,1.9999862055777,15
"283",-2.71391354579266,1.9999862055777,15
"284",-2.32705261397708,1.9999862055777,15
"285",-1.9401916821615,1.9999862055777,15
"286",-1.55333075034592,1.9999862055777,15
"287",-1.16646981853035,1.9999862055777,15
"288",-0.779608886714768,1.46775259505888,15
"289",-0.39274795489919,-0.128948236497546,15
"290",-0.00588702308361189,-0.395065041756951,15
"291",0.380973908731966,-0.661181847016356,15
"292",0.767834840547544,-0.661181847016356,15
"293",1.15469577236312,-0.661181847016356,15
"294",1.5415567041787,-0.661181847016356,15
"295",1.92841763599428,-0.661181847016356,15
"296",2.31527856780986,-0.661181847016356,15
"297",2.70213949962544,-0.661181847016356,15
"298",3.08900043144101,-0.661181847016356,15
"299",3.47586136325659,-0.661181847016356,15
"300",3.86272229507217,-0.661181847016356,15
"301",-3.48763540942381,1.9999862055777,16
"302",-3.10077447760824,1.9999862055777,16
"303",-2.71391354579266,1.9999862055777,16
"304",-2.32705261397708,1.9999862055777,16
"305",-1.9401916821615,1.9999862055777,16
"306",-1.55333075034592,1.9999862055777,16
"307",-1.16646981853035,1.9999862055777,16
"308",-0.779608886714768,0.669402179280669,16
"309",-0.39274795489919,-0.128948236497546,16
"310",-0.00588702308361189,-0.395065041756951,16
"311",0.380973908731966,-0.661181847016356,16
"312",0.767834840547544,-0.661181847016356,16
"313",1.15469577236312,-0.661181847016356,16
"314",1.5415567041787,-0.661181847016356,16
"315",1.92841763599428,-0.661181847016356,16
"316",2.31527856780986,-0.661181847016356,16
"317",2.70213949962544,-0.661181847016356,16
"318",3.08900043144101,-0.661181847016356,16
"319",3.47586136325659,-0.661181847016356,16
"320",3.86272229507217,-0.661181847016356,16
"321",-3.48763540942381,1.9999862055777,17
"322",-3.10077447760824,1.9999862055777,17
"323",-2.71391354579266,1.9999862055777,17
"324",-2.32705261397708,1.9999862055777,17
"325",-1.9401916821615,1.9999862055777,17
"326",-1.55333075034592,1.9999862055777,17
"327",-1.16646981853035,1.9999862055777,17
"328",-0.779608886714768,1.9999862055777,17
"329",-0.39274795489919,-0.128948236497546,17
"330",-0.00588702308361189,-0.395065041756951,17
"331",0.380973908731966,-0.661181847016356,17
"332",0.767834840547544,-0.661181847016356,17
"333",1.15469577236312,-0.661181847016356,17
"334",1.5415567041787,-0.661181847016356,17
"335",1.92841763599428,-0.661181847016356,17
"336",2.31527856780986,-0.661181847016356,17
"337",2.70213949962544,-0.661181847016356,17
"338",3.08900043144101,-0.661181847016356,17
"339",3.47586136325659,-0.661181847016356,17
"340",3.86272229507217,-0.661181847016356,17
"341",-3.48763540942381,1.9999862055777,18
"342",-3.10077447760824,1.9999862055777,18
"343",-2.71391354579266,1.9999862055777,18
"344",-2.32705261397708,1.9999862055777,18
"345",-1.9401916821615,1.9999862055777,18
"346",-1.55333075034592,1.9999862055777,18
"347",-1.16646981853035,1.9999862055777,18
"348",-0.779608886714768,1.9999862055777,18
"349",-0.39274795489919,0.403285374021264,18
"350",-0.00588702308361189,-0.395065041756951,18
"351",0.380973908731966,-0.661181847016356,18
"352",0.767834840547544,-0.661181847016356,18
"353",1.15469577236312,-0.661181847016356,18
"354",1.5415567041787,-0.661181847016356,18
"355",1.92841763599428,-0.661181847016356,18
"356",2.31527856780986,-0.661181847016356,18
"357",2.70213949962544,-0.661181847016356,18
"358",3.08900043144101,-0.661181847016356,18
"359",3.47586136325659,-0.661181847016356,18
"360",3.86272229507217,-0.661181847016356,18
"361",-3.48763540942381,1.9999862055777,19
"362",-3.10077447760824,1.9999862055777,19
"363",-2.71391354579266,1.9999862055777,19
"364",-2.32705261397708,1.9999862055777,19
"365",-1.9401916821615,1.9999862055777,19
"366",-1.55333075034592,1.9999862055777,19
"367",-1.16646981853035,1.9999862055777,19
"368",-0.779608886714768,1.9999862055777,19
"369",-0.39274795489919,-0.128948236497546,19
"370",-0.00588702308361189,-0.395065041756951,19
"371",0.380973908731966,-0.661181847016356,19
"372",0.767834840547544,-0.661181847016356,19
"373",1.15469577236312,-0.661181847016356,19
"374",1.5415567041787,-0.661181847016356,19
"375",1.92841763599428,-0.661181847016356,19
"376",2.31527856780986,-0.661181847016356,19
"377",2.70213949962544,-0.661181847016356,19
"378",3.08900043144101,-0.661181847016356,19
"379",3.47586136325659,-0.661181847016356,19
"380",3.86272229507217,-0.661181847016356,19
"381",-3.48763540942381,1.9999862055777,20
"382",-3.10077447760824,1.9999862055777,20
"383",-2.71391354579266,1.9999862055777,20
"384",-2.32705261397708,1.9999862055777,20
"385",-1.9401916821615,1.9999862055777,20
"386",-1.55333075034592,1.9999862055777,20
"387",-1.16646981853035,1.9999862055777,20
"388",-0.779608886714768,1.9999862055777,20
"389",-0.39274795489919,-0.395065041756951,20
"390",-0.00588702308361189,-0.395065041756951,20
"391",0.380973908731966,-0.661181847016356,20
"392",0.767834840547544,-0.661181847016356,20
"393",1.15469577236312,-0.661181847016356,20
"394",1.5415567041787,-0.661181847016356,20
"395",1.92841763599428,-0.661181847016356,20
"396",2.31527856780986,-0.661181847016356,20
"397",2.70213949962544,-0.661181847016356,20
"398",3.08900043144101,-0.661181847016356,20
"399",3.47586136325659,-0.661181847016356,20
"400",3.86272229507217,-0.661181847016356,20
"401",-3.48763540942381,1.9999862055777,21
"402",-3.10077447760824,1.9999862055777,21
"403",-2.71391354579266,1.9999862055777,21
"404",-2.32705261397708,1.9999862055777,21
"405",-1.9401916821615,1.9999862055777,21
"406",-1.55333075034592,1.9999862055777,21
"407",-1.16646981853035,1.9999862055777,21
"408",-0.779608886714768,1.9999862055777,21
"409",-0.39274795489919,-0.128948236497546,21
"410",-0.00588702308361189,-0.395065041756951,21
"411",0.380973908731966,-0.661181847016356,21
"412",0.767834840547544,-0.661181847016356,21
"413",1.15469577236312,-0.661181847016356,21
"414",1.5415567041787,-0.661181847016356,21
"415",1.92841763599428,-0.661181847016356,21
"416",2.31527856780986,-0.661181847016356,21
"417",2.70213949962544,-0.661181847016356,21
"418",3.08900043144101,-0.661181847016356,21
"419",3.47586136325659,-0.661181847016356,21
"420",3.86272229507217,-0.661181847016356,21
"421",-3.48763540942381,1.9999862055777,22
"422",-3.10077447760824,1.9999862055777,22
"423",-2.71391354579266,1.9999862055777,22
"424",-2.32705261397708,1.9999862055777,22
"425",-1.9401916821615,1.9999862055777,22
"426",-1.55333075034592,1.9999862055777,22
"427",-1.16646981853035,1.9999862055777,22
"428",-0.779608886714768,1.9999862055777,22
"429",-0.39274795489919,-0.128948236497546,22
"430",-0.00588702308361189,-0.395065041756951,22
"431",0.380973908731966,-0.661181847016356,22
"432",0.767834840547544,-0.661181847016356,22
"433",1.15469577236312,-0.661181847016356,22
"434",1.5415567041787,-0.661181847016356,22
"435",1.92841763599428,-0.661181847016356,22
"436",2.31527856780986,-0.661181847016356,22
"437",2.70213949962544,-0.661181847016356,22
"438",3.08900043144101,-0.661181847016356,22
"439",3.47586136325659,-0.661181847016356,22
"440",3.86272229507217,-0.661181847016356,22
"441",-3.48763540942381,1.9999862055777,23
"442",-3.10077447760824,1.9999862055777,23
"443",-2.71391354579266,1.9999862055777,23
"444",-2.32705261397708,1.9999862055777,23
"445",-1.9401916821615,1.9999862055777,23
"446",-1.55333075034592,1.9999862055777,23
"447",-1.16646981853035,1.9999862055777,23
"448",-0.779608886714768,0.935518984540074,23
"449",-0.39274795489919,-0.128948236497546,23
"450",-0.00588702308361189,-0.395065041756951,23
"451",0.380973908731966,-0.661181847016356,23
"452",0.767834840547544,-0.661181847016356,23
"453",1.15469577236312,-0.661181847016356,23
"454",1.5415567041787,-0.661181847016356,23
"455",1.92841763599428,-0.661181847016356,23
"456",2.31527856780986,-0.661181847016356,23
"457",2.70213949962544,-0.661181847016356,23
"458",3.08900043144101,-0.661181847016356,23
"459",3.47586136325659,-0.661181847016356,23
"460",3.86272229507217,-0.661181847016356,23
"461",-3.48763540942381,1.9999862055777,24
"462",-3.10077447760824,1.9999862055777,24
"463",-2.71391354579266,1.9999862055777,24
"464",-2.32705261397708,1.9999862055777,24
"465",-1.9401916821615,1.9999862055777,24
"466",-1.55333075034592,1.9999862055777,24
"467",-1.16646981853035,1.9999862055777,24
"468",-0.779608886714768,1.9999862055777,24
"469",-0.39274795489919,0.137168568761859,24
"470",-0.00588702308361189,-0.395065041756951,24
"471",0.380973908731966,-0.661181847016356,24
"472",0.767834840547544,-0.661181847016356,24
"473",1.15469577236312,-0.661181847016356,24
"474",1.5415567041787,-0.661181847016356,24
"475",1.92841763599428,-0.661181847016356,24
"476",2.31527856780986,-0.661181847016356,24
"477",2.70213949962544,-0.661181847016356,24
"478",3.08900043144101,-0.661181847016356,24
"479",3.47586136325659,-0.661181847016356,24
"480",3.86272229507217,-0.661181847016356,24
"481",-3.48763540942381,1.9999862055777,25
"482",-3.10077447760824,1.9999862055777,25
"483",-2.71391354579266,1.9999862055777,25
"484",-2.32705261397708,1.9999862055777,25
"485",-1.9401916821615,1.9999862055777,25
"486",-1.55333075034592,1.9999862055777,25
"487",-1.16646981853035,1.9999862055777,25
"488",-0.779608886714768,1.20163578979948,25
"489",-0.39274795489919,-0.128948236497546,25
"490",-0.00588702308361189,-0.395065041756951,25
"491",0.380973908731966,-0.661181847016356,25
"492",0.767834840547544,-0.661181847016356,25
"493",1.15469577236312,-0.661181847016356,25
"494",1.5415567041787,-0.661181847016356,25
"495",1.92841763599428,-0.661181847016356,25
"496",2.31527856780986,-0.661181847016356,25
"497",2.70213949962544,-0.661181847016356,25
"498",3.08900043144101,-0.661181847016356,25
"499",3.47586136325659,-0.661181847016356,25
"500",3.86272229507217,-0.661181847016356,25
"501",-3.48763540942381,1.9999862055777,26
"502",-3.10077447760824,1.9999862055777,26
"503",-2.71391354579266,1.9999862055777,26
"504",-2.32705261397708,1.9999862055777,26
"505",-1.9401916821615,1.9999862055777,26
"506",-1.55333075034592,1.9999862055777,26
"507",-1.16646981853035,1.9999862055777,26
"508",-0.779608886714768,1.9999862055777,26
"509",-0.39274795489919,-0.128948236497546,26
"510",-0.00588702308361189,-0.395065041756951,26
"511",0.380973908731966,-0.661181847016356,26
"512",0.767834840547544,-0.661181847016356,26
"513",1.15469577236312,-0.661181847016356,26
"514",1.5415567041787,-0.661181847016356,26
"515",1.92841763599428,-0.661181847016356,26
"516",2.31527856780986,-0.661181847016356,26
"517",2.70213949962544,-0.661181847016356,26
"518",3.08900043144101,-0.661181847016356,26
"519",3.47586136325659,-0.661181847016356,26
"520",3.86272229507217,-0.661181847016356,26
"521",-3.48763540942381,1.9999862055777,27
"522",-3.10077447760824,1.9999862055777,27
"523",-2.71391354579266,1.9999862055777,27
"524",-2.32705261397708,1.9999862055777,27
"525",-1.9401916821615,1.9999862055777,27
"526",-1.55333075034592,1.9999862055777,27
"527",-1.16646981853035,1.9999862055777,27
"528",-0.779608886714768,1.9999862055777,27
"529",-0.39274795489919,-0.128948236497546,27
"530",-0.00588702308361189,-0.395065041756951,27
"531",0.380973908731966,-0.661181847016356,27
"532",0.767834840547544,-0.661181847016356,27
"533",1.15469577236312,-0.661181847016356,27
"534",1.5415567041787,-0.661181847016356,27
"535",1.92841763599428,-0.661181847016356,27
"536",2.31527856780986,-0.661181847016356,27
"537",2.70213949962544,-0.661181847016356,27
"538",3.08900043144101,-0.661181847016356,27
"539",3.47586136325659,-0.661181847016356,27
"540",3.86272229507217,-0.661181847016356,27
"541",-3.48763540942381,1.9999862055777,28
"542",-3.10077447760824,1.9999862055777,28
"543",-2.71391354579266,1.9999862055777,28
"544",-2.32705261397708,1.9999862055777,28
"545",-1.9401916821615,1.9999862055777,28
"546",-1.55333075034592,1.9999862055777,28
"547",-1.16646981853035,1.9999862055777,28
"548",-0.779608886714768,1.9999862055777,28
"549",-0.39274795489919,0.137168568761859,28
"550",-0.00588702308361189,-0.395065041756951,28
"551",0.380973908731966,-0.661181847016356,28
"552",0.767834840547544,-0.661181847016356,28
"553",1.15469577236312,-0.661181847016356,28
"554",1.5415567041787,-0.661181847016356,28
"555",1.92841763599428,-0.661181847016356,28
"556",2.31527856780986,-0.661181847016356,28
"557",2.70213949962544,-0.661181847016356,28
"558",3.08900043144101,-0.661181847016356,28
"559",3.47586136325659,-0.661181847016356,28
"560",3.86272229507217,-0.661181847016356,28
"561",-3.48763540942381,1.9999862055777,29
"562",-3.10077447760824,1.9999862055777,29
"563",-2.71391354579266,1.9999862055777,29
"564",-2.32705261397708,1.9999862055777,29
"565",-1.9401916821615,1.9999862055777,29
"566",-1.55333075034592,1.9999862055777,29
"567",-1.16646981853035,1.9999862055777,29
"568",-0.779608886714768,0.403285374021264,29
"569",-0.39274795489919,-0.128948236497546,29
"570",-0.00588702308361189,-0.395065041756951,29
"571",0.380973908731966,-0.661181847016356,29
"572",0.767834840547544,-0.661181847016356,29
"573",1.15469577236312,-0.661181847016356,29
"574",1.5415567041787,-0.661181847016356,29
"575",1.92841763599428,-0.661181847016356,29
"576",2.31527856780986,-0.661181847016356,29
"577",2.70213949962544,-0.661181847016356,29
"578",3.08900043144101,-0.661181847016356,29
"579",3.47586136325659,-0.661181847016356,29
"580",3.86272229507217,-0.661181847016356,29
"581",-3.48763540942381,1.9999862055777,30
"582",-3.10077447760824,1.9999862055777,30
"583",-2.71391354579266,1.9999862055777,30
"584",-2.32705261397708,1.9999862055777,30
"585",-1.9401916821615,1.9999862055777,30
"586",-1.55333075034592,1.9999862055777,30
"587",-1.16646981853035,1.9999862055777,30
"588",-0.779608886714768,1.9999862055777,30
"589",-0.39274795489919,-0.128948236497546,30
"590",-0.00588702308361189,-0.395065041756951,30
"591",0.380973908731966,-0.661181847016356,30
"592",0.767834840547544,-0.661181847016356,30
"593",1.15469577236312,-0.661181847016356,30
"594",1.5415567041787,-0.661181847016356,30
"595",1.92841763599428,-0.661181847016356,30
"596",2.31527856780986,-0.661181847016356,30
"597",2.70213949962544,-0.661181847016356,30
"598",3.08900043144101,-0.661181847016356,30
"599",3.47586136325659,-0.661181847016356,30
"600",3.86272229507217,-0.661181847016356,30
"601",-3.48763540942381,1.9999862055777,31
"602",-3.10077447760824,1.9999862055777,31
"603",-2.71391354579266,1.9999862055777,31
"604",-2.32705261397708,1.9999862055777,31
"605",-1.9401916821615,1.9999862055777,31
"606",-1.55333075034592,1.9999862055777,31
"607",-1.16646981853035,1.9999862055777,31
"608",-0.779608886714768,0.669402179280669,31
"609",-0.39274795489919,-0.128948236497546,31
"610",-0.00588702308361189,-0.395065041756951,31
"611",0.380973908731966,-0.661181847016356,31
"612",0.767834840547544,-0.661181847016356,31
"613",1.15469577236312,-0.661181847016356,31
"614",1.5415567041787,-0.661181847016356,31
"615",1.92841763599428,-0.661181847016356,31
"616",2.31527856780986,-0.661181847016356,31
"617",2.70213949962544,-0.661181847016356,31
"618",3.08900043144101,-0.661181847016356,31
"619",3.47586136325659,-0.661181847016356,31
"620",3.86272229507217,-0.661181847016356,31
"621",-3.48763540942381,1.9999862055777,32
"622",-3.10077447760824,1.9999862055777,32
"623",-2.71391354579266,1.9999862055777,32
"624",-2.32705261397708,1.9999862055777,32
"625",-1.9401916821615,1.9999862055777,32
"626",-1.55333075034592,1.9999862055777,32
"627",-1.16646981853035,1.9999862055777,32
"628",-0.779608886714768,0.137168568761859,32
"629",-0.39274795489919,-0.128948236497546,32
"630",-0.00588702308361189,-0.395065041756951,32
"631",0.380973908731966,-0.661181847016356,32
"632",0.767834840547544,-0.661181847016356,32
"633",1.15469577236312,-0.661181847016356,32
"634",1.5415567041787,-0.661181847016356,32
"635",1.92841763599428,-0.661181847016356,32
"636",2.31527856780986,-0.661181847016356,32
"637",2.70213949962544,-0.661181847016356,32
"638",3.08900043144101,-0.661181847016356,32
"639",3.47586136325659,-0.661181847016356,32
"640",3.86272229507217,-0.661181847016356,32
"641",-3.48763540942381,1.9999862055777,33
"642",-3.10077447760824,1.9999862055777,33
"643",-2.71391354579266,1.9999862055777,33
"644",-2.32705261397708,1.9999862055777,33
"645",-1.9401916821615,1.9999862055777,33
"646",-1.55333075034592,1.9999862055777,33
"647",-1.16646981853035,1.9999862055777,33
"648",-0.779608886714768,1.9999862055777,33
"649",-0.39274795489919,-0.128948236497546,33
"650",-0.00588702308361189,-0.395065041756951,33
"651",0.380973908731966,-0.661181847016356,33
"652",0.767834840547544,-0.661181847016356,33
"653",1.15469577236312,-0.661181847016356,33
"654",1.5415567041787,-0.661181847016356,33
"655",1.92841763599428,-0.661181847016356,33
"656",2.31527856780986,-0.661181847016356,33
"657",2.70213949962544,-0.661181847016356,33
"658",3.08900043144101,-0.661181847016356,33
"659",3.47586136325659,-0.661181847016356,33
"660",3.86272229507217,-0.661181847016356,33
"661",-3.48763540942381,1.9999862055777,34
"662",-3.10077447760824,1.9999862055777,34
"663",-2.71391354579266,1.9999862055777,34
"664",-2.32705261397708,1.9999862055777,34
"665",-1.9401916821615,1.9999862055777,34
"666",-1.55333075034592,1.9999862055777,34
"667",-1.16646981853035,1.9999862055777,34
"668",-0.779608886714768,1.9999862055777,34
"669",-0.39274795489919,-0.395065041756951,34
"670",-0.00588702308361189,-0.395065041756951,34
"671",0.380973908731966,-0.661181847016356,34
"672",0.767834840547544,-0.661181847016356,34
"673",1.15469577236312,-0.661181847016356,34
"674",1.5415567041787,-0.661181847016356,34
"675",1.92841763599428,-0.661181847016356,34
"676",2.31527856780986,-0.661181847016356,34
"677",2.70213949962544,-0.661181847016356,34
"678",3.08900043144101,-0.661181847016356,34
"679",3.47586136325659,-0.661181847016356,34
"680",3.86272229507217,-0.661181847016356,34
"681",-3.48763540942381,1.9999862055777,35
"682",-3.10077447760824,1.9999862055777,35
"683",-2.71391354579266,1.9999862055777,35
"684",-2.32705261397708,1.9999862055777,35
"685",-1.9401916821615,1.9999862055777,35
"686",-1.55333075034592,1.9999862055777,35
"687",-1.16646981853035,1.9999862055777,35
"688",-0.779608886714768,0.403285374021264,35
"689",-0.39274795489919,-0.128948236497546,35
"690",-0.00588702308361189,-0.395065041756951,35
"691",0.380973908731966,-0.661181847016356,35
"692",0.767834840547544,-0.661181847016356,35
"693",1.15469577236312,-0.661181847016356,35
"694",1.5415567041787,-0.661181847016356,35
"695",1.92841763599428,-0.661181847016356,35
"696",2.31527856780986,-0.661181847016356,35
"697",2.70213949962544,-0.661181847016356,35
"698",3.08900043144101,-0.661181847016356,35
"699",3.47586136325659,-0.661181847016356,35
"700",3.86272229507217,-0.661181847016356,35
"701",-3.48763540942381,1.9999862055777,36
"702",-3.10077447760824,1.9999862055777,36
"703",-2.71391354579266,1.9999862055777,36
"704",-2.32705261397708,1.9999862055777,36
"705",-1.9401916821615,1.9999862055777,36
"706",-1.55333075034592,1.9999862055777,36
"707",-1.16646981853035,1.9999862055777,36
"708",-0.779608886714768,0.935518984540074,36
"709",-0.39274795489919,-0.128948236497546,36
"710",-0.00588702308361189,-0.395065041756951,36
"711",0.380973908731966,-0.661181847016356,36
"712",0.767834840547544,-0.661181847016356,36
"713",1.15469577236312,-0.661181847016356,36
"714",1.5415567041787,-0.661181847016356,36
"715",1.92841763599428,-0.661181847016356,36
"716",2.31527856780986,-0.661181847016356,36
"717",2.70213949962544,-0.661181847016356,36
"718",3.08900043144101,-0.661181847016356,36
"719",3.47586136325659,-0.661181847016356,36
"720",3.86272229507217,-0.661181847016356,36
"721",-3.48763540942381,1.9999862055777,37
"722",-3.10077447760824,1.9999862055777,37
"723",-2.71391354579266,1.9999862055777,37
"724",-2.32705261397708,1.9999862055777,37
"725",-1.9401916821615,1.9999862055777,37
"726",-1.55333075034592,1.9999862055777,37
"727",-1.16646981853035,1.9999862055777,37
"728",-0.779608886714768,1.9999862055777,37
"729",-0.39274795489919,-0.128948236497546,37
"730",-0.00588702308361189,-0.395065041756951,37
"731",0.380973908731966,-0.661181847016356,37
"732",0.767834840547544,-0.661181847016356,37
"733",1.15469577236312,-0.661181847016356,37
"734",1.5415567041787,-0.661181847016356,37
"735",1.92841763599428,-0.661181847016356,37
"736",2.31527856780986,-0.661181847016356,37
"737",2.70213949962544,-0.661181847016356,37
"738",3.08900043144101,-0.661181847016356,37
"739",3.47586136325659,-0.661181847016356,37
"740",3.86272229507217,-0.661181847016356,37
"741",-3.48763540942381,1.9999862055777,38
"742",-3.10077447760824,1.9999862055777,38
"743",-2.71391354579266,1.9999862055777,38
"744",-2.32705261397708,1.9999862055777,38
"745",-1.9401916821615,1.9999862055777,38
"746",-1.55333075034592,1.9999862055777,38
"747",-1.16646981853035,1.9999862055777,38
"748",-0.779608886714768,0.935518984540074,38
"749",-0.39274795489919,-0.128948236497546,38
"750",-0.00588702308361189,-0.395065041756951,38
"751",0.380973908731966,-0.661181847016356,38
"752",0.767834840547544,-0.661181847016356,38
"753",1.15469577236312,-0.661181847016356,38
"754",1.5415567041787,-0.661181847016356,38
"755",1.92841763599428,-0.927298652275761,38
"756",2.31527856780986,-0.927298652275761,38
"757",2.70213949962544,-0.927298652275761,38
"758",3.08900043144101,-0.927298652275761,38
"759",3.47586136325659,-0.927298652275761,38
"760",3.86272229507217,-0.927298652275761,38
"761",-3.48763540942381,1.9999862055777,39
"762",-3.10077447760824,1.9999862055777,39
"763",-2.71391354579266,1.9999862055777,39
"764",-2.32705261397708,1.9999862055777,39
"765",-1.9401916821615,1.9999862055777,39
"766",-1.55333075034592,1.9999862055777,39
"767",-1.16646981853035,1.9999862055777,39
"768",-0.779608886714768,1.9999862055777,39
"769",-0.39274795489919,-0.128948236497546,39
"770",-0.00588702308361189,-0.395065041756951,39
"771",0.380973908731966,-0.661181847016356,39
"772",0.767834840547544,-0.661181847016356,39
"773",1.15469577236312,-0.661181847016356,39
"774",1.5415567041787,-0.661181847016356,39
"775",1.92841763599428,-0.661181847016356,39
"776",2.31527856780986,-0.661181847016356,39
"777",2.70213949962544,-0.661181847016356,39
"778",3.08900043144101,-0.661181847016356,39
"779",3.47586136325659,-0.661181847016356,39
"780",3.86272229507217,-0.661181847016356,39
"781",-3.48763540942381,1.9999862055777,40
"782",-3.10077447760824,1.9999862055777,40
"783",-2.71391354579266,1.9999862055777,40
"784",-2.32705261397708,1.9999862055777,40
"785",-1.9401916821615,1.9999862055777,40
"786",-1.55333075034592,1.9999862055777,40
"787",-1.16646981853035,1.9999862055777,40
"788",-0.779608886714768,0.403285374021264,40
"789",-0.39274795489919,-0.395065041756951,40
"790",-0.00588702308361189,-0.395065041756951,40
"791",0.380973908731966,-0.661181847016356,40
"792",0.767834840547544,-0.661181847016356,40
"793",1.15469577236312,-0.661181847016356,40
"794",1.5415567041787,-0.661181847016356,40
"795",1.92841763599428,-0.661181847016356,40
"796",2.31527856780986,-0.661181847016356,40
"797",2.70213949962544,-0.661181847016356,40
"798",3.08900043144101,-0.661181847016356,40
"799",3.47586136325659,-0.661181847016356,40
"800",3.86272229507217,-0.661181847016356,40
"801",-3.48763540942381,1.9999862055777,41
"802",-3.10077447760824,1.9999862055777,41
"803",-2.71391354579266,1.9999862055777,41
"804",-2.32705261397708,1.9999862055777,41
"805",-1.9401916821615,1.9999862055777,41
"806",-1.55333075034592,1.9999862055777,41
"807",-1.16646981853035,1.9999862055777,41
"808",-0.779608886714768,0.137168568761859,41
"809",-0.39274795489919,-0.395065041756951,41
"810",-0.00588702308361189,-0.395065041756951,41
"811",0.380973908731966,-0.661181847016356,41
"812",0.767834840547544,-0.661181847016356,41
"813",1.15469577236312,-0.661181847016356,41
"814",1.5415567041787,-0.661181847016356,41
"815",1.92841763599428,-0.661181847016356,41
"816",2.31527856780986,-0.661181847016356,41
"817",2.70213949962544,-0.661181847016356,41
"818",3.08900043144101,-0.661181847016356,41
"819",3.47586136325659,-0.661181847016356,41
"820",3.86272229507217,-0.661181847016356,41
"821",-3.48763540942381,1.9999862055777,42
"822",-3.10077447760824,1.9999862055777,42
"823",-2.71391354579266,1.9999862055777,42
"824",-2.32705261397708,1.9999862055777,42
"825",-1.9401916821615,1.9999862055777,42
"826",-1.55333075034592,1.9999862055777,42
"827",-1.16646981853035,1.9999862055777,42
"828",-0.779608886714768,0.403285374021264,42
"829",-0.39274795489919,-0.395065041756951,42
"830",-0.00588702308361189,-0.395065041756951,42
"831",0.380973908731966,-0.661181847016356,42
"832",0.767834840547544,-0.661181847016356,42
"833",1.15469577236312,-0.661181847016356,42
"834",1.5415567041787,-0.661181847016356,42
"835",1.92841763599428,-0.661181847016356,42
"836",2.31527856780986,-0.661181847016356,42
"837",2.70213949962544,-0.661181847016356,42
"838",3.08900043144101,-0.661181847016356,42
"839",3.47586136325659,-0.661181847016356,42
"840",3.86272229507217,-0.661181847016356,42
"841",-3.48763540942381,1.9999862055777,43
"842",-3.10077447760824,1.9999862055777,43
"843",-2.71391354579266,1.9999862055777,43
"844",-2.32705261397708,1.9999862055777,43
"845",-1.9401916821615,1.9999862055777,43
"846",-1.55333075034592,1.9999862055777,43
"847",-1.16646981853035,1.9999862055777,43
"848",-0.779608886714768,1.9999862055777,43
"849",-0.39274795489919,-0.128948236497546,43
"850",-0.00588702308361189,-0.395065041756951,43
"851",0.380973908731966,-0.661181847016356,43
"852",0.767834840547544,-0.661181847016356,43
"853",1.15469577236312,-0.661181847016356,43
"854",1.5415567041787,-0.661181847016356,43
"855",1.92841763599428,-0.661181847016356,43
"856",2.31527856780986,-0.661181847016356,43
"857",2.70213949962544,-0.661181847016356,43
"858",3.08900043144101,-0.661181847016356,43
"859",3.47586136325659,-0.661181847016356,43
"860",3.86272229507217,-0.661181847016356,43
"861",-3.48763540942381,1.9999862055777,44
"862",-3.10077447760824,1.9999862055777,44
"863",-2.71391354579266,1.9999862055777,44
"864",-2.32705261397708,1.9999862055777,44
"865",-1.9401916821615,1.9999862055777,44
"866",-1.55333075034592,1.9999862055777,44
"867",-1.16646981853035,1.9999862055777,44
"868",-0.779608886714768,1.9999862055777,44
"869",-0.39274795489919,-0.128948236497546,44
"870",-0.00588702308361189,-0.395065041756951,44
"871",0.380973908731966,-0.661181847016356,44
"872",0.767834840547544,-0.661181847016356,44
"873",1.15469577236312,-0.661181847016356,44
"874",1.5415567041787,-0.661181847016356,44
"875",1.92841763599428,-0.661181847016356,44
"876",2.31527856780986,-0.661181847016356,44
"877",2.70213949962544,-0.661181847016356,44
"878",3.08900043144101,-0.661181847016356,44
"879",3.47586136325659,-0.661181847016356,44
"880",3.86272229507217,-0.661181847016356,44
"881",-3.48763540942381,1.9999862055777,45
"882",-3.10077447760824,1.9999862055777,45
"883",-2.71391354579266,1.9999862055777,45
"884",-2.32705261397708,1.9999862055777,45
"885",-1.9401916821615,1.9999862055777,45
"886",-1.55333075034592,1.9999862055777,45
"887",-1.16646981853035,1.9999862055777,45
"888",-0.779608886714768,-0.128948236497546,45
"889",-0.39274795489919,-0.395065041756951,45
"890",-0.00588702308361189,-0.661181847016356,45
"891",0.380973908731966,-0.661181847016356,45
"892",0.767834840547544,-0.661181847016356,45
"893",1.15469577236312,-0.661181847016356,45
"894",1.5415567041787,-0.661181847016356,45
"895",1.92841763599428,-0.661181847016356,45
"896",2.31527856780986,-0.661181847016356,45
"897",2.70213949962544,-0.661181847016356,45
"898",3.08900043144101,-0.661181847016356,45
"899",3.47586136325659,-0.661181847016356,45
"900",3.86272229507217,-0.661181847016356,45
"901",-3.48763540942381,1.9999862055777,46
"902",-3.10077447760824,1.9999862055777,46
"903",-2.71391354579266,1.9999862055777,46
"904",-2.32705261397708,1.9999862055777,46
"905",-1.9401916821615,1.9999862055777,46
"906",-1.55333075034592,1.9999862055777,46
"907",-1.16646981853035,1.9999862055777,46
"908",-0.779608886714768,1.9999862055777,46
"909",-0.39274795489919,0.137168568761859,46
"910",-0.00588702308361189,-0.395065041756951,46
"911",0.380973908731966,-0.661181847016356,46
"912",0.767834840547544,-0.661181847016356,46
"913",1.15469577236312,-0.661181847016356,46
"914",1.5415567041787,-0.661181847016356,46
"915",1.92841763599428,-0.661181847016356,46
"916",2.31527856780986,-0.661181847016356,46
"917",2.70213949962544,-0.661181847016356,46
"918",3.08900043144101,-0.661181847016356,46
"919",3.47586136325659,-0.661181847016356,46
"920",3.86272229507217,-0.661181847016356,46
"921",-3.48763540942381,1.9999862055777,47
"922",-3.10077447760824,1.9999862055777,47
"923",-2.71391354579266,1.9999862055777,47
"924",-2.32705261397708,1.9999862055777,47
"925",-1.9401916821615,1.9999862055777,47
"926",-1.55333075034592,1.9999862055777,47
"927",-1.16646981853035,1.9999862055777,47
"928",-0.779608886714768,1.9999862055777,47
"929",-0.39274795489919,-0.395065041756951,47
"930",-0.00588702308361189,-0.395065041756951,47
"931",0.380973908731966,-0.661181847016356,47
"932",0.767834840547544,-0.661181847016356,47
"933",1.15469577236312,-0.661181847016356,47
"934",1.5415567041787,-0.661181847016356,47
"935",1.92841763599428,-0.661181847016356,47
"936",2.31527856780986,-0.661181847016356,47
"937",2.70213949962544,-0.661181847016356,47
"938",3.08900043144101,-0.661181847016356,47
"939",3.47586136325659,-0.661181847016356,47
"940",3.86272229507217,-0.661181847016356,47
"941",-3.48763540942381,1.9999862055777,48
"942",-3.10077447760824,1.9999862055777,48
"943",-2.71391354579266,1.9999862055777,48
"944",-2.32705261397708,1.9999862055777,48
"945",-1.9401916821615,1.9999862055777,48
"946",-1.55333075034592,1.9999862055777,48
"947",-1.16646981853035,1.9999862055777,48
"948",-0.779608886714768,0.669402179280669,48
"949",-0.39274795489919,-0.128948236497546,48
"950",-0.00588702308361189,-0.395065041756951,48
"951",0.380973908731966,-0.661181847016356,48
"952",0.767834840547544,-0.661181847016356,48
"953",1.15469577236312,-0.661181847016356,48
"954",1.5415567041787,-0.661181847016356,48
"955",1.92841763599428,-0.661181847016356,48
"956",2.31527856780986,-0.661181847016356,48
"957",2.70213949962544,-0.661181847016356,48
"958",3.08900043144101,-0.661181847016356,48
"959",3.47586136325659,-0.661181847016356,48
"960",3.86272229507217,-0.661181847016356,48
"961",-3.48763540942381,1.9999862055777,49
"962",-3.10077447760824,1.9999862055777,49
"963",-2.71391354579266,1.9999862055777,49
"964",-2.32705261397708,1.9999862055777,49
"965",-1.9401916821615,1.9999862055777,49
"966",-1.55333075034592,1.9999862055777,49
"967",-1.16646981853035,1.9999862055777,49
"968",-0.779608886714768,0.137168568761859,49
"969",-0.39274795489919,-0.395065041756951,49
"970",-0.00588702308361189,-0.395065041756951,49
"971",0.380973908731966,-0.661181847016356,49
"972",0.767834840547544,-0.661181847016356,49
"973",1.15469577236312,-0.661181847016356,49
"974",1.5415567041787,-0.661181847016356,49
"975",1.92841763599428,-0.661181847016356,49
"976",2.31527856780986,-0.661181847016356,49
"977",2.70213949962544,-0.661181847016356,49
"978",3.08900043144101,-0.661181847016356,49
"979",3.47586136325659,-0.661181847016356,49
"980",3.86272229507217,-0.661181847016356,49
"981",-3.48763540942381,1.9999862055777,50
"982",-3.10077447760824,1.9999862055777,50
"983",-2.71391354579266,1.9999862055777,50
"984",-2.32705261397708,1.9999862055777,50
"985",-1.9401916821615,1.9999862055777,50
"986",-1.55333075034592,1.9999862055777,50
"987",-1.16646981853035,1.9999862055777,50
"988",-0.779608886714768,0.403285374021264,50
"989",-0.39274795489919,-0.395065041756951,50
"990",-0.00588702308361189,-0.395065041756951,50
"991",0.380973908731966,-0.661181847016356,50
"992",0.767834840547544,-0.661181847016356,50
"993",1.15469577236312,-0.661181847016356,50
"994",1.5415567041787,-0.661181847016356,50
"995",1.92841763599428,-0.661181847016356,50
"996",2.31527856780986,-0.661181847016356,50
"997",2.70213949962544,-0.661181847016356,50
"998",3.08900043144101,-0.661181847016356,50
"999",3.47586136325659,-0.661181847016356,50
"1000",3.86272229507217,-0.661181847016356,50
"1001",-3.48763540942381,1.9999862055777,51
"1002",-3.10077447760824,1.9999862055777,51
"1003",-2.71391354579266,1.9999862055777,51
"1004",-2.32705261397708,1.9999862055777,51
"1005",-1.9401916821615,1.9999862055777,51
"1006",-1.55333075034592,1.9999862055777,51
"1007",-1.16646981853035,1.9999862055777,51
"1008",-0.779608886714768,1.73386940031829,51
"1009",-0.39274795489919,-0.395065041756951,51
"1010",-0.00588702308361189,-0.395065041756951,51
"1011",0.380973908731966,-0.661181847016356,51
"1012",0.767834840547544,-0.661181847016356,51
"1013",1.15469577236312,-0.661181847016356,51
"1014",1.5415567041787,-0.661181847016356,51
"1015",1.92841763599428,-0.661181847016356,51
"1016",2.31527856780986,-0.661181847016356,51
"1017",2.70213949962544,-0.661181847016356,51
"1018",3.08900043144101,-0.661181847016356,51
"1019",3.47586136325659,-0.661181847016356,51
"1020",3.86272229507217,-0.661181847016356,51
"1021",-3.48763540942381,1.9999862055777,52
"1022",-3.10077447760824,1.9999862055777,52
"1023",-2.71391354579266,1.9999862055777,52
"1024",-2.32705261397708,1.9999862055777,52
"1025",-1.9401916821615,1.9999862055777,52
"1026",-1.55333075034592,1.9999862055777,52
"1027",-1.16646981853035,1.9999862055777,52
"1028",-0.779608886714768,0.935518984540074,52
"1029",-0.39274795489919,-0.128948236497546,52
"1030",-0.00588702308361189,-0.395065041756951,52
"1031",0.380973908731966,-0.661181847016356,52
"1032",0.767834840547544,-0.661181847016356,52
"1033",1.15469577236312,-0.661181847016356,52
"1034",1.5415567041787,-0.661181847016356,52
"1035",1.92841763599428,-0.661181847016356,52
"1036",2.31527856780986,-0.661181847016356,52
"1037",2.70213949962544,-0.661181847016356,52
"1038",3.08900043144101,-0.661181847016356,52
"1039",3.47586136325659,-0.661181847016356,52
"1040",3.86272229507217,-0.661181847016356,52
"1041",-3.48763540942381,1.9999862055777,53
"1042",-3.10077447760824,1.9999862055777,53
"1043",-2.71391354579266,1.9999862055777,53
"1044",-2.32705261397708,1.9999862055777,53
"1045",-1.9401916821615,1.9999862055777,53
"1046",-1.55333075034592,1.9999862055777,53
"1047",-1.16646981853035,1.9999862055777,53
"1048",-0.779608886714768,1.9999862055777,53
"1049",-0.39274795489919,-0.128948236497546,53
"1050",-0.00588702308361189,-0.395065041756951,53
"1051",0.380973908731966,-0.661181847016356,53
"1052",0.767834840547544,-0.661181847016356,53
"1053",1.15469577236312,-0.661181847016356,53
"1054",1.5415567041787,-0.661181847016356,53
"1055",1.92841763599428,-0.661181847016356,53
"1056",2.31527856780986,-0.661181847016356,53
"1057",2.70213949962544,-0.661181847016356,53
"1058",3.08900043144101,-0.661181847016356,53
"1059",3.47586136325659,-0.661181847016356,53
"1060",3.86272229507217,-0.661181847016356,53
"1061",-3.48763540942381,1.9999862055777,54
"1062",-3.10077447760824,1.9999862055777,54
"1063",-2.71391354579266,1.9999862055777,54
"1064",-2.32705261397708,1.9999862055777,54
"1065",-1.9401916821615,1.9999862055777,54
"1066",-1.55333075034592,1.9999862055777,54
"1067",-1.16646981853035,1.9999862055777,54
"1068",-0.779608886714768,0.935518984540074,54
"1069",-0.39274795489919,-0.128948236497546,54
"1070",-0.00588702308361189,-0.395065041756951,54
"1071",0.380973908731966,-0.661181847016356,54
"1072",0.767834840547544,-0.661181847016356,54
"1073",1.15469577236312,-0.661181847016356,54
"1074",1.5415567041787,-0.661181847016356,54
"1075",1.92841763599428,-0.661181847016356,54
"1076",2.31527856780986,-0.661181847016356,54
"1077",2.70213949962544,-0.661181847016356,54
"1078",3.08900043144101,-0.661181847016356,54
"1079",3.47586136325659,-0.661181847016356,54
"1080",3.86272229507217,-0.661181847016356,54
"1081",-3.48763540942381,1.9999862055777,55
"1082",-3.10077447760824,1.9999862055777,55
"1083",-2.71391354579266,1.9999862055777,55
"1084",-2.32705261397708,1.9999862055777,55
"1085",-1.9401916821615,1.9999862055777,55
"1086",-1.55333075034592,1.9999862055777,55
"1087",-1.16646981853035,1.9999862055777,55
"1088",-0.779608886714768,0.137168568761859,55
"1089",-0.39274795489919,-0.395065041756951,55
"1090",-0.00588702308361189,-0.395065041756951,55
"1091",0.380973908731966,-0.661181847016356,55
"1092",0.767834840547544,-0.661181847016356,55
"1093",1.15469577236312,-0.661181847016356,55
"1094",1.5415567041787,-0.661181847016356,55
"1095",1.92841763599428,-0.661181847016356,55
"1096",2.31527856780986,-0.661181847016356,55
"1097",2.70213949962544,-0.661181847016356,55
"1098",3.08900043144101,-0.661181847016356,55
"1099",3.47586136325659,-0.661181847016356,55
"1100",3.86272229507217,-0.661181847016356,55
"1101",-3.48763540942381,1.9999862055777,56
"1102",-3.10077447760824,1.9999862055777,56
"1103",-2.71391354579266,1.9999862055777,56
"1104",-2.32705261397708,1.9999862055777,56
"1105",-1.9401916821615,1.9999862055777,56
"1106",-1.55333075034592,1.9999862055777,56
"1107",-1.16646981853035,1.9999862055777,56
"1108",-0.779608886714768,1.9999862055777,56
"1109",-0.39274795489919,0.137168568761859,56
"1110",-0.00588702308361189,-0.395065041756951,56
"1111",0.380973908731966,-0.661181847016356,56
"1112",0.767834840547544,-0.661181847016356,56
"1113",1.15469577236312,-0.661181847016356,56
"1114",1.5415567041787,-0.661181847016356,56
"1115",1.92841763599428,-0.661181847016356,56
"1116",2.31527856780986,-0.661181847016356,56
"1117",2.70213949962544,-0.661181847016356,56
"1118",3.08900043144101,-0.661181847016356,56
"1119",3.47586136325659,-0.661181847016356,56
"1120",3.86272229507217,-0.661181847016356,56
"1121",-3.48763540942381,1.9999862055777,57
"1122",-3.10077447760824,1.9999862055777,57
"1123",-2.71391354579266,1.9999862055777,57
"1124",-2.32705261397708,1.9999862055777,57
"1125",-1.9401916821615,1.9999862055777,57
"1126",-1.55333075034592,1.9999862055777,57
"1127",-1.16646981853035,1.9999862055777,57
"1128",-0.779608886714768,1.9999862055777,57
"1129",-0.39274795489919,-0.395065041756951,57
"1130",-0.00588702308361189,-0.395065041756951,57
"1131",0.380973908731966,-0.661181847016356,57
"1132",0.767834840547544,-0.661181847016356,57
"1133",1.15469577236312,-0.661181847016356,57
"1134",1.5415567041787,-0.661181847016356,57
"1135",1.92841763599428,-0.661181847016356,57
"1136",2.31527856780986,-0.661181847016356,57
"1137",2.70213949962544,-0.661181847016356,57
"1138",3.08900043144101,-0.661181847016356,57
"1139",3.47586136325659,-0.661181847016356,57
"1140",3.86272229507217,-0.661181847016356,57
"1141",-3.48763540942381,1.9999862055777,58
"1142",-3.10077447760824,1.9999862055777,58
"1143",-2.71391354579266,1.9999862055777,58
"1144",-2.32705261397708,1.9999862055777,58
"1145",-1.9401916821615,1.9999862055777,58
"1146",-1.55333075034592,1.9999862055777,58
"1147",-1.16646981853035,1.9999862055777,58
"1148",-0.779608886714768,0.137168568761859,58
"1149",-0.39274795489919,-0.395065041756951,58
"1150",-0.00588702308361189,-0.395065041756951,58
"1151",0.380973908731966,-0.661181847016356,58
"1152",0.767834840547544,-0.661181847016356,58
"1153",1.15469577236312,-0.661181847016356,58
"1154",1.5415567041787,-0.661181847016356,58
"1155",1.92841763599428,-0.661181847016356,58
"1156",2.31527856780986,-0.661181847016356,58
"1157",2.70213949962544,-0.661181847016356,58
"1158",3.08900043144101,-0.661181847016356,58
"1159",3.47586136325659,-0.661181847016356,58
"1160",3.86272229507217,-0.661181847016356,58
"1161",-3.48763540942381,1.9999862055777,59
"1162",-3.10077447760824,1.9999862055777,59
"1163",-2.71391354579266,1.9999862055777,59
"1164",-2.32705261397708,1.9999862055777,59
"1165",-1.9401916821615,1.9999862055777,59
"1166",-1.55333075034592,1.9999862055777,59
"1167",-1.16646981853035,1.9999862055777,59
"1168",-0.779608886714768,0.403285374021264,59
"1169",-0.39274795489919,-0.395065041756951,59
"1170",-0.00588702308361189,-0.395065041756951,59
"1171",0.380973908731966,-0.661181847016356,59
"1172",0.767834840547544,-0.661181847016356,59
"1173",1.15469577236312,-0.661181847016356,59
"1174",1.5415567041787,-0.661181847016356,59
"1175",1.92841763599428,-0.661181847016356,59
"1176",2.31527856780986,-0.661181847016356,59
"1177",2.70213949962544,-0.661181847016356,59
"1178",3.08900043144101,-0.661181847016356,59
"1179",3.47586136325659,-0.661181847016356,59
"1180",3.86272229507217,-0.661181847016356,59
"1181",-3.48763540942381,1.9999862055777,60
"1182",-3.10077447760824,1.9999862055777,60
"1183",-2.71391354579266,1.9999862055777,60
"1184",-2.32705261397708,1.9999862055777,60
"1185",-1.9401916821615,1.9999862055777,60
"1186",-1.55333075034592,1.9999862055777,60
"1187",-1.16646981853035,1.9999862055777,60
"1188",-0.779608886714768,1.20163578979948,60
"1189",-0.39274795489919,-0.395065041756951,60
"1190",-0.00588702308361189,-0.395065041756951,60
"1191",0.380973908731966,-0.661181847016356,60
"1192",0.767834840547544,-0.661181847016356,60
"1193",1.15469577236312,-0.661181847016356,60
"1194",1.5415567041787,-0.661181847016356,60
"1195",1.92841763599428,-0.661181847016356,60
"1196",2.31527856780986,-0.661181847016356,60
"1197",2.70213949962544,-0.661181847016356,60
"1198",3.08900043144101,-0.661181847016356,60
"1199",3.47586136325659,-0.661181847016356,60
"1200",3.86272229507217,-0.661181847016356,60
"1201",-3.48763540942381,1.9999862055777,61
"1202",-3.10077447760824,1.9999862055777,61
"1203",-2.71391354579266,1.9999862055777,61
"1204",-2.32705261397708,1.9999862055777,61
"1205",-1.9401916821615,1.9999862055777,61
"1206",-1.55333075034592,1.9999862055777,61
"1207",-1.16646981853035,1.9999862055777,61
"1208",-0.779608886714768,-0.128948236497546,61
"1209",-0.39274795489919,-0.395065041756951,61
"1210",-0.00588702308361189,-0.395065041756951,61
"1211",0.380973908731966,-0.661181847016356,61
"1212",0.767834840547544,-0.661181847016356,61
"1213",1.15469577236312,-0.661181847016356,61
"1214",1.5415567041787,-0.661181847016356,61
"1215",1.92841763599428,-0.661181847016356,61
"1216",2.31527856780986,-0.661181847016356,61
"1217",2.70213949962544,-0.661181847016356,61
"1218",3.08900043144101,-0.661181847016356,61
"1219",3.47586136325659,-0.661181847016356,61
"1220",3.86272229507217,-0.661181847016356,61
"1221",-3.48763540942381,1.9999862055777,62
"1222",-3.10077447760824,1.9999862055777,62
"1223",-2.71391354579266,1.9999862055777,62
"1224",-2.32705261397708,1.9999862055777,62
"1225",-1.9401916821615,1.9999862055777,62
"1226",-1.55333075034592,1.9999862055777,62
"1227",-1.16646981853035,1.9999862055777,62
"1228",-0.779608886714768,1.9999862055777,62
"1229",-0.39274795489919,-0.128948236497546,62
"1230",-0.00588702308361189,-0.395065041756951,62
"1231",0.380973908731966,-0.661181847016356,62
"1232",0.767834840547544,-0.661181847016356,62
"1233",1.15469577236312,-0.661181847016356,62
"1234",1.5415567041787,-0.661181847016356,62
"1235",1.92841763599428,-0.661181847016356,62
"1236",2.31527856780986,-0.661181847016356,62
"1237",2.70213949962544,-0.661181847016356,62
"1238",3.08900043144101,-0.661181847016356,62
"1239",3.47586136325659,-0.661181847016356,62
"1240",3.86272229507217,-0.661181847016356,62
"1241",-3.48763540942381,1.9999862055777,63
"1242",-3.10077447760824,1.9999862055777,63
"1243",-2.71391354579266,1.9999862055777,63
"1244",-2.32705261397708,1.9999862055777,63
"1245",-1.9401916821615,1.9999862055777,63
"1246",-1.55333075034592,1.9999862055777,63
"1247",-1.16646981853035,1.9999862055777,63
"1248",-0.779608886714768,0.137168568761859,63
"1249",-0.39274795489919,-0.395065041756951,63
"1250",-0.00588702308361189,-0.395065041756951,63
"1251",0.380973908731966,-0.661181847016356,63
"1252",0.767834840547544,-0.661181847016356,63
"1253",1.15469577236312,-0.661181847016356,63
"1254",1.5415567041787,-0.661181847016356,63
"1255",1.92841763599428,-0.661181847016356,63
"1256",2.31527856780986,-0.661181847016356,63
"1257",2.70213949962544,-0.661181847016356,63
"1258",3.08900043144101,-0.661181847016356,63
"1259",3.47586136325659,-0.661181847016356,63
"1260",3.86272229507217,-0.661181847016356,63
"1261",-3.48763540942381,1.9999862055777,64
"1262",-3.10077447760824,1.9999862055777,64
"1263",-2.71391354579266,1.9999862055777,64
"1264",-2.32705261397708,1.9999862055777,64
"1265",-1.9401916821615,1.9999862055777,64
"1266",-1.55333075034592,1.9999862055777,64
"1267",-1.16646981853035,1.9999862055777,64
"1268",-0.779608886714768,1.20163578979948,64
"1269",-0.39274795489919,-0.128948236497546,64
"1270",-0.00588702308361189,-0.395065041756951,64
"1271",0.380973908731966,-0.661181847016356,64
"1272",0.767834840547544,-0.661181847016356,64
"1273",1.15469577236312,-0.661181847016356,64
"1274",1.5415567041787,-0.661181847016356,64
"1275",1.92841763599428,-0.661181847016356,64
"1276",2.31527856780986,-0.661181847016356,64
"1277",2.70213949962544,-0.661181847016356,64
"1278",3.08900043144101,-0.661181847016356,64
"1279",3.47586136325659,-0.661181847016356,64
"1280",3.86272229507217,-0.661181847016356,64
"1281",-3.48763540942381,1.9999862055777,65
"1282",-3.10077447760824,1.9999862055777,65
"1283",-2.71391354579266,1.9999862055777,65
"1284",-2.32705261397708,1.9999862055777,65
"1285",-1.9401916821615,1.9999862055777,65
"1286",-1.55333075034592,1.9999862055777,65
"1287",-1.16646981853035,1.9999862055777,65
"1288",-0.779608886714768,0.403285374021264,65
"1289",-0.39274795489919,-0.395065041756951,65
"1290",-0.00588702308361189,-0.395065041756951,65
"1291",0.380973908731966,-0.661181847016356,65
"1292",0.767834840547544,-0.661181847016356,65
"1293",1.15469577236312,-0.661181847016356,65
"1294",1.5415567041787,-0.661181847016356,65
"1295",1.92841763599428,-0.661181847016356,65
"1296",2.31527856780986,-0.661181847016356,65
"1297",2.70213949962544,-0.661181847016356,65
"1298",3.08900043144101,-0.661181847016356,65
"1299",3.47586136325659,-0.661181847016356,65
"1300",3.86272229507217,-0.661181847016356,65
"1301",-3.48763540942381,1.9999862055777,66
"1302",-3.10077447760824,1.9999862055777,66
"1303",-2.71391354579266,1.9999862055777,66
"1304",-2.32705261397708,1.9999862055777,66
"1305",-1.9401916821615,1.9999862055777,66
"1306",-1.55333075034592,1.9999862055777,66
"1307",-1.16646981853035,1.9999862055777,66
"1308",-0.779608886714768,0.935518984540074,66
"1309",-0.39274795489919,-0.128948236497546,66
"1310",-0.00588702308361189,-0.395065041756951,66
"1311",0.380973908731966,-0.661181847016356,66
"1312",0.767834840547544,-0.661181847016356,66
"1313",1.15469577236312,-0.661181847016356,66
"1314",1.5415567041787,-0.661181847016356,66
"1315",1.92841763599428,-0.661181847016356,66
"1316",2.31527856780986,-0.661181847016356,66
"1317",2.70213949962544,-0.661181847016356,66
"1318",3.08900043144101,-0.661181847016356,66
"1319",3.47586136325659,-0.661181847016356,66
"1320",3.86272229507217,-0.661181847016356,66
"1321",-3.48763540942381,1.9999862055777,67
"1322",-3.10077447760824,1.9999862055777,67
"1323",-2.71391354579266,1.9999862055777,67
"1324",-2.32705261397708,1.9999862055777,67
"1325",-1.9401916821615,1.9999862055777,67
"1326",-1.55333075034592,1.9999862055777,67
"1327",-1.16646981853035,1.9999862055777,67
"1328",-0.779608886714768,0.669402179280669,67
"1329",-0.39274795489919,-0.128948236497546,67
"1330",-0.00588702308361189,-0.395065041756951,67
"1331",0.380973908731966,-0.661181847016356,67
"1332",0.767834840547544,-0.661181847016356,67
"1333",1.15469577236312,-0.661181847016356,67
"1334",1.5415567041787,-0.661181847016356,67
"1335",1.92841763599428,-0.661181847016356,67
"1336",2.31527856780986,-0.661181847016356,67
"1337",2.70213949962544,-0.661181847016356,67
"1338",3.08900043144101,-0.661181847016356,67
"1339",3.47586136325659,-0.661181847016356,67
"1340",3.86272229507217,-0.661181847016356,67
"1341",-3.48763540942381,1.9999862055777,68
"1342",-3.10077447760824,1.9999862055777,68
"1343",-2.71391354579266,1.9999862055777,68
"1344",-2.32705261397708,1.9999862055777,68
"1345",-1.9401916821615,1.9999862055777,68
"1346",-1.55333075034592,1.9999862055777,68
"1347",-1.16646981853035,1.9999862055777,68
"1348",-0.779608886714768,1.46775259505888,68
"1349",-0.39274795489919,-0.128948236497546,68
"1350",-0.00588702308361189,-0.395065041756951,68
"1351",0.380973908731966,-0.661181847016356,68
"1352",0.767834840547544,-0.661181847016356,68
"1353",1.15469577236312,-0.661181847016356,68
"1354",1.5415567041787,-0.661181847016356,68
"1355",1.92841763599428,-0.661181847016356,68
"1356",2.31527856780986,-0.661181847016356,68
"1357",2.70213949962544,-0.661181847016356,68
"1358",3.08900043144101,-0.661181847016356,68
"1359",3.47586136325659,-0.661181847016356,68
"1360",3.86272229507217,-0.661181847016356,68
"1361",-3.48763540942381,1.9999862055777,69
"1362",-3.10077447760824,1.9999862055777,69
"1363",-2.71391354579266,1.9999862055777,69
"1364",-2.32705261397708,1.9999862055777,69
"1365",-1.9401916821615,1.9999862055777,69
"1366",-1.55333075034592,1.9999862055777,69
"1367",-1.16646981853035,1.9999862055777,69
"1368",-0.779608886714768,1.9999862055777,69
"1369",-0.39274795489919,-0.128948236497546,69
"1370",-0.00588702308361189,-0.395065041756951,69
"1371",0.380973908731966,-0.661181847016356,69
"1372",0.767834840547544,-0.661181847016356,69
"1373",1.15469577236312,-0.661181847016356,69
"1374",1.5415567041787,-0.661181847016356,69
"1375",1.92841763599428,-0.661181847016356,69
"1376",2.31527856780986,-0.661181847016356,69
"1377",2.70213949962544,-0.661181847016356,69
"1378",3.08900043144101,-0.661181847016356,69
"1379",3.47586136325659,-0.661181847016356,69
"1380",3.86272229507217,-0.661181847016356,69
"1381",-3.48763540942381,1.9999862055777,70
"1382",-3.10077447760824,1.9999862055777,70
"1383",-2.71391354579266,1.9999862055777,70
"1384",-2.32705261397708,1.9999862055777,70
"1385",-1.9401916821615,1.9999862055777,70
"1386",-1.55333075034592,1.9999862055777,70
"1387",-1.16646981853035,1.9999862055777,70
"1388",-0.779608886714768,1.73386940031829,70
"1389",-0.39274795489919,-0.128948236497546,70
"1390",-0.00588702308361189,-0.395065041756951,70
"1391",0.380973908731966,-0.661181847016356,70
"1392",0.767834840547544,-0.661181847016356,70
"1393",1.15469577236312,-0.661181847016356,70
"1394",1.5415567041787,-0.661181847016356,70
"1395",1.92841763599428,-0.661181847016356,70
"1396",2.31527856780986,-0.661181847016356,70
"1397",2.70213949962544,-0.661181847016356,70
"1398",3.08900043144101,-0.661181847016356,70
"1399",3.47586136325659,-0.661181847016356,70
"1400",3.86272229507217,-0.661181847016356,70
"1401",-3.48763540942381,1.9999862055777,71
"1402",-3.10077447760824,1.9999862055777,71
"1403",-2.71391354579266,1.9999862055777,71
"1404",-2.32705261397708,1.9999862055777,71
"1405",-1.9401916821615,1.9999862055777,71
"1406",-1.55333075034592,1.9999862055777,71
"1407",-1.16646981853035,1.9999862055777,71
"1408",-0.779608886714768,1.9999862055777,71
"1409",-0.39274795489919,0.137168568761859,71
"1410",-0.00588702308361189,-0.395065041756951,71
"1411",0.380973908731966,-0.661181847016356,71
"1412",0.767834840547544,-0.661181847016356,71
"1413",1.15469577236312,-0.661181847016356,71
"1414",1.5415567041787,-0.661181847016356,71
"1415",1.92841763599428,-0.661181847016356,71
"1416",2.31527856780986,-0.661181847016356,71
"1417",2.70213949962544,-0.661181847016356,71
"1418",3.08900043144101,-0.661181847016356,71
"1419",3.47586136325659,-0.661181847016356,71
"1420",3.86272229507217,-0.661181847016356,71
"1421",-3.48763540942381,1.9999862055777,72
"1422",-3.10077447760824,1.9999862055777,72
"1423",-2.71391354579266,1.9999862055777,72
"1424",-2.32705261397708,1.9999862055777,72
"1425",-1.9401916821615,1.9999862055777,72
"1426",-1.55333075034592,1.9999862055777,72
"1427",-1.16646981853035,1.9999862055777,72
"1428",-0.779608886714768,1.9999862055777,72
"1429",-0.39274795489919,-0.128948236497546,72
"1430",-0.00588702308361189,-0.395065041756951,72
"1431",0.380973908731966,-0.661181847016356,72
"1432",0.767834840547544,-0.661181847016356,72
"1433",1.15469577236312,-0.661181847016356,72
"1434",1.5415567041787,-0.661181847016356,72
"1435",1.92841763599428,-0.661181847016356,72
"1436",2.31527856780986,-0.661181847016356,72
"1437",2.70213949962544,-0.661181847016356,72
"1438",3.08900043144101,-0.661181847016356,72
"1439",3.47586136325659,-0.661181847016356,72
"1440",3.86272229507217,-0.661181847016356,72
"1441",-3.48763540942381,1.9999862055777,73
"1442",-3.10077447760824,1.9999862055777,73
"1443",-2.71391354579266,1.9999862055777,73
"1444",-2.32705261397708,1.9999862055777,73
"1445",-1.9401916821615,1.9999862055777,73
"1446",-1.55333075034592,1.9999862055777,73
"1447",-1.16646981853035,1.9999862055777,73
"1448",-0.779608886714768,0.935518984540074,73
"1449",-0.39274795489919,-0.128948236497546,73
"1450",-0.00588702308361189,-0.395065041756951,73
"1451",0.380973908731966,-0.661181847016356,73
"1452",0.767834840547544,-0.661181847016356,73
"1453",1.15469577236312,-0.661181847016356,73
"1454",1.5415567041787,-0.661181847016356,73
"1455",1.92841763599428,-0.661181847016356,73
"1456",2.31527856780986,-0.661181847016356,73
"1457",2.70213949962544,-0.661181847016356,73
"1458",3.08900043144101,-0.661181847016356,73
"1459",3.47586136325659,-0.661181847016356,73
"1460",3.86272229507217,-0.661181847016356,73
"1461",-3.48763540942381,1.9999862055777,74
"1462",-3.10077447760824,1.9999862055777,74
"1463",-2.71391354579266,1.9999862055777,74
"1464",-2.32705261397708,1.9999862055777,74
"1465",-1.9401916821615,1.9999862055777,74
"1466",-1.55333075034592,1.9999862055777,74
"1467",-1.16646981853035,1.9999862055777,74
"1468",-0.779608886714768,-0.128948236497546,74
"1469",-0.39274795489919,-0.395065041756951,74
"1470",-0.00588702308361189,-0.395065041756951,74
"1471",0.380973908731966,-0.661181847016356,74
"1472",0.767834840547544,-0.661181847016356,74
"1473",1.15469577236312,-0.661181847016356,74
"1474",1.5415567041787,-0.661181847016356,74
"1475",1.92841763599428,-0.661181847016356,74
"1476",2.31527856780986,-0.661181847016356,74
"1477",2.70213949962544,-0.661181847016356,74
"1478",3.08900043144101,-0.661181847016356,74
"1479",3.47586136325659,-0.661181847016356,74
"1480",3.86272229507217,-0.661181847016356,74
"1481",-3.48763540942381,1.9999862055777,75
"1482",-3.10077447760824,1.9999862055777,75
"1483",-2.71391354579266,1.9999862055777,75
"1484",-2.32705261397708,1.9999862055777,75
"1485",-1.9401916821615,1.9999862055777,75
"1486",-1.55333075034592,1.9999862055777,75
"1487",-1.16646981853035,1.9999862055777,75
"1488",-0.779608886714768,0.935518984540074,75
"1489",-0.39274795489919,-0.128948236497546,75
"1490",-0.00588702308361189,-0.395065041756951,75
"1491",0.380973908731966,-0.661181847016356,75
"1492",0.767834840547544,-0.661181847016356,75
"1493",1.15469577236312,-0.661181847016356,75
"1494",1.5415567041787,-0.661181847016356,75
"1495",1.92841763599428,-0.661181847016356,75
"1496",2.31527856780986,-0.661181847016356,75
"1497",2.70213949962544,-0.661181847016356,75
"1498",3.08900043144101,-0.661181847016356,75
"1499",3.47586136325659,-0.661181847016356,75
"1500",3.86272229507217,-0.661181847016356,75
"1501",-3.48763540942381,1.9999862055777,76
"1502",-3.10077447760824,1.9999862055777,76
"1503",-2.71391354579266,1.9999862055777,76
"1504",-2.32705261397708,1.9999862055777,76
"1505",-1.9401916821615,1.9999862055777,76
"1506",-1.55333075034592,1.9999862055777,76
"1507",-1.16646981853035,0.403285374021264,76
"1508",-0.779608886714768,-0.395065041756951,76
"1509",-0.39274795489919,-0.395065041756951,76
"1510",-0.00588702308361189,-0.661181847016356,76
"1511",0.380973908731966,-0.661181847016356,76
"1512",0.767834840547544,-0.661181847016356,76
"1513",1.15469577236312,-0.661181847016356,76
"1514",1.5415567041787,-0.661181847016356,76
"1515",1.92841763599428,-0.661181847016356,76
"1516",2.31527856780986,-0.661181847016356,76
"1517",2.70213949962544,-0.661181847016356,76
"1518",3.08900043144101,-0.661181847016356,76
"1519",3.47586136325659,-0.661181847016356,76
"1520",3.86272229507217,-0.661181847016356,76
"1521",-3.48763540942381,1.9999862055777,77
"1522",-3.10077447760824,1.9999862055777,77
"1523",-2.71391354579266,1.9999862055777,77
"1524",-2.32705261397708,1.9999862055777,77
"1525",-1.9401916821615,1.9999862055777,77
"1526",-1.55333075034592,1.9999862055777,77
"1527",-1.16646981853035,1.9999862055777,77
"1528",-0.779608886714768,0.669402179280669,77
"1529",-0.39274795489919,-0.128948236497546,77
"1530",-0.00588702308361189,-0.395065041756951,77
"1531",0.380973908731966,-0.661181847016356,77
"1532",0.767834840547544,-0.661181847016356,77
"1533",1.15469577236312,-0.661181847016356,77
"1534",1.5415567041787,-0.661181847016356,77
"1535",1.92841763599428,-0.661181847016356,77
"1536",2.31527856780986,-0.661181847016356,77
"1537",2.70213949962544,-0.661181847016356,77
"1538",3.08900043144101,-0.661181847016356,77
"1539",3.47586136325659,-0.661181847016356,77
"1540",3.86272229507217,-0.661181847016356,77
"1541",-3.48763540942381,1.9999862055777,78
"1542",-3.10077447760824,1.9999862055777,78
"1543",-2.71391354579266,1.9999862055777,78
"1544",-2.32705261397708,1.9999862055777,78
"1545",-1.9401916821615,1.9999862055777,78
"1546",-1.55333075034592,1.9999862055777,78
"1547",-1.16646981853035,1.9999862055777,78
"1548",-0.779608886714768,1.9999862055777,78
"1549",-0.39274795489919,-0.128948236497546,78
"1550",-0.00588702308361189,-0.395065041756951,78
"1551",0.380973908731966,-0.661181847016356,78
"1552",0.767834840547544,-0.661181847016356,78
"1553",1.15469577236312,-0.661181847016356,78
"1554",1.5415567041787,-0.661181847016356,78
"1555",1.92841763599428,-0.661181847016356,78
"1556",2.31527856780986,-0.661181847016356,78
"1557",2.70213949962544,-0.661181847016356,78
"1558",3.08900043144101,-0.661181847016356,78
"1559",3.47586136325659,-0.661181847016356,78
"1560",3.86272229507217,-0.661181847016356,78
"1561",-3.48763540942381,1.9999862055777,79
"1562",-3.10077447760824,1.9999862055777,79
"1563",-2.71391354579266,1.9999862055777,79
"1564",-2.32705261397708,1.9999862055777,79
"1565",-1.9401916821615,1.9999862055777,79
"1566",-1.55333075034592,1.9999862055777,79
"1567",-1.16646981853035,1.9999862055777,79
"1568",-0.779608886714768,0.137168568761859,79
"1569",-0.39274795489919,-0.128948236497546,79
"1570",-0.00588702308361189,-0.395065041756951,79
"1571",0.380973908731966,-0.661181847016356,79
"1572",0.767834840547544,-0.661181847016356,79
"1573",1.15469577236312,-0.661181847016356,79
"1574",1.5415567041787,-0.661181847016356,79
"1575",1.92841763599428,-0.661181847016356,79
"1576",2.31527856780986,-0.661181847016356,79
"1577",2.70213949962544,-0.661181847016356,79
"1578",3.08900043144101,-0.661181847016356,79
"1579",3.47586136325659,-0.661181847016356,79
"1580",3.86272229507217,-0.661181847016356,79
"1581",-3.48763540942381,1.9999862055777,80
"1582",-3.10077447760824,1.9999862055777,80
"1583",-2.71391354579266,1.9999862055777,80
"1584",-2.32705261397708,1.9999862055777,80
"1585",-1.9401916821615,1.9999862055777,80
"1586",-1.55333075034592,1.9999862055777,80
"1587",-1.16646981853035,1.9999862055777,80
"1588",-0.779608886714768,1.9999862055777,80
"1589",-0.39274795489919,-0.128948236497546,80
"1590",-0.00588702308361189,-0.395065041756951,80
"1591",0.380973908731966,-0.661181847016356,80
"1592",0.767834840547544,-0.661181847016356,80
"1593",1.15469577236312,-0.661181847016356,80
"1594",1.5415567041787,-0.661181847016356,80
"1595",1.92841763599428,-0.661181847016356,80
"1596",2.31527856780986,-0.661181847016356,80
"1597",2.70213949962544,-0.661181847016356,80
"1598",3.08900043144101,-0.661181847016356,80
"1599",3.47586136325659,-0.661181847016356,80
"1600",3.86272229507217,-0.661181847016356,80
"1601",-3.48763540942381,1.9999862055777,81
"1602",-3.10077447760824,1.9999862055777,81
"1603",-2.71391354579266,1.9999862055777,81
"1604",-2.32705261397708,1.9999862055777,81
"1605",-1.9401916821615,1.9999862055777,81
"1606",-1.55333075034592,1.9999862055777,81
"1607",-1.16646981853035,1.9999862055777,81
"1608",-0.779608886714768,1.46775259505888,81
"1609",-0.39274795489919,0.137168568761859,81
"1610",-0.00588702308361189,-0.395065041756951,81
"1611",0.380973908731966,-0.661181847016356,81
"1612",0.767834840547544,-0.661181847016356,81
"1613",1.15469577236312,-0.661181847016356,81
"1614",1.5415567041787,-0.661181847016356,81
"1615",1.92841763599428,-0.661181847016356,81
"1616",2.31527856780986,-0.661181847016356,81
"1617",2.70213949962544,-0.661181847016356,81
"1618",3.08900043144101,-0.661181847016356,81
"1619",3.47586136325659,-0.661181847016356,81
"1620",3.86272229507217,-0.661181847016356,81
"1621",-3.48763540942381,1.9999862055777,82
"1622",-3.10077447760824,1.9999862055777,82
"1623",-2.71391354579266,1.9999862055777,82
"1624",-2.32705261397708,1.9999862055777,82
"1625",-1.9401916821615,1.9999862055777,82
"1626",-1.55333075034592,1.9999862055777,82
"1627",-1.16646981853035,1.9999862055777,82
"1628",-0.779608886714768,1.9999862055777,82
"1629",-0.39274795489919,-0.128948236497546,82
"1630",-0.00588702308361189,-0.395065041756951,82
"1631",0.380973908731966,-0.661181847016356,82
"1632",0.767834840547544,-0.661181847016356,82
"1633",1.15469577236312,-0.661181847016356,82
"1634",1.5415567041787,-0.661181847016356,82
"1635",1.92841763599428,-0.661181847016356,82
"1636",2.31527856780986,-0.661181847016356,82
"1637",2.70213949962544,-0.661181847016356,82
"1638",3.08900043144101,-0.661181847016356,82
"1639",3.47586136325659,-0.661181847016356,82
"1640",3.86272229507217,-0.661181847016356,82
"1641",-3.48763540942381,1.9999862055777,83
"1642",-3.10077447760824,1.9999862055777,83
"1643",-2.71391354579266,1.9999862055777,83
"1644",-2.32705261397708,1.9999862055777,83
"1645",-1.9401916821615,1.9999862055777,83
"1646",-1.55333075034592,1.9999862055777,83
"1647",-1.16646981853035,1.9999862055777,83
"1648",-0.779608886714768,0.669402179280669,83
"1649",-0.39274795489919,-0.128948236497546,83
"1650",-0.00588702308361189,-0.395065041756951,83
"1651",0.380973908731966,-0.661181847016356,83
"1652",0.767834840547544,-0.661181847016356,83
"1653",1.15469577236312,-0.661181847016356,83
"1654",1.5415567041787,-0.661181847016356,83
"1655",1.92841763599428,-0.661181847016356,83
"1656",2.31527856780986,-0.661181847016356,83
"1657",2.70213949962544,-0.661181847016356,83
"1658",3.08900043144101,-0.661181847016356,83
"1659",3.47586136325659,-0.661181847016356,83
"1660",3.86272229507217,-0.661181847016356,83
"1661",-3.48763540942381,1.9999862055777,84
"1662",-3.10077447760824,1.9999862055777,84
"1663",-2.71391354579266,1.9999862055777,84
"1664",-2.32705261397708,1.9999862055777,84
"1665",-1.9401916821615,1.9999862055777,84
"1666",-1.55333075034592,1.9999862055777,84
"1667",-1.16646981853035,1.9999862055777,84
"1668",-0.779608886714768,0.669402179280669,84
"1669",-0.39274795489919,-0.128948236497546,84
"1670",-0.00588702308361189,-0.395065041756951,84
"1671",0.380973908731966,-0.661181847016356,84
"1672",0.767834840547544,-0.661181847016356,84
"1673",1.15469577236312,-0.661181847016356,84
"1674",1.5415567041787,-0.661181847016356,84
"1675",1.92841763599428,-0.661181847016356,84
"1676",2.31527856780986,-0.661181847016356,84
"1677",2.70213949962544,-0.661181847016356,84
"1678",3.08900043144101,-0.661181847016356,84
"1679",3.47586136325659,-0.661181847016356,84
"1680",3.86272229507217,-0.661181847016356,84
"1681",-3.48763540942381,1.9999862055777,85
"1682",-3.10077447760824,1.9999862055777,85
"1683",-2.71391354579266,1.9999862055777,85
"1684",-2.32705261397708,1.9999862055777,85
"1685",-1.9401916821615,1.9999862055777,85
"1686",-1.55333075034592,1.9999862055777,85
"1687",-1.16646981853035,1.9999862055777,85
"1688",-0.779608886714768,1.9999862055777,85
"1689",-0.39274795489919,-0.395065041756951,85
"1690",-0.00588702308361189,-0.395065041756951,85
"1691",0.380973908731966,-0.661181847016356,85
"1692",0.767834840547544,-0.661181847016356,85
"1693",1.15469577236312,-0.661181847016356,85
"1694",1.5415567041787,-0.661181847016356,85
"1695",1.92841763599428,-0.661181847016356,85
"1696",2.31527856780986,-0.661181847016356,85
"1697",2.70213949962544,-0.661181847016356,85
"1698",3.08900043144101,-0.661181847016356,85
"1699",3.47586136325659,-0.661181847016356,85
"1700",3.86272229507217,-0.661181847016356,85
"1701",-3.48763540942381,1.9999862055777,86
"1702",-3.10077447760824,1.9999862055777,86
"1703",-2.71391354579266,1.9999862055777,86
"1704",-2.32705261397708,1.9999862055777,86
"1705",-1.9401916821615,1.9999862055777,86
"1706",-1.55333075034592,1.9999862055777,86
"1707",-1.16646981853035,1.9999862055777,86
"1708",-0.779608886714768,1.20163578979948,86
"1709",-0.39274795489919,-0.128948236497546,86
"1710",-0.00588702308361189,-0.395065041756951,86
"1711",0.380973908731966,-0.661181847016356,86
"1712",0.767834840547544,-0.661181847016356,86
"1713",1.15469577236312,-0.661181847016356,86
"1714",1.5415567041787,-0.661181847016356,86
"1715",1.92841763599428,-0.661181847016356,86
"1716",2.31527856780986,-0.661181847016356,86
"1717",2.70213949962544,-0.661181847016356,86
"1718",3.08900043144101,-0.661181847016356,86
"1719",3.47586136325659,-0.661181847016356,86
"1720",3.86272229507217,-0.661181847016356,86
"1721",-3.48763540942381,1.9999862055777,87
"1722",-3.10077447760824,1.9999862055777,87
"1723",-2.71391354579266,1.9999862055777,87
"1724",-2.32705261397708,1.9999862055777,87
"1725",-1.9401916821615,1.9999862055777,87
"1726",-1.55333075034592,1.9999862055777,87
"1727",-1.16646981853035,1.9999862055777,87
"1728",-0.779608886714768,1.9999862055777,87
"1729",-0.39274795489919,0.137168568761859,87
"1730",-0.00588702308361189,-0.395065041756951,87
"1731",0.380973908731966,-0.661181847016356,87
"1732",0.767834840547544,-0.661181847016356,87
"1733",1.15469577236312,-0.661181847016356,87
"1734",1.5415567041787,-0.661181847016356,87
"1735",1.92841763599428,-0.661181847016356,87
"1736",2.31527856780986,-0.661181847016356,87
"1737",2.70213949962544,-0.661181847016356,87
"1738",3.08900043144101,-0.661181847016356,87
"1739",3.47586136325659,-0.661181847016356,87
"1740",3.86272229507217,-0.661181847016356,87
"1741",-3.48763540942381,1.9999862055777,88
"1742",-3.10077447760824,1.9999862055777,88
"1743",-2.71391354579266,1.9999862055777,88
"1744",-2.32705261397708,1.9999862055777,88
"1745",-1.9401916821615,1.9999862055777,88
"1746",-1.55333075034592,1.9999862055777,88
"1747",-1.16646981853035,1.9999862055777,88
"1748",-0.779608886714768,0.935518984540074,88
"1749",-0.39274795489919,-0.128948236497546,88
"1750",-0.00588702308361189,-0.395065041756951,88
"1751",0.380973908731966,-0.661181847016356,88
"1752",0.767834840547544,-0.661181847016356,88
"1753",1.15469577236312,-0.661181847016356,88
"1754",1.5415567041787,-0.661181847016356,88
"1755",1.92841763599428,-0.661181847016356,88
"1756",2.31527856780986,-0.661181847016356,88
"1757",2.70213949962544,-0.661181847016356,88
"1758",3.08900043144101,-0.661181847016356,88
"1759",3.47586136325659,-0.661181847016356,88
"1760",3.86272229507217,-0.661181847016356,88
"1761",-3.48763540942381,1.9999862055777,89
"1762",-3.10077447760824,1.9999862055777,89
"1763",-2.71391354579266,1.9999862055777,89
"1764",-2.32705261397708,1.9999862055777,89
"1765",-1.9401916821615,1.9999862055777,89
"1766",-1.55333075034592,1.9999862055777,89
"1767",-1.16646981853035,1.9999862055777,89
"1768",-0.779608886714768,1.9999862055777,89
"1769",-0.39274795489919,-0.128948236497546,89
"1770",-0.00588702308361189,-0.395065041756951,89
"1771",0.380973908731966,-0.661181847016356,89
"1772",0.767834840547544,-0.661181847016356,89
"1773",1.15469577236312,-0.661181847016356,89
"1774",1.5415567041787,-0.661181847016356,89
"1775",1.92841763599428,-0.661181847016356,89
"1776",2.31527856780986,-0.661181847016356,89
"1777",2.70213949962544,-0.661181847016356,89
"1778",3.08900043144101,-0.661181847016356,89
"1779",3.47586136325659,-0.661181847016356,89
"1780",3.86272229507217,-0.661181847016356,89
"1781",-3.48763540942381,1.9999862055777,90
"1782",-3.10077447760824,1.9999862055777,90
"1783",-2.71391354579266,1.9999862055777,90
"1784",-2.32705261397708,1.9999862055777,90
"1785",-1.9401916821615,1.9999862055777,90
"1786",-1.55333075034592,1.9999862055777,90
"1787",-1.16646981853035,1.9999862055777,90
"1788",-0.779608886714768,1.9999862055777,90
"1789",-0.39274795489919,0.137168568761859,90
"1790",-0.00588702308361189,-0.395065041756951,90
"1791",0.380973908731966,-0.661181847016356,90
"1792",0.767834840547544,-0.661181847016356,90
"1793",1.15469577236312,-0.661181847016356,90
"1794",1.5415567041787,-0.661181847016356,90
"1795",1.92841763599428,-0.661181847016356,90
"1796",2.31527856780986,-0.661181847016356,90
"1797",2.70213949962544,-0.661181847016356,90
"1798",3.08900043144101,-0.661181847016356,90
"1799",3.47586136325659,-0.661181847016356,90
"1800",3.86272229507217,-0.661181847016356,90
"1801",-3.48763540942381,1.9999862055777,91
"1802",-3.10077447760824,1.9999862055777,91
"1803",-2.71391354579266,1.9999862055777,91
"1804",-2.32705261397708,1.9999862055777,91
"1805",-1.9401916821615,1.9999862055777,91
"1806",-1.55333075034592,1.9999862055777,91
"1807",-1.16646981853035,1.9999862055777,91
"1808",-0.779608886714768,1.9999862055777,91
"1809",-0.39274795489919,0.137168568761859,91
"1810",-0.00588702308361189,-0.395065041756951,91
"1811",0.380973908731966,-0.661181847016356,91
"1812",0.767834840547544,-0.661181847016356,91
"1813",1.15469577236312,-0.661181847016356,91
"1814",1.5415567041787,-0.661181847016356,91
"1815",1.92841763599428,-0.661181847016356,91
"1816",2.31527856780986,-0.661181847016356,91
"1817",2.70213949962544,-0.661181847016356,91
"1818",3.08900043144101,-0.661181847016356,91
"1819",3.47586136325659,-0.661181847016356,91
"1820",3.86272229507217,-0.661181847016356,91
"1821",-3.48763540942381,1.9999862055777,92
"1822",-3.10077447760824,1.9999862055777,92
"1823",-2.71391354579266,1.9999862055777,92
"1824",-2.32705261397708,1.9999862055777,92
"1825",-1.9401916821615,1.9999862055777,92
"1826",-1.55333075034592,1.9999862055777,92
"1827",-1.16646981853035,1.9999862055777,92
"1828",-0.779608886714768,1.46775259505888,92
"1829",-0.39274795489919,-0.128948236497546,92
"1830",-0.00588702308361189,-0.395065041756951,92
"1831",0.380973908731966,-0.661181847016356,92
"1832",0.767834840547544,-0.661181847016356,92
"1833",1.15469577236312,-0.661181847016356,92
"1834",1.5415567041787,-0.661181847016356,92
"1835",1.92841763599428,-0.661181847016356,92
"1836",2.31527856780986,-0.661181847016356,92
"1837",2.70213949962544,-0.661181847016356,92
"1838",3.08900043144101,-0.661181847016356,92
"1839",3.47586136325659,-0.661181847016356,92
"1840",3.86272229507217,-0.661181847016356,92
"1841",-3.48763540942381,1.9999862055777,93
"1842",-3.10077447760824,1.9999862055777,93
"1843",-2.71391354579266,1.9999862055777,93
"1844",-2.32705261397708,1.9999862055777,93
"1845",-1.9401916821615,1.9999862055777,93
"1846",-1.55333075034592,1.9999862055777,93
"1847",-1.16646981853035,1.9999862055777,93
"1848",-0.779608886714768,0.137168568761859,93
"1849",-0.39274795489919,-0.128948236497546,93
"1850",-0.00588702308361189,-0.395065041756951,93
"1851",0.380973908731966,-0.661181847016356,93
"1852",0.767834840547544,-0.661181847016356,93
"1853",1.15469577236312,-0.661181847016356,93
"1854",1.5415567041787,-0.661181847016356,93
"1855",1.92841763599428,-0.661181847016356,93
"1856",2.31527856780986,-0.661181847016356,93
"1857",2.70213949962544,-0.661181847016356,93
"1858",3.08900043144101,-0.661181847016356,93
"1859",3.47586136325659,-0.661181847016356,93
"1860",3.86272229507217,-0.661181847016356,93
"1861",-3.48763540942381,1.9999862055777,94
"1862",-3.10077447760824,1.9999862055777,94
"1863",-2.71391354579266,1.9999862055777,94
"1864",-2.32705261397708,1.9999862055777,94
"1865",-1.9401916821615,1.9999862055777,94
"1866",-1.55333075034592,1.9999862055777,94
"1867",-1.16646981853035,1.9999862055777,94
"1868",-0.779608886714768,1.9999862055777,94
"1869",-0.39274795489919,0.137168568761859,94
"1870",-0.00588702308361189,-0.395065041756951,94
"1871",0.380973908731966,-0.661181847016356,94
"1872",0.767834840547544,-0.661181847016356,94
"1873",1.15469577236312,-0.661181847016356,94
"1874",1.5415567041787,-0.661181847016356,94
"1875",1.92841763599428,-0.661181847016356,94
"1876",2.31527856780986,-0.661181847016356,94
"1877",2.70213949962544,-0.661181847016356,94
"1878",3.08900043144101,-0.661181847016356,94
"1879",3.47586136325659,-0.661181847016356,94
"1880",3.86272229507217,-0.661181847016356,94
"1881",-3.48763540942381,1.9999862055777,95
"1882",-3.10077447760824,1.9999862055777,95
"1883",-2.71391354579266,1.9999862055777,95
"1884",-2.32705261397708,1.9999862055777,95
"1885",-1.9401916821615,1.9999862055777,95
"1886",-1.55333075034592,1.9999862055777,95
"1887",-1.16646981853035,1.9999862055777,95
"1888",-0.779608886714768,1.73386940031829,95
"1889",-0.39274795489919,-0.128948236497546,95
"1890",-0.00588702308361189,-0.395065041756951,95
"1891",0.380973908731966,-0.661181847016356,95
"1892",0.767834840547544,-0.661181847016356,95
"1893",1.15469577236312,-0.661181847016356,95
"1894",1.5415567041787,-0.661181847016356,95
"1895",1.92841763599428,-0.661181847016356,95
"1896",2.31527856780986,-0.661181847016356,95
"1897",2.70213949962544,-0.661181847016356,95
"1898",3.08900043144101,-0.661181847016356,95
"1899",3.47586136325659,-0.661181847016356,95
"1900",3.86272229507217,-0.661181847016356,95
"1901",-3.48763540942381,1.9999862055777,96
"1902",-3.10077447760824,1.9999862055777,96
"1903",-2.71391354579266,1.9999862055777,96
"1904",-2.32705261397708,1.9999862055777,96
"1905",-1.9401916821615,1.9999862055777,96
"1906",-1.55333075034592,1.9999862055777,96
"1907",-1.16646981853035,1.9999862055777,96
"1908",-0.779608886714768,1.46775259505888,96
"1909",-0.39274795489919,-0.128948236497546,96
"1910",-0.00588702308361189,-0.395065041756951,96
"1911",0.380973908731966,-0.661181847016356,96
"1912",0.767834840547544,-0.661181847016356,96
"1913",1.15469577236312,-0.661181847016356,96
"1914",1.5415567041787,-0.661181847016356,96
"1915",1.92841763599428,-0.661181847016356,96
"1916",2.31527856780986,-0.661181847016356,96
"1917",2.70213949962544,-0.661181847016356,96
"1918",3.08900043144101,-0.661181847016356,96
"1919",3.47586136325659,-0.661181847016356,96
"1920",3.86272229507217,-0.661181847016356,96
"1921",-3.48763540942381,1.9999862055777,97
"1922",-3.10077447760824,1.9999862055777,97
"1923",-2.71391354579266,1.9999862055777,97
"1924",-2.32705261397708,1.9999862055777,97
"1925",-1.9401916821615,1.9999862055777,97
"1926",-1.55333075034592,1.9999862055777,97
"1927",-1.16646981853035,1.9999862055777,97
"1928",-0.779608886714768,0.669402179280669,97
"1929",-0.39274795489919,-0.128948236497546,97
"1930",-0.00588702308361189,-0.395065041756951,97
"1931",0.380973908731966,-0.661181847016356,97
"1932",0.767834840547544,-0.661181847016356,97
"1933",1.15469577236312,-0.661181847016356,97
"1934",1.5415567041787,-0.661181847016356,97
"1935",1.92841763599428,-0.661181847016356,97
"1936",2.31527856780986,-0.661181847016356,97
"1937",2.70213949962544,-0.661181847016356,97
"1938",3.08900043144101,-0.661181847016356,97
"1939",3.47586136325659,-0.661181847016356,97
"1940",3.86272229507217,-0.661181847016356,97
"1941",-3.48763540942381,1.9999862055777,98
"1942",-3.10077447760824,1.9999862055777,98
"1943",-2.71391354579266,1.9999862055777,98
"1944",-2.32705261397708,1.9999862055777,98
"1945",-1.9401916821615,1.9999862055777,98
"1946",-1.55333075034592,1.9999862055777,98
"1947",-1.16646981853035,1.9999862055777,98
"1948",-0.779608886714768,0.935518984540074,98
"1949",-0.39274795489919,-0.128948236497546,98
"1950",-0.00588702308361189,-0.395065041756951,98
"1951",0.380973908731966,-0.661181847016356,98
"1952",0.767834840547544,-0.661181847016356,98
"1953",1.15469577236312,-0.661181847016356,98
"1954",1.5415567041787,-0.661181847016356,98
"1955",1.92841763599428,-0.661181847016356,98
"1956",2.31527856780986,-0.661181847016356,98
"1957",2.70213949962544,-0.661181847016356,98
"1958",3.08900043144101,-0.661181847016356,98
"1959",3.47586136325659,-0.661181847016356,98
"1960",3.86272229507217,-0.661181847016356,98
"1961",-3.48763540942381,1.9999862055777,99
"1962",-3.10077447760824,1.9999862055777,99
"1963",-2.71391354579266,1.9999862055777,99
"1964",-2.32705261397708,1.9999862055777,99
"1965",-1.9401916821615,1.9999862055777,99
"1966",-1.55333075034592,1.9999862055777,99
"1967",-1.16646981853035,1.9999862055777,99
"1968",-0.779608886714768,1.9999862055777,99
"1969",-0.39274795489919,0.137168568761859,99
"1970",-0.00588702308361189,-0.395065041756951,99
"1971",0.380973908731966,-0.661181847016356,99
"1972",0.767834840547544,-0.661181847016356,99
"1973",1.15469577236312,-0.661181847016356,99
"1974",1.5415567041787,-0.661181847016356,99
"1975",1.92841763599428,-0.661181847016356,99
"1976",2.31527856780986,-0.661181847016356,99
"1977",2.70213949962544,-0.661181847016356,99
"1978",3.08900043144101,-0.661181847016356,99
"1979",3.47586136325659,-0.661181847016356,99
"1980",3.86272229507217,-0.661181847016356,99
"1981",-3.48763540942381,1.9999862055777,100
"1982",-3.10077447760824,1.9999862055777,100
"1983",-2.71391354579266,1.9999862055777,100
"1984",-2.32705261397708,1.9999862055777,100
"1985",-1.9401916821615,1.9999862055777,100
"1986",-1.55333075034592,1.9999862055777,100
"1987",-1.16646981853035,1.9999862055777,100
"1988",-0.779608886714768,0.137168568761859,100
"1989",-0.39274795489919,-0.395065041756951,100
"1990",-0.00588702308361189,-0.395065041756951,100
"1991",0.380973908731966,-0.661181847016356,100
"1992",0.767834840547544,-0.661181847016356,100
"1993",1.15469577236312,-0.661181847016356,100
"1994",1.5415567041787,-0.661181847016356,100
"1995",1.92841763599428,-0.661181847016356,100
"1996",2.31527856780986,-0.661181847016356,100
"1997",2.70213949962544,-0.661181847016356,100
"1998",3.08900043144101,-0.661181847016356,100
"1999",3.47586136325659,-0.661181847016356,100
"2000",3.86272229507217,-0.661181847016356,100
