"","x","y","sample"
"1",-4.87022993809185,1.97642758186052,1
"2",-4.4721320827526,1.97642758186052,1
"3",-4.07403422741335,1.97642758186052,1
"4",-3.6759363720741,1.97642758186052,1
"5",-3.27783851673486,1.97642758186052,1
"6",-2.87974066139561,1.97642758186052,1
"7",-2.48164280605636,1.72994458925435,1
"8",-2.08354495071711,0.497529626223443,1
"9",-1.68544709537787,-0.241919351595099,1
"10",-1.28734924003862,-0.734885336807459,1
"11",-0.889251384699371,-1.22785132201982,1
"12",-0.491153529360123,-1.474334314626,1
"13",-0.0930556740208752,-1.72081730723218,1
"14",0.305042181318372,-1.96730029983836,1
"15",0.703140036657619,-1.96730029983836,1
"16",1.10123789199687,-2.21378329244454,1
"17",1.49933574733611,-2.21378329244454,1
"18",1.89743360267536,-2.46026628505072,1
"19",2.29553145801461,-2.46026628505072,1
"20",2.69362931335386,-2.46026628505072,1
"21",-4.87022993809185,1.97642758186052,2
"22",-4.4721320827526,1.97642758186052,2
"23",-4.07403422741335,1.97642758186052,2
"24",-3.6759363720741,1.97642758186052,2
"25",-3.27783851673486,1.97642758186052,2
"26",-2.87974066139561,1.97642758186052,2
"27",-2.48164280605636,1.97642758186052,2
"28",-2.08354495071711,1.97642758186052,2
"29",-1.68544709537787,-0.488402344201279,2
"30",-1.28734924003862,-0.734885336807459,2
"31",-0.889251384699371,-1.474334314626,2
"32",-0.491153529360123,-2.21378329244454,2
"33",-0.0930556740208752,-2.7067492776569,2
"34",0.305042181318372,-2.95323227026308,2
"35",0.703140036657619,-2.95323227026308,2
"36",1.10123789199687,-2.95323227026308,2
"37",1.49933574733611,-2.95323227026308,2
"38",1.89743360267536,-2.95323227026308,2
"39",2.29553145801461,-2.95323227026308,2
"40",2.69362931335386,-2.95323227026308,2
"41",-4.87022993809185,1.97642758186052,3
"42",-4.4721320827526,1.97642758186052,3
"43",-4.07403422741335,1.97642758186052,3
"44",-3.6759363720741,1.97642758186052,3
"45",-3.27783851673486,1.97642758186052,3
"46",-2.87974066139561,1.97642758186052,3
"47",-2.48164280605636,1.97642758186052,3
"48",-2.08354495071711,1.97642758186052,3
"49",-1.68544709537787,0.990495611435803,3
"50",-1.28734924003862,-0.98136832941364,3
"51",-0.889251384699371,-1.474334314626,3
"52",-0.491153529360123,-1.96730029983836,3
"53",-0.0930556740208752,-2.21378329244454,3
"54",0.305042181318372,-2.7067492776569,3
"55",0.703140036657619,-2.95323227026308,3
"56",1.10123789199687,-2.95323227026308,3
"57",1.49933574733611,-2.95323227026308,3
"58",1.89743360267536,-2.95323227026308,3
"59",2.29553145801461,-2.95323227026308,3
"60",2.69362931335386,-2.95323227026308,3
"61",-4.87022993809185,1.97642758186052,4
"62",-4.4721320827526,1.97642758186052,4
"63",-4.07403422741335,1.97642758186052,4
"64",-3.6759363720741,1.97642758186052,4
"65",-3.27783851673486,1.97642758186052,4
"66",-2.87974066139561,1.97642758186052,4
"67",-2.48164280605636,1.97642758186052,4
"68",-2.08354495071711,1.97642758186052,4
"69",-1.68544709537787,0.497529626223443,4
"70",-1.28734924003862,-0.98136832941364,4
"71",-0.889251384699371,-1.72081730723218,4
"72",-0.491153529360123,-1.96730029983836,4
"73",-0.0930556740208752,-2.21378329244454,4
"74",0.305042181318372,-2.21378329244454,4
"75",0.703140036657619,-2.21378329244454,4
"76",1.10123789199687,-2.46026628505072,4
"77",1.49933574733611,-2.46026628505072,4
"78",1.89743360267536,-2.46026628505072,4
"79",2.29553145801461,-2.46026628505072,4
"80",2.69362931335386,-2.46026628505072,4
"81",-4.87022993809185,1.97642758186052,5
"82",-4.4721320827526,1.97642758186052,5
"83",-4.07403422741335,1.97642758186052,5
"84",-3.6759363720741,1.97642758186052,5
"85",-3.27783851673486,1.97642758186052,5
"86",-2.87974066139561,1.97642758186052,5
"87",-2.48164280605636,1.97642758186052,5
"88",-2.08354495071711,0.744012618829623,5
"89",-1.68544709537787,-0.241919351595099,5
"90",-1.28734924003862,-0.98136832941364,5
"91",-0.889251384699371,-1.72081730723218,5
"92",-0.491153529360123,-2.21378329244454,5
"93",-0.0930556740208752,-2.7067492776569,5
"94",0.305042181318372,-2.7067492776569,5
"95",0.703140036657619,-2.95323227026308,5
"96",1.10123789199687,-2.95323227026308,5
"97",1.49933574733611,-2.95323227026308,5
"98",1.89743360267536,-2.95323227026308,5
"99",2.29553145801461,-2.95323227026308,5
"100",2.69362931335386,-2.95323227026308,5
"101",-4.87022993809185,1.97642758186052,6
"102",-4.4721320827526,1.97642758186052,6
"103",-4.07403422741335,1.97642758186052,6
"104",-3.6759363720741,1.97642758186052,6
"105",-3.27783851673486,1.97642758186052,6
"106",-2.87974066139561,1.97642758186052,6
"107",-2.48164280605636,1.97642758186052,6
"108",-2.08354495071711,1.97642758186052,6
"109",-1.68544709537787,0.251046633617262,6
"110",-1.28734924003862,-1.22785132201982,6
"111",-0.889251384699371,-2.21378329244454,6
"112",-0.491153529360123,-2.7067492776569,6
"113",-0.0930556740208752,-2.95323227026308,6
"114",0.305042181318372,-2.95323227026308,6
"115",0.703140036657619,-2.95323227026308,6
"116",1.10123789199687,-2.95323227026308,6
"117",1.49933574733611,-2.95323227026308,6
"118",1.89743360267536,-2.95323227026308,6
"119",2.29553145801461,-2.95323227026308,6
"120",2.69362931335386,-2.95323227026308,6
"121",-4.87022993809185,1.97642758186052,7
"122",-4.4721320827526,1.97642758186052,7
"123",-4.07403422741335,1.97642758186052,7
"124",-3.6759363720741,1.97642758186052,7
"125",-3.27783851673486,1.97642758186052,7
"126",-2.87974066139561,1.97642758186052,7
"127",-2.48164280605636,1.97642758186052,7
"128",-2.08354495071711,1.48346159664816,7
"129",-1.68544709537787,0.251046633617262,7
"130",-1.28734924003862,-0.734885336807459,7
"131",-0.889251384699371,-1.72081730723218,7
"132",-0.491153529360123,-2.46026628505072,7
"133",-0.0930556740208752,-2.95323227026308,7
"134",0.305042181318372,-2.95323227026308,7
"135",0.703140036657619,-2.95323227026308,7
"136",1.10123789199687,-2.95323227026308,7
"137",1.49933574733611,-2.95323227026308,7
"138",1.89743360267536,-2.95323227026308,7
"139",2.29553145801461,-2.95323227026308,7
"140",2.69362931335386,-2.95323227026308,7
"141",-4.87022993809185,1.97642758186052,8
"142",-4.4721320827526,1.97642758186052,8
"143",-4.07403422741335,1.97642758186052,8
"144",-3.6759363720741,1.97642758186052,8
"145",-3.27783851673486,1.97642758186052,8
"146",-2.87974066139561,1.97642758186052,8
"147",-2.48164280605636,1.97642758186052,8
"148",-2.08354495071711,1.97642758186052,8
"149",-1.68544709537787,0.497529626223443,8
"150",-1.28734924003862,-0.98136832941364,8
"151",-0.889251384699371,-1.474334314626,8
"152",-0.491153529360123,-1.72081730723218,8
"153",-0.0930556740208752,-1.96730029983836,8
"154",0.305042181318372,-2.21378329244454,8
"155",0.703140036657619,-2.21378329244454,8
"156",1.10123789199687,-2.21378329244454,8
"157",1.49933574733611,-2.21378329244454,8
"158",1.89743360267536,-2.21378329244454,8
"159",2.29553145801461,-2.21378329244454,8
"160",2.69362931335386,-2.21378329244454,8
"161",-4.87022993809185,1.97642758186052,9
"162",-4.4721320827526,1.97642758186052,9
"163",-4.07403422741335,1.97642758186052,9
"164",-3.6759363720741,1.97642758186052,9
"165",-3.27783851673486,1.97642758186052,9
"166",-2.87974066139561,1.97642758186052,9
"167",-2.48164280605636,1.97642758186052,9
"168",-2.08354495071711,0.990495611435803,9
"169",-1.68544709537787,0.00456364101108164,9
"170",-1.28734924003862,-0.98136832941364,9
"171",-0.889251384699371,-1.96730029983836,9
"172",-0.491153529360123,-2.46026628505072,9
"173",-0.0930556740208752,-2.95323227026308,9
"174",0.305042181318372,-2.95323227026308,9
"175",0.703140036657619,-2.95323227026308,9
"176",1.10123789199687,-2.95323227026308,9
"177",1.49933574733611,-2.95323227026308,9
"178",1.89743360267536,-2.95323227026308,9
"179",2.29553145801461,-2.95323227026308,9
"180",2.69362931335386,-2.95323227026308,9
"181",-4.87022993809185,1.97642758186052,10
"182",-4.4721320827526,1.97642758186052,10
"183",-4.07403422741335,1.97642758186052,10
"184",-3.6759363720741,1.97642758186052,10
"185",-3.27783851673486,1.97642758186052,10
"186",-2.87974066139561,1.97642758186052,10
"187",-2.48164280605636,1.48346159664816,10
"188",-2.08354495071711,0.990495611435803,10
"189",-1.68544709537787,0.497529626223443,10
"190",-1.28734924003862,-1.22785132201982,10
"191",-0.889251384699371,-1.96730029983836,10
"192",-0.491153529360123,-1.96730029983836,10
"193",-0.0930556740208752,-1.96730029983836,10
"194",0.305042181318372,-2.21378329244454,10
"195",0.703140036657619,-2.95323227026308,10
"196",1.10123789199687,-2.95323227026308,10
"197",1.49933574733611,-2.95323227026308,10
"198",1.89743360267536,-2.95323227026308,10
"199",2.29553145801461,-2.95323227026308,10
"200",2.69362931335386,-2.95323227026308,10
"201",-4.87022993809185,1.97642758186052,11
"202",-4.4721320827526,1.97642758186052,11
"203",-4.07403422741335,1.97642758186052,11
"204",-3.6759363720741,1.97642758186052,11
"205",-3.27783851673486,1.97642758186052,11
"206",-2.87974066139561,1.97642758186052,11
"207",-2.48164280605636,1.97642758186052,11
"208",-2.08354495071711,1.97642758186052,11
"209",-1.68544709537787,1.97642758186052,11
"210",-1.28734924003862,-1.22785132201982,11
"211",-0.889251384699371,-1.96730029983836,11
"212",-0.491153529360123,-2.46026628505072,11
"213",-0.0930556740208752,-2.95323227026308,11
"214",0.305042181318372,-2.95323227026308,11
"215",0.703140036657619,-2.95323227026308,11
"216",1.10123789199687,-2.95323227026308,11
"217",1.49933574733611,-2.95323227026308,11
"218",1.89743360267536,-2.95323227026308,11
"219",2.29553145801461,-2.95323227026308,11
"220",2.69362931335386,-2.95323227026308,11
"221",-4.87022993809185,1.97642758186052,12
"222",-4.4721320827526,1.97642758186052,12
"223",-4.07403422741335,1.97642758186052,12
"224",-3.6759363720741,1.97642758186052,12
"225",-3.27783851673486,1.97642758186052,12
"226",-2.87974066139561,1.97642758186052,12
"227",-2.48164280605636,1.97642758186052,12
"228",-2.08354495071711,1.97642758186052,12
"229",-1.68544709537787,0.00456364101108164,12
"230",-1.28734924003862,-0.98136832941364,12
"231",-0.889251384699371,-1.474334314626,12
"232",-0.491153529360123,-1.72081730723218,12
"233",-0.0930556740208752,-1.72081730723218,12
"234",0.305042181318372,-1.96730029983836,12
"235",0.703140036657619,-1.96730029983836,12
"236",1.10123789199687,-2.21378329244454,12
"237",1.49933574733611,-2.21378329244454,12
"238",1.89743360267536,-2.21378329244454,12
"239",2.29553145801461,-2.21378329244454,12
"240",2.69362931335386,-2.21378329244454,12
"241",-4.87022993809185,1.97642758186052,13
"242",-4.4721320827526,1.97642758186052,13
"243",-4.07403422741335,1.97642758186052,13
"244",-3.6759363720741,1.97642758186052,13
"245",-3.27783851673486,1.97642758186052,13
"246",-2.87974066139561,1.97642758186052,13
"247",-2.48164280605636,1.48346159664816,13
"248",-2.08354495071711,0.744012618829623,13
"249",-1.68544709537787,0.251046633617262,13
"250",-1.28734924003862,-0.98136832941364,13
"251",-0.889251384699371,-1.474334314626,13
"252",-0.491153529360123,-1.474334314626,13
"253",-0.0930556740208752,-1.72081730723218,13
"254",0.305042181318372,-1.96730029983836,13
"255",0.703140036657619,-2.95323227026308,13
"256",1.10123789199687,-2.95323227026308,13
"257",1.49933574733611,-2.95323227026308,13
"258",1.89743360267536,-2.95323227026308,13
"259",2.29553145801461,-2.95323227026308,13
"260",2.69362931335386,-2.95323227026308,13
"261",-4.87022993809185,1.97642758186052,14
"262",-4.4721320827526,1.97642758186052,14
"263",-4.07403422741335,1.97642758186052,14
"264",-3.6759363720741,1.97642758186052,14
"265",-3.27783851673486,1.97642758186052,14
"266",-2.87974066139561,1.97642758186052,14
"267",-2.48164280605636,1.72994458925435,14
"268",-2.08354495071711,0.990495611435803,14
"269",-1.68544709537787,0.251046633617262,14
"270",-1.28734924003862,-0.734885336807459,14
"271",-0.889251384699371,-1.22785132201982,14
"272",-0.491153529360123,-1.474334314626,14
"273",-0.0930556740208752,-1.96730029983836,14
"274",0.305042181318372,-2.46026628505072,14
"275",0.703140036657619,-2.95323227026308,14
"276",1.10123789199687,-2.95323227026308,14
"277",1.49933574733611,-2.95323227026308,14
"278",1.89743360267536,-2.95323227026308,14
"279",2.29553145801461,-2.95323227026308,14
"280",2.69362931335386,-2.95323227026308,14
"281",-4.87022993809185,1.97642758186052,15
"282",-4.4721320827526,1.97642758186052,15
"283",-4.07403422741335,1.97642758186052,15
"284",-3.6759363720741,1.97642758186052,15
"285",-3.27783851673486,1.97642758186052,15
"286",-2.87974066139561,1.97642758186052,15
"287",-2.48164280605636,1.97642758186052,15
"288",-2.08354495071711,1.97642758186052,15
"289",-1.68544709537787,1.97642758186052,15
"290",-1.28734924003862,-0.98136832941364,15
"291",-0.889251384699371,-1.96730029983836,15
"292",-0.491153529360123,-2.21378329244454,15
"293",-0.0930556740208752,-2.21378329244454,15
"294",0.305042181318372,-2.46026628505072,15
"295",0.703140036657619,-2.95323227026308,15
"296",1.10123789199687,-2.95323227026308,15
"297",1.49933574733611,-2.95323227026308,15
"298",1.89743360267536,-2.95323227026308,15
"299",2.29553145801461,-2.95323227026308,15
"300",2.69362931335386,-2.95323227026308,15
"301",-4.87022993809185,1.97642758186052,16
"302",-4.4721320827526,1.97642758186052,16
"303",-4.07403422741335,1.97642758186052,16
"304",-3.6759363720741,1.97642758186052,16
"305",-3.27783851673486,1.97642758186052,16
"306",-2.87974066139561,1.97642758186052,16
"307",-2.48164280605636,1.97642758186052,16
"308",-2.08354495071711,1.97642758186052,16
"309",-1.68544709537787,1.23697860404198,16
"310",-1.28734924003862,-0.98136832941364,16
"311",-0.889251384699371,-1.72081730723218,16
"312",-0.491153529360123,-2.21378329244454,16
"313",-0.0930556740208752,-2.46026628505072,16
"314",0.305042181318372,-2.7067492776569,16
"315",0.703140036657619,-2.7067492776569,16
"316",1.10123789199687,-2.95323227026308,16
"317",1.49933574733611,-2.95323227026308,16
"318",1.89743360267536,-2.95323227026308,16
"319",2.29553145801461,-2.95323227026308,16
"320",2.69362931335386,-2.95323227026308,16
"321",-4.87022993809185,1.97642758186052,17
"322",-4.4721320827526,1.97642758186052,17
"323",-4.07403422741335,1.97642758186052,17
"324",-3.6759363720741,1.97642758186052,17
"325",-3.27783851673486,1.97642758186052,17
"326",-2.87974066139561,1.97642758186052,17
"327",-2.48164280605636,1.97642758186052,17
"328",-2.08354495071711,1.97642758186052,17
"329",-1.68544709537787,0.00456364101108164,17
"330",-1.28734924003862,-0.98136832941364,17
"331",-0.889251384699371,-1.72081730723218,17
"332",-0.491153529360123,-1.96730029983836,17
"333",-0.0930556740208752,-1.96730029983836,17
"334",0.305042181318372,-1.96730029983836,17
"335",0.703140036657619,-1.96730029983836,17
"336",1.10123789199687,-1.96730029983836,17
"337",1.49933574733611,-1.96730029983836,17
"338",1.89743360267536,-1.96730029983836,17
"339",2.29553145801461,-1.96730029983836,17
"340",2.69362931335386,-2.21378329244454,17
"341",-4.87022993809185,1.97642758186052,18
"342",-4.4721320827526,1.97642758186052,18
"343",-4.07403422741335,1.97642758186052,18
"344",-3.6759363720741,1.97642758186052,18
"345",-3.27783851673486,1.97642758186052,18
"346",-2.87974066139561,1.97642758186052,18
"347",-2.48164280605636,1.97642758186052,18
"348",-2.08354495071711,1.97642758186052,18
"349",-1.68544709537787,0.497529626223443,18
"350",-1.28734924003862,-0.98136832941364,18
"351",-0.889251384699371,-1.474334314626,18
"352",-0.491153529360123,-1.72081730723218,18
"353",-0.0930556740208752,-1.96730029983836,18
"354",0.305042181318372,-2.21378329244454,18
"355",0.703140036657619,-2.21378329244454,18
"356",1.10123789199687,-2.46026628505072,18
"357",1.49933574733611,-2.46026628505072,18
"358",1.89743360267536,-2.46026628505072,18
"359",2.29553145801461,-2.46026628505072,18
"360",2.69362931335386,-2.46026628505072,18
"361",-4.87022993809185,1.97642758186052,19
"362",-4.4721320827526,1.97642758186052,19
"363",-4.07403422741335,1.97642758186052,19
"364",-3.6759363720741,1.97642758186052,19
"365",-3.27783851673486,1.97642758186052,19
"366",-2.87974066139561,1.97642758186052,19
"367",-2.48164280605636,1.97642758186052,19
"368",-2.08354495071711,0.251046633617262,19
"369",-1.68544709537787,0.00456364101108164,19
"370",-1.28734924003862,-0.98136832941364,19
"371",-0.889251384699371,-2.21378329244454,19
"372",-0.491153529360123,-2.95323227026308,19
"373",-0.0930556740208752,-2.95323227026308,19
"374",0.305042181318372,-2.95323227026308,19
"375",0.703140036657619,-2.95323227026308,19
"376",1.10123789199687,-2.95323227026308,19
"377",1.49933574733611,-2.95323227026308,19
"378",1.89743360267536,-2.95323227026308,19
"379",2.29553145801461,-2.95323227026308,19
"380",2.69362931335386,-2.95323227026308,19
"381",-4.87022993809185,1.97642758186052,20
"382",-4.4721320827526,1.97642758186052,20
"383",-4.07403422741335,1.97642758186052,20
"384",-3.6759363720741,1.97642758186052,20
"385",-3.27783851673486,1.97642758186052,20
"386",-2.87974066139561,1.97642758186052,20
"387",-2.48164280605636,1.97642758186052,20
"388",-2.08354495071711,1.97642758186052,20
"389",-1.68544709537787,0.00456364101108164,20
"390",-1.28734924003862,-0.734885336807459,20
"391",-0.889251384699371,-1.22785132201982,20
"392",-0.491153529360123,-1.72081730723218,20
"393",-0.0930556740208752,-2.21378329244454,20
"394",0.305042181318372,-2.46026628505072,20
"395",0.703140036657619,-2.7067492776569,20
"396",1.10123789199687,-2.95323227026308,20
"397",1.49933574733611,-2.95323227026308,20
"398",1.89743360267536,-2.95323227026308,20
"399",2.29553145801461,-2.95323227026308,20
"400",2.69362931335386,-2.95323227026308,20
"401",-4.87022993809185,1.97642758186052,21
"402",-4.4721320827526,1.97642758186052,21
"403",-4.07403422741335,1.97642758186052,21
"404",-3.6759363720741,1.97642758186052,21
"405",-3.27783851673486,1.97642758186052,21
"406",-2.87974066139561,1.97642758186052,21
"407",-2.48164280605636,1.97642758186052,21
"408",-2.08354495071711,1.97642758186052,21
"409",-1.68544709537787,1.97642758186052,21
"410",-1.28734924003862,-0.98136832941364,21
"411",-0.889251384699371,-1.72081730723218,21
"412",-0.491153529360123,-2.21378329244454,21
"413",-0.0930556740208752,-2.46026628505072,21
"414",0.305042181318372,-2.7067492776569,21
"415",0.703140036657619,-2.7067492776569,21
"416",1.10123789199687,-2.7067492776569,21
"417",1.49933574733611,-2.7067492776569,21
"418",1.89743360267536,-2.7067492776569,21
"419",2.29553145801461,-2.7067492776569,21
"420",2.69362931335386,-2.7067492776569,21
"421",-4.87022993809185,1.97642758186052,22
"422",-4.4721320827526,1.97642758186052,22
"423",-4.07403422741335,1.97642758186052,22
"424",-3.6759363720741,1.97642758186052,22
"425",-3.27783851673486,1.97642758186052,22
"426",-2.87974066139561,1.97642758186052,22
"427",-2.48164280605636,1.97642758186052,22
"428",-2.08354495071711,1.97642758186052,22
"429",-1.68544709537787,0.497529626223443,22
"430",-1.28734924003862,-0.98136832941364,22
"431",-0.889251384699371,-1.72081730723218,22
"432",-0.491153529360123,-1.96730029983836,22
"433",-0.0930556740208752,-2.21378329244454,22
"434",0.305042181318372,-2.46026628505072,22
"435",0.703140036657619,-2.46026628505072,22
"436",1.10123789199687,-2.46026628505072,22
"437",1.49933574733611,-2.7067492776569,22
"438",1.89743360267536,-2.7067492776569,22
"439",2.29553145801461,-2.7067492776569,22
"440",2.69362931335386,-2.7067492776569,22
"441",-4.87022993809185,1.97642758186052,23
"442",-4.4721320827526,1.97642758186052,23
"443",-4.07403422741335,1.97642758186052,23
"444",-3.6759363720741,1.97642758186052,23
"445",-3.27783851673486,1.97642758186052,23
"446",-2.87974066139561,1.97642758186052,23
"447",-2.48164280605636,1.97642758186052,23
"448",-2.08354495071711,1.97642758186052,23
"449",-1.68544709537787,0.251046633617262,23
"450",-1.28734924003862,-0.98136832941364,23
"451",-0.889251384699371,-1.474334314626,23
"452",-0.491153529360123,-1.96730029983836,23
"453",-0.0930556740208752,-2.21378329244454,23
"454",0.305042181318372,-2.21378329244454,23
"455",0.703140036657619,-2.46026628505072,23
"456",1.10123789199687,-2.46026628505072,23
"457",1.49933574733611,-2.7067492776569,23
"458",1.89743360267536,-2.7067492776569,23
"459",2.29553145801461,-2.7067492776569,23
"460",2.69362931335386,-2.7067492776569,23
"461",-4.87022993809185,1.97642758186052,24
"462",-4.4721320827526,1.97642758186052,24
"463",-4.07403422741335,1.97642758186052,24
"464",-3.6759363720741,1.48346159664816,24
"465",-3.27783851673486,0.990495611435803,24
"466",-2.87974066139561,0.744012618829623,24
"467",-2.48164280605636,0.251046633617262,24
"468",-2.08354495071711,0.00456364101108164,24
"469",-1.68544709537787,-0.241919351595099,24
"470",-1.28734924003862,-0.98136832941364,24
"471",-0.889251384699371,-1.72081730723218,24
"472",-0.491153529360123,-2.21378329244454,24
"473",-0.0930556740208752,-2.46026628505072,24
"474",0.305042181318372,-2.7067492776569,24
"475",0.703140036657619,-2.7067492776569,24
"476",1.10123789199687,-2.7067492776569,24
"477",1.49933574733611,-2.7067492776569,24
"478",1.89743360267536,-2.7067492776569,24
"479",2.29553145801461,-2.7067492776569,24
"480",2.69362931335386,-2.7067492776569,24
"481",-4.87022993809185,1.97642758186052,25
"482",-4.4721320827526,1.97642758186052,25
"483",-4.07403422741335,1.97642758186052,25
"484",-3.6759363720741,1.97642758186052,25
"485",-3.27783851673486,1.97642758186052,25
"486",-2.87974066139561,1.97642758186052,25
"487",-2.48164280605636,0.990495611435803,25
"488",-2.08354495071711,0.744012618829623,25
"489",-1.68544709537787,0.251046633617262,25
"490",-1.28734924003862,-0.98136832941364,25
"491",-0.889251384699371,-1.474334314626,25
"492",-0.491153529360123,-1.96730029983836,25
"493",-0.0930556740208752,-2.21378329244454,25
"494",0.305042181318372,-2.95323227026308,25
"495",0.703140036657619,-2.95323227026308,25
"496",1.10123789199687,-2.95323227026308,25
"497",1.49933574733611,-2.95323227026308,25
"498",1.89743360267536,-2.95323227026308,25
"499",2.29553145801461,-2.95323227026308,25
"500",2.69362931335386,-2.95323227026308,25
"501",-4.87022993809185,1.97642758186052,26
"502",-4.4721320827526,1.97642758186052,26
"503",-4.07403422741335,1.97642758186052,26
"504",-3.6759363720741,1.97642758186052,26
"505",-3.27783851673486,1.97642758186052,26
"506",-2.87974066139561,1.97642758186052,26
"507",-2.48164280605636,1.97642758186052,26
"508",-2.08354495071711,1.97642758186052,26
"509",-1.68544709537787,-0.241919351595099,26
"510",-1.28734924003862,-0.734885336807459,26
"511",-0.889251384699371,-1.22785132201982,26
"512",-0.491153529360123,-1.22785132201982,26
"513",-0.0930556740208752,-1.474334314626,26
"514",0.305042181318372,-2.46026628505072,26
"515",0.703140036657619,-2.95323227026308,26
"516",1.10123789199687,-2.95323227026308,26
"517",1.49933574733611,-2.95323227026308,26
"518",1.89743360267536,-2.95323227026308,26
"519",2.29553145801461,-2.95323227026308,26
"520",2.69362931335386,-2.95323227026308,26
"521",-4.87022993809185,1.97642758186052,27
"522",-4.4721320827526,1.97642758186052,27
"523",-4.07403422741335,1.97642758186052,27
"524",-3.6759363720741,1.97642758186052,27
"525",-3.27783851673486,1.97642758186052,27
"526",-2.87974066139561,1.97642758186052,27
"527",-2.48164280605636,1.97642758186052,27
"528",-2.08354495071711,1.97642758186052,27
"529",-1.68544709537787,1.72994458925435,27
"530",-1.28734924003862,-1.22785132201982,27
"531",-0.889251384699371,-2.46026628505072,27
"532",-0.491153529360123,-2.7067492776569,27
"533",-0.0930556740208752,-2.7067492776569,27
"534",0.305042181318372,-2.7067492776569,27
"535",0.703140036657619,-2.95323227026308,27
"536",1.10123789199687,-2.95323227026308,27
"537",1.49933574733611,-2.95323227026308,27
"538",1.89743360267536,-2.95323227026308,27
"539",2.29553145801461,-2.95323227026308,27
"540",2.69362931335386,-2.95323227026308,27
"541",-4.87022993809185,1.97642758186052,28
"542",-4.4721320827526,1.97642758186052,28
"543",-4.07403422741335,1.97642758186052,28
"544",-3.6759363720741,1.97642758186052,28
"545",-3.27783851673486,1.97642758186052,28
"546",-2.87974066139561,1.97642758186052,28
"547",-2.48164280605636,1.97642758186052,28
"548",-2.08354495071711,1.97642758186052,28
"549",-1.68544709537787,1.97642758186052,28
"550",-1.28734924003862,-0.98136832941364,28
"551",-0.889251384699371,-1.474334314626,28
"552",-0.491153529360123,-1.72081730723218,28
"553",-0.0930556740208752,-1.96730029983836,28
"554",0.305042181318372,-1.96730029983836,28
"555",0.703140036657619,-2.21378329244454,28
"556",1.10123789199687,-2.21378329244454,28
"557",1.49933574733611,-2.21378329244454,28
"558",1.89743360267536,-2.21378329244454,28
"559",2.29553145801461,-2.21378329244454,28
"560",2.69362931335386,-2.21378329244454,28
"561",-4.87022993809185,1.97642758186052,29
"562",-4.4721320827526,1.97642758186052,29
"563",-4.07403422741335,1.97642758186052,29
"564",-3.6759363720741,1.97642758186052,29
"565",-3.27783851673486,1.97642758186052,29
"566",-2.87974066139561,1.97642758186052,29
"567",-2.48164280605636,1.97642758186052,29
"568",-2.08354495071711,1.97642758186052,29
"569",-1.68544709537787,1.97642758186052,29
"570",-1.28734924003862,-0.98136832941364,29
"571",-0.889251384699371,-1.474334314626,29
"572",-0.491153529360123,-1.72081730723218,29
"573",-0.0930556740208752,-1.96730029983836,29
"574",0.305042181318372,-1.96730029983836,29
"575",0.703140036657619,-1.96730029983836,29
"576",1.10123789199687,-2.21378329244454,29
"577",1.49933574733611,-2.21378329244454,29
"578",1.89743360267536,-2.21378329244454,29
"579",2.29553145801461,-2.21378329244454,29
"580",2.69362931335386,-2.21378329244454,29
"581",-4.87022993809185,1.97642758186052,30
"582",-4.4721320827526,1.97642758186052,30
"583",-4.07403422741335,1.97642758186052,30
"584",-3.6759363720741,1.97642758186052,30
"585",-3.27783851673486,1.97642758186052,30
"586",-2.87974066139561,1.97642758186052,30
"587",-2.48164280605636,1.97642758186052,30
"588",-2.08354495071711,1.97642758186052,30
"589",-1.68544709537787,1.97642758186052,30
"590",-1.28734924003862,-1.22785132201982,30
"591",-0.889251384699371,-1.96730029983836,30
"592",-0.491153529360123,-2.46026628505072,30
"593",-0.0930556740208752,-2.95323227026308,30
"594",0.305042181318372,-2.95323227026308,30
"595",0.703140036657619,-2.95323227026308,30
"596",1.10123789199687,-2.95323227026308,30
"597",1.49933574733611,-2.95323227026308,30
"598",1.89743360267536,-2.95323227026308,30
"599",2.29553145801461,-2.95323227026308,30
"600",2.69362931335386,-2.95323227026308,30
"601",-4.87022993809185,1.97642758186052,31
"602",-4.4721320827526,1.97642758186052,31
"603",-4.07403422741335,1.97642758186052,31
"604",-3.6759363720741,1.97642758186052,31
"605",-3.27783851673486,1.97642758186052,31
"606",-2.87974066139561,1.97642758186052,31
"607",-2.48164280605636,1.97642758186052,31
"608",-2.08354495071711,1.97642758186052,31
"609",-1.68544709537787,0.00456364101108164,31
"610",-1.28734924003862,-0.734885336807459,31
"611",-0.889251384699371,-1.22785132201982,31
"612",-0.491153529360123,-1.72081730723218,31
"613",-0.0930556740208752,-2.21378329244454,31
"614",0.305042181318372,-2.21378329244454,31
"615",0.703140036657619,-2.46026628505072,31
"616",1.10123789199687,-2.46026628505072,31
"617",1.49933574733611,-2.46026628505072,31
"618",1.89743360267536,-2.7067492776569,31
"619",2.29553145801461,-2.7067492776569,31
"620",2.69362931335386,-2.7067492776569,31
"621",-4.87022993809185,1.97642758186052,32
"622",-4.4721320827526,1.97642758186052,32
"623",-4.07403422741335,1.97642758186052,32
"624",-3.6759363720741,1.97642758186052,32
"625",-3.27783851673486,1.97642758186052,32
"626",-2.87974066139561,1.97642758186052,32
"627",-2.48164280605636,1.97642758186052,32
"628",-2.08354495071711,1.97642758186052,32
"629",-1.68544709537787,0.251046633617262,32
"630",-1.28734924003862,-0.98136832941364,32
"631",-0.889251384699371,-1.474334314626,32
"632",-0.491153529360123,-2.21378329244454,32
"633",-0.0930556740208752,-2.7067492776569,32
"634",0.305042181318372,-2.95323227026308,32
"635",0.703140036657619,-2.95323227026308,32
"636",1.10123789199687,-2.95323227026308,32
"637",1.49933574733611,-2.95323227026308,32
"638",1.89743360267536,-2.95323227026308,32
"639",2.29553145801461,-2.95323227026308,32
"640",2.69362931335386,-2.95323227026308,32
"641",-4.87022993809185,1.97642758186052,33
"642",-4.4721320827526,1.97642758186052,33
"643",-4.07403422741335,1.97642758186052,33
"644",-3.6759363720741,1.97642758186052,33
"645",-3.27783851673486,1.97642758186052,33
"646",-2.87974066139561,1.97642758186052,33
"647",-2.48164280605636,1.97642758186052,33
"648",-2.08354495071711,1.97642758186052,33
"649",-1.68544709537787,1.97642758186052,33
"650",-1.28734924003862,-1.22785132201982,33
"651",-0.889251384699371,-1.96730029983836,33
"652",-0.491153529360123,-2.21378329244454,33
"653",-0.0930556740208752,-2.21378329244454,33
"654",0.305042181318372,-2.21378329244454,33
"655",0.703140036657619,-2.21378329244454,33
"656",1.10123789199687,-2.21378329244454,33
"657",1.49933574733611,-2.21378329244454,33
"658",1.89743360267536,-2.21378329244454,33
"659",2.29553145801461,-2.21378329244454,33
"660",2.69362931335386,-2.21378329244454,33
"661",-4.87022993809185,1.97642758186052,34
"662",-4.4721320827526,1.97642758186052,34
"663",-4.07403422741335,1.97642758186052,34
"664",-3.6759363720741,1.97642758186052,34
"665",-3.27783851673486,1.97642758186052,34
"666",-2.87974066139561,1.97642758186052,34
"667",-2.48164280605636,1.97642758186052,34
"668",-2.08354495071711,1.97642758186052,34
"669",-1.68544709537787,1.97642758186052,34
"670",-1.28734924003862,-0.98136832941364,34
"671",-0.889251384699371,-1.474334314626,34
"672",-0.491153529360123,-1.474334314626,34
"673",-0.0930556740208752,-1.72081730723218,34
"674",0.305042181318372,-1.72081730723218,34
"675",0.703140036657619,-1.96730029983836,34
"676",1.10123789199687,-2.21378329244454,34
"677",1.49933574733611,-2.46026628505072,34
"678",1.89743360267536,-2.7067492776569,34
"679",2.29553145801461,-2.7067492776569,34
"680",2.69362931335386,-2.95323227026308,34
"681",-4.87022993809185,1.97642758186052,35
"682",-4.4721320827526,1.97642758186052,35
"683",-4.07403422741335,1.97642758186052,35
"684",-3.6759363720741,1.97642758186052,35
"685",-3.27783851673486,1.97642758186052,35
"686",-2.87974066139561,1.97642758186052,35
"687",-2.48164280605636,1.97642758186052,35
"688",-2.08354495071711,1.97642758186052,35
"689",-1.68544709537787,1.97642758186052,35
"690",-1.28734924003862,-1.22785132201982,35
"691",-0.889251384699371,-1.72081730723218,35
"692",-0.491153529360123,-1.72081730723218,35
"693",-0.0930556740208752,-2.21378329244454,35
"694",0.305042181318372,-2.21378329244454,35
"695",0.703140036657619,-2.21378329244454,35
"696",1.10123789199687,-2.46026628505072,35
"697",1.49933574733611,-2.46026628505072,35
"698",1.89743360267536,-2.46026628505072,35
"699",2.29553145801461,-2.46026628505072,35
"700",2.69362931335386,-2.46026628505072,35
"701",-4.87022993809185,1.97642758186052,36
"702",-4.4721320827526,1.97642758186052,36
"703",-4.07403422741335,1.97642758186052,36
"704",-3.6759363720741,1.97642758186052,36
"705",-3.27783851673486,1.97642758186052,36
"706",-2.87974066139561,1.97642758186052,36
"707",-2.48164280605636,1.97642758186052,36
"708",-2.08354495071711,1.97642758186052,36
"709",-1.68544709537787,0.00456364101108164,36
"710",-1.28734924003862,-0.98136832941364,36
"711",-0.889251384699371,-1.474334314626,36
"712",-0.491153529360123,-1.72081730723218,36
"713",-0.0930556740208752,-1.96730029983836,36
"714",0.305042181318372,-2.21378329244454,36
"715",0.703140036657619,-2.21378329244454,36
"716",1.10123789199687,-2.46026628505072,36
"717",1.49933574733611,-2.46026628505072,36
"718",1.89743360267536,-2.46026628505072,36
"719",2.29553145801461,-2.46026628505072,36
"720",2.69362931335386,-2.46026628505072,36
"721",-4.87022993809185,1.97642758186052,37
"722",-4.4721320827526,1.97642758186052,37
"723",-4.07403422741335,1.97642758186052,37
"724",-3.6759363720741,1.97642758186052,37
"725",-3.27783851673486,1.97642758186052,37
"726",-2.87974066139561,1.97642758186052,37
"727",-2.48164280605636,1.97642758186052,37
"728",-2.08354495071711,1.97642758186052,37
"729",-1.68544709537787,1.97642758186052,37
"730",-1.28734924003862,-1.22785132201982,37
"731",-0.889251384699371,-1.96730029983836,37
"732",-0.491153529360123,-2.21378329244454,37
"733",-0.0930556740208752,-2.46026628505072,37
"734",0.305042181318372,-2.46026628505072,37
"735",0.703140036657619,-2.46026628505072,37
"736",1.10123789199687,-2.46026628505072,37
"737",1.49933574733611,-2.7067492776569,37
"738",1.89743360267536,-2.7067492776569,37
"739",2.29553145801461,-2.7067492776569,37
"740",2.69362931335386,-2.7067492776569,37
"741",-4.87022993809185,1.97642758186052,38
"742",-4.4721320827526,1.97642758186052,38
"743",-4.07403422741335,1.97642758186052,38
"744",-3.6759363720741,1.97642758186052,38
"745",-3.27783851673486,1.97642758186052,38
"746",-2.87974066139561,1.97642758186052,38
"747",-2.48164280605636,1.97642758186052,38
"748",-2.08354495071711,1.97642758186052,38
"749",-1.68544709537787,1.97642758186052,38
"750",-1.28734924003862,-0.98136832941364,38
"751",-0.889251384699371,-1.72081730723218,38
"752",-0.491153529360123,-1.96730029983836,38
"753",-0.0930556740208752,-1.96730029983836,38
"754",0.305042181318372,-2.21378329244454,38
"755",0.703140036657619,-2.21378329244454,38
"756",1.10123789199687,-2.21378329244454,38
"757",1.49933574733611,-2.21378329244454,38
"758",1.89743360267536,-2.21378329244454,38
"759",2.29553145801461,-2.21378329244454,38
"760",2.69362931335386,-2.21378329244454,38
"761",-4.87022993809185,1.97642758186052,39
"762",-4.4721320827526,1.97642758186052,39
"763",-4.07403422741335,1.97642758186052,39
"764",-3.6759363720741,1.97642758186052,39
"765",-3.27783851673486,1.97642758186052,39
"766",-2.87974066139561,1.97642758186052,39
"767",-2.48164280605636,1.97642758186052,39
"768",-2.08354495071711,0.744012618829623,39
"769",-1.68544709537787,0.00456364101108164,39
"770",-1.28734924003862,-0.734885336807459,39
"771",-0.889251384699371,-1.474334314626,39
"772",-0.491153529360123,-1.72081730723218,39
"773",-0.0930556740208752,-1.72081730723218,39
"774",0.305042181318372,-1.96730029983836,39
"775",0.703140036657619,-1.96730029983836,39
"776",1.10123789199687,-1.96730029983836,39
"777",1.49933574733611,-1.96730029983836,39
"778",1.89743360267536,-1.96730029983836,39
"779",2.29553145801461,-1.96730029983836,39
"780",2.69362931335386,-1.96730029983836,39
"781",-4.87022993809185,1.97642758186052,40
"782",-4.4721320827526,1.97642758186052,40
"783",-4.07403422741335,1.97642758186052,40
"784",-3.6759363720741,1.97642758186052,40
"785",-3.27783851673486,1.97642758186052,40
"786",-2.87974066139561,1.97642758186052,40
"787",-2.48164280605636,1.97642758186052,40
"788",-2.08354495071711,0.990495611435803,40
"789",-1.68544709537787,0.00456364101108164,40
"790",-1.28734924003862,-0.98136832941364,40
"791",-0.889251384699371,-2.21378329244454,40
"792",-0.491153529360123,-2.46026628505072,40
"793",-0.0930556740208752,-2.7067492776569,40
"794",0.305042181318372,-2.7067492776569,40
"795",0.703140036657619,-2.7067492776569,40
"796",1.10123789199687,-2.7067492776569,40
"797",1.49933574733611,-2.7067492776569,40
"798",1.89743360267536,-2.7067492776569,40
"799",2.29553145801461,-2.7067492776569,40
"800",2.69362931335386,-2.7067492776569,40
"801",-4.87022993809185,1.97642758186052,41
"802",-4.4721320827526,1.97642758186052,41
"803",-4.07403422741335,1.97642758186052,41
"804",-3.6759363720741,1.97642758186052,41
"805",-3.27783851673486,1.97642758186052,41
"806",-2.87974066139561,1.97642758186052,41
"807",-2.48164280605636,1.97642758186052,41
"808",-2.08354495071711,1.97642758186052,41
"809",-1.68544709537787,1.97642758186052,41
"810",-1.28734924003862,-0.98136832941364,41
"811",-0.889251384699371,-1.72081730723218,41
"812",-0.491153529360123,-1.96730029983836,41
"813",-0.0930556740208752,-1.96730029983836,41
"814",0.305042181318372,-1.96730029983836,41
"815",0.703140036657619,-2.21378329244454,41
"816",1.10123789199687,-2.21378329244454,41
"817",1.49933574733611,-2.21378329244454,41
"818",1.89743360267536,-2.21378329244454,41
"819",2.29553145801461,-2.21378329244454,41
"820",2.69362931335386,-2.21378329244454,41
"821",-4.87022993809185,1.97642758186052,42
"822",-4.4721320827526,1.97642758186052,42
"823",-4.07403422741335,1.97642758186052,42
"824",-3.6759363720741,1.97642758186052,42
"825",-3.27783851673486,1.97642758186052,42
"826",-2.87974066139561,1.97642758186052,42
"827",-2.48164280605636,1.97642758186052,42
"828",-2.08354495071711,1.97642758186052,42
"829",-1.68544709537787,0.251046633617262,42
"830",-1.28734924003862,-1.22785132201982,42
"831",-0.889251384699371,-2.21378329244454,42
"832",-0.491153529360123,-2.46026628505072,42
"833",-0.0930556740208752,-2.7067492776569,42
"834",0.305042181318372,-2.95323227026308,42
"835",0.703140036657619,-2.95323227026308,42
"836",1.10123789199687,-2.95323227026308,42
"837",1.49933574733611,-2.95323227026308,42
"838",1.89743360267536,-2.95323227026308,42
"839",2.29553145801461,-2.95323227026308,42
"840",2.69362931335386,-2.95323227026308,42
"841",-4.87022993809185,1.97642758186052,43
"842",-4.4721320827526,1.97642758186052,43
"843",-4.07403422741335,1.97642758186052,43
"844",-3.6759363720741,1.97642758186052,43
"845",-3.27783851673486,1.97642758186052,43
"846",-2.87974066139561,1.97642758186052,43
"847",-2.48164280605636,1.97642758186052,43
"848",-2.08354495071711,1.97642758186052,43
"849",-1.68544709537787,0.497529626223443,43
"850",-1.28734924003862,-0.98136832941364,43
"851",-0.889251384699371,-1.474334314626,43
"852",-0.491153529360123,-1.72081730723218,43
"853",-0.0930556740208752,-1.96730029983836,43
"854",0.305042181318372,-2.21378329244454,43
"855",0.703140036657619,-2.46026628505072,43
"856",1.10123789199687,-2.95323227026308,43
"857",1.49933574733611,-2.95323227026308,43
"858",1.89743360267536,-2.95323227026308,43
"859",2.29553145801461,-2.95323227026308,43
"860",2.69362931335386,-2.95323227026308,43
"861",-4.87022993809185,1.97642758186052,44
"862",-4.4721320827526,1.97642758186052,44
"863",-4.07403422741335,1.97642758186052,44
"864",-3.6759363720741,1.72994458925435,44
"865",-3.27783851673486,0.990495611435803,44
"866",-2.87974066139561,0.744012618829623,44
"867",-2.48164280605636,0.497529626223443,44
"868",-2.08354495071711,0.251046633617262,44
"869",-1.68544709537787,-0.241919351595099,44
"870",-1.28734924003862,-0.98136832941364,44
"871",-0.889251384699371,-1.96730029983836,44
"872",-0.491153529360123,-2.7067492776569,44
"873",-0.0930556740208752,-2.95323227026308,44
"874",0.305042181318372,-2.95323227026308,44
"875",0.703140036657619,-2.95323227026308,44
"876",1.10123789199687,-2.95323227026308,44
"877",1.49933574733611,-2.95323227026308,44
"878",1.89743360267536,-2.95323227026308,44
"879",2.29553145801461,-2.95323227026308,44
"880",2.69362931335386,-2.95323227026308,44
"881",-4.87022993809185,1.97642758186052,45
"882",-4.4721320827526,1.97642758186052,45
"883",-4.07403422741335,1.97642758186052,45
"884",-3.6759363720741,1.97642758186052,45
"885",-3.27783851673486,1.97642758186052,45
"886",-2.87974066139561,1.97642758186052,45
"887",-2.48164280605636,1.97642758186052,45
"888",-2.08354495071711,0.744012618829623,45
"889",-1.68544709537787,0.251046633617262,45
"890",-1.28734924003862,-0.98136832941364,45
"891",-0.889251384699371,-1.72081730723218,45
"892",-0.491153529360123,-1.72081730723218,45
"893",-0.0930556740208752,-1.96730029983836,45
"894",0.305042181318372,-1.96730029983836,45
"895",0.703140036657619,-2.21378329244454,45
"896",1.10123789199687,-2.21378329244454,45
"897",1.49933574733611,-2.21378329244454,45
"898",1.89743360267536,-2.21378329244454,45
"899",2.29553145801461,-2.21378329244454,45
"900",2.69362931335386,-2.21378329244454,45
"901",-4.87022993809185,1.97642758186052,46
"902",-4.4721320827526,1.97642758186052,46
"903",-4.07403422741335,1.97642758186052,46
"904",-3.6759363720741,1.97642758186052,46
"905",-3.27783851673486,1.97642758186052,46
"906",-2.87974066139561,1.72994458925435,46
"907",-2.48164280605636,1.23697860404198,46
"908",-2.08354495071711,0.744012618829623,46
"909",-1.68544709537787,0.00456364101108164,46
"910",-1.28734924003862,-0.98136832941364,46
"911",-0.889251384699371,-1.22785132201982,46
"912",-0.491153529360123,-1.474334314626,46
"913",-0.0930556740208752,-1.72081730723218,46
"914",0.305042181318372,-1.96730029983836,46
"915",0.703140036657619,-1.96730029983836,46
"916",1.10123789199687,-2.21378329244454,46
"917",1.49933574733611,-2.21378329244454,46
"918",1.89743360267536,-2.21378329244454,46
"919",2.29553145801461,-2.21378329244454,46
"920",2.69362931335386,-2.21378329244454,46
"921",-4.87022993809185,1.97642758186052,47
"922",-4.4721320827526,1.97642758186052,47
"923",-4.07403422741335,1.97642758186052,47
"924",-3.6759363720741,1.97642758186052,47
"925",-3.27783851673486,1.97642758186052,47
"926",-2.87974066139561,1.97642758186052,47
"927",-2.48164280605636,1.97642758186052,47
"928",-2.08354495071711,1.97642758186052,47
"929",-1.68544709537787,1.97642758186052,47
"930",-1.28734924003862,-1.22785132201982,47
"931",-0.889251384699371,-1.96730029983836,47
"932",-0.491153529360123,-2.46026628505072,47
"933",-0.0930556740208752,-2.95323227026308,47
"934",0.305042181318372,-2.95323227026308,47
"935",0.703140036657619,-2.95323227026308,47
"936",1.10123789199687,-2.95323227026308,47
"937",1.49933574733611,-2.95323227026308,47
"938",1.89743360267536,-2.95323227026308,47
"939",2.29553145801461,-2.95323227026308,47
"940",2.69362931335386,-2.95323227026308,47
"941",-4.87022993809185,1.97642758186052,48
"942",-4.4721320827526,1.97642758186052,48
"943",-4.07403422741335,1.97642758186052,48
"944",-3.6759363720741,1.97642758186052,48
"945",-3.27783851673486,1.97642758186052,48
"946",-2.87974066139561,1.97642758186052,48
"947",-2.48164280605636,1.97642758186052,48
"948",-2.08354495071711,1.97642758186052,48
"949",-1.68544709537787,1.97642758186052,48
"950",-1.28734924003862,-1.22785132201982,48
"951",-0.889251384699371,-1.96730029983836,48
"952",-0.491153529360123,-2.46026628505072,48
"953",-0.0930556740208752,-2.7067492776569,48
"954",0.305042181318372,-2.95323227026308,48
"955",0.703140036657619,-2.95323227026308,48
"956",1.10123789199687,-2.95323227026308,48
"957",1.49933574733611,-2.95323227026308,48
"958",1.89743360267536,-2.95323227026308,48
"959",2.29553145801461,-2.95323227026308,48
"960",2.69362931335386,-2.95323227026308,48
"961",-4.87022993809185,1.97642758186052,49
"962",-4.4721320827526,1.97642758186052,49
"963",-4.07403422741335,1.97642758186052,49
"964",-3.6759363720741,1.97642758186052,49
"965",-3.27783851673486,1.97642758186052,49
"966",-2.87974066139561,1.97642758186052,49
"967",-2.48164280605636,1.97642758186052,49
"968",-2.08354495071711,0.744012618829623,49
"969",-1.68544709537787,0.00456364101108164,49
"970",-1.28734924003862,-0.98136832941364,49
"971",-0.889251384699371,-1.96730029983836,49
"972",-0.491153529360123,-2.7067492776569,49
"973",-0.0930556740208752,-2.95323227026308,49
"974",0.305042181318372,-2.95323227026308,49
"975",0.703140036657619,-2.95323227026308,49
"976",1.10123789199687,-2.95323227026308,49
"977",1.49933574733611,-2.95323227026308,49
"978",1.89743360267536,-2.95323227026308,49
"979",2.29553145801461,-2.95323227026308,49
"980",2.69362931335386,-2.95323227026308,49
"981",-4.87022993809185,1.97642758186052,50
"982",-4.4721320827526,1.97642758186052,50
"983",-4.07403422741335,1.97642758186052,50
"984",-3.6759363720741,1.97642758186052,50
"985",-3.27783851673486,1.97642758186052,50
"986",-2.87974066139561,1.97642758186052,50
"987",-2.48164280605636,0.00456364101108164,50
"988",-2.08354495071711,-0.241919351595099,50
"989",-1.68544709537787,-0.488402344201279,50
"990",-1.28734924003862,-0.734885336807459,50
"991",-0.889251384699371,-1.474334314626,50
"992",-0.491153529360123,-1.96730029983836,50
"993",-0.0930556740208752,-2.46026628505072,50
"994",0.305042181318372,-2.46026628505072,50
"995",0.703140036657619,-2.7067492776569,50
"996",1.10123789199687,-2.7067492776569,50
"997",1.49933574733611,-2.7067492776569,50
"998",1.89743360267536,-2.7067492776569,50
"999",2.29553145801461,-2.7067492776569,50
"1000",2.69362931335386,-2.7067492776569,50
"1001",-4.87022993809185,1.97642758186052,51
"1002",-4.4721320827526,1.97642758186052,51
"1003",-4.07403422741335,1.97642758186052,51
"1004",-3.6759363720741,1.97642758186052,51
"1005",-3.27783851673486,1.97642758186052,51
"1006",-2.87974066139561,1.97642758186052,51
"1007",-2.48164280605636,1.97642758186052,51
"1008",-2.08354495071711,1.97642758186052,51
"1009",-1.68544709537787,0.744012618829623,51
"1010",-1.28734924003862,-0.98136832941364,51
"1011",-0.889251384699371,-1.474334314626,51
"1012",-0.491153529360123,-1.96730029983836,51
"1013",-0.0930556740208752,-1.96730029983836,51
"1014",0.305042181318372,-2.21378329244454,51
"1015",0.703140036657619,-2.21378329244454,51
"1016",1.10123789199687,-2.21378329244454,51
"1017",1.49933574733611,-2.21378329244454,51
"1018",1.89743360267536,-2.21378329244454,51
"1019",2.29553145801461,-2.21378329244454,51
"1020",2.69362931335386,-2.21378329244454,51
"1021",-4.87022993809185,1.97642758186052,52
"1022",-4.4721320827526,1.97642758186052,52
"1023",-4.07403422741335,1.97642758186052,52
"1024",-3.6759363720741,1.97642758186052,52
"1025",-3.27783851673486,1.97642758186052,52
"1026",-2.87974066139561,1.97642758186052,52
"1027",-2.48164280605636,0.990495611435803,52
"1028",-2.08354495071711,0.251046633617262,52
"1029",-1.68544709537787,-0.241919351595099,52
"1030",-1.28734924003862,-0.734885336807459,52
"1031",-0.889251384699371,-1.474334314626,52
"1032",-0.491153529360123,-1.96730029983836,52
"1033",-0.0930556740208752,-2.7067492776569,52
"1034",0.305042181318372,-2.95323227026308,52
"1035",0.703140036657619,-2.95323227026308,52
"1036",1.10123789199687,-2.95323227026308,52
"1037",1.49933574733611,-2.95323227026308,52
"1038",1.89743360267536,-2.95323227026308,52
"1039",2.29553145801461,-2.95323227026308,52
"1040",2.69362931335386,-2.95323227026308,52
"1041",-4.87022993809185,1.97642758186052,53
"1042",-4.4721320827526,1.97642758186052,53
"1043",-4.07403422741335,1.97642758186052,53
"1044",-3.6759363720741,1.97642758186052,53
"1045",-3.27783851673486,1.97642758186052,53
"1046",-2.87974066139561,1.97642758186052,53
"1047",-2.48164280605636,1.97642758186052,53
"1048",-2.08354495071711,0.744012618829623,53
"1049",-1.68544709537787,-0.241919351595099,53
"1050",-1.28734924003862,-0.734885336807459,53
"1051",-0.889251384699371,-1.22785132201982,53
"1052",-0.491153529360123,-1.474334314626,53
"1053",-0.0930556740208752,-1.72081730723218,53
"1054",0.305042181318372,-1.72081730723218,53
"1055",0.703140036657619,-2.21378329244454,53
"1056",1.10123789199687,-2.46026628505072,53
"1057",1.49933574733611,-2.7067492776569,53
"1058",1.89743360267536,-2.7067492776569,53
"1059",2.29553145801461,-2.7067492776569,53
"1060",2.69362931335386,-2.7067492776569,53
"1061",-4.87022993809185,1.97642758186052,54
"1062",-4.4721320827526,1.97642758186052,54
"1063",-4.07403422741335,1.97642758186052,54
"1064",-3.6759363720741,1.97642758186052,54
"1065",-3.27783851673486,1.97642758186052,54
"1066",-2.87974066139561,1.97642758186052,54
"1067",-2.48164280605636,1.97642758186052,54
"1068",-2.08354495071711,1.97642758186052,54
"1069",-1.68544709537787,0.497529626223443,54
"1070",-1.28734924003862,-0.98136832941364,54
"1071",-0.889251384699371,-1.474334314626,54
"1072",-0.491153529360123,-1.72081730723218,54
"1073",-0.0930556740208752,-1.96730029983836,54
"1074",0.305042181318372,-1.96730029983836,54
"1075",0.703140036657619,-2.21378329244454,54
"1076",1.10123789199687,-2.46026628505072,54
"1077",1.49933574733611,-2.7067492776569,54
"1078",1.89743360267536,-2.7067492776569,54
"1079",2.29553145801461,-2.7067492776569,54
"1080",2.69362931335386,-2.7067492776569,54
"1081",-4.87022993809185,1.97642758186052,55
"1082",-4.4721320827526,1.97642758186052,55
"1083",-4.07403422741335,1.97642758186052,55
"1084",-3.6759363720741,1.97642758186052,55
"1085",-3.27783851673486,1.97642758186052,55
"1086",-2.87974066139561,1.97642758186052,55
"1087",-2.48164280605636,1.97642758186052,55
"1088",-2.08354495071711,1.97642758186052,55
"1089",-1.68544709537787,1.97642758186052,55
"1090",-1.28734924003862,-1.474334314626,55
"1091",-0.889251384699371,-2.7067492776569,55
"1092",-0.491153529360123,-2.95323227026308,55
"1093",-0.0930556740208752,-2.95323227026308,55
"1094",0.305042181318372,-2.95323227026308,55
"1095",0.703140036657619,-2.95323227026308,55
"1096",1.10123789199687,-2.95323227026308,55
"1097",1.49933574733611,-2.95323227026308,55
"1098",1.89743360267536,-2.95323227026308,55
"1099",2.29553145801461,-2.95323227026308,55
"1100",2.69362931335386,-2.95323227026308,55
"1101",-4.87022993809185,1.97642758186052,56
"1102",-4.4721320827526,1.97642758186052,56
"1103",-4.07403422741335,1.97642758186052,56
"1104",-3.6759363720741,1.97642758186052,56
"1105",-3.27783851673486,1.97642758186052,56
"1106",-2.87974066139561,1.97642758186052,56
"1107",-2.48164280605636,1.97642758186052,56
"1108",-2.08354495071711,1.97642758186052,56
"1109",-1.68544709537787,0.00456364101108164,56
"1110",-1.28734924003862,-1.22785132201982,56
"1111",-0.889251384699371,-1.72081730723218,56
"1112",-0.491153529360123,-1.96730029983836,56
"1113",-0.0930556740208752,-2.21378329244454,56
"1114",0.305042181318372,-2.46026628505072,56
"1115",0.703140036657619,-2.7067492776569,56
"1116",1.10123789199687,-2.7067492776569,56
"1117",1.49933574733611,-2.95323227026308,56
"1118",1.89743360267536,-2.95323227026308,56
"1119",2.29553145801461,-2.95323227026308,56
"1120",2.69362931335386,-2.95323227026308,56
"1121",-4.87022993809185,1.97642758186052,57
"1122",-4.4721320827526,1.97642758186052,57
"1123",-4.07403422741335,1.97642758186052,57
"1124",-3.6759363720741,1.97642758186052,57
"1125",-3.27783851673486,1.97642758186052,57
"1126",-2.87974066139561,1.97642758186052,57
"1127",-2.48164280605636,1.72994458925435,57
"1128",-2.08354495071711,0.744012618829623,57
"1129",-1.68544709537787,0.00456364101108164,57
"1130",-1.28734924003862,-0.98136832941364,57
"1131",-0.889251384699371,-1.72081730723218,57
"1132",-0.491153529360123,-1.72081730723218,57
"1133",-0.0930556740208752,-1.96730029983836,57
"1134",0.305042181318372,-2.21378329244454,57
"1135",0.703140036657619,-2.46026628505072,57
"1136",1.10123789199687,-2.46026628505072,57
"1137",1.49933574733611,-2.7067492776569,57
"1138",1.89743360267536,-2.7067492776569,57
"1139",2.29553145801461,-2.7067492776569,57
"1140",2.69362931335386,-2.7067492776569,57
"1141",-4.87022993809185,1.97642758186052,58
"1142",-4.4721320827526,1.97642758186052,58
"1143",-4.07403422741335,1.97642758186052,58
"1144",-3.6759363720741,1.97642758186052,58
"1145",-3.27783851673486,1.97642758186052,58
"1146",-2.87974066139561,1.97642758186052,58
"1147",-2.48164280605636,1.97642758186052,58
"1148",-2.08354495071711,1.97642758186052,58
"1149",-1.68544709537787,0.497529626223443,58
"1150",-1.28734924003862,-0.98136832941364,58
"1151",-0.889251384699371,-2.21378329244454,58
"1152",-0.491153529360123,-2.95323227026308,58
"1153",-0.0930556740208752,-2.95323227026308,58
"1154",0.305042181318372,-2.95323227026308,58
"1155",0.703140036657619,-2.95323227026308,58
"1156",1.10123789199687,-2.95323227026308,58
"1157",1.49933574733611,-2.95323227026308,58
"1158",1.89743360267536,-2.95323227026308,58
"1159",2.29553145801461,-2.95323227026308,58
"1160",2.69362931335386,-2.95323227026308,58
"1161",-4.87022993809185,1.97642758186052,59
"1162",-4.4721320827526,1.97642758186052,59
"1163",-4.07403422741335,1.97642758186052,59
"1164",-3.6759363720741,1.97642758186052,59
"1165",-3.27783851673486,1.97642758186052,59
"1166",-2.87974066139561,1.97642758186052,59
"1167",-2.48164280605636,1.97642758186052,59
"1168",-2.08354495071711,1.97642758186052,59
"1169",-1.68544709537787,1.97642758186052,59
"1170",-1.28734924003862,-1.22785132201982,59
"1171",-0.889251384699371,-2.21378329244454,59
"1172",-0.491153529360123,-2.7067492776569,59
"1173",-0.0930556740208752,-2.7067492776569,59
"1174",0.305042181318372,-2.7067492776569,59
"1175",0.703140036657619,-2.7067492776569,59
"1176",1.10123789199687,-2.7067492776569,59
"1177",1.49933574733611,-2.7067492776569,59
"1178",1.89743360267536,-2.7067492776569,59
"1179",2.29553145801461,-2.7067492776569,59
"1180",2.69362931335386,-2.7067492776569,59
"1181",-4.87022993809185,1.97642758186052,60
"1182",-4.4721320827526,1.97642758186052,60
"1183",-4.07403422741335,1.97642758186052,60
"1184",-3.6759363720741,1.97642758186052,60
"1185",-3.27783851673486,1.97642758186052,60
"1186",-2.87974066139561,1.97642758186052,60
"1187",-2.48164280605636,1.97642758186052,60
"1188",-2.08354495071711,0.497529626223443,60
"1189",-1.68544709537787,-0.488402344201279,60
"1190",-1.28734924003862,-0.734885336807459,60
"1191",-0.889251384699371,-1.22785132201982,60
"1192",-0.491153529360123,-1.72081730723218,60
"1193",-0.0930556740208752,-2.21378329244454,60
"1194",0.305042181318372,-2.21378329244454,60
"1195",0.703140036657619,-2.21378329244454,60
"1196",1.10123789199687,-2.21378329244454,60
"1197",1.49933574733611,-2.21378329244454,60
"1198",1.89743360267536,-2.21378329244454,60
"1199",2.29553145801461,-2.46026628505072,60
"1200",2.69362931335386,-2.46026628505072,60
"1201",-4.87022993809185,1.97642758186052,61
"1202",-4.4721320827526,1.97642758186052,61
"1203",-4.07403422741335,1.97642758186052,61
"1204",-3.6759363720741,0.744012618829623,61
"1205",-3.27783851673486,0.497529626223443,61
"1206",-2.87974066139561,0.251046633617262,61
"1207",-2.48164280605636,0.251046633617262,61
"1208",-2.08354495071711,0.00456364101108164,61
"1209",-1.68544709537787,-0.241919351595099,61
"1210",-1.28734924003862,-0.734885336807459,61
"1211",-0.889251384699371,-0.98136832941364,61
"1212",-0.491153529360123,-1.474334314626,61
"1213",-0.0930556740208752,-1.96730029983836,61
"1214",0.305042181318372,-2.21378329244454,61
"1215",0.703140036657619,-2.7067492776569,61
"1216",1.10123789199687,-2.7067492776569,61
"1217",1.49933574733611,-2.7067492776569,61
"1218",1.89743360267536,-2.7067492776569,61
"1219",2.29553145801461,-2.7067492776569,61
"1220",2.69362931335386,-2.7067492776569,61
"1221",-4.87022993809185,1.97642758186052,62
"1222",-4.4721320827526,1.97642758186052,62
"1223",-4.07403422741335,1.97642758186052,62
"1224",-3.6759363720741,1.97642758186052,62
"1225",-3.27783851673486,1.97642758186052,62
"1226",-2.87974066139561,1.97642758186052,62
"1227",-2.48164280605636,1.97642758186052,62
"1228",-2.08354495071711,1.72994458925435,62
"1229",-1.68544709537787,0.497529626223443,62
"1230",-1.28734924003862,-1.22785132201982,62
"1231",-0.889251384699371,-1.72081730723218,62
"1232",-0.491153529360123,-1.96730029983836,62
"1233",-0.0930556740208752,-1.96730029983836,62
"1234",0.305042181318372,-2.21378329244454,62
"1235",0.703140036657619,-2.7067492776569,62
"1236",1.10123789199687,-2.95323227026308,62
"1237",1.49933574733611,-2.95323227026308,62
"1238",1.89743360267536,-2.95323227026308,62
"1239",2.29553145801461,-2.95323227026308,62
"1240",2.69362931335386,-2.95323227026308,62
"1241",-4.87022993809185,1.97642758186052,63
"1242",-4.4721320827526,1.97642758186052,63
"1243",-4.07403422741335,1.97642758186052,63
"1244",-3.6759363720741,1.97642758186052,63
"1245",-3.27783851673486,1.97642758186052,63
"1246",-2.87974066139561,1.97642758186052,63
"1247",-2.48164280605636,1.97642758186052,63
"1248",-2.08354495071711,1.97642758186052,63
"1249",-1.68544709537787,1.97642758186052,63
"1250",-1.28734924003862,-0.98136832941364,63
"1251",-0.889251384699371,-1.474334314626,63
"1252",-0.491153529360123,-1.96730029983836,63
"1253",-0.0930556740208752,-2.46026628505072,63
"1254",0.305042181318372,-2.46026628505072,63
"1255",0.703140036657619,-2.46026628505072,63
"1256",1.10123789199687,-2.46026628505072,63
"1257",1.49933574733611,-2.46026628505072,63
"1258",1.89743360267536,-2.46026628505072,63
"1259",2.29553145801461,-2.46026628505072,63
"1260",2.69362931335386,-2.46026628505072,63
"1261",-4.87022993809185,1.97642758186052,64
"1262",-4.4721320827526,1.97642758186052,64
"1263",-4.07403422741335,0.251046633617262,64
"1264",-3.6759363720741,-0.488402344201279,64
"1265",-3.27783851673486,-0.488402344201279,64
"1266",-2.87974066139561,-0.488402344201279,64
"1267",-2.48164280605636,-0.488402344201279,64
"1268",-2.08354495071711,-0.488402344201279,64
"1269",-1.68544709537787,-0.488402344201279,64
"1270",-1.28734924003862,-0.734885336807459,64
"1271",-0.889251384699371,-1.22785132201982,64
"1272",-0.491153529360123,-1.474334314626,64
"1273",-0.0930556740208752,-1.72081730723218,64
"1274",0.305042181318372,-1.96730029983836,64
"1275",0.703140036657619,-2.21378329244454,64
"1276",1.10123789199687,-2.21378329244454,64
"1277",1.49933574733611,-2.21378329244454,64
"1278",1.89743360267536,-2.21378329244454,64
"1279",2.29553145801461,-2.21378329244454,64
"1280",2.69362931335386,-2.21378329244454,64
"1281",-4.87022993809185,1.97642758186052,65
"1282",-4.4721320827526,1.97642758186052,65
"1283",-4.07403422741335,1.97642758186052,65
"1284",-3.6759363720741,1.97642758186052,65
"1285",-3.27783851673486,1.97642758186052,65
"1286",-2.87974066139561,1.97642758186052,65
"1287",-2.48164280605636,1.97642758186052,65
"1288",-2.08354495071711,1.97642758186052,65
"1289",-1.68544709537787,0.497529626223443,65
"1290",-1.28734924003862,-0.98136832941364,65
"1291",-0.889251384699371,-1.72081730723218,65
"1292",-0.491153529360123,-1.96730029983836,65
"1293",-0.0930556740208752,-2.46026628505072,65
"1294",0.305042181318372,-2.95323227026308,65
"1295",0.703140036657619,-2.95323227026308,65
"1296",1.10123789199687,-2.95323227026308,65
"1297",1.49933574733611,-2.95323227026308,65
"1298",1.89743360267536,-2.95323227026308,65
"1299",2.29553145801461,-2.95323227026308,65
"1300",2.69362931335386,-2.95323227026308,65
"1301",-4.87022993809185,1.97642758186052,66
"1302",-4.4721320827526,1.97642758186052,66
"1303",-4.07403422741335,1.97642758186052,66
"1304",-3.6759363720741,1.97642758186052,66
"1305",-3.27783851673486,1.97642758186052,66
"1306",-2.87974066139561,1.97642758186052,66
"1307",-2.48164280605636,0.744012618829623,66
"1308",-2.08354495071711,0.00456364101108164,66
"1309",-1.68544709537787,-0.241919351595099,66
"1310",-1.28734924003862,-0.734885336807459,66
"1311",-0.889251384699371,-1.474334314626,66
"1312",-0.491153529360123,-1.96730029983836,66
"1313",-0.0930556740208752,-2.46026628505072,66
"1314",0.305042181318372,-2.46026628505072,66
"1315",0.703140036657619,-2.46026628505072,66
"1316",1.10123789199687,-2.46026628505072,66
"1317",1.49933574733611,-2.46026628505072,66
"1318",1.89743360267536,-2.46026628505072,66
"1319",2.29553145801461,-2.46026628505072,66
"1320",2.69362931335386,-2.46026628505072,66
"1321",-4.87022993809185,1.97642758186052,67
"1322",-4.4721320827526,1.97642758186052,67
"1323",-4.07403422741335,1.97642758186052,67
"1324",-3.6759363720741,1.97642758186052,67
"1325",-3.27783851673486,1.97642758186052,67
"1326",-2.87974066139561,1.97642758186052,67
"1327",-2.48164280605636,1.97642758186052,67
"1328",-2.08354495071711,1.97642758186052,67
"1329",-1.68544709537787,-0.241919351595099,67
"1330",-1.28734924003862,-0.734885336807459,67
"1331",-0.889251384699371,-1.22785132201982,67
"1332",-0.491153529360123,-1.72081730723218,67
"1333",-0.0930556740208752,-2.46026628505072,67
"1334",0.305042181318372,-2.95323227026308,67
"1335",0.703140036657619,-2.95323227026308,67
"1336",1.10123789199687,-2.95323227026308,67
"1337",1.49933574733611,-2.95323227026308,67
"1338",1.89743360267536,-2.95323227026308,67
"1339",2.29553145801461,-2.95323227026308,67
"1340",2.69362931335386,-2.95323227026308,67
"1341",-4.87022993809185,1.97642758186052,68
"1342",-4.4721320827526,1.97642758186052,68
"1343",-4.07403422741335,1.97642758186052,68
"1344",-3.6759363720741,1.97642758186052,68
"1345",-3.27783851673486,1.97642758186052,68
"1346",-2.87974066139561,0.990495611435803,68
"1347",-2.48164280605636,0.497529626223443,68
"1348",-2.08354495071711,0.00456364101108164,68
"1349",-1.68544709537787,-0.241919351595099,68
"1350",-1.28734924003862,-0.98136832941364,68
"1351",-0.889251384699371,-1.474334314626,68
"1352",-0.491153529360123,-1.72081730723218,68
"1353",-0.0930556740208752,-1.96730029983836,68
"1354",0.305042181318372,-2.46026628505072,68
"1355",0.703140036657619,-2.7067492776569,68
"1356",1.10123789199687,-2.7067492776569,68
"1357",1.49933574733611,-2.95323227026308,68
"1358",1.89743360267536,-2.95323227026308,68
"1359",2.29553145801461,-2.95323227026308,68
"1360",2.69362931335386,-2.95323227026308,68
"1361",-4.87022993809185,1.97642758186052,69
"1362",-4.4721320827526,1.97642758186052,69
"1363",-4.07403422741335,1.97642758186052,69
"1364",-3.6759363720741,1.97642758186052,69
"1365",-3.27783851673486,1.97642758186052,69
"1366",-2.87974066139561,1.97642758186052,69
"1367",-2.48164280605636,1.97642758186052,69
"1368",-2.08354495071711,1.97642758186052,69
"1369",-1.68544709537787,-0.241919351595099,69
"1370",-1.28734924003862,-0.734885336807459,69
"1371",-0.889251384699371,-1.22785132201982,69
"1372",-0.491153529360123,-1.474334314626,69
"1373",-0.0930556740208752,-1.474334314626,69
"1374",0.305042181318372,-1.474334314626,69
"1375",0.703140036657619,-1.72081730723218,69
"1376",1.10123789199687,-1.96730029983836,69
"1377",1.49933574733611,-1.96730029983836,69
"1378",1.89743360267536,-1.96730029983836,69
"1379",2.29553145801461,-1.96730029983836,69
"1380",2.69362931335386,-1.96730029983836,69
"1381",-4.87022993809185,1.97642758186052,70
"1382",-4.4721320827526,1.97642758186052,70
"1383",-4.07403422741335,1.97642758186052,70
"1384",-3.6759363720741,1.97642758186052,70
"1385",-3.27783851673486,1.97642758186052,70
"1386",-2.87974066139561,1.97642758186052,70
"1387",-2.48164280605636,1.97642758186052,70
"1388",-2.08354495071711,1.97642758186052,70
"1389",-1.68544709537787,0.497529626223443,70
"1390",-1.28734924003862,-0.98136832941364,70
"1391",-0.889251384699371,-1.72081730723218,70
"1392",-0.491153529360123,-1.96730029983836,70
"1393",-0.0930556740208752,-2.21378329244454,70
"1394",0.305042181318372,-2.46026628505072,70
"1395",0.703140036657619,-2.46026628505072,70
"1396",1.10123789199687,-2.7067492776569,70
"1397",1.49933574733611,-2.7067492776569,70
"1398",1.89743360267536,-2.7067492776569,70
"1399",2.29553145801461,-2.7067492776569,70
"1400",2.69362931335386,-2.7067492776569,70
"1401",-4.87022993809185,1.97642758186052,71
"1402",-4.4721320827526,1.97642758186052,71
"1403",-4.07403422741335,1.97642758186052,71
"1404",-3.6759363720741,1.97642758186052,71
"1405",-3.27783851673486,1.97642758186052,71
"1406",-2.87974066139561,1.97642758186052,71
"1407",-2.48164280605636,1.97642758186052,71
"1408",-2.08354495071711,1.97642758186052,71
"1409",-1.68544709537787,1.23697860404198,71
"1410",-1.28734924003862,-0.98136832941364,71
"1411",-0.889251384699371,-1.22785132201982,71
"1412",-0.491153529360123,-1.72081730723218,71
"1413",-0.0930556740208752,-1.96730029983836,71
"1414",0.305042181318372,-2.21378329244454,71
"1415",0.703140036657619,-2.46026628505072,71
"1416",1.10123789199687,-2.46026628505072,71
"1417",1.49933574733611,-2.7067492776569,71
"1418",1.89743360267536,-2.7067492776569,71
"1419",2.29553145801461,-2.7067492776569,71
"1420",2.69362931335386,-2.7067492776569,71
"1421",-4.87022993809185,1.97642758186052,72
"1422",-4.4721320827526,1.97642758186052,72
"1423",-4.07403422741335,1.97642758186052,72
"1424",-3.6759363720741,1.97642758186052,72
"1425",-3.27783851673486,1.97642758186052,72
"1426",-2.87974066139561,1.97642758186052,72
"1427",-2.48164280605636,1.97642758186052,72
"1428",-2.08354495071711,0.744012618829623,72
"1429",-1.68544709537787,-0.241919351595099,72
"1430",-1.28734924003862,-0.98136832941364,72
"1431",-0.889251384699371,-1.96730029983836,72
"1432",-0.491153529360123,-2.21378329244454,72
"1433",-0.0930556740208752,-2.46026628505072,72
"1434",0.305042181318372,-2.46026628505072,72
"1435",0.703140036657619,-2.46026628505072,72
"1436",1.10123789199687,-2.46026628505072,72
"1437",1.49933574733611,-2.46026628505072,72
"1438",1.89743360267536,-2.46026628505072,72
"1439",2.29553145801461,-2.46026628505072,72
"1440",2.69362931335386,-2.46026628505072,72
"1441",-4.87022993809185,1.97642758186052,73
"1442",-4.4721320827526,1.97642758186052,73
"1443",-4.07403422741335,1.97642758186052,73
"1444",-3.6759363720741,1.23697860404198,73
"1445",-3.27783851673486,0.744012618829623,73
"1446",-2.87974066139561,0.497529626223443,73
"1447",-2.48164280605636,0.251046633617262,73
"1448",-2.08354495071711,0.00456364101108164,73
"1449",-1.68544709537787,-0.241919351595099,73
"1450",-1.28734924003862,-0.98136832941364,73
"1451",-0.889251384699371,-1.72081730723218,73
"1452",-0.491153529360123,-2.46026628505072,73
"1453",-0.0930556740208752,-2.95323227026308,73
"1454",0.305042181318372,-2.95323227026308,73
"1455",0.703140036657619,-2.95323227026308,73
"1456",1.10123789199687,-2.95323227026308,73
"1457",1.49933574733611,-2.95323227026308,73
"1458",1.89743360267536,-2.95323227026308,73
"1459",2.29553145801461,-2.95323227026308,73
"1460",2.69362931335386,-2.95323227026308,73
"1461",-4.87022993809185,1.97642758186052,74
"1462",-4.4721320827526,1.97642758186052,74
"1463",-4.07403422741335,1.97642758186052,74
"1464",-3.6759363720741,1.97642758186052,74
"1465",-3.27783851673486,1.97642758186052,74
"1466",-2.87974066139561,1.97642758186052,74
"1467",-2.48164280605636,1.97642758186052,74
"1468",-2.08354495071711,1.48346159664816,74
"1469",-1.68544709537787,0.00456364101108164,74
"1470",-1.28734924003862,-0.98136832941364,74
"1471",-0.889251384699371,-1.72081730723218,74
"1472",-0.491153529360123,-2.21378329244454,74
"1473",-0.0930556740208752,-2.46026628505072,74
"1474",0.305042181318372,-2.7067492776569,74
"1475",0.703140036657619,-2.7067492776569,74
"1476",1.10123789199687,-2.7067492776569,74
"1477",1.49933574733611,-2.7067492776569,74
"1478",1.89743360267536,-2.7067492776569,74
"1479",2.29553145801461,-2.7067492776569,74
"1480",2.69362931335386,-2.7067492776569,74
"1481",-4.87022993809185,1.97642758186052,75
"1482",-4.4721320827526,1.97642758186052,75
"1483",-4.07403422741335,1.97642758186052,75
"1484",-3.6759363720741,1.97642758186052,75
"1485",-3.27783851673486,1.97642758186052,75
"1486",-2.87974066139561,1.97642758186052,75
"1487",-2.48164280605636,1.97642758186052,75
"1488",-2.08354495071711,1.97642758186052,75
"1489",-1.68544709537787,-0.488402344201279,75
"1490",-1.28734924003862,-0.734885336807459,75
"1491",-0.889251384699371,-1.474334314626,75
"1492",-0.491153529360123,-2.21378329244454,75
"1493",-0.0930556740208752,-2.7067492776569,75
"1494",0.305042181318372,-2.95323227026308,75
"1495",0.703140036657619,-2.95323227026308,75
"1496",1.10123789199687,-2.95323227026308,75
"1497",1.49933574733611,-2.95323227026308,75
"1498",1.89743360267536,-2.95323227026308,75
"1499",2.29553145801461,-2.95323227026308,75
"1500",2.69362931335386,-2.95323227026308,75
"1501",-4.87022993809185,1.97642758186052,76
"1502",-4.4721320827526,1.97642758186052,76
"1503",-4.07403422741335,1.97642758186052,76
"1504",-3.6759363720741,1.97642758186052,76
"1505",-3.27783851673486,1.97642758186052,76
"1506",-2.87974066139561,1.97642758186052,76
"1507",-2.48164280605636,1.97642758186052,76
"1508",-2.08354495071711,1.97642758186052,76
"1509",-1.68544709537787,0.744012618829623,76
"1510",-1.28734924003862,-0.98136832941364,76
"1511",-0.889251384699371,-1.96730029983836,76
"1512",-0.491153529360123,-2.46026628505072,76
"1513",-0.0930556740208752,-2.7067492776569,76
"1514",0.305042181318372,-2.95323227026308,76
"1515",0.703140036657619,-2.95323227026308,76
"1516",1.10123789199687,-2.95323227026308,76
"1517",1.49933574733611,-2.95323227026308,76
"1518",1.89743360267536,-2.95323227026308,76
"1519",2.29553145801461,-2.95323227026308,76
"1520",2.69362931335386,-2.95323227026308,76
"1521",-4.87022993809185,1.97642758186052,77
"1522",-4.4721320827526,1.97642758186052,77
"1523",-4.07403422741335,1.97642758186052,77
"1524",-3.6759363720741,1.97642758186052,77
"1525",-3.27783851673486,1.97642758186052,77
"1526",-2.87974066139561,1.97642758186052,77
"1527",-2.48164280605636,1.97642758186052,77
"1528",-2.08354495071711,1.97642758186052,77
"1529",-1.68544709537787,0.251046633617262,77
"1530",-1.28734924003862,-0.98136832941364,77
"1531",-0.889251384699371,-1.96730029983836,77
"1532",-0.491153529360123,-2.21378329244454,77
"1533",-0.0930556740208752,-2.46026628505072,77
"1534",0.305042181318372,-2.46026628505072,77
"1535",0.703140036657619,-2.7067492776569,77
"1536",1.10123789199687,-2.7067492776569,77
"1537",1.49933574733611,-2.7067492776569,77
"1538",1.89743360267536,-2.7067492776569,77
"1539",2.29553145801461,-2.7067492776569,77
"1540",2.69362931335386,-2.7067492776569,77
"1541",-4.87022993809185,1.97642758186052,78
"1542",-4.4721320827526,1.97642758186052,78
"1543",-4.07403422741335,1.97642758186052,78
"1544",-3.6759363720741,1.97642758186052,78
"1545",-3.27783851673486,1.97642758186052,78
"1546",-2.87974066139561,1.97642758186052,78
"1547",-2.48164280605636,0.744012618829623,78
"1548",-2.08354495071711,0.251046633617262,78
"1549",-1.68544709537787,-0.241919351595099,78
"1550",-1.28734924003862,-0.734885336807459,78
"1551",-0.889251384699371,-1.96730029983836,78
"1552",-0.491153529360123,-2.7067492776569,78
"1553",-0.0930556740208752,-2.95323227026308,78
"1554",0.305042181318372,-2.95323227026308,78
"1555",0.703140036657619,-2.95323227026308,78
"1556",1.10123789199687,-2.95323227026308,78
"1557",1.49933574733611,-2.95323227026308,78
"1558",1.89743360267536,-2.95323227026308,78
"1559",2.29553145801461,-2.95323227026308,78
"1560",2.69362931335386,-2.95323227026308,78
"1561",-4.87022993809185,1.97642758186052,79
"1562",-4.4721320827526,1.97642758186052,79
"1563",-4.07403422741335,1.97642758186052,79
"1564",-3.6759363720741,1.97642758186052,79
"1565",-3.27783851673486,1.97642758186052,79
"1566",-2.87974066139561,1.97642758186052,79
"1567",-2.48164280605636,1.97642758186052,79
"1568",-2.08354495071711,1.97642758186052,79
"1569",-1.68544709537787,1.97642758186052,79
"1570",-1.28734924003862,-0.98136832941364,79
"1571",-0.889251384699371,-1.72081730723218,79
"1572",-0.491153529360123,-1.96730029983836,79
"1573",-0.0930556740208752,-2.21378329244454,79
"1574",0.305042181318372,-2.21378329244454,79
"1575",0.703140036657619,-2.46026628505072,79
"1576",1.10123789199687,-2.46026628505072,79
"1577",1.49933574733611,-2.46026628505072,79
"1578",1.89743360267536,-2.46026628505072,79
"1579",2.29553145801461,-2.46026628505072,79
"1580",2.69362931335386,-2.46026628505072,79
"1581",-4.87022993809185,1.97642758186052,80
"1582",-4.4721320827526,1.97642758186052,80
"1583",-4.07403422741335,1.97642758186052,80
"1584",-3.6759363720741,1.97642758186052,80
"1585",-3.27783851673486,0.00456364101108164,80
"1586",-2.87974066139561,-0.241919351595099,80
"1587",-2.48164280605636,-0.488402344201279,80
"1588",-2.08354495071711,-0.488402344201279,80
"1589",-1.68544709537787,-0.488402344201279,80
"1590",-1.28734924003862,-0.734885336807459,80
"1591",-0.889251384699371,-1.22785132201982,80
"1592",-0.491153529360123,-1.96730029983836,80
"1593",-0.0930556740208752,-2.46026628505072,80
"1594",0.305042181318372,-2.95323227026308,80
"1595",0.703140036657619,-2.95323227026308,80
"1596",1.10123789199687,-2.95323227026308,80
"1597",1.49933574733611,-2.95323227026308,80
"1598",1.89743360267536,-2.95323227026308,80
"1599",2.29553145801461,-2.95323227026308,80
"1600",2.69362931335386,-2.95323227026308,80
"1601",-4.87022993809185,1.97642758186052,81
"1602",-4.4721320827526,1.97642758186052,81
"1603",-4.07403422741335,1.97642758186052,81
"1604",-3.6759363720741,1.97642758186052,81
"1605",-3.27783851673486,1.97642758186052,81
"1606",-2.87974066139561,1.97642758186052,81
"1607",-2.48164280605636,1.97642758186052,81
"1608",-2.08354495071711,1.97642758186052,81
"1609",-1.68544709537787,0.497529626223443,81
"1610",-1.28734924003862,-0.98136832941364,81
"1611",-0.889251384699371,-1.96730029983836,81
"1612",-0.491153529360123,-2.46026628505072,81
"1613",-0.0930556740208752,-2.7067492776569,81
"1614",0.305042181318372,-2.95323227026308,81
"1615",0.703140036657619,-2.95323227026308,81
"1616",1.10123789199687,-2.95323227026308,81
"1617",1.49933574733611,-2.95323227026308,81
"1618",1.89743360267536,-2.95323227026308,81
"1619",2.29553145801461,-2.95323227026308,81
"1620",2.69362931335386,-2.95323227026308,81
"1621",-4.87022993809185,1.97642758186052,82
"1622",-4.4721320827526,1.97642758186052,82
"1623",-4.07403422741335,1.97642758186052,82
"1624",-3.6759363720741,1.97642758186052,82
"1625",-3.27783851673486,1.97642758186052,82
"1626",-2.87974066139561,1.97642758186052,82
"1627",-2.48164280605636,1.97642758186052,82
"1628",-2.08354495071711,1.97642758186052,82
"1629",-1.68544709537787,0.744012618829623,82
"1630",-1.28734924003862,-0.98136832941364,82
"1631",-0.889251384699371,-1.72081730723218,82
"1632",-0.491153529360123,-2.21378329244454,82
"1633",-0.0930556740208752,-2.46026628505072,82
"1634",0.305042181318372,-2.7067492776569,82
"1635",0.703140036657619,-2.95323227026308,82
"1636",1.10123789199687,-2.95323227026308,82
"1637",1.49933574733611,-2.95323227026308,82
"1638",1.89743360267536,-2.95323227026308,82
"1639",2.29553145801461,-2.95323227026308,82
"1640",2.69362931335386,-2.95323227026308,82
"1641",-4.87022993809185,1.97642758186052,83
"1642",-4.4721320827526,1.97642758186052,83
"1643",-4.07403422741335,1.97642758186052,83
"1644",-3.6759363720741,1.97642758186052,83
"1645",-3.27783851673486,1.97642758186052,83
"1646",-2.87974066139561,1.97642758186052,83
"1647",-2.48164280605636,1.97642758186052,83
"1648",-2.08354495071711,1.97642758186052,83
"1649",-1.68544709537787,-0.241919351595099,83
"1650",-1.28734924003862,-0.734885336807459,83
"1651",-0.889251384699371,-1.474334314626,83
"1652",-0.491153529360123,-2.21378329244454,83
"1653",-0.0930556740208752,-2.7067492776569,83
"1654",0.305042181318372,-2.95323227026308,83
"1655",0.703140036657619,-2.95323227026308,83
"1656",1.10123789199687,-2.95323227026308,83
"1657",1.49933574733611,-2.95323227026308,83
"1658",1.89743360267536,-2.95323227026308,83
"1659",2.29553145801461,-2.95323227026308,83
"1660",2.69362931335386,-2.95323227026308,83
"1661",-4.87022993809185,1.97642758186052,84
"1662",-4.4721320827526,1.97642758186052,84
"1663",-4.07403422741335,1.97642758186052,84
"1664",-3.6759363720741,1.97642758186052,84
"1665",-3.27783851673486,1.97642758186052,84
"1666",-2.87974066139561,1.97642758186052,84
"1667",-2.48164280605636,1.23697860404198,84
"1668",-2.08354495071711,-0.241919351595099,84
"1669",-1.68544709537787,-0.488402344201279,84
"1670",-1.28734924003862,-0.734885336807459,84
"1671",-0.889251384699371,-0.98136832941364,84
"1672",-0.491153529360123,-1.72081730723218,84
"1673",-0.0930556740208752,-2.7067492776569,84
"1674",0.305042181318372,-2.95323227026308,84
"1675",0.703140036657619,-2.95323227026308,84
"1676",1.10123789199687,-2.95323227026308,84
"1677",1.49933574733611,-2.95323227026308,84
"1678",1.89743360267536,-2.95323227026308,84
"1679",2.29553145801461,-2.95323227026308,84
"1680",2.69362931335386,-2.95323227026308,84
"1681",-4.87022993809185,1.97642758186052,85
"1682",-4.4721320827526,1.97642758186052,85
"1683",-4.07403422741335,1.97642758186052,85
"1684",-3.6759363720741,1.97642758186052,85
"1685",-3.27783851673486,1.97642758186052,85
"1686",-2.87974066139561,1.97642758186052,85
"1687",-2.48164280605636,1.72994458925435,85
"1688",-2.08354495071711,1.48346159664816,85
"1689",-1.68544709537787,0.00456364101108164,85
"1690",-1.28734924003862,-0.734885336807459,85
"1691",-0.889251384699371,-1.22785132201982,85
"1692",-0.491153529360123,-1.96730029983836,85
"1693",-0.0930556740208752,-2.7067492776569,85
"1694",0.305042181318372,-2.95323227026308,85
"1695",0.703140036657619,-2.95323227026308,85
"1696",1.10123789199687,-2.95323227026308,85
"1697",1.49933574733611,-2.95323227026308,85
"1698",1.89743360267536,-2.95323227026308,85
"1699",2.29553145801461,-2.95323227026308,85
"1700",2.69362931335386,-2.95323227026308,85
"1701",-4.87022993809185,1.97642758186052,86
"1702",-4.4721320827526,1.97642758186052,86
"1703",-4.07403422741335,1.97642758186052,86
"1704",-3.6759363720741,1.97642758186052,86
"1705",-3.27783851673486,1.97642758186052,86
"1706",-2.87974066139561,1.97642758186052,86
"1707",-2.48164280605636,1.97642758186052,86
"1708",-2.08354495071711,1.97642758186052,86
"1709",-1.68544709537787,0.00456364101108164,86
"1710",-1.28734924003862,-0.98136832941364,86
"1711",-0.889251384699371,-1.72081730723218,86
"1712",-0.491153529360123,-2.46026628505072,86
"1713",-0.0930556740208752,-2.7067492776569,86
"1714",0.305042181318372,-2.7067492776569,86
"1715",0.703140036657619,-2.95323227026308,86
"1716",1.10123789199687,-2.95323227026308,86
"1717",1.49933574733611,-2.95323227026308,86
"1718",1.89743360267536,-2.95323227026308,86
"1719",2.29553145801461,-2.95323227026308,86
"1720",2.69362931335386,-2.95323227026308,86
"1721",-4.87022993809185,1.97642758186052,87
"1722",-4.4721320827526,1.97642758186052,87
"1723",-4.07403422741335,1.97642758186052,87
"1724",-3.6759363720741,1.97642758186052,87
"1725",-3.27783851673486,1.97642758186052,87
"1726",-2.87974066139561,1.97642758186052,87
"1727",-2.48164280605636,1.97642758186052,87
"1728",-2.08354495071711,1.97642758186052,87
"1729",-1.68544709537787,0.00456364101108164,87
"1730",-1.28734924003862,-0.98136832941364,87
"1731",-0.889251384699371,-1.72081730723218,87
"1732",-0.491153529360123,-2.21378329244454,87
"1733",-0.0930556740208752,-2.46026628505072,87
"1734",0.305042181318372,-2.7067492776569,87
"1735",0.703140036657619,-2.7067492776569,87
"1736",1.10123789199687,-2.7067492776569,87
"1737",1.49933574733611,-2.7067492776569,87
"1738",1.89743360267536,-2.95323227026308,87
"1739",2.29553145801461,-2.95323227026308,87
"1740",2.69362931335386,-2.95323227026308,87
"1741",-4.87022993809185,1.97642758186052,88
"1742",-4.4721320827526,1.97642758186052,88
"1743",-4.07403422741335,1.97642758186052,88
"1744",-3.6759363720741,1.97642758186052,88
"1745",-3.27783851673486,1.97642758186052,88
"1746",-2.87974066139561,1.97642758186052,88
"1747",-2.48164280605636,1.97642758186052,88
"1748",-2.08354495071711,1.97642758186052,88
"1749",-1.68544709537787,0.744012618829623,88
"1750",-1.28734924003862,-0.98136832941364,88
"1751",-0.889251384699371,-1.72081730723218,88
"1752",-0.491153529360123,-2.21378329244454,88
"1753",-0.0930556740208752,-2.21378329244454,88
"1754",0.305042181318372,-2.46026628505072,88
"1755",0.703140036657619,-2.46026628505072,88
"1756",1.10123789199687,-2.46026628505072,88
"1757",1.49933574733611,-2.46026628505072,88
"1758",1.89743360267536,-2.46026628505072,88
"1759",2.29553145801461,-2.46026628505072,88
"1760",2.69362931335386,-2.46026628505072,88
"1761",-4.87022993809185,1.97642758186052,89
"1762",-4.4721320827526,1.97642758186052,89
"1763",-4.07403422741335,1.97642758186052,89
"1764",-3.6759363720741,1.97642758186052,89
"1765",-3.27783851673486,1.97642758186052,89
"1766",-2.87974066139561,1.97642758186052,89
"1767",-2.48164280605636,1.97642758186052,89
"1768",-2.08354495071711,1.97642758186052,89
"1769",-1.68544709537787,0.251046633617262,89
"1770",-1.28734924003862,-0.98136832941364,89
"1771",-0.889251384699371,-2.21378329244454,89
"1772",-0.491153529360123,-2.95323227026308,89
"1773",-0.0930556740208752,-2.95323227026308,89
"1774",0.305042181318372,-2.95323227026308,89
"1775",0.703140036657619,-2.95323227026308,89
"1776",1.10123789199687,-2.95323227026308,89
"1777",1.49933574733611,-2.95323227026308,89
"1778",1.89743360267536,-2.95323227026308,89
"1779",2.29553145801461,-2.95323227026308,89
"1780",2.69362931335386,-2.95323227026308,89
"1781",-4.87022993809185,1.97642758186052,90
"1782",-4.4721320827526,1.97642758186052,90
"1783",-4.07403422741335,1.97642758186052,90
"1784",-3.6759363720741,1.97642758186052,90
"1785",-3.27783851673486,1.97642758186052,90
"1786",-2.87974066139561,1.97642758186052,90
"1787",-2.48164280605636,1.97642758186052,90
"1788",-2.08354495071711,1.97642758186052,90
"1789",-1.68544709537787,1.97642758186052,90
"1790",-1.28734924003862,-0.98136832941364,90
"1791",-0.889251384699371,-1.96730029983836,90
"1792",-0.491153529360123,-2.46026628505072,90
"1793",-0.0930556740208752,-2.7067492776569,90
"1794",0.305042181318372,-2.7067492776569,90
"1795",0.703140036657619,-2.7067492776569,90
"1796",1.10123789199687,-2.95323227026308,90
"1797",1.49933574733611,-2.95323227026308,90
"1798",1.89743360267536,-2.95323227026308,90
"1799",2.29553145801461,-2.95323227026308,90
"1800",2.69362931335386,-2.95323227026308,90
"1801",-4.87022993809185,1.97642758186052,91
"1802",-4.4721320827526,1.97642758186052,91
"1803",-4.07403422741335,1.97642758186052,91
"1804",-3.6759363720741,1.97642758186052,91
"1805",-3.27783851673486,1.97642758186052,91
"1806",-2.87974066139561,1.97642758186052,91
"1807",-2.48164280605636,0.990495611435803,91
"1808",-2.08354495071711,0.251046633617262,91
"1809",-1.68544709537787,-0.241919351595099,91
"1810",-1.28734924003862,-0.98136832941364,91
"1811",-0.889251384699371,-1.72081730723218,91
"1812",-0.491153529360123,-2.21378329244454,91
"1813",-0.0930556740208752,-2.21378329244454,91
"1814",0.305042181318372,-2.46026628505072,91
"1815",0.703140036657619,-2.46026628505072,91
"1816",1.10123789199687,-2.46026628505072,91
"1817",1.49933574733611,-2.46026628505072,91
"1818",1.89743360267536,-2.46026628505072,91
"1819",2.29553145801461,-2.46026628505072,91
"1820",2.69362931335386,-2.46026628505072,91
"1821",-4.87022993809185,1.97642758186052,92
"1822",-4.4721320827526,1.97642758186052,92
"1823",-4.07403422741335,1.97642758186052,92
"1824",-3.6759363720741,1.97642758186052,92
"1825",-3.27783851673486,1.97642758186052,92
"1826",-2.87974066139561,1.48346159664816,92
"1827",-2.48164280605636,0.990495611435803,92
"1828",-2.08354495071711,0.744012618829623,92
"1829",-1.68544709537787,0.251046633617262,92
"1830",-1.28734924003862,-0.98136832941364,92
"1831",-0.889251384699371,-1.474334314626,92
"1832",-0.491153529360123,-2.21378329244454,92
"1833",-0.0930556740208752,-2.46026628505072,92
"1834",0.305042181318372,-2.95323227026308,92
"1835",0.703140036657619,-2.95323227026308,92
"1836",1.10123789199687,-2.95323227026308,92
"1837",1.49933574733611,-2.95323227026308,92
"1838",1.89743360267536,-2.95323227026308,92
"1839",2.29553145801461,-2.95323227026308,92
"1840",2.69362931335386,-2.95323227026308,92
"1841",-4.87022993809185,1.97642758186052,93
"1842",-4.4721320827526,1.97642758186052,93
"1843",-4.07403422741335,1.97642758186052,93
"1844",-3.6759363720741,1.97642758186052,93
"1845",-3.27783851673486,1.97642758186052,93
"1846",-2.87974066139561,1.97642758186052,93
"1847",-2.48164280605636,1.97642758186052,93
"1848",-2.08354495071711,1.97642758186052,93
"1849",-1.68544709537787,-0.241919351595099,93
"1850",-1.28734924003862,-0.98136832941364,93
"1851",-0.889251384699371,-1.72081730723218,93
"1852",-0.491153529360123,-2.21378329244454,93
"1853",-0.0930556740208752,-2.46026628505072,93
"1854",0.305042181318372,-2.7067492776569,93
"1855",0.703140036657619,-2.95323227026308,93
"1856",1.10123789199687,-2.95323227026308,93
"1857",1.49933574733611,-2.95323227026308,93
"1858",1.89743360267536,-2.95323227026308,93
"1859",2.29553145801461,-2.95323227026308,93
"1860",2.69362931335386,-2.95323227026308,93
"1861",-4.87022993809185,1.97642758186052,94
"1862",-4.4721320827526,1.97642758186052,94
"1863",-4.07403422741335,1.97642758186052,94
"1864",-3.6759363720741,1.97642758186052,94
"1865",-3.27783851673486,1.97642758186052,94
"1866",-2.87974066139561,1.97642758186052,94
"1867",-2.48164280605636,1.97642758186052,94
"1868",-2.08354495071711,1.97642758186052,94
"1869",-1.68544709537787,0.00456364101108164,94
"1870",-1.28734924003862,-0.734885336807459,94
"1871",-0.889251384699371,-1.22785132201982,94
"1872",-0.491153529360123,-1.474334314626,94
"1873",-0.0930556740208752,-1.72081730723218,94
"1874",0.305042181318372,-1.72081730723218,94
"1875",0.703140036657619,-1.72081730723218,94
"1876",1.10123789199687,-1.72081730723218,94
"1877",1.49933574733611,-1.72081730723218,94
"1878",1.89743360267536,-1.72081730723218,94
"1879",2.29553145801461,-1.72081730723218,94
"1880",2.69362931335386,-1.72081730723218,94
"1881",-4.87022993809185,1.48346159664816,95
"1882",-4.4721320827526,1.23697860404198,95
"1883",-4.07403422741335,1.23697860404198,95
"1884",-3.6759363720741,0.990495611435803,95
"1885",-3.27783851673486,0.990495611435803,95
"1886",-2.87974066139561,0.744012618829623,95
"1887",-2.48164280605636,0.497529626223443,95
"1888",-2.08354495071711,0.497529626223443,95
"1889",-1.68544709537787,0.00456364101108164,95
"1890",-1.28734924003862,-0.98136832941364,95
"1891",-0.889251384699371,-2.21378329244454,95
"1892",-0.491153529360123,-2.7067492776569,95
"1893",-0.0930556740208752,-2.95323227026308,95
"1894",0.305042181318372,-2.95323227026308,95
"1895",0.703140036657619,-2.95323227026308,95
"1896",1.10123789199687,-2.95323227026308,95
"1897",1.49933574733611,-2.95323227026308,95
"1898",1.89743360267536,-2.95323227026308,95
"1899",2.29553145801461,-2.95323227026308,95
"1900",2.69362931335386,-2.95323227026308,95
"1901",-4.87022993809185,1.97642758186052,96
"1902",-4.4721320827526,1.97642758186052,96
"1903",-4.07403422741335,1.97642758186052,96
"1904",-3.6759363720741,1.97642758186052,96
"1905",-3.27783851673486,1.97642758186052,96
"1906",-2.87974066139561,1.97642758186052,96
"1907",-2.48164280605636,1.97642758186052,96
"1908",-2.08354495071711,1.97642758186052,96
"1909",-1.68544709537787,1.97642758186052,96
"1910",-1.28734924003862,-1.22785132201982,96
"1911",-0.889251384699371,-1.474334314626,96
"1912",-0.491153529360123,-1.72081730723218,96
"1913",-0.0930556740208752,-1.72081730723218,96
"1914",0.305042181318372,-1.96730029983836,96
"1915",0.703140036657619,-1.96730029983836,96
"1916",1.10123789199687,-2.21378329244454,96
"1917",1.49933574733611,-2.21378329244454,96
"1918",1.89743360267536,-2.21378329244454,96
"1919",2.29553145801461,-2.21378329244454,96
"1920",2.69362931335386,-2.21378329244454,96
"1921",-4.87022993809185,1.97642758186052,97
"1922",-4.4721320827526,1.97642758186052,97
"1923",-4.07403422741335,1.97642758186052,97
"1924",-3.6759363720741,1.97642758186052,97
"1925",-3.27783851673486,1.97642758186052,97
"1926",-2.87974066139561,1.97642758186052,97
"1927",-2.48164280605636,1.97642758186052,97
"1928",-2.08354495071711,1.97642758186052,97
"1929",-1.68544709537787,-0.241919351595099,97
"1930",-1.28734924003862,-0.734885336807459,97
"1931",-0.889251384699371,-1.96730029983836,97
"1932",-0.491153529360123,-2.46026628505072,97
"1933",-0.0930556740208752,-2.95323227026308,97
"1934",0.305042181318372,-2.95323227026308,97
"1935",0.703140036657619,-2.95323227026308,97
"1936",1.10123789199687,-2.95323227026308,97
"1937",1.49933574733611,-2.95323227026308,97
"1938",1.89743360267536,-2.95323227026308,97
"1939",2.29553145801461,-2.95323227026308,97
"1940",2.69362931335386,-2.95323227026308,97
"1941",-4.87022993809185,1.97642758186052,98
"1942",-4.4721320827526,1.97642758186052,98
"1943",-4.07403422741335,1.97642758186052,98
"1944",-3.6759363720741,1.97642758186052,98
"1945",-3.27783851673486,1.97642758186052,98
"1946",-2.87974066139561,1.97642758186052,98
"1947",-2.48164280605636,1.97642758186052,98
"1948",-2.08354495071711,1.97642758186052,98
"1949",-1.68544709537787,0.990495611435803,98
"1950",-1.28734924003862,-1.22785132201982,98
"1951",-0.889251384699371,-1.96730029983836,98
"1952",-0.491153529360123,-2.21378329244454,98
"1953",-0.0930556740208752,-2.46026628505072,98
"1954",0.305042181318372,-2.7067492776569,98
"1955",0.703140036657619,-2.95323227026308,98
"1956",1.10123789199687,-2.95323227026308,98
"1957",1.49933574733611,-2.95323227026308,98
"1958",1.89743360267536,-2.95323227026308,98
"1959",2.29553145801461,-2.95323227026308,98
"1960",2.69362931335386,-2.95323227026308,98
"1961",-4.87022993809185,1.97642758186052,99
"1962",-4.4721320827526,1.97642758186052,99
"1963",-4.07403422741335,1.97642758186052,99
"1964",-3.6759363720741,1.97642758186052,99
"1965",-3.27783851673486,1.97642758186052,99
"1966",-2.87974066139561,1.97642758186052,99
"1967",-2.48164280605636,1.97642758186052,99
"1968",-2.08354495071711,1.97642758186052,99
"1969",-1.68544709537787,1.97642758186052,99
"1970",-1.28734924003862,-0.98136832941364,99
"1971",-0.889251384699371,-1.22785132201982,99
"1972",-0.491153529360123,-1.474334314626,99
"1973",-0.0930556740208752,-1.474334314626,99
"1974",0.305042181318372,-1.72081730723218,99
"1975",0.703140036657619,-1.96730029983836,99
"1976",1.10123789199687,-1.96730029983836,99
"1977",1.49933574733611,-2.21378329244454,99
"1978",1.89743360267536,-2.21378329244454,99
"1979",2.29553145801461,-2.21378329244454,99
"1980",2.69362931335386,-2.21378329244454,99
"1981",-4.87022993809185,1.97642758186052,100
"1982",-4.4721320827526,1.97642758186052,100
"1983",-4.07403422741335,1.97642758186052,100
"1984",-3.6759363720741,1.97642758186052,100
"1985",-3.27783851673486,1.97642758186052,100
"1986",-2.87974066139561,1.97642758186052,100
"1987",-2.48164280605636,1.97642758186052,100
"1988",-2.08354495071711,1.97642758186052,100
"1989",-1.68544709537787,0.00456364101108164,100
"1990",-1.28734924003862,-0.98136832941364,100
"1991",-0.889251384699371,-1.72081730723218,100
"1992",-0.491153529360123,-2.21378329244454,100
"1993",-0.0930556740208752,-2.46026628505072,100
"1994",0.305042181318372,-2.7067492776569,100
"1995",0.703140036657619,-2.7067492776569,100
"1996",1.10123789199687,-2.7067492776569,100
"1997",1.49933574733611,-2.7067492776569,100
"1998",1.89743360267536,-2.7067492776569,100
"1999",2.29553145801461,-2.7067492776569,100
"2000",2.69362931335386,-2.7067492776569,100
