"","x","y","sample"
"1",-4.30417516778577,-0.676992952036074,1
"2",-3.93693479930631,-0.676992952036074,1
"3",-3.56969443082686,-0.676992952036074,1
"4",-3.2024540623474,-0.676992952036074,1
"5",-2.83521369386794,-0.676992952036074,1
"6",-2.46797332538848,-0.676992952036074,1
"7",-2.10073295690902,-0.676992952036074,1
"8",-1.73349258842956,-0.676992952036074,1
"9",-1.36625221995011,-0.676992952036074,1
"10",-0.999011851470646,-0.962788989696687,1
"11",-0.631771482991188,-1.39148304618761,1
"12",-0.26453111451173,-1.82017710267853,1
"13",0.102709253967729,-2.10597314033914,1
"14",0.469949622447188,-2.10597314033914,1
"15",0.837189990926646,-2.24887115916945,1
"16",1.20443035940611,-2.24887115916945,1
"17",1.57167072788556,-2.24887115916945,1
"18",1.93891109636502,-2.24887115916945,1
"19",2.30615146484448,-2.24887115916945,1
"20",2.67339183332394,-2.24887115916945,1
"21",-4.30417516778577,-0.676992952036074,2
"22",-3.93693479930631,-0.676992952036074,2
"23",-3.56969443082686,-0.676992952036074,2
"24",-3.2024540623474,-0.676992952036074,2
"25",-2.83521369386794,-0.676992952036074,2
"26",-2.46797332538848,-0.676992952036074,2
"27",-2.10073295690902,-0.676992952036074,2
"28",-1.73349258842956,-0.676992952036074,2
"29",-1.36625221995011,-0.676992952036074,2
"30",-0.999011851470646,-0.962788989696687,2
"31",-0.631771482991188,-1.39148304618761,2
"32",-0.26453111451173,-1.53438106501791,2
"33",0.102709253967729,-1.67727908384822,2
"34",0.469949622447188,-1.82017710267853,2
"35",0.837189990926646,-1.96307512150883,2
"36",1.20443035940611,-1.96307512150883,2
"37",1.57167072788556,-1.96307512150883,2
"38",1.93891109636502,-2.10597314033914,2
"39",2.30615146484448,-2.10597314033914,2
"40",2.67339183332394,-2.10597314033914,2
"41",-4.30417516778577,-0.676992952036074,3
"42",-3.93693479930631,-0.676992952036074,3
"43",-3.56969443082686,-0.676992952036074,3
"44",-3.2024540623474,-0.676992952036074,3
"45",-2.83521369386794,-0.676992952036074,3
"46",-2.46797332538848,-0.676992952036074,3
"47",-2.10073295690902,-0.676992952036074,3
"48",-1.73349258842956,-0.676992952036074,3
"49",-1.36625221995011,-0.676992952036074,3
"50",-0.999011851470646,-0.962788989696687,3
"51",-0.631771482991188,-1.39148304618761,3
"52",-0.26453111451173,-1.67727908384822,3
"53",0.102709253967729,-1.67727908384822,3
"54",0.469949622447188,-1.82017710267853,3
"55",0.837189990926646,-1.82017710267853,3
"56",1.20443035940611,-1.82017710267853,3
"57",1.57167072788556,-1.82017710267853,3
"58",1.93891109636502,-1.82017710267853,3
"59",2.30615146484448,-1.82017710267853,3
"60",2.67339183332394,-1.96307512150883,3
"61",-4.30417516778577,-0.676992952036074,4
"62",-3.93693479930631,-0.676992952036074,4
"63",-3.56969443082686,-0.676992952036074,4
"64",-3.2024540623474,-0.676992952036074,4
"65",-2.83521369386794,-0.676992952036074,4
"66",-2.46797332538848,-0.676992952036074,4
"67",-2.10073295690902,-0.676992952036074,4
"68",-1.73349258842956,-0.676992952036074,4
"69",-1.36625221995011,-0.676992952036074,4
"70",-0.999011851470646,-1.10568700852699,4
"71",-0.631771482991188,-1.39148304618761,4
"72",-0.26453111451173,-1.96307512150883,4
"73",0.102709253967729,-2.53466719683006,4
"74",0.469949622447188,-2.96336125332098,4
"75",0.837189990926646,-3.24915729098159,4
"76",1.20443035940611,-3.3920553098119,4
"77",1.57167072788556,-3.3920553098119,4
"78",1.93891109636502,-3.5349533286422,4
"79",2.30615146484448,-3.5349533286422,4
"80",2.67339183332394,-3.5349533286422,4
"81",-4.30417516778577,-0.676992952036074,5
"82",-3.93693479930631,-0.676992952036074,5
"83",-3.56969443082686,-0.676992952036074,5
"84",-3.2024540623474,-0.676992952036074,5
"85",-2.83521369386794,-0.676992952036074,5
"86",-2.46797332538848,-0.676992952036074,5
"87",-2.10073295690902,-0.676992952036074,5
"88",-1.73349258842956,-0.676992952036074,5
"89",-1.36625221995011,-0.676992952036074,5
"90",-0.999011851470646,-1.10568700852699,5
"91",-0.631771482991188,-1.39148304618761,5
"92",-0.26453111451173,-1.67727908384822,5
"93",0.102709253967729,-1.82017710267853,5
"94",0.469949622447188,-1.82017710267853,5
"95",0.837189990926646,-1.82017710267853,5
"96",1.20443035940611,-1.96307512150883,5
"97",1.57167072788556,-1.96307512150883,5
"98",1.93891109636502,-2.10597314033914,5
"99",2.30615146484448,-2.10597314033914,5
"100",2.67339183332394,-2.24887115916945,5
"101",-4.30417516778577,-0.676992952036074,6
"102",-3.93693479930631,-0.676992952036074,6
"103",-3.56969443082686,-0.676992952036074,6
"104",-3.2024540623474,-0.676992952036074,6
"105",-2.83521369386794,-0.676992952036074,6
"106",-2.46797332538848,-0.676992952036074,6
"107",-2.10073295690902,-0.676992952036074,6
"108",-1.73349258842956,-0.676992952036074,6
"109",-1.36625221995011,-0.676992952036074,6
"110",-0.999011851470646,-0.819890970866381,6
"111",-0.631771482991188,-1.39148304618761,6
"112",-0.26453111451173,-1.82017710267853,6
"113",0.102709253967729,-2.10597314033914,6
"114",0.469949622447188,-2.10597314033914,6
"115",0.837189990926646,-2.10597314033914,6
"116",1.20443035940611,-2.10597314033914,6
"117",1.57167072788556,-2.10597314033914,6
"118",1.93891109636502,-2.10597314033914,6
"119",2.30615146484448,-2.10597314033914,6
"120",2.67339183332394,-2.10597314033914,6
"121",-4.30417516778577,-0.676992952036074,7
"122",-3.93693479930631,-0.676992952036074,7
"123",-3.56969443082686,-0.676992952036074,7
"124",-3.2024540623474,-0.676992952036074,7
"125",-2.83521369386794,-0.676992952036074,7
"126",-2.46797332538848,-0.676992952036074,7
"127",-2.10073295690902,-0.676992952036074,7
"128",-1.73349258842956,-0.676992952036074,7
"129",-1.36625221995011,-0.819890970866381,7
"130",-0.999011851470646,-1.2485850273573,7
"131",-0.631771482991188,-1.39148304618761,7
"132",-0.26453111451173,-1.67727908384822,7
"133",0.102709253967729,-2.10597314033914,7
"134",0.469949622447188,-2.10597314033914,7
"135",0.837189990926646,-2.24887115916945,7
"136",1.20443035940611,-2.24887115916945,7
"137",1.57167072788556,-2.24887115916945,7
"138",1.93891109636502,-2.24887115916945,7
"139",2.30615146484448,-2.24887115916945,7
"140",2.67339183332394,-2.24887115916945,7
"141",-4.30417516778577,-0.676992952036074,8
"142",-3.93693479930631,-0.676992952036074,8
"143",-3.56969443082686,-0.676992952036074,8
"144",-3.2024540623474,-0.676992952036074,8
"145",-2.83521369386794,-0.676992952036074,8
"146",-2.46797332538848,-0.676992952036074,8
"147",-2.10073295690902,-0.676992952036074,8
"148",-1.73349258842956,-0.676992952036074,8
"149",-1.36625221995011,-1.10568700852699,8
"150",-0.999011851470646,-1.39148304618761,8
"151",-0.631771482991188,-1.39148304618761,8
"152",-0.26453111451173,-1.53438106501791,8
"153",0.102709253967729,-1.67727908384822,8
"154",0.469949622447188,-2.10597314033914,8
"155",0.837189990926646,-2.10597314033914,8
"156",1.20443035940611,-2.10597314033914,8
"157",1.57167072788556,-2.10597314033914,8
"158",1.93891109636502,-2.24887115916945,8
"159",2.30615146484448,-2.24887115916945,8
"160",2.67339183332394,-2.24887115916945,8
"161",-4.30417516778577,-0.676992952036074,9
"162",-3.93693479930631,-0.676992952036074,9
"163",-3.56969443082686,-0.676992952036074,9
"164",-3.2024540623474,-0.676992952036074,9
"165",-2.83521369386794,-0.676992952036074,9
"166",-2.46797332538848,-0.676992952036074,9
"167",-2.10073295690902,-0.676992952036074,9
"168",-1.73349258842956,-0.676992952036074,9
"169",-1.36625221995011,-0.676992952036074,9
"170",-0.999011851470646,-0.676992952036074,9
"171",-0.631771482991188,-1.39148304618761,9
"172",-0.26453111451173,-1.82017710267853,9
"173",0.102709253967729,-1.96307512150883,9
"174",0.469949622447188,-1.96307512150883,9
"175",0.837189990926646,-2.10597314033914,9
"176",1.20443035940611,-2.10597314033914,9
"177",1.57167072788556,-2.10597314033914,9
"178",1.93891109636502,-2.10597314033914,9
"179",2.30615146484448,-2.24887115916945,9
"180",2.67339183332394,-2.24887115916945,9
"181",-4.30417516778577,-0.676992952036074,10
"182",-3.93693479930631,-0.676992952036074,10
"183",-3.56969443082686,-0.676992952036074,10
"184",-3.2024540623474,-0.676992952036074,10
"185",-2.83521369386794,-0.676992952036074,10
"186",-2.46797332538848,-0.676992952036074,10
"187",-2.10073295690902,-0.676992952036074,10
"188",-1.73349258842956,-0.676992952036074,10
"189",-1.36625221995011,-0.676992952036074,10
"190",-0.999011851470646,-1.2485850273573,10
"191",-0.631771482991188,-1.39148304618761,10
"192",-0.26453111451173,-1.67727908384822,10
"193",0.102709253967729,-1.82017710267853,10
"194",0.469949622447188,-1.82017710267853,10
"195",0.837189990926646,-1.96307512150883,10
"196",1.20443035940611,-1.96307512150883,10
"197",1.57167072788556,-1.96307512150883,10
"198",1.93891109636502,-1.96307512150883,10
"199",2.30615146484448,-1.96307512150883,10
"200",2.67339183332394,-1.96307512150883,10
"201",-4.30417516778577,-0.676992952036074,11
"202",-3.93693479930631,-0.676992952036074,11
"203",-3.56969443082686,-0.676992952036074,11
"204",-3.2024540623474,-0.676992952036074,11
"205",-2.83521369386794,-0.676992952036074,11
"206",-2.46797332538848,-0.676992952036074,11
"207",-2.10073295690902,-0.676992952036074,11
"208",-1.73349258842956,-0.676992952036074,11
"209",-1.36625221995011,-0.819890970866381,11
"210",-0.999011851470646,-1.2485850273573,11
"211",-0.631771482991188,-1.39148304618761,11
"212",-0.26453111451173,-1.53438106501791,11
"213",0.102709253967729,-1.67727908384822,11
"214",0.469949622447188,-1.96307512150883,11
"215",0.837189990926646,-2.10597314033914,11
"216",1.20443035940611,-2.24887115916945,11
"217",1.57167072788556,-2.39176917799975,11
"218",1.93891109636502,-2.39176917799975,11
"219",2.30615146484448,-2.39176917799975,11
"220",2.67339183332394,-2.39176917799975,11
"221",-4.30417516778577,-0.676992952036074,12
"222",-3.93693479930631,-0.676992952036074,12
"223",-3.56969443082686,-0.676992952036074,12
"224",-3.2024540623474,-0.676992952036074,12
"225",-2.83521369386794,-0.676992952036074,12
"226",-2.46797332538848,-0.676992952036074,12
"227",-2.10073295690902,-0.676992952036074,12
"228",-1.73349258842956,-0.676992952036074,12
"229",-1.36625221995011,-0.962788989696687,12
"230",-0.999011851470646,-1.2485850273573,12
"231",-0.631771482991188,-1.39148304618761,12
"232",-0.26453111451173,-1.67727908384822,12
"233",0.102709253967729,-1.82017710267853,12
"234",0.469949622447188,-1.82017710267853,12
"235",0.837189990926646,-1.96307512150883,12
"236",1.20443035940611,-1.96307512150883,12
"237",1.57167072788556,-1.96307512150883,12
"238",1.93891109636502,-1.96307512150883,12
"239",2.30615146484448,-1.96307512150883,12
"240",2.67339183332394,-1.96307512150883,12
"241",-4.30417516778577,-0.676992952036074,13
"242",-3.93693479930631,-0.676992952036074,13
"243",-3.56969443082686,-0.676992952036074,13
"244",-3.2024540623474,-0.676992952036074,13
"245",-2.83521369386794,-0.676992952036074,13
"246",-2.46797332538848,-0.676992952036074,13
"247",-2.10073295690902,-0.676992952036074,13
"248",-1.73349258842956,-0.676992952036074,13
"249",-1.36625221995011,-0.819890970866381,13
"250",-0.999011851470646,-1.10568700852699,13
"251",-0.631771482991188,-1.39148304618761,13
"252",-0.26453111451173,-1.67727908384822,13
"253",0.102709253967729,-1.96307512150883,13
"254",0.469949622447188,-2.10597314033914,13
"255",0.837189990926646,-2.10597314033914,13
"256",1.20443035940611,-2.24887115916945,13
"257",1.57167072788556,-2.39176917799975,13
"258",1.93891109636502,-2.39176917799975,13
"259",2.30615146484448,-2.39176917799975,13
"260",2.67339183332394,-2.39176917799975,13
"261",-4.30417516778577,-0.676992952036074,14
"262",-3.93693479930631,-0.676992952036074,14
"263",-3.56969443082686,-0.676992952036074,14
"264",-3.2024540623474,-0.676992952036074,14
"265",-2.83521369386794,-0.676992952036074,14
"266",-2.46797332538848,-0.676992952036074,14
"267",-2.10073295690902,-0.676992952036074,14
"268",-1.73349258842956,-0.676992952036074,14
"269",-1.36625221995011,-0.676992952036074,14
"270",-0.999011851470646,-0.819890970866381,14
"271",-0.631771482991188,-1.39148304618761,14
"272",-0.26453111451173,-1.82017710267853,14
"273",0.102709253967729,-1.96307512150883,14
"274",0.469949622447188,-1.96307512150883,14
"275",0.837189990926646,-1.96307512150883,14
"276",1.20443035940611,-1.96307512150883,14
"277",1.57167072788556,-1.96307512150883,14
"278",1.93891109636502,-1.96307512150883,14
"279",2.30615146484448,-2.10597314033914,14
"280",2.67339183332394,-2.10597314033914,14
"281",-4.30417516778577,-0.676992952036074,15
"282",-3.93693479930631,-0.676992952036074,15
"283",-3.56969443082686,-0.676992952036074,15
"284",-3.2024540623474,-0.676992952036074,15
"285",-2.83521369386794,-0.676992952036074,15
"286",-2.46797332538848,-0.676992952036074,15
"287",-2.10073295690902,-0.676992952036074,15
"288",-1.73349258842956,-0.676992952036074,15
"289",-1.36625221995011,-0.676992952036074,15
"290",-0.999011851470646,-0.962788989696687,15
"291",-0.631771482991188,-1.39148304618761,15
"292",-0.26453111451173,-1.82017710267853,15
"293",0.102709253967729,-1.96307512150883,15
"294",0.469949622447188,-2.10597314033914,15
"295",0.837189990926646,-2.24887115916945,15
"296",1.20443035940611,-2.24887115916945,15
"297",1.57167072788556,-2.24887115916945,15
"298",1.93891109636502,-2.24887115916945,15
"299",2.30615146484448,-2.24887115916945,15
"300",2.67339183332394,-2.24887115916945,15
"301",-4.30417516778577,-0.676992952036074,16
"302",-3.93693479930631,-0.676992952036074,16
"303",-3.56969443082686,-0.676992952036074,16
"304",-3.2024540623474,-0.676992952036074,16
"305",-2.83521369386794,-0.676992952036074,16
"306",-2.46797332538848,-0.676992952036074,16
"307",-2.10073295690902,-0.962788989696687,16
"308",-1.73349258842956,-1.10568700852699,16
"309",-1.36625221995011,-1.2485850273573,16
"310",-0.999011851470646,-1.39148304618761,16
"311",-0.631771482991188,-1.39148304618761,16
"312",-0.26453111451173,-1.67727908384822,16
"313",0.102709253967729,-1.82017710267853,16
"314",0.469949622447188,-1.96307512150883,16
"315",0.837189990926646,-2.10597314033914,16
"316",1.20443035940611,-2.10597314033914,16
"317",1.57167072788556,-2.24887115916945,16
"318",1.93891109636502,-2.24887115916945,16
"319",2.30615146484448,-2.24887115916945,16
"320",2.67339183332394,-2.24887115916945,16
"321",-4.30417516778577,-0.676992952036074,17
"322",-3.93693479930631,-0.676992952036074,17
"323",-3.56969443082686,-0.676992952036074,17
"324",-3.2024540623474,-0.676992952036074,17
"325",-2.83521369386794,-0.676992952036074,17
"326",-2.46797332538848,-0.676992952036074,17
"327",-2.10073295690902,-0.676992952036074,17
"328",-1.73349258842956,-0.676992952036074,17
"329",-1.36625221995011,-0.676992952036074,17
"330",-0.999011851470646,-1.2485850273573,17
"331",-0.631771482991188,-1.39148304618761,17
"332",-0.26453111451173,-1.53438106501791,17
"333",0.102709253967729,-1.67727908384822,17
"334",0.469949622447188,-1.67727908384822,17
"335",0.837189990926646,-1.67727908384822,17
"336",1.20443035940611,-1.67727908384822,17
"337",1.57167072788556,-1.82017710267853,17
"338",1.93891109636502,-1.82017710267853,17
"339",2.30615146484448,-1.82017710267853,17
"340",2.67339183332394,-1.82017710267853,17
"341",-4.30417516778577,-0.676992952036074,18
"342",-3.93693479930631,-0.676992952036074,18
"343",-3.56969443082686,-0.676992952036074,18
"344",-3.2024540623474,-0.676992952036074,18
"345",-2.83521369386794,-0.676992952036074,18
"346",-2.46797332538848,-0.676992952036074,18
"347",-2.10073295690902,-0.676992952036074,18
"348",-1.73349258842956,-0.676992952036074,18
"349",-1.36625221995011,-0.676992952036074,18
"350",-0.999011851470646,-0.819890970866381,18
"351",-0.631771482991188,-1.39148304618761,18
"352",-0.26453111451173,-1.67727908384822,18
"353",0.102709253967729,-1.82017710267853,18
"354",0.469949622447188,-1.82017710267853,18
"355",0.837189990926646,-1.82017710267853,18
"356",1.20443035940611,-1.82017710267853,18
"357",1.57167072788556,-1.96307512150883,18
"358",1.93891109636502,-1.96307512150883,18
"359",2.30615146484448,-1.96307512150883,18
"360",2.67339183332394,-1.96307512150883,18
"361",-4.30417516778577,-0.676992952036074,19
"362",-3.93693479930631,-0.676992952036074,19
"363",-3.56969443082686,-0.676992952036074,19
"364",-3.2024540623474,-0.676992952036074,19
"365",-2.83521369386794,-0.676992952036074,19
"366",-2.46797332538848,-0.676992952036074,19
"367",-2.10073295690902,-0.676992952036074,19
"368",-1.73349258842956,-0.676992952036074,19
"369",-1.36625221995011,-0.676992952036074,19
"370",-0.999011851470646,-1.10568700852699,19
"371",-0.631771482991188,-1.39148304618761,19
"372",-0.26453111451173,-1.67727908384822,19
"373",0.102709253967729,-1.67727908384822,19
"374",0.469949622447188,-1.82017710267853,19
"375",0.837189990926646,-1.82017710267853,19
"376",1.20443035940611,-1.82017710267853,19
"377",1.57167072788556,-1.82017710267853,19
"378",1.93891109636502,-1.96307512150883,19
"379",2.30615146484448,-1.96307512150883,19
"380",2.67339183332394,-1.96307512150883,19
"381",-4.30417516778577,-0.676992952036074,20
"382",-3.93693479930631,-0.676992952036074,20
"383",-3.56969443082686,-0.676992952036074,20
"384",-3.2024540623474,-0.676992952036074,20
"385",-2.83521369386794,-0.676992952036074,20
"386",-2.46797332538848,-0.676992952036074,20
"387",-2.10073295690902,-0.676992952036074,20
"388",-1.73349258842956,-0.676992952036074,20
"389",-1.36625221995011,-0.676992952036074,20
"390",-0.999011851470646,-0.962788989696687,20
"391",-0.631771482991188,-1.39148304618761,20
"392",-0.26453111451173,-1.82017710267853,20
"393",0.102709253967729,-2.10597314033914,20
"394",0.469949622447188,-2.24887115916945,20
"395",0.837189990926646,-2.39176917799975,20
"396",1.20443035940611,-2.53466719683006,20
"397",1.57167072788556,-2.53466719683006,20
"398",1.93891109636502,-2.53466719683006,20
"399",2.30615146484448,-2.53466719683006,20
"400",2.67339183332394,-2.53466719683006,20
"401",-4.30417516778577,-0.676992952036074,21
"402",-3.93693479930631,-0.676992952036074,21
"403",-3.56969443082686,-0.676992952036074,21
"404",-3.2024540623474,-0.676992952036074,21
"405",-2.83521369386794,-0.676992952036074,21
"406",-2.46797332538848,-0.676992952036074,21
"407",-2.10073295690902,-0.676992952036074,21
"408",-1.73349258842956,-0.676992952036074,21
"409",-1.36625221995011,-0.676992952036074,21
"410",-0.999011851470646,-1.10568700852699,21
"411",-0.631771482991188,-1.39148304618761,21
"412",-0.26453111451173,-1.67727908384822,21
"413",0.102709253967729,-1.82017710267853,21
"414",0.469949622447188,-1.96307512150883,21
"415",0.837189990926646,-1.96307512150883,21
"416",1.20443035940611,-1.96307512150883,21
"417",1.57167072788556,-1.96307512150883,21
"418",1.93891109636502,-1.96307512150883,21
"419",2.30615146484448,-1.96307512150883,21
"420",2.67339183332394,-1.96307512150883,21
"421",-4.30417516778577,-0.676992952036074,22
"422",-3.93693479930631,-0.676992952036074,22
"423",-3.56969443082686,-0.676992952036074,22
"424",-3.2024540623474,-0.676992952036074,22
"425",-2.83521369386794,-0.676992952036074,22
"426",-2.46797332538848,-0.676992952036074,22
"427",-2.10073295690902,-0.676992952036074,22
"428",-1.73349258842956,-0.676992952036074,22
"429",-1.36625221995011,-0.962788989696687,22
"430",-0.999011851470646,-1.2485850273573,22
"431",-0.631771482991188,-1.39148304618761,22
"432",-0.26453111451173,-1.67727908384822,22
"433",0.102709253967729,-1.96307512150883,22
"434",0.469949622447188,-2.24887115916945,22
"435",0.837189990926646,-2.24887115916945,22
"436",1.20443035940611,-2.24887115916945,22
"437",1.57167072788556,-2.24887115916945,22
"438",1.93891109636502,-2.39176917799975,22
"439",2.30615146484448,-2.39176917799975,22
"440",2.67339183332394,-2.39176917799975,22
"441",-4.30417516778577,-0.676992952036074,23
"442",-3.93693479930631,-0.676992952036074,23
"443",-3.56969443082686,-0.676992952036074,23
"444",-3.2024540623474,-0.676992952036074,23
"445",-2.83521369386794,-0.676992952036074,23
"446",-2.46797332538848,-0.676992952036074,23
"447",-2.10073295690902,-0.676992952036074,23
"448",-1.73349258842956,-0.676992952036074,23
"449",-1.36625221995011,-0.676992952036074,23
"450",-0.999011851470646,-1.10568700852699,23
"451",-0.631771482991188,-1.39148304618761,23
"452",-0.26453111451173,-1.67727908384822,23
"453",0.102709253967729,-1.67727908384822,23
"454",0.469949622447188,-1.82017710267853,23
"455",0.837189990926646,-1.82017710267853,23
"456",1.20443035940611,-1.82017710267853,23
"457",1.57167072788556,-1.82017710267853,23
"458",1.93891109636502,-1.82017710267853,23
"459",2.30615146484448,-1.82017710267853,23
"460",2.67339183332394,-1.82017710267853,23
"461",-4.30417516778577,-0.676992952036074,24
"462",-3.93693479930631,-0.676992952036074,24
"463",-3.56969443082686,-0.676992952036074,24
"464",-3.2024540623474,-0.676992952036074,24
"465",-2.83521369386794,-0.676992952036074,24
"466",-2.46797332538848,-0.676992952036074,24
"467",-2.10073295690902,-0.676992952036074,24
"468",-1.73349258842956,-0.819890970866381,24
"469",-1.36625221995011,-1.2485850273573,24
"470",-0.999011851470646,-1.39148304618761,24
"471",-0.631771482991188,-1.39148304618761,24
"472",-0.26453111451173,-1.53438106501791,24
"473",0.102709253967729,-1.53438106501791,24
"474",0.469949622447188,-1.67727908384822,24
"475",0.837189990926646,-1.82017710267853,24
"476",1.20443035940611,-1.96307512150883,24
"477",1.57167072788556,-1.96307512150883,24
"478",1.93891109636502,-1.96307512150883,24
"479",2.30615146484448,-2.10597314033914,24
"480",2.67339183332394,-2.10597314033914,24
"481",-4.30417516778577,-0.676992952036074,25
"482",-3.93693479930631,-0.676992952036074,25
"483",-3.56969443082686,-0.676992952036074,25
"484",-3.2024540623474,-0.676992952036074,25
"485",-2.83521369386794,-0.676992952036074,25
"486",-2.46797332538848,-0.676992952036074,25
"487",-2.10073295690902,-0.676992952036074,25
"488",-1.73349258842956,-0.676992952036074,25
"489",-1.36625221995011,-0.676992952036074,25
"490",-0.999011851470646,-0.676992952036074,25
"491",-0.631771482991188,-1.39148304618761,25
"492",-0.26453111451173,-1.96307512150883,25
"493",0.102709253967729,-2.10597314033914,25
"494",0.469949622447188,-2.10597314033914,25
"495",0.837189990926646,-2.10597314033914,25
"496",1.20443035940611,-2.10597314033914,25
"497",1.57167072788556,-2.10597314033914,25
"498",1.93891109636502,-2.10597314033914,25
"499",2.30615146484448,-2.10597314033914,25
"500",2.67339183332394,-2.10597314033914,25
"501",-4.30417516778577,-0.676992952036074,26
"502",-3.93693479930631,-0.676992952036074,26
"503",-3.56969443082686,-0.676992952036074,26
"504",-3.2024540623474,-0.676992952036074,26
"505",-2.83521369386794,-0.676992952036074,26
"506",-2.46797332538848,-0.676992952036074,26
"507",-2.10073295690902,-0.676992952036074,26
"508",-1.73349258842956,-0.676992952036074,26
"509",-1.36625221995011,-0.962788989696687,26
"510",-0.999011851470646,-1.2485850273573,26
"511",-0.631771482991188,-1.39148304618761,26
"512",-0.26453111451173,-1.67727908384822,26
"513",0.102709253967729,-1.67727908384822,26
"514",0.469949622447188,-1.82017710267853,26
"515",0.837189990926646,-1.82017710267853,26
"516",1.20443035940611,-1.96307512150883,26
"517",1.57167072788556,-1.96307512150883,26
"518",1.93891109636502,-1.96307512150883,26
"519",2.30615146484448,-1.96307512150883,26
"520",2.67339183332394,-1.96307512150883,26
"521",-4.30417516778577,-0.676992952036074,27
"522",-3.93693479930631,-0.676992952036074,27
"523",-3.56969443082686,-0.676992952036074,27
"524",-3.2024540623474,-0.676992952036074,27
"525",-2.83521369386794,-0.676992952036074,27
"526",-2.46797332538848,-0.676992952036074,27
"527",-2.10073295690902,-0.676992952036074,27
"528",-1.73349258842956,-0.676992952036074,27
"529",-1.36625221995011,-0.962788989696687,27
"530",-0.999011851470646,-1.2485850273573,27
"531",-0.631771482991188,-1.39148304618761,27
"532",-0.26453111451173,-1.96307512150883,27
"533",0.102709253967729,-2.39176917799975,27
"534",0.469949622447188,-2.39176917799975,27
"535",0.837189990926646,-2.39176917799975,27
"536",1.20443035940611,-2.39176917799975,27
"537",1.57167072788556,-2.39176917799975,27
"538",1.93891109636502,-2.39176917799975,27
"539",2.30615146484448,-2.39176917799975,27
"540",2.67339183332394,-2.39176917799975,27
"541",-4.30417516778577,-0.676992952036074,28
"542",-3.93693479930631,-0.676992952036074,28
"543",-3.56969443082686,-0.676992952036074,28
"544",-3.2024540623474,-0.676992952036074,28
"545",-2.83521369386794,-0.676992952036074,28
"546",-2.46797332538848,-0.676992952036074,28
"547",-2.10073295690902,-0.676992952036074,28
"548",-1.73349258842956,-0.676992952036074,28
"549",-1.36625221995011,-0.676992952036074,28
"550",-0.999011851470646,-0.819890970866381,28
"551",-0.631771482991188,-1.39148304618761,28
"552",-0.26453111451173,-1.82017710267853,28
"553",0.102709253967729,-1.96307512150883,28
"554",0.469949622447188,-2.10597314033914,28
"555",0.837189990926646,-2.10597314033914,28
"556",1.20443035940611,-2.10597314033914,28
"557",1.57167072788556,-2.24887115916945,28
"558",1.93891109636502,-2.24887115916945,28
"559",2.30615146484448,-2.24887115916945,28
"560",2.67339183332394,-2.24887115916945,28
"561",-4.30417516778577,-0.676992952036074,29
"562",-3.93693479930631,-0.676992952036074,29
"563",-3.56969443082686,-0.676992952036074,29
"564",-3.2024540623474,-0.676992952036074,29
"565",-2.83521369386794,-0.676992952036074,29
"566",-2.46797332538848,-0.676992952036074,29
"567",-2.10073295690902,-0.676992952036074,29
"568",-1.73349258842956,-0.676992952036074,29
"569",-1.36625221995011,-0.676992952036074,29
"570",-0.999011851470646,-1.10568700852699,29
"571",-0.631771482991188,-1.39148304618761,29
"572",-0.26453111451173,-1.82017710267853,29
"573",0.102709253967729,-2.24887115916945,29
"574",0.469949622447188,-2.53466719683006,29
"575",0.837189990926646,-2.67756521566036,29
"576",1.20443035940611,-2.67756521566036,29
"577",1.57167072788556,-2.67756521566036,29
"578",1.93891109636502,-2.67756521566036,29
"579",2.30615146484448,-2.67756521566036,29
"580",2.67339183332394,-2.67756521566036,29
"581",-4.30417516778577,-0.676992952036074,30
"582",-3.93693479930631,-0.676992952036074,30
"583",-3.56969443082686,-0.676992952036074,30
"584",-3.2024540623474,-0.676992952036074,30
"585",-2.83521369386794,-0.676992952036074,30
"586",-2.46797332538848,-0.676992952036074,30
"587",-2.10073295690902,-0.676992952036074,30
"588",-1.73349258842956,-0.676992952036074,30
"589",-1.36625221995011,-0.676992952036074,30
"590",-0.999011851470646,-0.819890970866381,30
"591",-0.631771482991188,-1.39148304618761,30
"592",-0.26453111451173,-1.82017710267853,30
"593",0.102709253967729,-2.24887115916945,30
"594",0.469949622447188,-2.39176917799975,30
"595",0.837189990926646,-2.53466719683006,30
"596",1.20443035940611,-2.67756521566036,30
"597",1.57167072788556,-2.67756521566036,30
"598",1.93891109636502,-2.67756521566036,30
"599",2.30615146484448,-2.67756521566036,30
"600",2.67339183332394,-2.67756521566036,30
"601",-4.30417516778577,-0.676992952036074,31
"602",-3.93693479930631,-0.676992952036074,31
"603",-3.56969443082686,-0.676992952036074,31
"604",-3.2024540623474,-0.676992952036074,31
"605",-2.83521369386794,-0.676992952036074,31
"606",-2.46797332538848,-0.676992952036074,31
"607",-2.10073295690902,-0.676992952036074,31
"608",-1.73349258842956,-0.676992952036074,31
"609",-1.36625221995011,-1.10568700852699,31
"610",-0.999011851470646,-1.39148304618761,31
"611",-0.631771482991188,-1.39148304618761,31
"612",-0.26453111451173,-1.53438106501791,31
"613",0.102709253967729,-1.82017710267853,31
"614",0.469949622447188,-1.96307512150883,31
"615",0.837189990926646,-2.24887115916945,31
"616",1.20443035940611,-2.24887115916945,31
"617",1.57167072788556,-2.39176917799975,31
"618",1.93891109636502,-2.39176917799975,31
"619",2.30615146484448,-2.39176917799975,31
"620",2.67339183332394,-2.39176917799975,31
"621",-4.30417516778577,-0.676992952036074,32
"622",-3.93693479930631,-0.676992952036074,32
"623",-3.56969443082686,-0.676992952036074,32
"624",-3.2024540623474,-0.676992952036074,32
"625",-2.83521369386794,-0.676992952036074,32
"626",-2.46797332538848,-0.676992952036074,32
"627",-2.10073295690902,-0.676992952036074,32
"628",-1.73349258842956,-0.676992952036074,32
"629",-1.36625221995011,-0.676992952036074,32
"630",-0.999011851470646,-0.819890970866381,32
"631",-0.631771482991188,-1.39148304618761,32
"632",-0.26453111451173,-1.82017710267853,32
"633",0.102709253967729,-1.96307512150883,32
"634",0.469949622447188,-2.10597314033914,32
"635",0.837189990926646,-2.10597314033914,32
"636",1.20443035940611,-2.24887115916945,32
"637",1.57167072788556,-2.24887115916945,32
"638",1.93891109636502,-2.24887115916945,32
"639",2.30615146484448,-2.24887115916945,32
"640",2.67339183332394,-2.24887115916945,32
"641",-4.30417516778577,-0.676992952036074,33
"642",-3.93693479930631,-0.676992952036074,33
"643",-3.56969443082686,-0.676992952036074,33
"644",-3.2024540623474,-0.676992952036074,33
"645",-2.83521369386794,-0.962788989696687,33
"646",-2.46797332538848,-1.10568700852699,33
"647",-2.10073295690902,-1.2485850273573,33
"648",-1.73349258842956,-1.2485850273573,33
"649",-1.36625221995011,-1.2485850273573,33
"650",-0.999011851470646,-1.39148304618761,33
"651",-0.631771482991188,-1.39148304618761,33
"652",-0.26453111451173,-1.53438106501791,33
"653",0.102709253967729,-1.67727908384822,33
"654",0.469949622447188,-1.82017710267853,33
"655",0.837189990926646,-1.96307512150883,33
"656",1.20443035940611,-1.96307512150883,33
"657",1.57167072788556,-1.96307512150883,33
"658",1.93891109636502,-1.96307512150883,33
"659",2.30615146484448,-1.96307512150883,33
"660",2.67339183332394,-2.10597314033914,33
"661",-4.30417516778577,-0.676992952036074,34
"662",-3.93693479930631,-0.676992952036074,34
"663",-3.56969443082686,-0.676992952036074,34
"664",-3.2024540623474,-0.676992952036074,34
"665",-2.83521369386794,-0.676992952036074,34
"666",-2.46797332538848,-0.676992952036074,34
"667",-2.10073295690902,-0.676992952036074,34
"668",-1.73349258842956,-0.676992952036074,34
"669",-1.36625221995011,-0.676992952036074,34
"670",-0.999011851470646,-1.10568700852699,34
"671",-0.631771482991188,-1.39148304618761,34
"672",-0.26453111451173,-1.67727908384822,34
"673",0.102709253967729,-1.67727908384822,34
"674",0.469949622447188,-1.82017710267853,34
"675",0.837189990926646,-1.82017710267853,34
"676",1.20443035940611,-1.82017710267853,34
"677",1.57167072788556,-1.96307512150883,34
"678",1.93891109636502,-1.96307512150883,34
"679",2.30615146484448,-1.96307512150883,34
"680",2.67339183332394,-1.96307512150883,34
"681",-4.30417516778577,-0.676992952036074,35
"682",-3.93693479930631,-0.676992952036074,35
"683",-3.56969443082686,-0.676992952036074,35
"684",-3.2024540623474,-0.676992952036074,35
"685",-2.83521369386794,-0.676992952036074,35
"686",-2.46797332538848,-0.676992952036074,35
"687",-2.10073295690902,-0.676992952036074,35
"688",-1.73349258842956,-0.676992952036074,35
"689",-1.36625221995011,-0.676992952036074,35
"690",-0.999011851470646,-1.10568700852699,35
"691",-0.631771482991188,-1.39148304618761,35
"692",-0.26453111451173,-1.67727908384822,35
"693",0.102709253967729,-1.82017710267853,35
"694",0.469949622447188,-1.96307512150883,35
"695",0.837189990926646,-1.96307512150883,35
"696",1.20443035940611,-1.96307512150883,35
"697",1.57167072788556,-1.96307512150883,35
"698",1.93891109636502,-1.96307512150883,35
"699",2.30615146484448,-1.96307512150883,35
"700",2.67339183332394,-1.96307512150883,35
"701",-4.30417516778577,-0.676992952036074,36
"702",-3.93693479930631,-0.676992952036074,36
"703",-3.56969443082686,-0.676992952036074,36
"704",-3.2024540623474,-0.676992952036074,36
"705",-2.83521369386794,-0.676992952036074,36
"706",-2.46797332538848,-0.676992952036074,36
"707",-2.10073295690902,-0.676992952036074,36
"708",-1.73349258842956,-1.10568700852699,36
"709",-1.36625221995011,-1.2485850273573,36
"710",-0.999011851470646,-1.39148304618761,36
"711",-0.631771482991188,-1.39148304618761,36
"712",-0.26453111451173,-1.53438106501791,36
"713",0.102709253967729,-1.67727908384822,36
"714",0.469949622447188,-1.82017710267853,36
"715",0.837189990926646,-1.82017710267853,36
"716",1.20443035940611,-1.96307512150883,36
"717",1.57167072788556,-2.10597314033914,36
"718",1.93891109636502,-2.10597314033914,36
"719",2.30615146484448,-2.10597314033914,36
"720",2.67339183332394,-2.10597314033914,36
"721",-4.30417516778577,-0.676992952036074,37
"722",-3.93693479930631,-0.676992952036074,37
"723",-3.56969443082686,-0.676992952036074,37
"724",-3.2024540623474,-0.676992952036074,37
"725",-2.83521369386794,-0.676992952036074,37
"726",-2.46797332538848,-0.676992952036074,37
"727",-2.10073295690902,-0.676992952036074,37
"728",-1.73349258842956,-0.676992952036074,37
"729",-1.36625221995011,-0.819890970866381,37
"730",-0.999011851470646,-1.2485850273573,37
"731",-0.631771482991188,-1.39148304618761,37
"732",-0.26453111451173,-1.53438106501791,37
"733",0.102709253967729,-1.67727908384822,37
"734",0.469949622447188,-1.67727908384822,37
"735",0.837189990926646,-1.82017710267853,37
"736",1.20443035940611,-1.96307512150883,37
"737",1.57167072788556,-1.96307512150883,37
"738",1.93891109636502,-1.96307512150883,37
"739",2.30615146484448,-1.96307512150883,37
"740",2.67339183332394,-1.96307512150883,37
"741",-4.30417516778577,-0.676992952036074,38
"742",-3.93693479930631,-0.676992952036074,38
"743",-3.56969443082686,-0.676992952036074,38
"744",-3.2024540623474,-0.676992952036074,38
"745",-2.83521369386794,-0.676992952036074,38
"746",-2.46797332538848,-0.676992952036074,38
"747",-2.10073295690902,-0.676992952036074,38
"748",-1.73349258842956,-0.676992952036074,38
"749",-1.36625221995011,-0.819890970866381,38
"750",-0.999011851470646,-1.10568700852699,38
"751",-0.631771482991188,-1.39148304618761,38
"752",-0.26453111451173,-1.67727908384822,38
"753",0.102709253967729,-1.82017710267853,38
"754",0.469949622447188,-1.96307512150883,38
"755",0.837189990926646,-2.10597314033914,38
"756",1.20443035940611,-2.10597314033914,38
"757",1.57167072788556,-2.10597314033914,38
"758",1.93891109636502,-2.10597314033914,38
"759",2.30615146484448,-2.10597314033914,38
"760",2.67339183332394,-2.24887115916945,38
"761",-4.30417516778577,-0.676992952036074,39
"762",-3.93693479930631,-0.676992952036074,39
"763",-3.56969443082686,-0.676992952036074,39
"764",-3.2024540623474,-0.676992952036074,39
"765",-2.83521369386794,-0.676992952036074,39
"766",-2.46797332538848,-0.676992952036074,39
"767",-2.10073295690902,-0.676992952036074,39
"768",-1.73349258842956,-0.676992952036074,39
"769",-1.36625221995011,-0.676992952036074,39
"770",-0.999011851470646,-1.10568700852699,39
"771",-0.631771482991188,-1.39148304618761,39
"772",-0.26453111451173,-1.67727908384822,39
"773",0.102709253967729,-1.96307512150883,39
"774",0.469949622447188,-2.10597314033914,39
"775",0.837189990926646,-2.24887115916945,39
"776",1.20443035940611,-2.39176917799975,39
"777",1.57167072788556,-2.39176917799975,39
"778",1.93891109636502,-2.39176917799975,39
"779",2.30615146484448,-2.39176917799975,39
"780",2.67339183332394,-2.39176917799975,39
"781",-4.30417516778577,-0.676992952036074,40
"782",-3.93693479930631,-0.676992952036074,40
"783",-3.56969443082686,-0.676992952036074,40
"784",-3.2024540623474,-0.676992952036074,40
"785",-2.83521369386794,-0.676992952036074,40
"786",-2.46797332538848,-0.676992952036074,40
"787",-2.10073295690902,-0.676992952036074,40
"788",-1.73349258842956,-0.676992952036074,40
"789",-1.36625221995011,-0.676992952036074,40
"790",-0.999011851470646,-0.962788989696687,40
"791",-0.631771482991188,-1.39148304618761,40
"792",-0.26453111451173,-1.67727908384822,40
"793",0.102709253967729,-1.96307512150883,40
"794",0.469949622447188,-2.10597314033914,40
"795",0.837189990926646,-2.24887115916945,40
"796",1.20443035940611,-2.39176917799975,40
"797",1.57167072788556,-2.39176917799975,40
"798",1.93891109636502,-2.39176917799975,40
"799",2.30615146484448,-2.53466719683006,40
"800",2.67339183332394,-2.53466719683006,40
"801",-4.30417516778577,-0.676992952036074,41
"802",-3.93693479930631,-0.676992952036074,41
"803",-3.56969443082686,-0.676992952036074,41
"804",-3.2024540623474,-0.676992952036074,41
"805",-2.83521369386794,-0.676992952036074,41
"806",-2.46797332538848,-0.676992952036074,41
"807",-2.10073295690902,-0.676992952036074,41
"808",-1.73349258842956,-0.676992952036074,41
"809",-1.36625221995011,-0.676992952036074,41
"810",-0.999011851470646,-1.10568700852699,41
"811",-0.631771482991188,-1.39148304618761,41
"812",-0.26453111451173,-1.82017710267853,41
"813",0.102709253967729,-1.96307512150883,41
"814",0.469949622447188,-2.10597314033914,41
"815",0.837189990926646,-2.24887115916945,41
"816",1.20443035940611,-2.24887115916945,41
"817",1.57167072788556,-2.24887115916945,41
"818",1.93891109636502,-2.24887115916945,41
"819",2.30615146484448,-2.39176917799975,41
"820",2.67339183332394,-2.39176917799975,41
"821",-4.30417516778577,-0.676992952036074,42
"822",-3.93693479930631,-0.676992952036074,42
"823",-3.56969443082686,-0.676992952036074,42
"824",-3.2024540623474,-0.676992952036074,42
"825",-2.83521369386794,-0.676992952036074,42
"826",-2.46797332538848,-0.676992952036074,42
"827",-2.10073295690902,-0.676992952036074,42
"828",-1.73349258842956,-0.819890970866381,42
"829",-1.36625221995011,-1.10568700852699,42
"830",-0.999011851470646,-1.2485850273573,42
"831",-0.631771482991188,-1.39148304618761,42
"832",-0.26453111451173,-1.96307512150883,42
"833",0.102709253967729,-2.53466719683006,42
"834",0.469949622447188,-2.82046323449067,42
"835",0.837189990926646,-2.96336125332098,42
"836",1.20443035940611,-2.96336125332098,42
"837",1.57167072788556,-2.96336125332098,42
"838",1.93891109636502,-2.96336125332098,42
"839",2.30615146484448,-2.96336125332098,42
"840",2.67339183332394,-2.96336125332098,42
"841",-4.30417516778577,-0.676992952036074,43
"842",-3.93693479930631,-0.676992952036074,43
"843",-3.56969443082686,-0.676992952036074,43
"844",-3.2024540623474,-0.676992952036074,43
"845",-2.83521369386794,-0.676992952036074,43
"846",-2.46797332538848,-0.676992952036074,43
"847",-2.10073295690902,-0.676992952036074,43
"848",-1.73349258842956,-0.676992952036074,43
"849",-1.36625221995011,-0.962788989696687,43
"850",-0.999011851470646,-1.2485850273573,43
"851",-0.631771482991188,-1.39148304618761,43
"852",-0.26453111451173,-1.67727908384822,43
"853",0.102709253967729,-1.96307512150883,43
"854",0.469949622447188,-2.10597314033914,43
"855",0.837189990926646,-2.24887115916945,43
"856",1.20443035940611,-2.24887115916945,43
"857",1.57167072788556,-2.24887115916945,43
"858",1.93891109636502,-2.24887115916945,43
"859",2.30615146484448,-2.24887115916945,43
"860",2.67339183332394,-2.24887115916945,43
"861",-4.30417516778577,-0.676992952036074,44
"862",-3.93693479930631,-0.676992952036074,44
"863",-3.56969443082686,-0.676992952036074,44
"864",-3.2024540623474,-0.676992952036074,44
"865",-2.83521369386794,-0.676992952036074,44
"866",-2.46797332538848,-0.676992952036074,44
"867",-2.10073295690902,-0.676992952036074,44
"868",-1.73349258842956,-0.676992952036074,44
"869",-1.36625221995011,-0.676992952036074,44
"870",-0.999011851470646,-1.10568700852699,44
"871",-0.631771482991188,-1.39148304618761,44
"872",-0.26453111451173,-1.67727908384822,44
"873",0.102709253967729,-1.96307512150883,44
"874",0.469949622447188,-2.10597314033914,44
"875",0.837189990926646,-2.10597314033914,44
"876",1.20443035940611,-2.10597314033914,44
"877",1.57167072788556,-2.10597314033914,44
"878",1.93891109636502,-2.10597314033914,44
"879",2.30615146484448,-2.10597314033914,44
"880",2.67339183332394,-2.10597314033914,44
"881",-4.30417516778577,-0.676992952036074,45
"882",-3.93693479930631,-0.676992952036074,45
"883",-3.56969443082686,-0.676992952036074,45
"884",-3.2024540623474,-0.676992952036074,45
"885",-2.83521369386794,-0.676992952036074,45
"886",-2.46797332538848,-0.676992952036074,45
"887",-2.10073295690902,-0.676992952036074,45
"888",-1.73349258842956,-0.676992952036074,45
"889",-1.36625221995011,-0.676992952036074,45
"890",-0.999011851470646,-0.962788989696687,45
"891",-0.631771482991188,-1.39148304618761,45
"892",-0.26453111451173,-1.67727908384822,45
"893",0.102709253967729,-1.82017710267853,45
"894",0.469949622447188,-1.82017710267853,45
"895",0.837189990926646,-1.96307512150883,45
"896",1.20443035940611,-1.96307512150883,45
"897",1.57167072788556,-1.96307512150883,45
"898",1.93891109636502,-1.96307512150883,45
"899",2.30615146484448,-1.96307512150883,45
"900",2.67339183332394,-1.96307512150883,45
"901",-4.30417516778577,-0.676992952036074,46
"902",-3.93693479930631,-0.676992952036074,46
"903",-3.56969443082686,-0.676992952036074,46
"904",-3.2024540623474,-0.676992952036074,46
"905",-2.83521369386794,-0.676992952036074,46
"906",-2.46797332538848,-0.676992952036074,46
"907",-2.10073295690902,-0.676992952036074,46
"908",-1.73349258842956,-0.676992952036074,46
"909",-1.36625221995011,-0.676992952036074,46
"910",-0.999011851470646,-0.962788989696687,46
"911",-0.631771482991188,-1.39148304618761,46
"912",-0.26453111451173,-1.82017710267853,46
"913",0.102709253967729,-2.10597314033914,46
"914",0.469949622447188,-2.24887115916945,46
"915",0.837189990926646,-2.39176917799975,46
"916",1.20443035940611,-2.53466719683006,46
"917",1.57167072788556,-2.53466719683006,46
"918",1.93891109636502,-2.53466719683006,46
"919",2.30615146484448,-2.53466719683006,46
"920",2.67339183332394,-2.53466719683006,46
"921",-4.30417516778577,-0.676992952036074,47
"922",-3.93693479930631,-0.676992952036074,47
"923",-3.56969443082686,-0.676992952036074,47
"924",-3.2024540623474,-0.676992952036074,47
"925",-2.83521369386794,-0.676992952036074,47
"926",-2.46797332538848,-0.676992952036074,47
"927",-2.10073295690902,-0.676992952036074,47
"928",-1.73349258842956,-0.819890970866381,47
"929",-1.36625221995011,-0.962788989696687,47
"930",-0.999011851470646,-1.10568700852699,47
"931",-0.631771482991188,-1.39148304618761,47
"932",-0.26453111451173,-1.67727908384822,47
"933",0.102709253967729,-1.82017710267853,47
"934",0.469949622447188,-1.82017710267853,47
"935",0.837189990926646,-1.82017710267853,47
"936",1.20443035940611,-1.82017710267853,47
"937",1.57167072788556,-1.82017710267853,47
"938",1.93891109636502,-1.82017710267853,47
"939",2.30615146484448,-1.96307512150883,47
"940",2.67339183332394,-1.96307512150883,47
"941",-4.30417516778577,-0.676992952036074,48
"942",-3.93693479930631,-0.676992952036074,48
"943",-3.56969443082686,-0.676992952036074,48
"944",-3.2024540623474,-0.676992952036074,48
"945",-2.83521369386794,-0.676992952036074,48
"946",-2.46797332538848,-0.676992952036074,48
"947",-2.10073295690902,-0.676992952036074,48
"948",-1.73349258842956,-0.676992952036074,48
"949",-1.36625221995011,-0.676992952036074,48
"950",-0.999011851470646,-1.2485850273573,48
"951",-0.631771482991188,-1.39148304618761,48
"952",-0.26453111451173,-1.67727908384822,48
"953",0.102709253967729,-1.82017710267853,48
"954",0.469949622447188,-1.96307512150883,48
"955",0.837189990926646,-2.10597314033914,48
"956",1.20443035940611,-2.10597314033914,48
"957",1.57167072788556,-2.10597314033914,48
"958",1.93891109636502,-2.10597314033914,48
"959",2.30615146484448,-2.10597314033914,48
"960",2.67339183332394,-2.10597314033914,48
"961",-4.30417516778577,-0.676992952036074,49
"962",-3.93693479930631,-0.676992952036074,49
"963",-3.56969443082686,-0.676992952036074,49
"964",-3.2024540623474,-0.676992952036074,49
"965",-2.83521369386794,-0.676992952036074,49
"966",-2.46797332538848,-0.676992952036074,49
"967",-2.10073295690902,-0.676992952036074,49
"968",-1.73349258842956,-0.676992952036074,49
"969",-1.36625221995011,-0.676992952036074,49
"970",-0.999011851470646,-0.962788989696687,49
"971",-0.631771482991188,-1.39148304618761,49
"972",-0.26453111451173,-1.82017710267853,49
"973",0.102709253967729,-1.96307512150883,49
"974",0.469949622447188,-2.24887115916945,49
"975",0.837189990926646,-2.39176917799975,49
"976",1.20443035940611,-2.39176917799975,49
"977",1.57167072788556,-2.53466719683006,49
"978",1.93891109636502,-2.53466719683006,49
"979",2.30615146484448,-2.53466719683006,49
"980",2.67339183332394,-2.53466719683006,49
"981",-4.30417516778577,-0.676992952036074,50
"982",-3.93693479930631,-0.676992952036074,50
"983",-3.56969443082686,-0.676992952036074,50
"984",-3.2024540623474,-0.676992952036074,50
"985",-2.83521369386794,-0.676992952036074,50
"986",-2.46797332538848,-0.676992952036074,50
"987",-2.10073295690902,-0.676992952036074,50
"988",-1.73349258842956,-0.676992952036074,50
"989",-1.36625221995011,-0.676992952036074,50
"990",-0.999011851470646,-1.10568700852699,50
"991",-0.631771482991188,-1.39148304618761,50
"992",-0.26453111451173,-1.67727908384822,50
"993",0.102709253967729,-1.82017710267853,50
"994",0.469949622447188,-1.96307512150883,50
"995",0.837189990926646,-1.96307512150883,50
"996",1.20443035940611,-2.10597314033914,50
"997",1.57167072788556,-2.10597314033914,50
"998",1.93891109636502,-2.24887115916945,50
"999",2.30615146484448,-2.24887115916945,50
"1000",2.67339183332394,-2.24887115916945,50
"1001",-4.30417516778577,-0.676992952036074,51
"1002",-3.93693479930631,-0.676992952036074,51
"1003",-3.56969443082686,-0.676992952036074,51
"1004",-3.2024540623474,-0.676992952036074,51
"1005",-2.83521369386794,-0.676992952036074,51
"1006",-2.46797332538848,-0.676992952036074,51
"1007",-2.10073295690902,-0.676992952036074,51
"1008",-1.73349258842956,-0.676992952036074,51
"1009",-1.36625221995011,-0.819890970866381,51
"1010",-0.999011851470646,-1.2485850273573,51
"1011",-0.631771482991188,-1.39148304618761,51
"1012",-0.26453111451173,-1.67727908384822,51
"1013",0.102709253967729,-1.82017710267853,51
"1014",0.469949622447188,-1.82017710267853,51
"1015",0.837189990926646,-1.96307512150883,51
"1016",1.20443035940611,-1.96307512150883,51
"1017",1.57167072788556,-1.96307512150883,51
"1018",1.93891109636502,-1.96307512150883,51
"1019",2.30615146484448,-2.10597314033914,51
"1020",2.67339183332394,-2.10597314033914,51
"1021",-4.30417516778577,-0.676992952036074,52
"1022",-3.93693479930631,-0.676992952036074,52
"1023",-3.56969443082686,-0.676992952036074,52
"1024",-3.2024540623474,-0.676992952036074,52
"1025",-2.83521369386794,-0.676992952036074,52
"1026",-2.46797332538848,-0.676992952036074,52
"1027",-2.10073295690902,-0.676992952036074,52
"1028",-1.73349258842956,-0.676992952036074,52
"1029",-1.36625221995011,-0.676992952036074,52
"1030",-0.999011851470646,-1.10568700852699,52
"1031",-0.631771482991188,-1.39148304618761,52
"1032",-0.26453111451173,-1.67727908384822,52
"1033",0.102709253967729,-1.82017710267853,52
"1034",0.469949622447188,-1.96307512150883,52
"1035",0.837189990926646,-2.10597314033914,52
"1036",1.20443035940611,-2.10597314033914,52
"1037",1.57167072788556,-2.10597314033914,52
"1038",1.93891109636502,-2.10597314033914,52
"1039",2.30615146484448,-2.10597314033914,52
"1040",2.67339183332394,-2.10597314033914,52
"1041",-4.30417516778577,-0.676992952036074,53
"1042",-3.93693479930631,-0.676992952036074,53
"1043",-3.56969443082686,-0.676992952036074,53
"1044",-3.2024540623474,-0.676992952036074,53
"1045",-2.83521369386794,-0.676992952036074,53
"1046",-2.46797332538848,-0.676992952036074,53
"1047",-2.10073295690902,-0.676992952036074,53
"1048",-1.73349258842956,-0.676992952036074,53
"1049",-1.36625221995011,-0.676992952036074,53
"1050",-0.999011851470646,-1.10568700852699,53
"1051",-0.631771482991188,-1.39148304618761,53
"1052",-0.26453111451173,-1.67727908384822,53
"1053",0.102709253967729,-1.82017710267853,53
"1054",0.469949622447188,-1.82017710267853,53
"1055",0.837189990926646,-1.96307512150883,53
"1056",1.20443035940611,-1.96307512150883,53
"1057",1.57167072788556,-1.96307512150883,53
"1058",1.93891109636502,-1.96307512150883,53
"1059",2.30615146484448,-1.96307512150883,53
"1060",2.67339183332394,-1.96307512150883,53
"1061",-4.30417516778577,-0.676992952036074,54
"1062",-3.93693479930631,-0.676992952036074,54
"1063",-3.56969443082686,-0.676992952036074,54
"1064",-3.2024540623474,-0.676992952036074,54
"1065",-2.83521369386794,-0.676992952036074,54
"1066",-2.46797332538848,-0.676992952036074,54
"1067",-2.10073295690902,-0.676992952036074,54
"1068",-1.73349258842956,-0.676992952036074,54
"1069",-1.36625221995011,-0.676992952036074,54
"1070",-0.999011851470646,-0.962788989696687,54
"1071",-0.631771482991188,-1.39148304618761,54
"1072",-0.26453111451173,-1.67727908384822,54
"1073",0.102709253967729,-1.67727908384822,54
"1074",0.469949622447188,-1.82017710267853,54
"1075",0.837189990926646,-1.82017710267853,54
"1076",1.20443035940611,-1.82017710267853,54
"1077",1.57167072788556,-1.82017710267853,54
"1078",1.93891109636502,-1.96307512150883,54
"1079",2.30615146484448,-1.96307512150883,54
"1080",2.67339183332394,-1.96307512150883,54
"1081",-4.30417516778577,-0.676992952036074,55
"1082",-3.93693479930631,-0.676992952036074,55
"1083",-3.56969443082686,-0.676992952036074,55
"1084",-3.2024540623474,-0.676992952036074,55
"1085",-2.83521369386794,-0.676992952036074,55
"1086",-2.46797332538848,-0.676992952036074,55
"1087",-2.10073295690902,-0.676992952036074,55
"1088",-1.73349258842956,-0.676992952036074,55
"1089",-1.36625221995011,-0.676992952036074,55
"1090",-0.999011851470646,-1.2485850273573,55
"1091",-0.631771482991188,-1.39148304618761,55
"1092",-0.26453111451173,-1.53438106501791,55
"1093",0.102709253967729,-1.67727908384822,55
"1094",0.469949622447188,-1.67727908384822,55
"1095",0.837189990926646,-1.67727908384822,55
"1096",1.20443035940611,-1.67727908384822,55
"1097",1.57167072788556,-1.67727908384822,55
"1098",1.93891109636502,-1.82017710267853,55
"1099",2.30615146484448,-1.82017710267853,55
"1100",2.67339183332394,-1.82017710267853,55
"1101",-4.30417516778577,-0.676992952036074,56
"1102",-3.93693479930631,-0.676992952036074,56
"1103",-3.56969443082686,-0.676992952036074,56
"1104",-3.2024540623474,-0.676992952036074,56
"1105",-2.83521369386794,-0.676992952036074,56
"1106",-2.46797332538848,-0.676992952036074,56
"1107",-2.10073295690902,-0.676992952036074,56
"1108",-1.73349258842956,-0.676992952036074,56
"1109",-1.36625221995011,-0.676992952036074,56
"1110",-0.999011851470646,-0.819890970866381,56
"1111",-0.631771482991188,-1.39148304618761,56
"1112",-0.26453111451173,-1.82017710267853,56
"1113",0.102709253967729,-2.39176917799975,56
"1114",0.469949622447188,-2.67756521566036,56
"1115",0.837189990926646,-2.82046323449067,56
"1116",1.20443035940611,-2.82046323449067,56
"1117",1.57167072788556,-2.82046323449067,56
"1118",1.93891109636502,-2.82046323449067,56
"1119",2.30615146484448,-2.82046323449067,56
"1120",2.67339183332394,-2.82046323449067,56
"1121",-4.30417516778577,-0.676992952036074,57
"1122",-3.93693479930631,-0.676992952036074,57
"1123",-3.56969443082686,-0.676992952036074,57
"1124",-3.2024540623474,-0.676992952036074,57
"1125",-2.83521369386794,-0.676992952036074,57
"1126",-2.46797332538848,-0.676992952036074,57
"1127",-2.10073295690902,-0.676992952036074,57
"1128",-1.73349258842956,-0.676992952036074,57
"1129",-1.36625221995011,-0.676992952036074,57
"1130",-0.999011851470646,-1.10568700852699,57
"1131",-0.631771482991188,-1.39148304618761,57
"1132",-0.26453111451173,-1.82017710267853,57
"1133",0.102709253967729,-2.24887115916945,57
"1134",0.469949622447188,-2.53466719683006,57
"1135",0.837189990926646,-2.67756521566036,57
"1136",1.20443035940611,-2.67756521566036,57
"1137",1.57167072788556,-2.67756521566036,57
"1138",1.93891109636502,-2.67756521566036,57
"1139",2.30615146484448,-2.67756521566036,57
"1140",2.67339183332394,-2.67756521566036,57
"1141",-4.30417516778577,-0.676992952036074,58
"1142",-3.93693479930631,-0.676992952036074,58
"1143",-3.56969443082686,-0.676992952036074,58
"1144",-3.2024540623474,-0.676992952036074,58
"1145",-2.83521369386794,-0.676992952036074,58
"1146",-2.46797332538848,-0.676992952036074,58
"1147",-2.10073295690902,-0.676992952036074,58
"1148",-1.73349258842956,-0.676992952036074,58
"1149",-1.36625221995011,-0.819890970866381,58
"1150",-0.999011851470646,-1.2485850273573,58
"1151",-0.631771482991188,-1.39148304618761,58
"1152",-0.26453111451173,-1.53438106501791,58
"1153",0.102709253967729,-1.67727908384822,58
"1154",0.469949622447188,-1.82017710267853,58
"1155",0.837189990926646,-1.96307512150883,58
"1156",1.20443035940611,-1.96307512150883,58
"1157",1.57167072788556,-1.96307512150883,58
"1158",1.93891109636502,-1.96307512150883,58
"1159",2.30615146484448,-1.96307512150883,58
"1160",2.67339183332394,-1.96307512150883,58
"1161",-4.30417516778577,-0.676992952036074,59
"1162",-3.93693479930631,-0.676992952036074,59
"1163",-3.56969443082686,-0.676992952036074,59
"1164",-3.2024540623474,-0.676992952036074,59
"1165",-2.83521369386794,-0.676992952036074,59
"1166",-2.46797332538848,-0.676992952036074,59
"1167",-2.10073295690902,-0.676992952036074,59
"1168",-1.73349258842956,-0.676992952036074,59
"1169",-1.36625221995011,-0.676992952036074,59
"1170",-0.999011851470646,-0.962788989696687,59
"1171",-0.631771482991188,-1.39148304618761,59
"1172",-0.26453111451173,-1.82017710267853,59
"1173",0.102709253967729,-2.10597314033914,59
"1174",0.469949622447188,-2.39176917799975,59
"1175",0.837189990926646,-2.53466719683006,59
"1176",1.20443035940611,-2.53466719683006,59
"1177",1.57167072788556,-2.53466719683006,59
"1178",1.93891109636502,-2.53466719683006,59
"1179",2.30615146484448,-2.53466719683006,59
"1180",2.67339183332394,-2.53466719683006,59
"1181",-4.30417516778577,-0.676992952036074,60
"1182",-3.93693479930631,-0.676992952036074,60
"1183",-3.56969443082686,-0.676992952036074,60
"1184",-3.2024540623474,-0.676992952036074,60
"1185",-2.83521369386794,-0.676992952036074,60
"1186",-2.46797332538848,-0.676992952036074,60
"1187",-2.10073295690902,-0.676992952036074,60
"1188",-1.73349258842956,-0.676992952036074,60
"1189",-1.36625221995011,-0.676992952036074,60
"1190",-0.999011851470646,-0.962788989696687,60
"1191",-0.631771482991188,-1.39148304618761,60
"1192",-0.26453111451173,-1.67727908384822,60
"1193",0.102709253967729,-1.96307512150883,60
"1194",0.469949622447188,-2.24887115916945,60
"1195",0.837189990926646,-2.24887115916945,60
"1196",1.20443035940611,-2.24887115916945,60
"1197",1.57167072788556,-2.24887115916945,60
"1198",1.93891109636502,-2.24887115916945,60
"1199",2.30615146484448,-2.39176917799975,60
"1200",2.67339183332394,-2.39176917799975,60
"1201",-4.30417516778577,-0.676992952036074,61
"1202",-3.93693479930631,-0.676992952036074,61
"1203",-3.56969443082686,-0.676992952036074,61
"1204",-3.2024540623474,-0.676992952036074,61
"1205",-2.83521369386794,-0.676992952036074,61
"1206",-2.46797332538848,-0.676992952036074,61
"1207",-2.10073295690902,-0.676992952036074,61
"1208",-1.73349258842956,-0.676992952036074,61
"1209",-1.36625221995011,-0.676992952036074,61
"1210",-0.999011851470646,-1.10568700852699,61
"1211",-0.631771482991188,-1.39148304618761,61
"1212",-0.26453111451173,-1.67727908384822,61
"1213",0.102709253967729,-1.67727908384822,61
"1214",0.469949622447188,-1.67727908384822,61
"1215",0.837189990926646,-1.67727908384822,61
"1216",1.20443035940611,-1.67727908384822,61
"1217",1.57167072788556,-1.82017710267853,61
"1218",1.93891109636502,-1.82017710267853,61
"1219",2.30615146484448,-1.82017710267853,61
"1220",2.67339183332394,-1.82017710267853,61
"1221",-4.30417516778577,-0.676992952036074,62
"1222",-3.93693479930631,-0.676992952036074,62
"1223",-3.56969443082686,-0.676992952036074,62
"1224",-3.2024540623474,-0.676992952036074,62
"1225",-2.83521369386794,-0.676992952036074,62
"1226",-2.46797332538848,-0.676992952036074,62
"1227",-2.10073295690902,-0.676992952036074,62
"1228",-1.73349258842956,-0.676992952036074,62
"1229",-1.36625221995011,-0.676992952036074,62
"1230",-0.999011851470646,-1.10568700852699,62
"1231",-0.631771482991188,-1.39148304618761,62
"1232",-0.26453111451173,-1.67727908384822,62
"1233",0.102709253967729,-1.82017710267853,62
"1234",0.469949622447188,-1.82017710267853,62
"1235",0.837189990926646,-1.82017710267853,62
"1236",1.20443035940611,-1.82017710267853,62
"1237",1.57167072788556,-1.82017710267853,62
"1238",1.93891109636502,-1.82017710267853,62
"1239",2.30615146484448,-1.82017710267853,62
"1240",2.67339183332394,-1.82017710267853,62
"1241",-4.30417516778577,-0.676992952036074,63
"1242",-3.93693479930631,-0.676992952036074,63
"1243",-3.56969443082686,-0.676992952036074,63
"1244",-3.2024540623474,-0.676992952036074,63
"1245",-2.83521369386794,-0.676992952036074,63
"1246",-2.46797332538848,-0.676992952036074,63
"1247",-2.10073295690902,-0.676992952036074,63
"1248",-1.73349258842956,-0.676992952036074,63
"1249",-1.36625221995011,-0.676992952036074,63
"1250",-0.999011851470646,-0.962788989696687,63
"1251",-0.631771482991188,-1.39148304618761,63
"1252",-0.26453111451173,-1.67727908384822,63
"1253",0.102709253967729,-1.82017710267853,63
"1254",0.469949622447188,-1.96307512150883,63
"1255",0.837189990926646,-1.96307512150883,63
"1256",1.20443035940611,-1.96307512150883,63
"1257",1.57167072788556,-1.96307512150883,63
"1258",1.93891109636502,-1.96307512150883,63
"1259",2.30615146484448,-1.96307512150883,63
"1260",2.67339183332394,-1.96307512150883,63
"1261",-4.30417516778577,-0.676992952036074,64
"1262",-3.93693479930631,-0.676992952036074,64
"1263",-3.56969443082686,-0.676992952036074,64
"1264",-3.2024540623474,-0.676992952036074,64
"1265",-2.83521369386794,-0.676992952036074,64
"1266",-2.46797332538848,-0.676992952036074,64
"1267",-2.10073295690902,-0.676992952036074,64
"1268",-1.73349258842956,-0.676992952036074,64
"1269",-1.36625221995011,-0.676992952036074,64
"1270",-0.999011851470646,-0.962788989696687,64
"1271",-0.631771482991188,-1.39148304618761,64
"1272",-0.26453111451173,-1.67727908384822,64
"1273",0.102709253967729,-1.82017710267853,64
"1274",0.469949622447188,-1.82017710267853,64
"1275",0.837189990926646,-1.82017710267853,64
"1276",1.20443035940611,-1.96307512150883,64
"1277",1.57167072788556,-1.96307512150883,64
"1278",1.93891109636502,-1.96307512150883,64
"1279",2.30615146484448,-2.10597314033914,64
"1280",2.67339183332394,-2.10597314033914,64
"1281",-4.30417516778577,-0.676992952036074,65
"1282",-3.93693479930631,-0.676992952036074,65
"1283",-3.56969443082686,-0.676992952036074,65
"1284",-3.2024540623474,-0.676992952036074,65
"1285",-2.83521369386794,-0.676992952036074,65
"1286",-2.46797332538848,-0.676992952036074,65
"1287",-2.10073295690902,-0.676992952036074,65
"1288",-1.73349258842956,-0.676992952036074,65
"1289",-1.36625221995011,-0.962788989696687,65
"1290",-0.999011851470646,-1.2485850273573,65
"1291",-0.631771482991188,-1.39148304618761,65
"1292",-0.26453111451173,-1.67727908384822,65
"1293",0.102709253967729,-1.96307512150883,65
"1294",0.469949622447188,-2.24887115916945,65
"1295",0.837189990926646,-2.24887115916945,65
"1296",1.20443035940611,-2.39176917799975,65
"1297",1.57167072788556,-2.39176917799975,65
"1298",1.93891109636502,-2.39176917799975,65
"1299",2.30615146484448,-2.39176917799975,65
"1300",2.67339183332394,-2.39176917799975,65
"1301",-4.30417516778577,-0.676992952036074,66
"1302",-3.93693479930631,-0.676992952036074,66
"1303",-3.56969443082686,-0.676992952036074,66
"1304",-3.2024540623474,-0.676992952036074,66
"1305",-2.83521369386794,-0.676992952036074,66
"1306",-2.46797332538848,-0.676992952036074,66
"1307",-2.10073295690902,-0.676992952036074,66
"1308",-1.73349258842956,-0.676992952036074,66
"1309",-1.36625221995011,-0.819890970866381,66
"1310",-0.999011851470646,-1.10568700852699,66
"1311",-0.631771482991188,-1.39148304618761,66
"1312",-0.26453111451173,-1.82017710267853,66
"1313",0.102709253967729,-2.10597314033914,66
"1314",0.469949622447188,-2.39176917799975,66
"1315",0.837189990926646,-2.39176917799975,66
"1316",1.20443035940611,-2.39176917799975,66
"1317",1.57167072788556,-2.39176917799975,66
"1318",1.93891109636502,-2.39176917799975,66
"1319",2.30615146484448,-2.39176917799975,66
"1320",2.67339183332394,-2.39176917799975,66
"1321",-4.30417516778577,-0.676992952036074,67
"1322",-3.93693479930631,-0.676992952036074,67
"1323",-3.56969443082686,-0.676992952036074,67
"1324",-3.2024540623474,-0.676992952036074,67
"1325",-2.83521369386794,-0.676992952036074,67
"1326",-2.46797332538848,-0.676992952036074,67
"1327",-2.10073295690902,-0.676992952036074,67
"1328",-1.73349258842956,-0.676992952036074,67
"1329",-1.36625221995011,-0.962788989696687,67
"1330",-0.999011851470646,-1.2485850273573,67
"1331",-0.631771482991188,-1.39148304618761,67
"1332",-0.26453111451173,-1.67727908384822,67
"1333",0.102709253967729,-1.82017710267853,67
"1334",0.469949622447188,-2.10597314033914,67
"1335",0.837189990926646,-2.24887115916945,67
"1336",1.20443035940611,-2.39176917799975,67
"1337",1.57167072788556,-2.39176917799975,67
"1338",1.93891109636502,-2.39176917799975,67
"1339",2.30615146484448,-2.53466719683006,67
"1340",2.67339183332394,-2.53466719683006,67
"1341",-4.30417516778577,-0.676992952036074,68
"1342",-3.93693479930631,-0.676992952036074,68
"1343",-3.56969443082686,-0.676992952036074,68
"1344",-3.2024540623474,-0.676992952036074,68
"1345",-2.83521369386794,-0.676992952036074,68
"1346",-2.46797332538848,-0.676992952036074,68
"1347",-2.10073295690902,-0.676992952036074,68
"1348",-1.73349258842956,-0.962788989696687,68
"1349",-1.36625221995011,-1.2485850273573,68
"1350",-0.999011851470646,-1.39148304618761,68
"1351",-0.631771482991188,-1.39148304618761,68
"1352",-0.26453111451173,-1.53438106501791,68
"1353",0.102709253967729,-1.67727908384822,68
"1354",0.469949622447188,-1.96307512150883,68
"1355",0.837189990926646,-2.10597314033914,68
"1356",1.20443035940611,-2.10597314033914,68
"1357",1.57167072788556,-2.24887115916945,68
"1358",1.93891109636502,-2.24887115916945,68
"1359",2.30615146484448,-2.24887115916945,68
"1360",2.67339183332394,-2.24887115916945,68
"1361",-4.30417516778577,-0.676992952036074,69
"1362",-3.93693479930631,-0.676992952036074,69
"1363",-3.56969443082686,-0.676992952036074,69
"1364",-3.2024540623474,-0.676992952036074,69
"1365",-2.83521369386794,-0.676992952036074,69
"1366",-2.46797332538848,-0.676992952036074,69
"1367",-2.10073295690902,-0.676992952036074,69
"1368",-1.73349258842956,-0.676992952036074,69
"1369",-1.36625221995011,-0.676992952036074,69
"1370",-0.999011851470646,-0.819890970866381,69
"1371",-0.631771482991188,-1.39148304618761,69
"1372",-0.26453111451173,-1.82017710267853,69
"1373",0.102709253967729,-1.96307512150883,69
"1374",0.469949622447188,-1.96307512150883,69
"1375",0.837189990926646,-2.10597314033914,69
"1376",1.20443035940611,-2.10597314033914,69
"1377",1.57167072788556,-2.10597314033914,69
"1378",1.93891109636502,-2.10597314033914,69
"1379",2.30615146484448,-2.10597314033914,69
"1380",2.67339183332394,-2.10597314033914,69
"1381",-4.30417516778577,-0.676992952036074,70
"1382",-3.93693479930631,-0.676992952036074,70
"1383",-3.56969443082686,-0.676992952036074,70
"1384",-3.2024540623474,-0.676992952036074,70
"1385",-2.83521369386794,-0.676992952036074,70
"1386",-2.46797332538848,-0.676992952036074,70
"1387",-2.10073295690902,-0.676992952036074,70
"1388",-1.73349258842956,-0.676992952036074,70
"1389",-1.36625221995011,-0.676992952036074,70
"1390",-0.999011851470646,-0.819890970866381,70
"1391",-0.631771482991188,-1.39148304618761,70
"1392",-0.26453111451173,-1.67727908384822,70
"1393",0.102709253967729,-1.82017710267853,70
"1394",0.469949622447188,-1.82017710267853,70
"1395",0.837189990926646,-1.82017710267853,70
"1396",1.20443035940611,-1.96307512150883,70
"1397",1.57167072788556,-1.96307512150883,70
"1398",1.93891109636502,-1.96307512150883,70
"1399",2.30615146484448,-1.96307512150883,70
"1400",2.67339183332394,-1.96307512150883,70
"1401",-4.30417516778577,-0.676992952036074,71
"1402",-3.93693479930631,-0.676992952036074,71
"1403",-3.56969443082686,-0.676992952036074,71
"1404",-3.2024540623474,-0.676992952036074,71
"1405",-2.83521369386794,-0.676992952036074,71
"1406",-2.46797332538848,-0.676992952036074,71
"1407",-2.10073295690902,-0.676992952036074,71
"1408",-1.73349258842956,-0.676992952036074,71
"1409",-1.36625221995011,-0.676992952036074,71
"1410",-0.999011851470646,-1.10568700852699,71
"1411",-0.631771482991188,-1.39148304618761,71
"1412",-0.26453111451173,-1.67727908384822,71
"1413",0.102709253967729,-1.82017710267853,71
"1414",0.469949622447188,-1.96307512150883,71
"1415",0.837189990926646,-1.96307512150883,71
"1416",1.20443035940611,-1.96307512150883,71
"1417",1.57167072788556,-2.10597314033914,71
"1418",1.93891109636502,-2.10597314033914,71
"1419",2.30615146484448,-2.10597314033914,71
"1420",2.67339183332394,-2.10597314033914,71
"1421",-4.30417516778577,-0.676992952036074,72
"1422",-3.93693479930631,-0.676992952036074,72
"1423",-3.56969443082686,-0.676992952036074,72
"1424",-3.2024540623474,-0.676992952036074,72
"1425",-2.83521369386794,-0.676992952036074,72
"1426",-2.46797332538848,-0.676992952036074,72
"1427",-2.10073295690902,-0.676992952036074,72
"1428",-1.73349258842956,-0.676992952036074,72
"1429",-1.36625221995011,-0.676992952036074,72
"1430",-0.999011851470646,-1.10568700852699,72
"1431",-0.631771482991188,-1.39148304618761,72
"1432",-0.26453111451173,-1.82017710267853,72
"1433",0.102709253967729,-1.96307512150883,72
"1434",0.469949622447188,-2.10597314033914,72
"1435",0.837189990926646,-2.10597314033914,72
"1436",1.20443035940611,-2.10597314033914,72
"1437",1.57167072788556,-2.10597314033914,72
"1438",1.93891109636502,-2.24887115916945,72
"1439",2.30615146484448,-2.24887115916945,72
"1440",2.67339183332394,-2.24887115916945,72
"1441",-4.30417516778577,-0.676992952036074,73
"1442",-3.93693479930631,-0.676992952036074,73
"1443",-3.56969443082686,-0.676992952036074,73
"1444",-3.2024540623474,-0.676992952036074,73
"1445",-2.83521369386794,-0.676992952036074,73
"1446",-2.46797332538848,-0.676992952036074,73
"1447",-2.10073295690902,-0.676992952036074,73
"1448",-1.73349258842956,-0.676992952036074,73
"1449",-1.36625221995011,-0.676992952036074,73
"1450",-0.999011851470646,-0.962788989696687,73
"1451",-0.631771482991188,-1.39148304618761,73
"1452",-0.26453111451173,-1.67727908384822,73
"1453",0.102709253967729,-1.96307512150883,73
"1454",0.469949622447188,-2.10597314033914,73
"1455",0.837189990926646,-2.24887115916945,73
"1456",1.20443035940611,-2.24887115916945,73
"1457",1.57167072788556,-2.24887115916945,73
"1458",1.93891109636502,-2.24887115916945,73
"1459",2.30615146484448,-2.24887115916945,73
"1460",2.67339183332394,-2.24887115916945,73
"1461",-4.30417516778577,-0.676992952036074,74
"1462",-3.93693479930631,-0.676992952036074,74
"1463",-3.56969443082686,-0.676992952036074,74
"1464",-3.2024540623474,-0.676992952036074,74
"1465",-2.83521369386794,-0.676992952036074,74
"1466",-2.46797332538848,-0.676992952036074,74
"1467",-2.10073295690902,-0.676992952036074,74
"1468",-1.73349258842956,-0.676992952036074,74
"1469",-1.36625221995011,-0.676992952036074,74
"1470",-0.999011851470646,-0.819890970866381,74
"1471",-0.631771482991188,-1.39148304618761,74
"1472",-0.26453111451173,-1.82017710267853,74
"1473",0.102709253967729,-2.10597314033914,74
"1474",0.469949622447188,-2.24887115916945,74
"1475",0.837189990926646,-2.24887115916945,74
"1476",1.20443035940611,-2.39176917799975,74
"1477",1.57167072788556,-2.39176917799975,74
"1478",1.93891109636502,-2.39176917799975,74
"1479",2.30615146484448,-2.39176917799975,74
"1480",2.67339183332394,-2.39176917799975,74
"1481",-4.30417516778577,-0.676992952036074,75
"1482",-3.93693479930631,-0.676992952036074,75
"1483",-3.56969443082686,-0.676992952036074,75
"1484",-3.2024540623474,-0.676992952036074,75
"1485",-2.83521369386794,-0.676992952036074,75
"1486",-2.46797332538848,-0.676992952036074,75
"1487",-2.10073295690902,-0.676992952036074,75
"1488",-1.73349258842956,-0.676992952036074,75
"1489",-1.36625221995011,-0.676992952036074,75
"1490",-0.999011851470646,-1.10568700852699,75
"1491",-0.631771482991188,-1.39148304618761,75
"1492",-0.26453111451173,-1.67727908384822,75
"1493",0.102709253967729,-1.82017710267853,75
"1494",0.469949622447188,-1.96307512150883,75
"1495",0.837189990926646,-2.10597314033914,75
"1496",1.20443035940611,-2.10597314033914,75
"1497",1.57167072788556,-2.10597314033914,75
"1498",1.93891109636502,-2.10597314033914,75
"1499",2.30615146484448,-2.10597314033914,75
"1500",2.67339183332394,-2.10597314033914,75
"1501",-4.30417516778577,-0.676992952036074,76
"1502",-3.93693479930631,-0.676992952036074,76
"1503",-3.56969443082686,-0.676992952036074,76
"1504",-3.2024540623474,-0.676992952036074,76
"1505",-2.83521369386794,-0.676992952036074,76
"1506",-2.46797332538848,-0.676992952036074,76
"1507",-2.10073295690902,-0.676992952036074,76
"1508",-1.73349258842956,-0.676992952036074,76
"1509",-1.36625221995011,-0.819890970866381,76
"1510",-0.999011851470646,-1.10568700852699,76
"1511",-0.631771482991188,-1.39148304618761,76
"1512",-0.26453111451173,-1.82017710267853,76
"1513",0.102709253967729,-1.96307512150883,76
"1514",0.469949622447188,-2.10597314033914,76
"1515",0.837189990926646,-2.24887115916945,76
"1516",1.20443035940611,-2.24887115916945,76
"1517",1.57167072788556,-2.24887115916945,76
"1518",1.93891109636502,-2.24887115916945,76
"1519",2.30615146484448,-2.24887115916945,76
"1520",2.67339183332394,-2.24887115916945,76
"1521",-4.30417516778577,-0.676992952036074,77
"1522",-3.93693479930631,-0.676992952036074,77
"1523",-3.56969443082686,-0.676992952036074,77
"1524",-3.2024540623474,-0.676992952036074,77
"1525",-2.83521369386794,-0.676992952036074,77
"1526",-2.46797332538848,-0.676992952036074,77
"1527",-2.10073295690902,-0.676992952036074,77
"1528",-1.73349258842956,-0.676992952036074,77
"1529",-1.36625221995011,-0.676992952036074,77
"1530",-0.999011851470646,-0.819890970866381,77
"1531",-0.631771482991188,-1.39148304618761,77
"1532",-0.26453111451173,-1.82017710267853,77
"1533",0.102709253967729,-1.96307512150883,77
"1534",0.469949622447188,-1.96307512150883,77
"1535",0.837189990926646,-2.10597314033914,77
"1536",1.20443035940611,-2.10597314033914,77
"1537",1.57167072788556,-2.10597314033914,77
"1538",1.93891109636502,-2.10597314033914,77
"1539",2.30615146484448,-2.10597314033914,77
"1540",2.67339183332394,-2.10597314033914,77
"1541",-4.30417516778577,-0.676992952036074,78
"1542",-3.93693479930631,-0.676992952036074,78
"1543",-3.56969443082686,-0.676992952036074,78
"1544",-3.2024540623474,-0.676992952036074,78
"1545",-2.83521369386794,-0.676992952036074,78
"1546",-2.46797332538848,-0.676992952036074,78
"1547",-2.10073295690902,-0.676992952036074,78
"1548",-1.73349258842956,-0.676992952036074,78
"1549",-1.36625221995011,-0.676992952036074,78
"1550",-0.999011851470646,-0.962788989696687,78
"1551",-0.631771482991188,-1.39148304618761,78
"1552",-0.26453111451173,-1.67727908384822,78
"1553",0.102709253967729,-1.96307512150883,78
"1554",0.469949622447188,-1.96307512150883,78
"1555",0.837189990926646,-2.10597314033914,78
"1556",1.20443035940611,-2.10597314033914,78
"1557",1.57167072788556,-2.10597314033914,78
"1558",1.93891109636502,-2.10597314033914,78
"1559",2.30615146484448,-2.10597314033914,78
"1560",2.67339183332394,-2.10597314033914,78
"1561",-4.30417516778577,-0.676992952036074,79
"1562",-3.93693479930631,-0.676992952036074,79
"1563",-3.56969443082686,-0.676992952036074,79
"1564",-3.2024540623474,-0.676992952036074,79
"1565",-2.83521369386794,-0.676992952036074,79
"1566",-2.46797332538848,-0.676992952036074,79
"1567",-2.10073295690902,-0.676992952036074,79
"1568",-1.73349258842956,-0.676992952036074,79
"1569",-1.36625221995011,-0.676992952036074,79
"1570",-0.999011851470646,-1.10568700852699,79
"1571",-0.631771482991188,-1.39148304618761,79
"1572",-0.26453111451173,-1.67727908384822,79
"1573",0.102709253967729,-1.67727908384822,79
"1574",0.469949622447188,-1.82017710267853,79
"1575",0.837189990926646,-1.82017710267853,79
"1576",1.20443035940611,-1.82017710267853,79
"1577",1.57167072788556,-1.82017710267853,79
"1578",1.93891109636502,-1.82017710267853,79
"1579",2.30615146484448,-1.82017710267853,79
"1580",2.67339183332394,-1.82017710267853,79
"1581",-4.30417516778577,-0.676992952036074,80
"1582",-3.93693479930631,-0.676992952036074,80
"1583",-3.56969443082686,-0.676992952036074,80
"1584",-3.2024540623474,-0.676992952036074,80
"1585",-2.83521369386794,-0.676992952036074,80
"1586",-2.46797332538848,-0.676992952036074,80
"1587",-2.10073295690902,-0.676992952036074,80
"1588",-1.73349258842956,-1.10568700852699,80
"1589",-1.36625221995011,-1.2485850273573,80
"1590",-0.999011851470646,-1.39148304618761,80
"1591",-0.631771482991188,-1.39148304618761,80
"1592",-0.26453111451173,-1.53438106501791,80
"1593",0.102709253967729,-1.67727908384822,80
"1594",0.469949622447188,-1.67727908384822,80
"1595",0.837189990926646,-1.67727908384822,80
"1596",1.20443035940611,-1.67727908384822,80
"1597",1.57167072788556,-1.67727908384822,80
"1598",1.93891109636502,-1.82017710267853,80
"1599",2.30615146484448,-1.82017710267853,80
"1600",2.67339183332394,-1.82017710267853,80
"1601",-4.30417516778577,-0.676992952036074,81
"1602",-3.93693479930631,-0.676992952036074,81
"1603",-3.56969443082686,-0.676992952036074,81
"1604",-3.2024540623474,-0.676992952036074,81
"1605",-2.83521369386794,-0.676992952036074,81
"1606",-2.46797332538848,-0.676992952036074,81
"1607",-2.10073295690902,-0.676992952036074,81
"1608",-1.73349258842956,-0.676992952036074,81
"1609",-1.36625221995011,-0.676992952036074,81
"1610",-0.999011851470646,-0.819890970866381,81
"1611",-0.631771482991188,-1.39148304618761,81
"1612",-0.26453111451173,-1.67727908384822,81
"1613",0.102709253967729,-1.82017710267853,81
"1614",0.469949622447188,-1.96307512150883,81
"1615",0.837189990926646,-1.96307512150883,81
"1616",1.20443035940611,-1.96307512150883,81
"1617",1.57167072788556,-1.96307512150883,81
"1618",1.93891109636502,-2.10597314033914,81
"1619",2.30615146484448,-2.10597314033914,81
"1620",2.67339183332394,-2.10597314033914,81
"1621",-4.30417516778577,-0.676992952036074,82
"1622",-3.93693479930631,-0.676992952036074,82
"1623",-3.56969443082686,-0.676992952036074,82
"1624",-3.2024540623474,-0.676992952036074,82
"1625",-2.83521369386794,-0.676992952036074,82
"1626",-2.46797332538848,-0.676992952036074,82
"1627",-2.10073295690902,-0.676992952036074,82
"1628",-1.73349258842956,-0.676992952036074,82
"1629",-1.36625221995011,-0.962788989696687,82
"1630",-0.999011851470646,-1.2485850273573,82
"1631",-0.631771482991188,-1.39148304618761,82
"1632",-0.26453111451173,-1.53438106501791,82
"1633",0.102709253967729,-1.67727908384822,82
"1634",0.469949622447188,-1.67727908384822,82
"1635",0.837189990926646,-1.82017710267853,82
"1636",1.20443035940611,-1.82017710267853,82
"1637",1.57167072788556,-1.82017710267853,82
"1638",1.93891109636502,-1.82017710267853,82
"1639",2.30615146484448,-1.82017710267853,82
"1640",2.67339183332394,-1.82017710267853,82
"1641",-4.30417516778577,-0.676992952036074,83
"1642",-3.93693479930631,-0.676992952036074,83
"1643",-3.56969443082686,-0.676992952036074,83
"1644",-3.2024540623474,-0.676992952036074,83
"1645",-2.83521369386794,-0.676992952036074,83
"1646",-2.46797332538848,-0.676992952036074,83
"1647",-2.10073295690902,-0.676992952036074,83
"1648",-1.73349258842956,-0.676992952036074,83
"1649",-1.36625221995011,-0.676992952036074,83
"1650",-0.999011851470646,-1.10568700852699,83
"1651",-0.631771482991188,-1.39148304618761,83
"1652",-0.26453111451173,-1.67727908384822,83
"1653",0.102709253967729,-1.96307512150883,83
"1654",0.469949622447188,-2.10597314033914,83
"1655",0.837189990926646,-2.24887115916945,83
"1656",1.20443035940611,-2.24887115916945,83
"1657",1.57167072788556,-2.24887115916945,83
"1658",1.93891109636502,-2.24887115916945,83
"1659",2.30615146484448,-2.24887115916945,83
"1660",2.67339183332394,-2.24887115916945,83
"1661",-4.30417516778577,-0.676992952036074,84
"1662",-3.93693479930631,-0.676992952036074,84
"1663",-3.56969443082686,-0.676992952036074,84
"1664",-3.2024540623474,-0.676992952036074,84
"1665",-2.83521369386794,-0.676992952036074,84
"1666",-2.46797332538848,-0.676992952036074,84
"1667",-2.10073295690902,-0.676992952036074,84
"1668",-1.73349258842956,-0.676992952036074,84
"1669",-1.36625221995011,-0.962788989696687,84
"1670",-0.999011851470646,-1.2485850273573,84
"1671",-0.631771482991188,-1.39148304618761,84
"1672",-0.26453111451173,-1.67727908384822,84
"1673",0.102709253967729,-1.82017710267853,84
"1674",0.469949622447188,-1.96307512150883,84
"1675",0.837189990926646,-2.10597314033914,84
"1676",1.20443035940611,-2.10597314033914,84
"1677",1.57167072788556,-2.10597314033914,84
"1678",1.93891109636502,-2.10597314033914,84
"1679",2.30615146484448,-2.24887115916945,84
"1680",2.67339183332394,-2.24887115916945,84
"1681",-4.30417516778577,-0.676992952036074,85
"1682",-3.93693479930631,-0.676992952036074,85
"1683",-3.56969443082686,-0.676992952036074,85
"1684",-3.2024540623474,-0.676992952036074,85
"1685",-2.83521369386794,-0.676992952036074,85
"1686",-2.46797332538848,-0.676992952036074,85
"1687",-2.10073295690902,-0.676992952036074,85
"1688",-1.73349258842956,-0.676992952036074,85
"1689",-1.36625221995011,-0.676992952036074,85
"1690",-0.999011851470646,-0.962788989696687,85
"1691",-0.631771482991188,-1.39148304618761,85
"1692",-0.26453111451173,-1.82017710267853,85
"1693",0.102709253967729,-2.10597314033914,85
"1694",0.469949622447188,-2.39176917799975,85
"1695",0.837189990926646,-2.39176917799975,85
"1696",1.20443035940611,-2.53466719683006,85
"1697",1.57167072788556,-2.53466719683006,85
"1698",1.93891109636502,-2.53466719683006,85
"1699",2.30615146484448,-2.53466719683006,85
"1700",2.67339183332394,-2.53466719683006,85
"1701",-4.30417516778577,-0.676992952036074,86
"1702",-3.93693479930631,-0.676992952036074,86
"1703",-3.56969443082686,-0.676992952036074,86
"1704",-3.2024540623474,-0.676992952036074,86
"1705",-2.83521369386794,-0.676992952036074,86
"1706",-2.46797332538848,-0.676992952036074,86
"1707",-2.10073295690902,-0.676992952036074,86
"1708",-1.73349258842956,-0.676992952036074,86
"1709",-1.36625221995011,-0.676992952036074,86
"1710",-0.999011851470646,-1.10568700852699,86
"1711",-0.631771482991188,-1.39148304618761,86
"1712",-0.26453111451173,-1.67727908384822,86
"1713",0.102709253967729,-1.82017710267853,86
"1714",0.469949622447188,-1.82017710267853,86
"1715",0.837189990926646,-1.82017710267853,86
"1716",1.20443035940611,-1.82017710267853,86
"1717",1.57167072788556,-1.82017710267853,86
"1718",1.93891109636502,-1.82017710267853,86
"1719",2.30615146484448,-1.82017710267853,86
"1720",2.67339183332394,-1.82017710267853,86
"1721",-4.30417516778577,-0.676992952036074,87
"1722",-3.93693479930631,-0.676992952036074,87
"1723",-3.56969443082686,-0.676992952036074,87
"1724",-3.2024540623474,-0.676992952036074,87
"1725",-2.83521369386794,-0.676992952036074,87
"1726",-2.46797332538848,-0.676992952036074,87
"1727",-2.10073295690902,-0.676992952036074,87
"1728",-1.73349258842956,-0.676992952036074,87
"1729",-1.36625221995011,-0.676992952036074,87
"1730",-0.999011851470646,-1.2485850273573,87
"1731",-0.631771482991188,-1.39148304618761,87
"1732",-0.26453111451173,-1.53438106501791,87
"1733",0.102709253967729,-1.67727908384822,87
"1734",0.469949622447188,-1.67727908384822,87
"1735",0.837189990926646,-1.82017710267853,87
"1736",1.20443035940611,-1.82017710267853,87
"1737",1.57167072788556,-1.82017710267853,87
"1738",1.93891109636502,-1.82017710267853,87
"1739",2.30615146484448,-1.96307512150883,87
"1740",2.67339183332394,-1.96307512150883,87
"1741",-4.30417516778577,-0.676992952036074,88
"1742",-3.93693479930631,-0.676992952036074,88
"1743",-3.56969443082686,-0.676992952036074,88
"1744",-3.2024540623474,-0.676992952036074,88
"1745",-2.83521369386794,-0.676992952036074,88
"1746",-2.46797332538848,-0.676992952036074,88
"1747",-2.10073295690902,-0.676992952036074,88
"1748",-1.73349258842956,-0.676992952036074,88
"1749",-1.36625221995011,-0.676992952036074,88
"1750",-0.999011851470646,-0.962788989696687,88
"1751",-0.631771482991188,-1.39148304618761,88
"1752",-0.26453111451173,-1.67727908384822,88
"1753",0.102709253967729,-1.96307512150883,88
"1754",0.469949622447188,-2.10597314033914,88
"1755",0.837189990926646,-2.24887115916945,88
"1756",1.20443035940611,-2.24887115916945,88
"1757",1.57167072788556,-2.39176917799975,88
"1758",1.93891109636502,-2.39176917799975,88
"1759",2.30615146484448,-2.39176917799975,88
"1760",2.67339183332394,-2.39176917799975,88
"1761",-4.30417516778577,-0.676992952036074,89
"1762",-3.93693479930631,-0.676992952036074,89
"1763",-3.56969443082686,-0.676992952036074,89
"1764",-3.2024540623474,-0.676992952036074,89
"1765",-2.83521369386794,-0.676992952036074,89
"1766",-2.46797332538848,-0.676992952036074,89
"1767",-2.10073295690902,-0.676992952036074,89
"1768",-1.73349258842956,-0.676992952036074,89
"1769",-1.36625221995011,-0.676992952036074,89
"1770",-0.999011851470646,-0.962788989696687,89
"1771",-0.631771482991188,-1.39148304618761,89
"1772",-0.26453111451173,-1.67727908384822,89
"1773",0.102709253967729,-1.82017710267853,89
"1774",0.469949622447188,-1.96307512150883,89
"1775",0.837189990926646,-1.96307512150883,89
"1776",1.20443035940611,-2.10597314033914,89
"1777",1.57167072788556,-2.10597314033914,89
"1778",1.93891109636502,-2.10597314033914,89
"1779",2.30615146484448,-2.10597314033914,89
"1780",2.67339183332394,-2.10597314033914,89
"1781",-4.30417516778577,-0.676992952036074,90
"1782",-3.93693479930631,-0.676992952036074,90
"1783",-3.56969443082686,-0.676992952036074,90
"1784",-3.2024540623474,-0.676992952036074,90
"1785",-2.83521369386794,-0.676992952036074,90
"1786",-2.46797332538848,-0.676992952036074,90
"1787",-2.10073295690902,-0.676992952036074,90
"1788",-1.73349258842956,-0.676992952036074,90
"1789",-1.36625221995011,-0.676992952036074,90
"1790",-0.999011851470646,-1.10568700852699,90
"1791",-0.631771482991188,-1.39148304618761,90
"1792",-0.26453111451173,-1.67727908384822,90
"1793",0.102709253967729,-1.82017710267853,90
"1794",0.469949622447188,-1.96307512150883,90
"1795",0.837189990926646,-1.96307512150883,90
"1796",1.20443035940611,-2.10597314033914,90
"1797",1.57167072788556,-2.10597314033914,90
"1798",1.93891109636502,-2.10597314033914,90
"1799",2.30615146484448,-2.10597314033914,90
"1800",2.67339183332394,-2.10597314033914,90
"1801",-4.30417516778577,-0.676992952036074,91
"1802",-3.93693479930631,-0.676992952036074,91
"1803",-3.56969443082686,-0.676992952036074,91
"1804",-3.2024540623474,-0.676992952036074,91
"1805",-2.83521369386794,-0.676992952036074,91
"1806",-2.46797332538848,-0.676992952036074,91
"1807",-2.10073295690902,-0.676992952036074,91
"1808",-1.73349258842956,-0.676992952036074,91
"1809",-1.36625221995011,-0.676992952036074,91
"1810",-0.999011851470646,-1.10568700852699,91
"1811",-0.631771482991188,-1.39148304618761,91
"1812",-0.26453111451173,-1.67727908384822,91
"1813",0.102709253967729,-1.82017710267853,91
"1814",0.469949622447188,-1.82017710267853,91
"1815",0.837189990926646,-1.82017710267853,91
"1816",1.20443035940611,-1.96307512150883,91
"1817",1.57167072788556,-1.96307512150883,91
"1818",1.93891109636502,-1.96307512150883,91
"1819",2.30615146484448,-1.96307512150883,91
"1820",2.67339183332394,-1.96307512150883,91
"1821",-4.30417516778577,-0.676992952036074,92
"1822",-3.93693479930631,-0.676992952036074,92
"1823",-3.56969443082686,-0.676992952036074,92
"1824",-3.2024540623474,-0.676992952036074,92
"1825",-2.83521369386794,-0.676992952036074,92
"1826",-2.46797332538848,-0.676992952036074,92
"1827",-2.10073295690902,-0.676992952036074,92
"1828",-1.73349258842956,-0.676992952036074,92
"1829",-1.36625221995011,-0.676992952036074,92
"1830",-0.999011851470646,-0.962788989696687,92
"1831",-0.631771482991188,-1.39148304618761,92
"1832",-0.26453111451173,-1.82017710267853,92
"1833",0.102709253967729,-2.10597314033914,92
"1834",0.469949622447188,-2.39176917799975,92
"1835",0.837189990926646,-2.67756521566036,92
"1836",1.20443035940611,-2.96336125332098,92
"1837",1.57167072788556,-2.96336125332098,92
"1838",1.93891109636502,-2.96336125332098,92
"1839",2.30615146484448,-3.10625927215128,92
"1840",2.67339183332394,-3.10625927215128,92
"1841",-4.30417516778577,-0.676992952036074,93
"1842",-3.93693479930631,-0.676992952036074,93
"1843",-3.56969443082686,-0.676992952036074,93
"1844",-3.2024540623474,-0.676992952036074,93
"1845",-2.83521369386794,-0.676992952036074,93
"1846",-2.46797332538848,-0.676992952036074,93
"1847",-2.10073295690902,-0.676992952036074,93
"1848",-1.73349258842956,-0.676992952036074,93
"1849",-1.36625221995011,-0.676992952036074,93
"1850",-0.999011851470646,-1.10568700852699,93
"1851",-0.631771482991188,-1.39148304618761,93
"1852",-0.26453111451173,-1.53438106501791,93
"1853",0.102709253967729,-1.67727908384822,93
"1854",0.469949622447188,-1.67727908384822,93
"1855",0.837189990926646,-1.67727908384822,93
"1856",1.20443035940611,-1.67727908384822,93
"1857",1.57167072788556,-1.67727908384822,93
"1858",1.93891109636502,-1.82017710267853,93
"1859",2.30615146484448,-1.82017710267853,93
"1860",2.67339183332394,-1.82017710267853,93
"1861",-4.30417516778577,-0.676992952036074,94
"1862",-3.93693479930631,-0.676992952036074,94
"1863",-3.56969443082686,-0.676992952036074,94
"1864",-3.2024540623474,-0.676992952036074,94
"1865",-2.83521369386794,-0.676992952036074,94
"1866",-2.46797332538848,-0.676992952036074,94
"1867",-2.10073295690902,-0.676992952036074,94
"1868",-1.73349258842956,-0.676992952036074,94
"1869",-1.36625221995011,-0.962788989696687,94
"1870",-0.999011851470646,-1.2485850273573,94
"1871",-0.631771482991188,-1.39148304618761,94
"1872",-0.26453111451173,-1.67727908384822,94
"1873",0.102709253967729,-1.82017710267853,94
"1874",0.469949622447188,-1.96307512150883,94
"1875",0.837189990926646,-1.96307512150883,94
"1876",1.20443035940611,-2.10597314033914,94
"1877",1.57167072788556,-2.10597314033914,94
"1878",1.93891109636502,-2.10597314033914,94
"1879",2.30615146484448,-2.10597314033914,94
"1880",2.67339183332394,-2.10597314033914,94
"1881",-4.30417516778577,-0.676992952036074,95
"1882",-3.93693479930631,-0.676992952036074,95
"1883",-3.56969443082686,-0.676992952036074,95
"1884",-3.2024540623474,-0.676992952036074,95
"1885",-2.83521369386794,-0.676992952036074,95
"1886",-2.46797332538848,-0.676992952036074,95
"1887",-2.10073295690902,-0.676992952036074,95
"1888",-1.73349258842956,-0.676992952036074,95
"1889",-1.36625221995011,-0.819890970866381,95
"1890",-0.999011851470646,-1.2485850273573,95
"1891",-0.631771482991188,-1.39148304618761,95
"1892",-0.26453111451173,-1.67727908384822,95
"1893",0.102709253967729,-1.82017710267853,95
"1894",0.469949622447188,-1.96307512150883,95
"1895",0.837189990926646,-2.10597314033914,95
"1896",1.20443035940611,-2.10597314033914,95
"1897",1.57167072788556,-2.24887115916945,95
"1898",1.93891109636502,-2.24887115916945,95
"1899",2.30615146484448,-2.24887115916945,95
"1900",2.67339183332394,-2.39176917799975,95
"1901",-4.30417516778577,-0.676992952036074,96
"1902",-3.93693479930631,-0.676992952036074,96
"1903",-3.56969443082686,-0.676992952036074,96
"1904",-3.2024540623474,-0.676992952036074,96
"1905",-2.83521369386794,-0.676992952036074,96
"1906",-2.46797332538848,-0.676992952036074,96
"1907",-2.10073295690902,-0.676992952036074,96
"1908",-1.73349258842956,-0.676992952036074,96
"1909",-1.36625221995011,-0.676992952036074,96
"1910",-0.999011851470646,-1.2485850273573,96
"1911",-0.631771482991188,-1.39148304618761,96
"1912",-0.26453111451173,-1.53438106501791,96
"1913",0.102709253967729,-1.53438106501791,96
"1914",0.469949622447188,-1.67727908384822,96
"1915",0.837189990926646,-1.67727908384822,96
"1916",1.20443035940611,-1.67727908384822,96
"1917",1.57167072788556,-1.67727908384822,96
"1918",1.93891109636502,-1.67727908384822,96
"1919",2.30615146484448,-1.67727908384822,96
"1920",2.67339183332394,-1.67727908384822,96
"1921",-4.30417516778577,-0.676992952036074,97
"1922",-3.93693479930631,-0.676992952036074,97
"1923",-3.56969443082686,-0.676992952036074,97
"1924",-3.2024540623474,-0.676992952036074,97
"1925",-2.83521369386794,-0.676992952036074,97
"1926",-2.46797332538848,-0.676992952036074,97
"1927",-2.10073295690902,-0.676992952036074,97
"1928",-1.73349258842956,-0.676992952036074,97
"1929",-1.36625221995011,-0.676992952036074,97
"1930",-0.999011851470646,-0.819890970866381,97
"1931",-0.631771482991188,-1.39148304618761,97
"1932",-0.26453111451173,-1.67727908384822,97
"1933",0.102709253967729,-1.96307512150883,97
"1934",0.469949622447188,-2.10597314033914,97
"1935",0.837189990926646,-2.24887115916945,97
"1936",1.20443035940611,-2.24887115916945,97
"1937",1.57167072788556,-2.24887115916945,97
"1938",1.93891109636502,-2.24887115916945,97
"1939",2.30615146484448,-2.24887115916945,97
"1940",2.67339183332394,-2.24887115916945,97
"1941",-4.30417516778577,-0.676992952036074,98
"1942",-3.93693479930631,-0.676992952036074,98
"1943",-3.56969443082686,-0.676992952036074,98
"1944",-3.2024540623474,-0.676992952036074,98
"1945",-2.83521369386794,-0.676992952036074,98
"1946",-2.46797332538848,-0.676992952036074,98
"1947",-2.10073295690902,-0.676992952036074,98
"1948",-1.73349258842956,-0.676992952036074,98
"1949",-1.36625221995011,-0.676992952036074,98
"1950",-0.999011851470646,-1.10568700852699,98
"1951",-0.631771482991188,-1.39148304618761,98
"1952",-0.26453111451173,-1.67727908384822,98
"1953",0.102709253967729,-1.82017710267853,98
"1954",0.469949622447188,-1.82017710267853,98
"1955",0.837189990926646,-1.82017710267853,98
"1956",1.20443035940611,-1.96307512150883,98
"1957",1.57167072788556,-1.96307512150883,98
"1958",1.93891109636502,-1.96307512150883,98
"1959",2.30615146484448,-1.96307512150883,98
"1960",2.67339183332394,-1.96307512150883,98
"1961",-4.30417516778577,-0.676992952036074,99
"1962",-3.93693479930631,-0.676992952036074,99
"1963",-3.56969443082686,-0.676992952036074,99
"1964",-3.2024540623474,-0.676992952036074,99
"1965",-2.83521369386794,-0.676992952036074,99
"1966",-2.46797332538848,-0.676992952036074,99
"1967",-2.10073295690902,-0.676992952036074,99
"1968",-1.73349258842956,-0.676992952036074,99
"1969",-1.36625221995011,-0.819890970866381,99
"1970",-0.999011851470646,-1.10568700852699,99
"1971",-0.631771482991188,-1.39148304618761,99
"1972",-0.26453111451173,-1.96307512150883,99
"1973",0.102709253967729,-2.53466719683006,99
"1974",0.469949622447188,-2.82046323449067,99
"1975",0.837189990926646,-2.96336125332098,99
"1976",1.20443035940611,-2.96336125332098,99
"1977",1.57167072788556,-2.96336125332098,99
"1978",1.93891109636502,-2.96336125332098,99
"1979",2.30615146484448,-2.96336125332098,99
"1980",2.67339183332394,-2.96336125332098,99
"1981",-4.30417516778577,-0.676992952036074,100
"1982",-3.93693479930631,-0.676992952036074,100
"1983",-3.56969443082686,-0.676992952036074,100
"1984",-3.2024540623474,-0.676992952036074,100
"1985",-2.83521369386794,-0.676992952036074,100
"1986",-2.46797332538848,-0.676992952036074,100
"1987",-2.10073295690902,-0.676992952036074,100
"1988",-1.73349258842956,-0.676992952036074,100
"1989",-1.36625221995011,-0.819890970866381,100
"1990",-0.999011851470646,-1.2485850273573,100
"1991",-0.631771482991188,-1.39148304618761,100
"1992",-0.26453111451173,-1.67727908384822,100
"1993",0.102709253967729,-1.96307512150883,100
"1994",0.469949622447188,-2.10597314033914,100
"1995",0.837189990926646,-2.10597314033914,100
"1996",1.20443035940611,-2.10597314033914,100
"1997",1.57167072788556,-2.10597314033914,100
"1998",1.93891109636502,-2.24887115916945,100
"1999",2.30615146484448,-2.24887115916945,100
"2000",2.67339183332394,-2.24887115916945,100
