"","x","y","sample"
"1",-6.20463664467195,1.41617111207973,1
"2",-5.75717520892135,1.41617111207973,1
"3",-5.30971377317074,1.41617111207973,1
"4",-4.86225233742014,-0.488590792682174,1
"5",-4.41479090166954,-1.20287650696789,1
"6",-3.96732946591894,-1.44097174506313,1
"7",-3.51986803016834,-1.44097174506313,1
"8",-3.07240659441774,-1.44097174506313,1
"9",-2.62494515866714,-1.67906698315836,1
"10",-2.17748372291654,-3.34573364982503,1
"11",-1.73002228716594,-3.34573364982503,1
"12",-1.28256085141534,-3.34573364982503,1
"13",-0.835099415664737,-3.34573364982503,1
"14",-0.387637979914136,-3.34573364982503,1
"15",0.0598234558364643,-3.34573364982503,1
"16",0.507284891587065,-3.34573364982503,1
"17",0.954746327337666,-3.34573364982503,1
"18",1.40220776308827,-3.34573364982503,1
"19",1.84966919883887,-3.34573364982503,1
"20",2.29713063458947,-3.34573364982503,1
"21",-6.20463664467195,-0.250495554586935,2
"22",-5.75717520892135,-0.488590792682174,2
"23",-5.30971377317074,-0.726686030777411,2
"24",-4.86225233742014,-0.964781268872649,2
"25",-4.41479090166954,-1.20287650696789,2
"26",-3.96732946591894,-1.20287650696789,2
"27",-3.51986803016834,-1.44097174506313,2
"28",-3.07240659441774,-1.67906698315836,2
"29",-2.62494515866714,-1.67906698315836,2
"30",-2.17748372291654,-2.15525745934884,2
"31",-1.73002228716594,-3.34573364982503,2
"32",-1.28256085141534,-3.34573364982503,2
"33",-0.835099415664737,-3.34573364982503,2
"34",-0.387637979914136,-3.34573364982503,2
"35",0.0598234558364643,-3.34573364982503,2
"36",0.507284891587065,-3.34573364982503,2
"37",0.954746327337666,-3.34573364982503,2
"38",1.40220776308827,-3.34573364982503,2
"39",1.84966919883887,-3.34573364982503,2
"40",2.29713063458947,-3.34573364982503,2
"41",-6.20463664467195,0.225694921603541,3
"42",-5.75717520892135,-0.250495554586935,3
"43",-5.30971377317074,-0.726686030777411,3
"44",-4.86225233742014,-0.964781268872649,3
"45",-4.41479090166954,-1.20287650696789,3
"46",-3.96732946591894,-1.20287650696789,3
"47",-3.51986803016834,-1.44097174506313,3
"48",-3.07240659441774,-1.67906698315836,3
"49",-2.62494515866714,-2.39335269744408,3
"50",-2.17748372291654,-3.34573364982503,3
"51",-1.73002228716594,-3.34573364982503,3
"52",-1.28256085141534,-3.34573364982503,3
"53",-0.835099415664737,-3.34573364982503,3
"54",-0.387637979914136,-3.34573364982503,3
"55",0.0598234558364643,-3.34573364982503,3
"56",0.507284891587065,-3.34573364982503,3
"57",0.954746327337666,-3.34573364982503,3
"58",1.40220776308827,-3.34573364982503,3
"59",1.84966919883887,-3.34573364982503,3
"60",2.29713063458947,-3.34573364982503,3
"61",-6.20463664467195,1.41617111207973,4
"62",-5.75717520892135,1.41617111207973,4
"63",-5.30971377317074,-0.250495554586935,4
"64",-4.86225233742014,-0.964781268872649,4
"65",-4.41479090166954,-1.20287650696789,4
"66",-3.96732946591894,-1.20287650696789,4
"67",-3.51986803016834,-1.44097174506313,4
"68",-3.07240659441774,-1.67906698315836,4
"69",-2.62494515866714,-1.67906698315836,4
"70",-2.17748372291654,-1.67906698315836,4
"71",-1.73002228716594,-1.9171622212536,4
"72",-1.28256085141534,-2.39335269744408,4
"73",-0.835099415664737,-3.10763841172979,4
"74",-0.387637979914136,-3.34573364982503,4
"75",0.0598234558364643,-3.34573364982503,4
"76",0.507284891587065,-3.34573364982503,4
"77",0.954746327337666,-3.34573364982503,4
"78",1.40220776308827,-3.34573364982503,4
"79",1.84966919883887,-3.34573364982503,4
"80",2.29713063458947,-3.34573364982503,4
"81",-6.20463664467195,-1.20287650696789,5
"82",-5.75717520892135,-1.20287650696789,5
"83",-5.30971377317074,-1.20287650696789,5
"84",-4.86225233742014,-1.20287650696789,5
"85",-4.41479090166954,-1.20287650696789,5
"86",-3.96732946591894,-1.20287650696789,5
"87",-3.51986803016834,-1.20287650696789,5
"88",-3.07240659441774,-3.10763841172979,5
"89",-2.62494515866714,-3.34573364982503,5
"90",-2.17748372291654,-3.34573364982503,5
"91",-1.73002228716594,-3.34573364982503,5
"92",-1.28256085141534,-3.34573364982503,5
"93",-0.835099415664737,-3.34573364982503,5
"94",-0.387637979914136,-3.34573364982503,5
"95",0.0598234558364643,-3.34573364982503,5
"96",0.507284891587065,-3.34573364982503,5
"97",0.954746327337666,-3.34573364982503,5
"98",1.40220776308827,-3.34573364982503,5
"99",1.84966919883887,-3.34573364982503,5
"100",2.29713063458947,-3.34573364982503,5
"101",-6.20463664467195,1.41617111207973,6
"102",-5.75717520892135,1.41617111207973,6
"103",-5.30971377317074,1.41617111207973,6
"104",-4.86225233742014,1.41617111207973,6
"105",-4.41479090166954,1.41617111207973,6
"106",-3.96732946591894,-3.10763841172979,6
"107",-3.51986803016834,-3.34573364982503,6
"108",-3.07240659441774,-3.34573364982503,6
"109",-2.62494515866714,-3.34573364982503,6
"110",-2.17748372291654,-3.34573364982503,6
"111",-1.73002228716594,-3.34573364982503,6
"112",-1.28256085141534,-3.34573364982503,6
"113",-0.835099415664737,-3.34573364982503,6
"114",-0.387637979914136,-3.34573364982503,6
"115",0.0598234558364643,-3.34573364982503,6
"116",0.507284891587065,-3.34573364982503,6
"117",0.954746327337666,-3.34573364982503,6
"118",1.40220776308827,-3.34573364982503,6
"119",1.84966919883887,-3.34573364982503,6
"120",2.29713063458947,-3.34573364982503,6
"121",-6.20463664467195,-1.20287650696789,7
"122",-5.75717520892135,-1.20287650696789,7
"123",-5.30971377317074,-1.20287650696789,7
"124",-4.86225233742014,-1.20287650696789,7
"125",-4.41479090166954,-1.20287650696789,7
"126",-3.96732946591894,-1.20287650696789,7
"127",-3.51986803016834,-1.20287650696789,7
"128",-3.07240659441774,-1.20287650696789,7
"129",-2.62494515866714,-1.20287650696789,7
"130",-2.17748372291654,-1.20287650696789,7
"131",-1.73002228716594,-1.44097174506313,7
"132",-1.28256085141534,-3.34573364982503,7
"133",-0.835099415664737,-3.34573364982503,7
"134",-0.387637979914136,-3.34573364982503,7
"135",0.0598234558364643,-3.34573364982503,7
"136",0.507284891587065,-3.34573364982503,7
"137",0.954746327337666,-3.34573364982503,7
"138",1.40220776308827,-3.34573364982503,7
"139",1.84966919883887,-3.34573364982503,7
"140",2.29713063458947,-3.34573364982503,7
"141",-6.20463664467195,-0.726686030777411,8
"142",-5.75717520892135,-0.964781268872649,8
"143",-5.30971377317074,-0.964781268872649,8
"144",-4.86225233742014,-1.20287650696789,8
"145",-4.41479090166954,-1.20287650696789,8
"146",-3.96732946591894,-1.20287650696789,8
"147",-3.51986803016834,-1.20287650696789,8
"148",-3.07240659441774,-1.44097174506313,8
"149",-2.62494515866714,-3.34573364982503,8
"150",-2.17748372291654,-3.34573364982503,8
"151",-1.73002228716594,-3.34573364982503,8
"152",-1.28256085141534,-3.34573364982503,8
"153",-0.835099415664737,-3.34573364982503,8
"154",-0.387637979914136,-3.34573364982503,8
"155",0.0598234558364643,-3.34573364982503,8
"156",0.507284891587065,-3.34573364982503,8
"157",0.954746327337666,-3.34573364982503,8
"158",1.40220776308827,-3.34573364982503,8
"159",1.84966919883887,-3.34573364982503,8
"160",2.29713063458947,-3.34573364982503,8
"161",-6.20463664467195,1.41617111207973,9
"162",-5.75717520892135,1.41617111207973,9
"163",-5.30971377317074,1.41617111207973,9
"164",-4.86225233742014,1.41617111207973,9
"165",-4.41479090166954,1.41617111207973,9
"166",-3.96732946591894,-1.67906698315836,9
"167",-3.51986803016834,-1.9171622212536,9
"168",-3.07240659441774,-1.9171622212536,9
"169",-2.62494515866714,-1.9171622212536,9
"170",-2.17748372291654,-2.15525745934884,9
"171",-1.73002228716594,-2.39335269744408,9
"172",-1.28256085141534,-3.34573364982503,9
"173",-0.835099415664737,-3.34573364982503,9
"174",-0.387637979914136,-3.34573364982503,9
"175",0.0598234558364643,-3.34573364982503,9
"176",0.507284891587065,-3.34573364982503,9
"177",0.954746327337666,-3.34573364982503,9
"178",1.40220776308827,-3.34573364982503,9
"179",1.84966919883887,-3.34573364982503,9
"180",2.29713063458947,-3.34573364982503,9
"181",-6.20463664467195,-0.964781268872649,10
"182",-5.75717520892135,-0.964781268872649,10
"183",-5.30971377317074,-1.20287650696789,10
"184",-4.86225233742014,-1.20287650696789,10
"185",-4.41479090166954,-1.20287650696789,10
"186",-3.96732946591894,-1.20287650696789,10
"187",-3.51986803016834,-1.20287650696789,10
"188",-3.07240659441774,-3.34573364982503,10
"189",-2.62494515866714,-3.34573364982503,10
"190",-2.17748372291654,-3.34573364982503,10
"191",-1.73002228716594,-3.34573364982503,10
"192",-1.28256085141534,-3.34573364982503,10
"193",-0.835099415664737,-3.34573364982503,10
"194",-0.387637979914136,-3.34573364982503,10
"195",0.0598234558364643,-3.34573364982503,10
"196",0.507284891587065,-3.34573364982503,10
"197",0.954746327337666,-3.34573364982503,10
"198",1.40220776308827,-3.34573364982503,10
"199",1.84966919883887,-3.34573364982503,10
"200",2.29713063458947,-3.34573364982503,10
"201",-6.20463664467195,-0.726686030777411,11
"202",-5.75717520892135,-0.964781268872649,11
"203",-5.30971377317074,-0.964781268872649,11
"204",-4.86225233742014,-1.20287650696789,11
"205",-4.41479090166954,-1.20287650696789,11
"206",-3.96732946591894,-1.20287650696789,11
"207",-3.51986803016834,-1.44097174506313,11
"208",-3.07240659441774,-1.44097174506313,11
"209",-2.62494515866714,-1.67906698315836,11
"210",-2.17748372291654,-1.67906698315836,11
"211",-1.73002228716594,-1.9171622212536,11
"212",-1.28256085141534,-2.15525745934884,11
"213",-0.835099415664737,-2.63144793553932,11
"214",-0.387637979914136,-3.10763841172979,11
"215",0.0598234558364643,-3.34573364982503,11
"216",0.507284891587065,-3.34573364982503,11
"217",0.954746327337666,-3.34573364982503,11
"218",1.40220776308827,-3.34573364982503,11
"219",1.84966919883887,-3.34573364982503,11
"220",2.29713063458947,-3.34573364982503,11
"221",-6.20463664467195,-0.726686030777411,12
"222",-5.75717520892135,-0.964781268872649,12
"223",-5.30971377317074,-0.964781268872649,12
"224",-4.86225233742014,-1.20287650696789,12
"225",-4.41479090166954,-1.20287650696789,12
"226",-3.96732946591894,-1.20287650696789,12
"227",-3.51986803016834,-1.44097174506313,12
"228",-3.07240659441774,-1.44097174506313,12
"229",-2.62494515866714,-3.34573364982503,12
"230",-2.17748372291654,-3.34573364982503,12
"231",-1.73002228716594,-3.34573364982503,12
"232",-1.28256085141534,-3.34573364982503,12
"233",-0.835099415664737,-3.34573364982503,12
"234",-0.387637979914136,-3.34573364982503,12
"235",0.0598234558364643,-3.34573364982503,12
"236",0.507284891587065,-3.34573364982503,12
"237",0.954746327337666,-3.34573364982503,12
"238",1.40220776308827,-3.34573364982503,12
"239",1.84966919883887,-3.34573364982503,12
"240",2.29713063458947,-3.34573364982503,12
"241",-6.20463664467195,-0.964781268872649,13
"242",-5.75717520892135,-0.964781268872649,13
"243",-5.30971377317074,-1.20287650696789,13
"244",-4.86225233742014,-1.20287650696789,13
"245",-4.41479090166954,-1.20287650696789,13
"246",-3.96732946591894,-1.20287650696789,13
"247",-3.51986803016834,-1.20287650696789,13
"248",-3.07240659441774,-1.44097174506313,13
"249",-2.62494515866714,-1.44097174506313,13
"250",-2.17748372291654,-1.44097174506313,13
"251",-1.73002228716594,-1.44097174506313,13
"252",-1.28256085141534,-2.39335269744408,13
"253",-0.835099415664737,-3.10763841172979,13
"254",-0.387637979914136,-3.34573364982503,13
"255",0.0598234558364643,-3.34573364982503,13
"256",0.507284891587065,-3.34573364982503,13
"257",0.954746327337666,-3.34573364982503,13
"258",1.40220776308827,-3.34573364982503,13
"259",1.84966919883887,-3.34573364982503,13
"260",2.29713063458947,-3.34573364982503,13
"261",-6.20463664467195,-0.964781268872649,14
"262",-5.75717520892135,-0.964781268872649,14
"263",-5.30971377317074,-0.964781268872649,14
"264",-4.86225233742014,-0.964781268872649,14
"265",-4.41479090166954,-1.20287650696789,14
"266",-3.96732946591894,-2.63144793553932,14
"267",-3.51986803016834,-3.10763841172979,14
"268",-3.07240659441774,-3.34573364982503,14
"269",-2.62494515866714,-3.34573364982503,14
"270",-2.17748372291654,-3.34573364982503,14
"271",-1.73002228716594,-3.34573364982503,14
"272",-1.28256085141534,-3.34573364982503,14
"273",-0.835099415664737,-3.34573364982503,14
"274",-0.387637979914136,-3.34573364982503,14
"275",0.0598234558364643,-3.34573364982503,14
"276",0.507284891587065,-3.34573364982503,14
"277",0.954746327337666,-3.34573364982503,14
"278",1.40220776308827,-3.34573364982503,14
"279",1.84966919883887,-3.34573364982503,14
"280",2.29713063458947,-3.34573364982503,14
"281",-6.20463664467195,1.41617111207973,15
"282",-5.75717520892135,1.41617111207973,15
"283",-5.30971377317074,1.41617111207973,15
"284",-4.86225233742014,1.41617111207973,15
"285",-4.41479090166954,-0.964781268872649,15
"286",-3.96732946591894,-1.44097174506313,15
"287",-3.51986803016834,-1.67906698315836,15
"288",-3.07240659441774,-1.67906698315836,15
"289",-2.62494515866714,-1.67906698315836,15
"290",-2.17748372291654,-1.9171622212536,15
"291",-1.73002228716594,-2.39335269744408,15
"292",-1.28256085141534,-3.34573364982503,15
"293",-0.835099415664737,-3.34573364982503,15
"294",-0.387637979914136,-3.34573364982503,15
"295",0.0598234558364643,-3.34573364982503,15
"296",0.507284891587065,-3.34573364982503,15
"297",0.954746327337666,-3.34573364982503,15
"298",1.40220776308827,-3.34573364982503,15
"299",1.84966919883887,-3.34573364982503,15
"300",2.29713063458947,-3.34573364982503,15
"301",-6.20463664467195,-0.0124003164916973,16
"302",-5.75717520892135,-0.0124003164916973,16
"303",-5.30971377317074,-0.250495554586935,16
"304",-4.86225233742014,-0.250495554586935,16
"305",-4.41479090166954,-0.250495554586935,16
"306",-3.96732946591894,-3.34573364982503,16
"307",-3.51986803016834,-3.34573364982503,16
"308",-3.07240659441774,-3.34573364982503,16
"309",-2.62494515866714,-3.34573364982503,16
"310",-2.17748372291654,-3.34573364982503,16
"311",-1.73002228716594,-3.34573364982503,16
"312",-1.28256085141534,-3.34573364982503,16
"313",-0.835099415664737,-3.34573364982503,16
"314",-0.387637979914136,-3.34573364982503,16
"315",0.0598234558364643,-3.34573364982503,16
"316",0.507284891587065,-3.34573364982503,16
"317",0.954746327337666,-3.34573364982503,16
"318",1.40220776308827,-3.34573364982503,16
"319",1.84966919883887,-3.34573364982503,16
"320",2.29713063458947,-3.34573364982503,16
"321",-6.20463664467195,1.41617111207973,17
"322",-5.75717520892135,1.41617111207973,17
"323",-5.30971377317074,1.41617111207973,17
"324",-4.86225233742014,-0.488590792682174,17
"325",-4.41479090166954,-0.964781268872649,17
"326",-3.96732946591894,-1.44097174506313,17
"327",-3.51986803016834,-1.67906698315836,17
"328",-3.07240659441774,-1.67906698315836,17
"329",-2.62494515866714,-1.9171622212536,17
"330",-2.17748372291654,-1.9171622212536,17
"331",-1.73002228716594,-2.15525745934884,17
"332",-1.28256085141534,-2.39335269744408,17
"333",-0.835099415664737,-2.63144793553932,17
"334",-0.387637979914136,-2.86954317363455,17
"335",0.0598234558364643,-2.86954317363455,17
"336",0.507284891587065,-2.86954317363455,17
"337",0.954746327337666,-2.86954317363455,17
"338",1.40220776308827,-2.86954317363455,17
"339",1.84966919883887,-2.86954317363455,17
"340",2.29713063458947,-2.86954317363455,17
"341",-6.20463664467195,-1.20287650696789,18
"342",-5.75717520892135,-1.20287650696789,18
"343",-5.30971377317074,-1.20287650696789,18
"344",-4.86225233742014,-1.20287650696789,18
"345",-4.41479090166954,-1.20287650696789,18
"346",-3.96732946591894,-1.20287650696789,18
"347",-3.51986803016834,-1.20287650696789,18
"348",-3.07240659441774,-1.20287650696789,18
"349",-2.62494515866714,-1.20287650696789,18
"350",-2.17748372291654,-1.20287650696789,18
"351",-1.73002228716594,-1.20287650696789,18
"352",-1.28256085141534,-3.34573364982503,18
"353",-0.835099415664737,-3.34573364982503,18
"354",-0.387637979914136,-3.34573364982503,18
"355",0.0598234558364643,-3.34573364982503,18
"356",0.507284891587065,-3.34573364982503,18
"357",0.954746327337666,-3.34573364982503,18
"358",1.40220776308827,-3.34573364982503,18
"359",1.84966919883887,-3.34573364982503,18
"360",2.29713063458947,-3.34573364982503,18
"361",-6.20463664467195,-0.964781268872649,19
"362",-5.75717520892135,-0.964781268872649,19
"363",-5.30971377317074,-0.964781268872649,19
"364",-4.86225233742014,-1.20287650696789,19
"365",-4.41479090166954,-1.20287650696789,19
"366",-3.96732946591894,-1.9171622212536,19
"367",-3.51986803016834,-2.15525745934884,19
"368",-3.07240659441774,-2.15525745934884,19
"369",-2.62494515866714,-2.39335269744408,19
"370",-2.17748372291654,-3.34573364982503,19
"371",-1.73002228716594,-3.34573364982503,19
"372",-1.28256085141534,-3.34573364982503,19
"373",-0.835099415664737,-3.34573364982503,19
"374",-0.387637979914136,-3.34573364982503,19
"375",0.0598234558364643,-3.34573364982503,19
"376",0.507284891587065,-3.34573364982503,19
"377",0.954746327337666,-3.34573364982503,19
"378",1.40220776308827,-3.34573364982503,19
"379",1.84966919883887,-3.34573364982503,19
"380",2.29713063458947,-3.34573364982503,19
"381",-6.20463664467195,1.41617111207973,20
"382",-5.75717520892135,1.41617111207973,20
"383",-5.30971377317074,1.41617111207973,20
"384",-4.86225233742014,1.41617111207973,20
"385",-4.41479090166954,1.41617111207973,20
"386",-3.96732946591894,-1.67906698315836,20
"387",-3.51986803016834,-1.67906698315836,20
"388",-3.07240659441774,-1.9171622212536,20
"389",-2.62494515866714,-1.9171622212536,20
"390",-2.17748372291654,-1.9171622212536,20
"391",-1.73002228716594,-1.9171622212536,20
"392",-1.28256085141534,-2.15525745934884,20
"393",-0.835099415664737,-3.34573364982503,20
"394",-0.387637979914136,-3.34573364982503,20
"395",0.0598234558364643,-3.34573364982503,20
"396",0.507284891587065,-3.34573364982503,20
"397",0.954746327337666,-3.34573364982503,20
"398",1.40220776308827,-3.34573364982503,20
"399",1.84966919883887,-3.34573364982503,20
"400",2.29713063458947,-3.34573364982503,20
"401",-6.20463664467195,1.41617111207973,21
"402",-5.75717520892135,-0.0124003164916973,21
"403",-5.30971377317074,-0.488590792682174,21
"404",-4.86225233742014,-0.964781268872649,21
"405",-4.41479090166954,-1.20287650696789,21
"406",-3.96732946591894,-1.20287650696789,21
"407",-3.51986803016834,-1.44097174506313,21
"408",-3.07240659441774,-1.67906698315836,21
"409",-2.62494515866714,-2.39335269744408,21
"410",-2.17748372291654,-3.34573364982503,21
"411",-1.73002228716594,-3.34573364982503,21
"412",-1.28256085141534,-3.34573364982503,21
"413",-0.835099415664737,-3.34573364982503,21
"414",-0.387637979914136,-3.34573364982503,21
"415",0.0598234558364643,-3.34573364982503,21
"416",0.507284891587065,-3.34573364982503,21
"417",0.954746327337666,-3.34573364982503,21
"418",1.40220776308827,-3.34573364982503,21
"419",1.84966919883887,-3.34573364982503,21
"420",2.29713063458947,-3.34573364982503,21
"421",-6.20463664467195,1.41617111207973,22
"422",-5.75717520892135,1.41617111207973,22
"423",-5.30971377317074,1.41617111207973,22
"424",-4.86225233742014,1.41617111207973,22
"425",-4.41479090166954,1.41617111207973,22
"426",-3.96732946591894,-1.9171622212536,22
"427",-3.51986803016834,-1.9171622212536,22
"428",-3.07240659441774,-1.9171622212536,22
"429",-2.62494515866714,-1.9171622212536,22
"430",-2.17748372291654,-1.9171622212536,22
"431",-1.73002228716594,-2.15525745934884,22
"432",-1.28256085141534,-2.15525745934884,22
"433",-0.835099415664737,-2.63144793553932,22
"434",-0.387637979914136,-3.34573364982503,22
"435",0.0598234558364643,-3.34573364982503,22
"436",0.507284891587065,-3.34573364982503,22
"437",0.954746327337666,-3.34573364982503,22
"438",1.40220776308827,-3.34573364982503,22
"439",1.84966919883887,-3.34573364982503,22
"440",2.29713063458947,-3.34573364982503,22
"441",-6.20463664467195,1.41617111207973,23
"442",-5.75717520892135,1.41617111207973,23
"443",-5.30971377317074,1.41617111207973,23
"444",-4.86225233742014,1.41617111207973,23
"445",-4.41479090166954,1.41617111207973,23
"446",-3.96732946591894,-1.67906698315836,23
"447",-3.51986803016834,-1.9171622212536,23
"448",-3.07240659441774,-1.9171622212536,23
"449",-2.62494515866714,-1.9171622212536,23
"450",-2.17748372291654,-1.9171622212536,23
"451",-1.73002228716594,-1.9171622212536,23
"452",-1.28256085141534,-1.9171622212536,23
"453",-0.835099415664737,-2.63144793553932,23
"454",-0.387637979914136,-3.34573364982503,23
"455",0.0598234558364643,-3.34573364982503,23
"456",0.507284891587065,-3.34573364982503,23
"457",0.954746327337666,-3.34573364982503,23
"458",1.40220776308827,-3.34573364982503,23
"459",1.84966919883887,-3.34573364982503,23
"460",2.29713063458947,-3.34573364982503,23
"461",-6.20463664467195,1.41617111207973,24
"462",-5.75717520892135,1.41617111207973,24
"463",-5.30971377317074,1.41617111207973,24
"464",-4.86225233742014,0.225694921603541,24
"465",-4.41479090166954,-0.964781268872649,24
"466",-3.96732946591894,-1.44097174506313,24
"467",-3.51986803016834,-1.9171622212536,24
"468",-3.07240659441774,-3.34573364982503,24
"469",-2.62494515866714,-3.34573364982503,24
"470",-2.17748372291654,-3.34573364982503,24
"471",-1.73002228716594,-3.34573364982503,24
"472",-1.28256085141534,-3.34573364982503,24
"473",-0.835099415664737,-3.34573364982503,24
"474",-0.387637979914136,-3.34573364982503,24
"475",0.0598234558364643,-3.34573364982503,24
"476",0.507284891587065,-3.34573364982503,24
"477",0.954746327337666,-3.34573364982503,24
"478",1.40220776308827,-3.34573364982503,24
"479",1.84966919883887,-3.34573364982503,24
"480",2.29713063458947,-3.34573364982503,24
"481",-6.20463664467195,-1.20287650696789,25
"482",-5.75717520892135,-1.20287650696789,25
"483",-5.30971377317074,-1.20287650696789,25
"484",-4.86225233742014,-1.20287650696789,25
"485",-4.41479090166954,-1.20287650696789,25
"486",-3.96732946591894,-1.20287650696789,25
"487",-3.51986803016834,-1.20287650696789,25
"488",-3.07240659441774,-1.20287650696789,25
"489",-2.62494515866714,-3.34573364982503,25
"490",-2.17748372291654,-3.34573364982503,25
"491",-1.73002228716594,-3.34573364982503,25
"492",-1.28256085141534,-3.34573364982503,25
"493",-0.835099415664737,-3.34573364982503,25
"494",-0.387637979914136,-3.34573364982503,25
"495",0.0598234558364643,-3.34573364982503,25
"496",0.507284891587065,-3.34573364982503,25
"497",0.954746327337666,-3.34573364982503,25
"498",1.40220776308827,-3.34573364982503,25
"499",1.84966919883887,-3.34573364982503,25
"500",2.29713063458947,-3.34573364982503,25
"501",-6.20463664467195,-0.726686030777411,26
"502",-5.75717520892135,-0.964781268872649,26
"503",-5.30971377317074,-0.964781268872649,26
"504",-4.86225233742014,-1.20287650696789,26
"505",-4.41479090166954,-1.20287650696789,26
"506",-3.96732946591894,-1.20287650696789,26
"507",-3.51986803016834,-1.44097174506313,26
"508",-3.07240659441774,-1.44097174506313,26
"509",-2.62494515866714,-1.44097174506313,26
"510",-2.17748372291654,-1.67906698315836,26
"511",-1.73002228716594,-3.10763841172979,26
"512",-1.28256085141534,-3.34573364982503,26
"513",-0.835099415664737,-3.34573364982503,26
"514",-0.387637979914136,-3.34573364982503,26
"515",0.0598234558364643,-3.34573364982503,26
"516",0.507284891587065,-3.34573364982503,26
"517",0.954746327337666,-3.34573364982503,26
"518",1.40220776308827,-3.34573364982503,26
"519",1.84966919883887,-3.34573364982503,26
"520",2.29713063458947,-3.34573364982503,26
"521",-6.20463664467195,-1.20287650696789,27
"522",-5.75717520892135,-1.20287650696789,27
"523",-5.30971377317074,-1.20287650696789,27
"524",-4.86225233742014,-1.20287650696789,27
"525",-4.41479090166954,-1.20287650696789,27
"526",-3.96732946591894,-1.20287650696789,27
"527",-3.51986803016834,-1.20287650696789,27
"528",-3.07240659441774,-1.20287650696789,27
"529",-2.62494515866714,-1.20287650696789,27
"530",-2.17748372291654,-1.67906698315836,27
"531",-1.73002228716594,-3.34573364982503,27
"532",-1.28256085141534,-3.34573364982503,27
"533",-0.835099415664737,-3.34573364982503,27
"534",-0.387637979914136,-3.34573364982503,27
"535",0.0598234558364643,-3.34573364982503,27
"536",0.507284891587065,-3.34573364982503,27
"537",0.954746327337666,-3.34573364982503,27
"538",1.40220776308827,-3.34573364982503,27
"539",1.84966919883887,-3.34573364982503,27
"540",2.29713063458947,-3.34573364982503,27
"541",-6.20463664467195,1.41617111207973,28
"542",-5.75717520892135,1.41617111207973,28
"543",-5.30971377317074,1.41617111207973,28
"544",-4.86225233742014,1.41617111207973,28
"545",-4.41479090166954,1.41617111207973,28
"546",-3.96732946591894,-3.34573364982503,28
"547",-3.51986803016834,-3.34573364982503,28
"548",-3.07240659441774,-3.34573364982503,28
"549",-2.62494515866714,-3.34573364982503,28
"550",-2.17748372291654,-3.34573364982503,28
"551",-1.73002228716594,-3.34573364982503,28
"552",-1.28256085141534,-3.34573364982503,28
"553",-0.835099415664737,-3.34573364982503,28
"554",-0.387637979914136,-3.34573364982503,28
"555",0.0598234558364643,-3.34573364982503,28
"556",0.507284891587065,-3.34573364982503,28
"557",0.954746327337666,-3.34573364982503,28
"558",1.40220776308827,-3.34573364982503,28
"559",1.84966919883887,-3.34573364982503,28
"560",2.29713063458947,-3.34573364982503,28
"561",-6.20463664467195,0.463790159698779,29
"562",-5.75717520892135,-0.250495554586935,29
"563",-5.30971377317074,-0.488590792682174,29
"564",-4.86225233742014,-0.964781268872649,29
"565",-4.41479090166954,-1.20287650696789,29
"566",-3.96732946591894,-1.44097174506313,29
"567",-3.51986803016834,-1.44097174506313,29
"568",-3.07240659441774,-1.67906698315836,29
"569",-2.62494515866714,-1.9171622212536,29
"570",-2.17748372291654,-1.9171622212536,29
"571",-1.73002228716594,-2.15525745934884,29
"572",-1.28256085141534,-2.15525745934884,29
"573",-0.835099415664737,-2.86954317363455,29
"574",-0.387637979914136,-3.34573364982503,29
"575",0.0598234558364643,-3.34573364982503,29
"576",0.507284891587065,-3.34573364982503,29
"577",0.954746327337666,-3.34573364982503,29
"578",1.40220776308827,-3.34573364982503,29
"579",1.84966919883887,-3.34573364982503,29
"580",2.29713063458947,-3.34573364982503,29
"581",-6.20463664467195,1.41617111207973,30
"582",-5.75717520892135,1.41617111207973,30
"583",-5.30971377317074,1.41617111207973,30
"584",-4.86225233742014,1.41617111207973,30
"585",-4.41479090166954,1.41617111207973,30
"586",-3.96732946591894,-3.34573364982503,30
"587",-3.51986803016834,-3.34573364982503,30
"588",-3.07240659441774,-3.34573364982503,30
"589",-2.62494515866714,-3.34573364982503,30
"590",-2.17748372291654,-3.34573364982503,30
"591",-1.73002228716594,-3.34573364982503,30
"592",-1.28256085141534,-3.34573364982503,30
"593",-0.835099415664737,-3.34573364982503,30
"594",-0.387637979914136,-3.34573364982503,30
"595",0.0598234558364643,-3.34573364982503,30
"596",0.507284891587065,-3.34573364982503,30
"597",0.954746327337666,-3.34573364982503,30
"598",1.40220776308827,-3.34573364982503,30
"599",1.84966919883887,-3.34573364982503,30
"600",2.29713063458947,-3.34573364982503,30
"601",-6.20463664467195,1.41617111207973,31
"602",-5.75717520892135,1.41617111207973,31
"603",-5.30971377317074,1.41617111207973,31
"604",-4.86225233742014,-0.488590792682174,31
"605",-4.41479090166954,-0.964781268872649,31
"606",-3.96732946591894,-1.44097174506313,31
"607",-3.51986803016834,-1.67906698315836,31
"608",-3.07240659441774,-1.67906698315836,31
"609",-2.62494515866714,-1.9171622212536,31
"610",-2.17748372291654,-1.9171622212536,31
"611",-1.73002228716594,-2.86954317363455,31
"612",-1.28256085141534,-3.34573364982503,31
"613",-0.835099415664737,-3.34573364982503,31
"614",-0.387637979914136,-3.34573364982503,31
"615",0.0598234558364643,-3.34573364982503,31
"616",0.507284891587065,-3.34573364982503,31
"617",0.954746327337666,-3.34573364982503,31
"618",1.40220776308827,-3.34573364982503,31
"619",1.84966919883887,-3.34573364982503,31
"620",2.29713063458947,-3.34573364982503,31
"621",-6.20463664467195,1.41617111207973,32
"622",-5.75717520892135,1.41617111207973,32
"623",-5.30971377317074,1.41617111207973,32
"624",-4.86225233742014,1.41617111207973,32
"625",-4.41479090166954,1.41617111207973,32
"626",-3.96732946591894,-1.9171622212536,32
"627",-3.51986803016834,-2.15525745934884,32
"628",-3.07240659441774,-2.15525745934884,32
"629",-2.62494515866714,-2.15525745934884,32
"630",-2.17748372291654,-2.15525745934884,32
"631",-1.73002228716594,-2.15525745934884,32
"632",-1.28256085141534,-2.39335269744408,32
"633",-0.835099415664737,-3.34573364982503,32
"634",-0.387637979914136,-3.34573364982503,32
"635",0.0598234558364643,-3.34573364982503,32
"636",0.507284891587065,-3.34573364982503,32
"637",0.954746327337666,-3.34573364982503,32
"638",1.40220776308827,-3.34573364982503,32
"639",1.84966919883887,-3.34573364982503,32
"640",2.29713063458947,-3.34573364982503,32
"641",-6.20463664467195,-0.0124003164916973,33
"642",-5.75717520892135,-0.250495554586935,33
"643",-5.30971377317074,-0.726686030777411,33
"644",-4.86225233742014,-0.726686030777411,33
"645",-4.41479090166954,-0.964781268872649,33
"646",-3.96732946591894,-1.67906698315836,33
"647",-3.51986803016834,-3.34573364982503,33
"648",-3.07240659441774,-3.34573364982503,33
"649",-2.62494515866714,-3.34573364982503,33
"650",-2.17748372291654,-3.34573364982503,33
"651",-1.73002228716594,-3.34573364982503,33
"652",-1.28256085141534,-3.34573364982503,33
"653",-0.835099415664737,-3.34573364982503,33
"654",-0.387637979914136,-3.34573364982503,33
"655",0.0598234558364643,-3.34573364982503,33
"656",0.507284891587065,-3.34573364982503,33
"657",0.954746327337666,-3.34573364982503,33
"658",1.40220776308827,-3.34573364982503,33
"659",1.84966919883887,-3.34573364982503,33
"660",2.29713063458947,-3.34573364982503,33
"661",-6.20463664467195,-0.726686030777411,34
"662",-5.75717520892135,-0.726686030777411,34
"663",-5.30971377317074,-0.964781268872649,34
"664",-4.86225233742014,-1.20287650696789,34
"665",-4.41479090166954,-1.20287650696789,34
"666",-3.96732946591894,-1.20287650696789,34
"667",-3.51986803016834,-1.44097174506313,34
"668",-3.07240659441774,-1.44097174506313,34
"669",-2.62494515866714,-1.67906698315836,34
"670",-2.17748372291654,-3.10763841172979,34
"671",-1.73002228716594,-3.34573364982503,34
"672",-1.28256085141534,-3.34573364982503,34
"673",-0.835099415664737,-3.34573364982503,34
"674",-0.387637979914136,-3.34573364982503,34
"675",0.0598234558364643,-3.34573364982503,34
"676",0.507284891587065,-3.34573364982503,34
"677",0.954746327337666,-3.34573364982503,34
"678",1.40220776308827,-3.34573364982503,34
"679",1.84966919883887,-3.34573364982503,34
"680",2.29713063458947,-3.34573364982503,34
"681",-6.20463664467195,-1.20287650696789,35
"682",-5.75717520892135,-1.20287650696789,35
"683",-5.30971377317074,-1.20287650696789,35
"684",-4.86225233742014,-1.20287650696789,35
"685",-4.41479090166954,-1.20287650696789,35
"686",-3.96732946591894,-1.20287650696789,35
"687",-3.51986803016834,-1.20287650696789,35
"688",-3.07240659441774,-3.34573364982503,35
"689",-2.62494515866714,-3.34573364982503,35
"690",-2.17748372291654,-3.34573364982503,35
"691",-1.73002228716594,-3.34573364982503,35
"692",-1.28256085141534,-3.34573364982503,35
"693",-0.835099415664737,-3.34573364982503,35
"694",-0.387637979914136,-3.34573364982503,35
"695",0.0598234558364643,-3.34573364982503,35
"696",0.507284891587065,-3.34573364982503,35
"697",0.954746327337666,-3.34573364982503,35
"698",1.40220776308827,-3.34573364982503,35
"699",1.84966919883887,-3.34573364982503,35
"700",2.29713063458947,-3.34573364982503,35
"701",-6.20463664467195,-1.20287650696789,36
"702",-5.75717520892135,-1.20287650696789,36
"703",-5.30971377317074,-1.20287650696789,36
"704",-4.86225233742014,-1.20287650696789,36
"705",-4.41479090166954,-1.20287650696789,36
"706",-3.96732946591894,-1.20287650696789,36
"707",-3.51986803016834,-1.20287650696789,36
"708",-3.07240659441774,-1.20287650696789,36
"709",-2.62494515866714,-1.20287650696789,36
"710",-2.17748372291654,-1.20287650696789,36
"711",-1.73002228716594,-1.44097174506313,36
"712",-1.28256085141534,-3.10763841172979,36
"713",-0.835099415664737,-3.34573364982503,36
"714",-0.387637979914136,-3.34573364982503,36
"715",0.0598234558364643,-3.34573364982503,36
"716",0.507284891587065,-3.34573364982503,36
"717",0.954746327337666,-3.34573364982503,36
"718",1.40220776308827,-3.34573364982503,36
"719",1.84966919883887,-3.34573364982503,36
"720",2.29713063458947,-3.34573364982503,36
"721",-6.20463664467195,-1.20287650696789,37
"722",-5.75717520892135,-1.20287650696789,37
"723",-5.30971377317074,-1.20287650696789,37
"724",-4.86225233742014,-1.20287650696789,37
"725",-4.41479090166954,-1.20287650696789,37
"726",-3.96732946591894,-1.20287650696789,37
"727",-3.51986803016834,-1.20287650696789,37
"728",-3.07240659441774,-1.20287650696789,37
"729",-2.62494515866714,-1.20287650696789,37
"730",-2.17748372291654,-3.34573364982503,37
"731",-1.73002228716594,-3.34573364982503,37
"732",-1.28256085141534,-3.34573364982503,37
"733",-0.835099415664737,-3.34573364982503,37
"734",-0.387637979914136,-3.34573364982503,37
"735",0.0598234558364643,-3.34573364982503,37
"736",0.507284891587065,-3.34573364982503,37
"737",0.954746327337666,-3.34573364982503,37
"738",1.40220776308827,-3.34573364982503,37
"739",1.84966919883887,-3.34573364982503,37
"740",2.29713063458947,-3.34573364982503,37
"741",-6.20463664467195,1.41617111207973,38
"742",-5.75717520892135,1.41617111207973,38
"743",-5.30971377317074,1.41617111207973,38
"744",-4.86225233742014,-0.488590792682174,38
"745",-4.41479090166954,-1.20287650696789,38
"746",-3.96732946591894,-1.44097174506313,38
"747",-3.51986803016834,-1.44097174506313,38
"748",-3.07240659441774,-1.67906698315836,38
"749",-2.62494515866714,-1.67906698315836,38
"750",-2.17748372291654,-1.67906698315836,38
"751",-1.73002228716594,-2.15525745934884,38
"752",-1.28256085141534,-3.34573364982503,38
"753",-0.835099415664737,-3.34573364982503,38
"754",-0.387637979914136,-3.34573364982503,38
"755",0.0598234558364643,-3.34573364982503,38
"756",0.507284891587065,-3.34573364982503,38
"757",0.954746327337666,-3.34573364982503,38
"758",1.40220776308827,-3.34573364982503,38
"759",1.84966919883887,-3.34573364982503,38
"760",2.29713063458947,-3.34573364982503,38
"761",-6.20463664467195,-1.20287650696789,39
"762",-5.75717520892135,-1.20287650696789,39
"763",-5.30971377317074,-1.20287650696789,39
"764",-4.86225233742014,-1.20287650696789,39
"765",-4.41479090166954,-1.20287650696789,39
"766",-3.96732946591894,-1.20287650696789,39
"767",-3.51986803016834,-1.20287650696789,39
"768",-3.07240659441774,-1.20287650696789,39
"769",-2.62494515866714,-1.20287650696789,39
"770",-2.17748372291654,-1.20287650696789,39
"771",-1.73002228716594,-1.20287650696789,39
"772",-1.28256085141534,-1.20287650696789,39
"773",-0.835099415664737,-2.15525745934884,39
"774",-0.387637979914136,-2.86954317363455,39
"775",0.0598234558364643,-3.34573364982503,39
"776",0.507284891587065,-3.34573364982503,39
"777",0.954746327337666,-3.34573364982503,39
"778",1.40220776308827,-3.34573364982503,39
"779",1.84966919883887,-3.34573364982503,39
"780",2.29713063458947,-3.34573364982503,39
"781",-6.20463664467195,-0.488590792682174,40
"782",-5.75717520892135,-0.488590792682174,40
"783",-5.30971377317074,-0.488590792682174,40
"784",-4.86225233742014,-0.488590792682174,40
"785",-4.41479090166954,-0.726686030777411,40
"786",-3.96732946591894,-3.10763841172979,40
"787",-3.51986803016834,-3.34573364982503,40
"788",-3.07240659441774,-3.34573364982503,40
"789",-2.62494515866714,-3.34573364982503,40
"790",-2.17748372291654,-3.34573364982503,40
"791",-1.73002228716594,-3.34573364982503,40
"792",-1.28256085141534,-3.34573364982503,40
"793",-0.835099415664737,-3.34573364982503,40
"794",-0.387637979914136,-3.34573364982503,40
"795",0.0598234558364643,-3.34573364982503,40
"796",0.507284891587065,-3.34573364982503,40
"797",0.954746327337666,-3.34573364982503,40
"798",1.40220776308827,-3.34573364982503,40
"799",1.84966919883887,-3.34573364982503,40
"800",2.29713063458947,-3.34573364982503,40
"801",-6.20463664467195,-1.20287650696789,41
"802",-5.75717520892135,-1.20287650696789,41
"803",-5.30971377317074,-1.20287650696789,41
"804",-4.86225233742014,-1.20287650696789,41
"805",-4.41479090166954,-1.20287650696789,41
"806",-3.96732946591894,-1.20287650696789,41
"807",-3.51986803016834,-3.10763841172979,41
"808",-3.07240659441774,-3.34573364982503,41
"809",-2.62494515866714,-3.34573364982503,41
"810",-2.17748372291654,-3.34573364982503,41
"811",-1.73002228716594,-3.34573364982503,41
"812",-1.28256085141534,-3.34573364982503,41
"813",-0.835099415664737,-3.34573364982503,41
"814",-0.387637979914136,-3.34573364982503,41
"815",0.0598234558364643,-3.34573364982503,41
"816",0.507284891587065,-3.34573364982503,41
"817",0.954746327337666,-3.34573364982503,41
"818",1.40220776308827,-3.34573364982503,41
"819",1.84966919883887,-3.34573364982503,41
"820",2.29713063458947,-3.34573364982503,41
"821",-6.20463664467195,-0.488590792682174,42
"822",-5.75717520892135,-0.726686030777411,42
"823",-5.30971377317074,-0.964781268872649,42
"824",-4.86225233742014,-0.964781268872649,42
"825",-4.41479090166954,-1.20287650696789,42
"826",-3.96732946591894,-1.20287650696789,42
"827",-3.51986803016834,-1.44097174506313,42
"828",-3.07240659441774,-1.67906698315836,42
"829",-2.62494515866714,-3.34573364982503,42
"830",-2.17748372291654,-3.34573364982503,42
"831",-1.73002228716594,-3.34573364982503,42
"832",-1.28256085141534,-3.34573364982503,42
"833",-0.835099415664737,-3.34573364982503,42
"834",-0.387637979914136,-3.34573364982503,42
"835",0.0598234558364643,-3.34573364982503,42
"836",0.507284891587065,-3.34573364982503,42
"837",0.954746327337666,-3.34573364982503,42
"838",1.40220776308827,-3.34573364982503,42
"839",1.84966919883887,-3.34573364982503,42
"840",2.29713063458947,-3.34573364982503,42
"841",-6.20463664467195,-0.0124003164916973,43
"842",-5.75717520892135,-0.488590792682174,43
"843",-5.30971377317074,-0.964781268872649,43
"844",-4.86225233742014,-0.964781268872649,43
"845",-4.41479090166954,-1.20287650696789,43
"846",-3.96732946591894,-1.20287650696789,43
"847",-3.51986803016834,-1.44097174506313,43
"848",-3.07240659441774,-1.44097174506313,43
"849",-2.62494515866714,-1.44097174506313,43
"850",-2.17748372291654,-1.44097174506313,43
"851",-1.73002228716594,-1.67906698315836,43
"852",-1.28256085141534,-2.39335269744408,43
"853",-0.835099415664737,-3.34573364982503,43
"854",-0.387637979914136,-3.34573364982503,43
"855",0.0598234558364643,-3.34573364982503,43
"856",0.507284891587065,-3.34573364982503,43
"857",0.954746327337666,-3.34573364982503,43
"858",1.40220776308827,-3.34573364982503,43
"859",1.84966919883887,-3.34573364982503,43
"860",2.29713063458947,-3.34573364982503,43
"861",-6.20463664467195,-0.964781268872649,44
"862",-5.75717520892135,-0.964781268872649,44
"863",-5.30971377317074,-1.20287650696789,44
"864",-4.86225233742014,-1.20287650696789,44
"865",-4.41479090166954,-1.20287650696789,44
"866",-3.96732946591894,-1.20287650696789,44
"867",-3.51986803016834,-1.20287650696789,44
"868",-3.07240659441774,-1.44097174506313,44
"869",-2.62494515866714,-1.44097174506313,44
"870",-2.17748372291654,-1.44097174506313,44
"871",-1.73002228716594,-1.44097174506313,44
"872",-1.28256085141534,-1.9171622212536,44
"873",-0.835099415664737,-2.63144793553932,44
"874",-0.387637979914136,-2.86954317363455,44
"875",0.0598234558364643,-2.86954317363455,44
"876",0.507284891587065,-2.86954317363455,44
"877",0.954746327337666,-2.86954317363455,44
"878",1.40220776308827,-2.86954317363455,44
"879",1.84966919883887,-2.86954317363455,44
"880",2.29713063458947,-2.86954317363455,44
"881",-6.20463664467195,1.41617111207973,45
"882",-5.75717520892135,1.41617111207973,45
"883",-5.30971377317074,1.41617111207973,45
"884",-4.86225233742014,1.41617111207973,45
"885",-4.41479090166954,1.41617111207973,45
"886",-3.96732946591894,-3.34573364982503,45
"887",-3.51986803016834,-3.34573364982503,45
"888",-3.07240659441774,-3.34573364982503,45
"889",-2.62494515866714,-3.34573364982503,45
"890",-2.17748372291654,-3.34573364982503,45
"891",-1.73002228716594,-3.34573364982503,45
"892",-1.28256085141534,-3.34573364982503,45
"893",-0.835099415664737,-3.34573364982503,45
"894",-0.387637979914136,-3.34573364982503,45
"895",0.0598234558364643,-3.34573364982503,45
"896",0.507284891587065,-3.34573364982503,45
"897",0.954746327337666,-3.34573364982503,45
"898",1.40220776308827,-3.34573364982503,45
"899",1.84966919883887,-3.34573364982503,45
"900",2.29713063458947,-3.34573364982503,45
"901",-6.20463664467195,-0.964781268872649,46
"902",-5.75717520892135,-0.964781268872649,46
"903",-5.30971377317074,-1.20287650696789,46
"904",-4.86225233742014,-1.20287650696789,46
"905",-4.41479090166954,-1.20287650696789,46
"906",-3.96732946591894,-1.20287650696789,46
"907",-3.51986803016834,-1.20287650696789,46
"908",-3.07240659441774,-1.20287650696789,46
"909",-2.62494515866714,-1.44097174506313,46
"910",-2.17748372291654,-1.44097174506313,46
"911",-1.73002228716594,-2.15525745934884,46
"912",-1.28256085141534,-3.10763841172979,46
"913",-0.835099415664737,-3.34573364982503,46
"914",-0.387637979914136,-3.34573364982503,46
"915",0.0598234558364643,-3.34573364982503,46
"916",0.507284891587065,-3.34573364982503,46
"917",0.954746327337666,-3.34573364982503,46
"918",1.40220776308827,-3.34573364982503,46
"919",1.84966919883887,-3.34573364982503,46
"920",2.29713063458947,-3.34573364982503,46
"921",-6.20463664467195,0.225694921603541,47
"922",-5.75717520892135,0.225694921603541,47
"923",-5.30971377317074,0.225694921603541,47
"924",-4.86225233742014,-0.0124003164916973,47
"925",-4.41479090166954,-0.250495554586935,47
"926",-3.96732946591894,-2.15525745934884,47
"927",-3.51986803016834,-3.10763841172979,47
"928",-3.07240659441774,-3.34573364982503,47
"929",-2.62494515866714,-3.34573364982503,47
"930",-2.17748372291654,-3.34573364982503,47
"931",-1.73002228716594,-3.34573364982503,47
"932",-1.28256085141534,-3.34573364982503,47
"933",-0.835099415664737,-3.34573364982503,47
"934",-0.387637979914136,-3.34573364982503,47
"935",0.0598234558364643,-3.34573364982503,47
"936",0.507284891587065,-3.34573364982503,47
"937",0.954746327337666,-3.34573364982503,47
"938",1.40220776308827,-3.34573364982503,47
"939",1.84966919883887,-3.34573364982503,47
"940",2.29713063458947,-3.34573364982503,47
"941",-6.20463664467195,-0.964781268872649,48
"942",-5.75717520892135,-0.964781268872649,48
"943",-5.30971377317074,-1.20287650696789,48
"944",-4.86225233742014,-1.20287650696789,48
"945",-4.41479090166954,-1.20287650696789,48
"946",-3.96732946591894,-1.20287650696789,48
"947",-3.51986803016834,-1.20287650696789,48
"948",-3.07240659441774,-1.20287650696789,48
"949",-2.62494515866714,-1.20287650696789,48
"950",-2.17748372291654,-1.20287650696789,48
"951",-1.73002228716594,-1.67906698315836,48
"952",-1.28256085141534,-3.10763841172979,48
"953",-0.835099415664737,-3.34573364982503,48
"954",-0.387637979914136,-3.34573364982503,48
"955",0.0598234558364643,-3.34573364982503,48
"956",0.507284891587065,-3.34573364982503,48
"957",0.954746327337666,-3.34573364982503,48
"958",1.40220776308827,-3.34573364982503,48
"959",1.84966919883887,-3.34573364982503,48
"960",2.29713063458947,-3.34573364982503,48
"961",-6.20463664467195,-0.250495554586935,49
"962",-5.75717520892135,-0.488590792682174,49
"963",-5.30971377317074,-0.488590792682174,49
"964",-4.86225233742014,-0.488590792682174,49
"965",-4.41479090166954,-0.726686030777411,49
"966",-3.96732946591894,-2.86954317363455,49
"967",-3.51986803016834,-3.34573364982503,49
"968",-3.07240659441774,-3.34573364982503,49
"969",-2.62494515866714,-3.34573364982503,49
"970",-2.17748372291654,-3.34573364982503,49
"971",-1.73002228716594,-3.34573364982503,49
"972",-1.28256085141534,-3.34573364982503,49
"973",-0.835099415664737,-3.34573364982503,49
"974",-0.387637979914136,-3.34573364982503,49
"975",0.0598234558364643,-3.34573364982503,49
"976",0.507284891587065,-3.34573364982503,49
"977",0.954746327337666,-3.34573364982503,49
"978",1.40220776308827,-3.34573364982503,49
"979",1.84966919883887,-3.34573364982503,49
"980",2.29713063458947,-3.34573364982503,49
"981",-6.20463664467195,1.41617111207973,50
"982",-5.75717520892135,1.41617111207973,50
"983",-5.30971377317074,1.41617111207973,50
"984",-4.86225233742014,1.41617111207973,50
"985",-4.41479090166954,1.41617111207973,50
"986",-3.96732946591894,-1.67906698315836,50
"987",-3.51986803016834,-1.9171622212536,50
"988",-3.07240659441774,-2.15525745934884,50
"989",-2.62494515866714,-2.15525745934884,50
"990",-2.17748372291654,-2.15525745934884,50
"991",-1.73002228716594,-2.15525745934884,50
"992",-1.28256085141534,-2.39335269744408,50
"993",-0.835099415664737,-3.10763841172979,50
"994",-0.387637979914136,-3.34573364982503,50
"995",0.0598234558364643,-3.34573364982503,50
"996",0.507284891587065,-3.34573364982503,50
"997",0.954746327337666,-3.34573364982503,50
"998",1.40220776308827,-3.34573364982503,50
"999",1.84966919883887,-3.34573364982503,50
"1000",2.29713063458947,-3.34573364982503,50
"1001",-6.20463664467195,-0.964781268872649,51
"1002",-5.75717520892135,-1.20287650696789,51
"1003",-5.30971377317074,-1.20287650696789,51
"1004",-4.86225233742014,-1.20287650696789,51
"1005",-4.41479090166954,-1.20287650696789,51
"1006",-3.96732946591894,-1.20287650696789,51
"1007",-3.51986803016834,-1.20287650696789,51
"1008",-3.07240659441774,-3.34573364982503,51
"1009",-2.62494515866714,-3.34573364982503,51
"1010",-2.17748372291654,-3.34573364982503,51
"1011",-1.73002228716594,-3.34573364982503,51
"1012",-1.28256085141534,-3.34573364982503,51
"1013",-0.835099415664737,-3.34573364982503,51
"1014",-0.387637979914136,-3.34573364982503,51
"1015",0.0598234558364643,-3.34573364982503,51
"1016",0.507284891587065,-3.34573364982503,51
"1017",0.954746327337666,-3.34573364982503,51
"1018",1.40220776308827,-3.34573364982503,51
"1019",1.84966919883887,-3.34573364982503,51
"1020",2.29713063458947,-3.34573364982503,51
"1021",-6.20463664467195,-0.964781268872649,52
"1022",-5.75717520892135,-0.964781268872649,52
"1023",-5.30971377317074,-1.20287650696789,52
"1024",-4.86225233742014,-1.20287650696789,52
"1025",-4.41479090166954,-1.20287650696789,52
"1026",-3.96732946591894,-1.20287650696789,52
"1027",-3.51986803016834,-1.20287650696789,52
"1028",-3.07240659441774,-1.20287650696789,52
"1029",-2.62494515866714,-1.44097174506313,52
"1030",-2.17748372291654,-1.67906698315836,52
"1031",-1.73002228716594,-2.86954317363455,52
"1032",-1.28256085141534,-3.34573364982503,52
"1033",-0.835099415664737,-3.34573364982503,52
"1034",-0.387637979914136,-3.34573364982503,52
"1035",0.0598234558364643,-3.34573364982503,52
"1036",0.507284891587065,-3.34573364982503,52
"1037",0.954746327337666,-3.34573364982503,52
"1038",1.40220776308827,-3.34573364982503,52
"1039",1.84966919883887,-3.34573364982503,52
"1040",2.29713063458947,-3.34573364982503,52
"1041",-6.20463664467195,-1.20287650696789,53
"1042",-5.75717520892135,-1.20287650696789,53
"1043",-5.30971377317074,-1.20287650696789,53
"1044",-4.86225233742014,-1.20287650696789,53
"1045",-4.41479090166954,-1.20287650696789,53
"1046",-3.96732946591894,-1.20287650696789,53
"1047",-3.51986803016834,-1.20287650696789,53
"1048",-3.07240659441774,-1.20287650696789,53
"1049",-2.62494515866714,-1.20287650696789,53
"1050",-2.17748372291654,-2.63144793553932,53
"1051",-1.73002228716594,-3.34573364982503,53
"1052",-1.28256085141534,-3.34573364982503,53
"1053",-0.835099415664737,-3.34573364982503,53
"1054",-0.387637979914136,-3.34573364982503,53
"1055",0.0598234558364643,-3.34573364982503,53
"1056",0.507284891587065,-3.34573364982503,53
"1057",0.954746327337666,-3.34573364982503,53
"1058",1.40220776308827,-3.34573364982503,53
"1059",1.84966919883887,-3.34573364982503,53
"1060",2.29713063458947,-3.34573364982503,53
"1061",-6.20463664467195,-0.726686030777411,54
"1062",-5.75717520892135,-0.726686030777411,54
"1063",-5.30971377317074,-0.726686030777411,54
"1064",-4.86225233742014,-0.964781268872649,54
"1065",-4.41479090166954,-1.20287650696789,54
"1066",-3.96732946591894,-1.20287650696789,54
"1067",-3.51986803016834,-1.44097174506313,54
"1068",-3.07240659441774,-2.39335269744408,54
"1069",-2.62494515866714,-2.86954317363455,54
"1070",-2.17748372291654,-3.10763841172979,54
"1071",-1.73002228716594,-3.10763841172979,54
"1072",-1.28256085141534,-3.34573364982503,54
"1073",-0.835099415664737,-3.34573364982503,54
"1074",-0.387637979914136,-3.34573364982503,54
"1075",0.0598234558364643,-3.34573364982503,54
"1076",0.507284891587065,-3.34573364982503,54
"1077",0.954746327337666,-3.34573364982503,54
"1078",1.40220776308827,-3.34573364982503,54
"1079",1.84966919883887,-3.34573364982503,54
"1080",2.29713063458947,-3.34573364982503,54
"1081",-6.20463664467195,-0.488590792682174,55
"1082",-5.75717520892135,-0.726686030777411,55
"1083",-5.30971377317074,-0.964781268872649,55
"1084",-4.86225233742014,-0.964781268872649,55
"1085",-4.41479090166954,-1.20287650696789,55
"1086",-3.96732946591894,-1.20287650696789,55
"1087",-3.51986803016834,-1.44097174506313,55
"1088",-3.07240659441774,-1.44097174506313,55
"1089",-2.62494515866714,-1.44097174506313,55
"1090",-2.17748372291654,-2.15525745934884,55
"1091",-1.73002228716594,-3.34573364982503,55
"1092",-1.28256085141534,-3.34573364982503,55
"1093",-0.835099415664737,-3.34573364982503,55
"1094",-0.387637979914136,-3.34573364982503,55
"1095",0.0598234558364643,-3.34573364982503,55
"1096",0.507284891587065,-3.34573364982503,55
"1097",0.954746327337666,-3.34573364982503,55
"1098",1.40220776308827,-3.34573364982503,55
"1099",1.84966919883887,-3.34573364982503,55
"1100",2.29713063458947,-3.34573364982503,55
"1101",-6.20463664467195,0.463790159698779,56
"1102",-5.75717520892135,0.463790159698779,56
"1103",-5.30971377317074,0.463790159698779,56
"1104",-4.86225233742014,-0.250495554586935,56
"1105",-4.41479090166954,-0.964781268872649,56
"1106",-3.96732946591894,-1.44097174506313,56
"1107",-3.51986803016834,-1.9171622212536,56
"1108",-3.07240659441774,-2.39335269744408,56
"1109",-2.62494515866714,-3.34573364982503,56
"1110",-2.17748372291654,-3.34573364982503,56
"1111",-1.73002228716594,-3.34573364982503,56
"1112",-1.28256085141534,-3.34573364982503,56
"1113",-0.835099415664737,-3.34573364982503,56
"1114",-0.387637979914136,-3.34573364982503,56
"1115",0.0598234558364643,-3.34573364982503,56
"1116",0.507284891587065,-3.34573364982503,56
"1117",0.954746327337666,-3.34573364982503,56
"1118",1.40220776308827,-3.34573364982503,56
"1119",1.84966919883887,-3.34573364982503,56
"1120",2.29713063458947,-3.34573364982503,56
"1121",-6.20463664467195,-0.964781268872649,57
"1122",-5.75717520892135,-1.20287650696789,57
"1123",-5.30971377317074,-1.20287650696789,57
"1124",-4.86225233742014,-1.20287650696789,57
"1125",-4.41479090166954,-1.20287650696789,57
"1126",-3.96732946591894,-1.20287650696789,57
"1127",-3.51986803016834,-1.20287650696789,57
"1128",-3.07240659441774,-3.34573364982503,57
"1129",-2.62494515866714,-3.34573364982503,57
"1130",-2.17748372291654,-3.34573364982503,57
"1131",-1.73002228716594,-3.34573364982503,57
"1132",-1.28256085141534,-3.34573364982503,57
"1133",-0.835099415664737,-3.34573364982503,57
"1134",-0.387637979914136,-3.34573364982503,57
"1135",0.0598234558364643,-3.34573364982503,57
"1136",0.507284891587065,-3.34573364982503,57
"1137",0.954746327337666,-3.34573364982503,57
"1138",1.40220776308827,-3.34573364982503,57
"1139",1.84966919883887,-3.34573364982503,57
"1140",2.29713063458947,-3.34573364982503,57
"1141",-6.20463664467195,1.41617111207973,58
"1142",-5.75717520892135,1.41617111207973,58
"1143",-5.30971377317074,1.17807587398449,58
"1144",-4.86225233742014,1.17807587398449,58
"1145",-4.41479090166954,1.17807587398449,58
"1146",-3.96732946591894,-3.34573364982503,58
"1147",-3.51986803016834,-3.34573364982503,58
"1148",-3.07240659441774,-3.34573364982503,58
"1149",-2.62494515866714,-3.34573364982503,58
"1150",-2.17748372291654,-3.34573364982503,58
"1151",-1.73002228716594,-3.34573364982503,58
"1152",-1.28256085141534,-3.34573364982503,58
"1153",-0.835099415664737,-3.34573364982503,58
"1154",-0.387637979914136,-3.34573364982503,58
"1155",0.0598234558364643,-3.34573364982503,58
"1156",0.507284891587065,-3.34573364982503,58
"1157",0.954746327337666,-3.34573364982503,58
"1158",1.40220776308827,-3.34573364982503,58
"1159",1.84966919883887,-3.34573364982503,58
"1160",2.29713063458947,-3.34573364982503,58
"1161",-6.20463664467195,1.41617111207973,59
"1162",-5.75717520892135,-0.726686030777411,59
"1163",-5.30971377317074,-0.964781268872649,59
"1164",-4.86225233742014,-1.20287650696789,59
"1165",-4.41479090166954,-1.20287650696789,59
"1166",-3.96732946591894,-1.20287650696789,59
"1167",-3.51986803016834,-1.20287650696789,59
"1168",-3.07240659441774,-1.20287650696789,59
"1169",-2.62494515866714,-1.20287650696789,59
"1170",-2.17748372291654,-1.44097174506313,59
"1171",-1.73002228716594,-2.86954317363455,59
"1172",-1.28256085141534,-3.34573364982503,59
"1173",-0.835099415664737,-3.34573364982503,59
"1174",-0.387637979914136,-3.34573364982503,59
"1175",0.0598234558364643,-3.34573364982503,59
"1176",0.507284891587065,-3.34573364982503,59
"1177",0.954746327337666,-3.34573364982503,59
"1178",1.40220776308827,-3.34573364982503,59
"1179",1.84966919883887,-3.34573364982503,59
"1180",2.29713063458947,-3.34573364982503,59
"1181",-6.20463664467195,1.41617111207973,60
"1182",-5.75717520892135,1.41617111207973,60
"1183",-5.30971377317074,1.41617111207973,60
"1184",-4.86225233742014,-0.726686030777411,60
"1185",-4.41479090166954,-1.20287650696789,60
"1186",-3.96732946591894,-1.44097174506313,60
"1187",-3.51986803016834,-1.44097174506313,60
"1188",-3.07240659441774,-1.67906698315836,60
"1189",-2.62494515866714,-1.67906698315836,60
"1190",-2.17748372291654,-1.9171622212536,60
"1191",-1.73002228716594,-3.34573364982503,60
"1192",-1.28256085141534,-3.34573364982503,60
"1193",-0.835099415664737,-3.34573364982503,60
"1194",-0.387637979914136,-3.34573364982503,60
"1195",0.0598234558364643,-3.34573364982503,60
"1196",0.507284891587065,-3.34573364982503,60
"1197",0.954746327337666,-3.34573364982503,60
"1198",1.40220776308827,-3.34573364982503,60
"1199",1.84966919883887,-3.34573364982503,60
"1200",2.29713063458947,-3.34573364982503,60
"1201",-6.20463664467195,-0.726686030777411,61
"1202",-5.75717520892135,-0.964781268872649,61
"1203",-5.30971377317074,-1.20287650696789,61
"1204",-4.86225233742014,-1.20287650696789,61
"1205",-4.41479090166954,-1.20287650696789,61
"1206",-3.96732946591894,-1.20287650696789,61
"1207",-3.51986803016834,-1.20287650696789,61
"1208",-3.07240659441774,-1.20287650696789,61
"1209",-2.62494515866714,-1.20287650696789,61
"1210",-2.17748372291654,-1.44097174506313,61
"1211",-1.73002228716594,-3.34573364982503,61
"1212",-1.28256085141534,-3.34573364982503,61
"1213",-0.835099415664737,-3.34573364982503,61
"1214",-0.387637979914136,-3.34573364982503,61
"1215",0.0598234558364643,-3.34573364982503,61
"1216",0.507284891587065,-3.34573364982503,61
"1217",0.954746327337666,-3.34573364982503,61
"1218",1.40220776308827,-3.34573364982503,61
"1219",1.84966919883887,-3.34573364982503,61
"1220",2.29713063458947,-3.34573364982503,61
"1221",-6.20463664467195,1.41617111207973,62
"1222",-5.75717520892135,1.41617111207973,62
"1223",-5.30971377317074,1.41617111207973,62
"1224",-4.86225233742014,1.41617111207973,62
"1225",-4.41479090166954,1.41617111207973,62
"1226",-3.96732946591894,-1.9171622212536,62
"1227",-3.51986803016834,-2.63144793553932,62
"1228",-3.07240659441774,-2.86954317363455,62
"1229",-2.62494515866714,-3.34573364982503,62
"1230",-2.17748372291654,-3.34573364982503,62
"1231",-1.73002228716594,-3.34573364982503,62
"1232",-1.28256085141534,-3.34573364982503,62
"1233",-0.835099415664737,-3.34573364982503,62
"1234",-0.387637979914136,-3.34573364982503,62
"1235",0.0598234558364643,-3.34573364982503,62
"1236",0.507284891587065,-3.34573364982503,62
"1237",0.954746327337666,-3.34573364982503,62
"1238",1.40220776308827,-3.34573364982503,62
"1239",1.84966919883887,-3.34573364982503,62
"1240",2.29713063458947,-3.34573364982503,62
"1241",-6.20463664467195,-0.726686030777411,63
"1242",-5.75717520892135,-0.964781268872649,63
"1243",-5.30971377317074,-0.964781268872649,63
"1244",-4.86225233742014,-1.20287650696789,63
"1245",-4.41479090166954,-1.20287650696789,63
"1246",-3.96732946591894,-1.20287650696789,63
"1247",-3.51986803016834,-1.44097174506313,63
"1248",-3.07240659441774,-1.44097174506313,63
"1249",-2.62494515866714,-1.44097174506313,63
"1250",-2.17748372291654,-1.67906698315836,63
"1251",-1.73002228716594,-1.67906698315836,63
"1252",-1.28256085141534,-2.15525745934884,63
"1253",-0.835099415664737,-2.86954317363455,63
"1254",-0.387637979914136,-3.34573364982503,63
"1255",0.0598234558364643,-3.34573364982503,63
"1256",0.507284891587065,-3.34573364982503,63
"1257",0.954746327337666,-3.34573364982503,63
"1258",1.40220776308827,-3.34573364982503,63
"1259",1.84966919883887,-3.34573364982503,63
"1260",2.29713063458947,-3.34573364982503,63
"1261",-6.20463664467195,0.463790159698779,64
"1262",-5.75717520892135,-0.488590792682174,64
"1263",-5.30971377317074,-0.726686030777411,64
"1264",-4.86225233742014,-0.964781268872649,64
"1265",-4.41479090166954,-1.20287650696789,64
"1266",-3.96732946591894,-1.20287650696789,64
"1267",-3.51986803016834,-1.44097174506313,64
"1268",-3.07240659441774,-1.44097174506313,64
"1269",-2.62494515866714,-1.44097174506313,64
"1270",-2.17748372291654,-1.67906698315836,64
"1271",-1.73002228716594,-2.15525745934884,64
"1272",-1.28256085141534,-2.63144793553932,64
"1273",-0.835099415664737,-2.63144793553932,64
"1274",-0.387637979914136,-2.86954317363455,64
"1275",0.0598234558364643,-2.86954317363455,64
"1276",0.507284891587065,-3.10763841172979,64
"1277",0.954746327337666,-3.10763841172979,64
"1278",1.40220776308827,-3.10763841172979,64
"1279",1.84966919883887,-3.10763841172979,64
"1280",2.29713063458947,-3.10763841172979,64
"1281",-6.20463664467195,-0.488590792682174,65
"1282",-5.75717520892135,-0.726686030777411,65
"1283",-5.30971377317074,-0.964781268872649,65
"1284",-4.86225233742014,-0.964781268872649,65
"1285",-4.41479090166954,-1.20287650696789,65
"1286",-3.96732946591894,-1.44097174506313,65
"1287",-3.51986803016834,-1.9171622212536,65
"1288",-3.07240659441774,-2.39335269744408,65
"1289",-2.62494515866714,-2.63144793553932,65
"1290",-2.17748372291654,-2.86954317363455,65
"1291",-1.73002228716594,-2.86954317363455,65
"1292",-1.28256085141534,-3.34573364982503,65
"1293",-0.835099415664737,-3.34573364982503,65
"1294",-0.387637979914136,-3.34573364982503,65
"1295",0.0598234558364643,-3.34573364982503,65
"1296",0.507284891587065,-3.34573364982503,65
"1297",0.954746327337666,-3.34573364982503,65
"1298",1.40220776308827,-3.34573364982503,65
"1299",1.84966919883887,-3.34573364982503,65
"1300",2.29713063458947,-3.34573364982503,65
"1301",-6.20463664467195,-0.488590792682174,66
"1302",-5.75717520892135,-0.726686030777411,66
"1303",-5.30971377317074,-0.964781268872649,66
"1304",-4.86225233742014,-0.964781268872649,66
"1305",-4.41479090166954,-1.20287650696789,66
"1306",-3.96732946591894,-1.20287650696789,66
"1307",-3.51986803016834,-1.44097174506313,66
"1308",-3.07240659441774,-1.44097174506313,66
"1309",-2.62494515866714,-3.34573364982503,66
"1310",-2.17748372291654,-3.34573364982503,66
"1311",-1.73002228716594,-3.34573364982503,66
"1312",-1.28256085141534,-3.34573364982503,66
"1313",-0.835099415664737,-3.34573364982503,66
"1314",-0.387637979914136,-3.34573364982503,66
"1315",0.0598234558364643,-3.34573364982503,66
"1316",0.507284891587065,-3.34573364982503,66
"1317",0.954746327337666,-3.34573364982503,66
"1318",1.40220776308827,-3.34573364982503,66
"1319",1.84966919883887,-3.34573364982503,66
"1320",2.29713063458947,-3.34573364982503,66
"1321",-6.20463664467195,-0.964781268872649,67
"1322",-5.75717520892135,-1.20287650696789,67
"1323",-5.30971377317074,-1.20287650696789,67
"1324",-4.86225233742014,-1.20287650696789,67
"1325",-4.41479090166954,-1.20287650696789,67
"1326",-3.96732946591894,-1.20287650696789,67
"1327",-3.51986803016834,-1.20287650696789,67
"1328",-3.07240659441774,-1.20287650696789,67
"1329",-2.62494515866714,-1.20287650696789,67
"1330",-2.17748372291654,-1.44097174506313,67
"1331",-1.73002228716594,-2.86954317363455,67
"1332",-1.28256085141534,-3.34573364982503,67
"1333",-0.835099415664737,-3.34573364982503,67
"1334",-0.387637979914136,-3.34573364982503,67
"1335",0.0598234558364643,-3.34573364982503,67
"1336",0.507284891587065,-3.34573364982503,67
"1337",0.954746327337666,-3.34573364982503,67
"1338",1.40220776308827,-3.34573364982503,67
"1339",1.84966919883887,-3.34573364982503,67
"1340",2.29713063458947,-3.34573364982503,67
"1341",-6.20463664467195,1.41617111207973,68
"1342",-5.75717520892135,-0.964781268872649,68
"1343",-5.30971377317074,-1.20287650696789,68
"1344",-4.86225233742014,-1.20287650696789,68
"1345",-4.41479090166954,-1.20287650696789,68
"1346",-3.96732946591894,-1.20287650696789,68
"1347",-3.51986803016834,-1.20287650696789,68
"1348",-3.07240659441774,-1.20287650696789,68
"1349",-2.62494515866714,-1.20287650696789,68
"1350",-2.17748372291654,-1.20287650696789,68
"1351",-1.73002228716594,-1.20287650696789,68
"1352",-1.28256085141534,-1.9171622212536,68
"1353",-0.835099415664737,-2.86954317363455,68
"1354",-0.387637979914136,-3.34573364982503,68
"1355",0.0598234558364643,-3.34573364982503,68
"1356",0.507284891587065,-3.34573364982503,68
"1357",0.954746327337666,-3.34573364982503,68
"1358",1.40220776308827,-3.34573364982503,68
"1359",1.84966919883887,-3.34573364982503,68
"1360",2.29713063458947,-3.34573364982503,68
"1361",-6.20463664467195,-1.20287650696789,69
"1362",-5.75717520892135,-1.20287650696789,69
"1363",-5.30971377317074,-1.20287650696789,69
"1364",-4.86225233742014,-1.20287650696789,69
"1365",-4.41479090166954,-1.20287650696789,69
"1366",-3.96732946591894,-1.20287650696789,69
"1367",-3.51986803016834,-3.34573364982503,69
"1368",-3.07240659441774,-3.34573364982503,69
"1369",-2.62494515866714,-3.34573364982503,69
"1370",-2.17748372291654,-3.34573364982503,69
"1371",-1.73002228716594,-3.34573364982503,69
"1372",-1.28256085141534,-3.34573364982503,69
"1373",-0.835099415664737,-3.34573364982503,69
"1374",-0.387637979914136,-3.34573364982503,69
"1375",0.0598234558364643,-3.34573364982503,69
"1376",0.507284891587065,-3.34573364982503,69
"1377",0.954746327337666,-3.34573364982503,69
"1378",1.40220776308827,-3.34573364982503,69
"1379",1.84966919883887,-3.34573364982503,69
"1380",2.29713063458947,-3.34573364982503,69
"1381",-6.20463664467195,-0.726686030777411,70
"1382",-5.75717520892135,-0.726686030777411,70
"1383",-5.30971377317074,-0.964781268872649,70
"1384",-4.86225233742014,-0.964781268872649,70
"1385",-4.41479090166954,-1.20287650696789,70
"1386",-3.96732946591894,-1.20287650696789,70
"1387",-3.51986803016834,-3.34573364982503,70
"1388",-3.07240659441774,-3.34573364982503,70
"1389",-2.62494515866714,-3.34573364982503,70
"1390",-2.17748372291654,-3.34573364982503,70
"1391",-1.73002228716594,-3.34573364982503,70
"1392",-1.28256085141534,-3.34573364982503,70
"1393",-0.835099415664737,-3.34573364982503,70
"1394",-0.387637979914136,-3.34573364982503,70
"1395",0.0598234558364643,-3.34573364982503,70
"1396",0.507284891587065,-3.34573364982503,70
"1397",0.954746327337666,-3.34573364982503,70
"1398",1.40220776308827,-3.34573364982503,70
"1399",1.84966919883887,-3.34573364982503,70
"1400",2.29713063458947,-3.34573364982503,70
"1401",-6.20463664467195,1.41617111207973,71
"1402",-5.75717520892135,1.41617111207973,71
"1403",-5.30971377317074,1.41617111207973,71
"1404",-4.86225233742014,1.41617111207973,71
"1405",-4.41479090166954,1.41617111207973,71
"1406",-3.96732946591894,-1.67906698315836,71
"1407",-3.51986803016834,-1.67906698315836,71
"1408",-3.07240659441774,-1.67906698315836,71
"1409",-2.62494515866714,-1.67906698315836,71
"1410",-2.17748372291654,-1.67906698315836,71
"1411",-1.73002228716594,-2.15525745934884,71
"1412",-1.28256085141534,-3.34573364982503,71
"1413",-0.835099415664737,-3.34573364982503,71
"1414",-0.387637979914136,-3.34573364982503,71
"1415",0.0598234558364643,-3.34573364982503,71
"1416",0.507284891587065,-3.34573364982503,71
"1417",0.954746327337666,-3.34573364982503,71
"1418",1.40220776308827,-3.34573364982503,71
"1419",1.84966919883887,-3.34573364982503,71
"1420",2.29713063458947,-3.34573364982503,71
"1421",-6.20463664467195,-1.20287650696789,72
"1422",-5.75717520892135,-1.20287650696789,72
"1423",-5.30971377317074,-1.20287650696789,72
"1424",-4.86225233742014,-1.20287650696789,72
"1425",-4.41479090166954,-1.20287650696789,72
"1426",-3.96732946591894,-1.20287650696789,72
"1427",-3.51986803016834,-1.20287650696789,72
"1428",-3.07240659441774,-1.20287650696789,72
"1429",-2.62494515866714,-1.20287650696789,72
"1430",-2.17748372291654,-3.34573364982503,72
"1431",-1.73002228716594,-3.34573364982503,72
"1432",-1.28256085141534,-3.34573364982503,72
"1433",-0.835099415664737,-3.34573364982503,72
"1434",-0.387637979914136,-3.34573364982503,72
"1435",0.0598234558364643,-3.34573364982503,72
"1436",0.507284891587065,-3.34573364982503,72
"1437",0.954746327337666,-3.34573364982503,72
"1438",1.40220776308827,-3.34573364982503,72
"1439",1.84966919883887,-3.34573364982503,72
"1440",2.29713063458947,-3.34573364982503,72
"1441",-6.20463664467195,-0.488590792682174,73
"1442",-5.75717520892135,-0.488590792682174,73
"1443",-5.30971377317074,-0.726686030777411,73
"1444",-4.86225233742014,-0.964781268872649,73
"1445",-4.41479090166954,-1.20287650696789,73
"1446",-3.96732946591894,-1.20287650696789,73
"1447",-3.51986803016834,-1.44097174506313,73
"1448",-3.07240659441774,-1.67906698315836,73
"1449",-2.62494515866714,-1.67906698315836,73
"1450",-2.17748372291654,-3.34573364982503,73
"1451",-1.73002228716594,-3.34573364982503,73
"1452",-1.28256085141534,-3.34573364982503,73
"1453",-0.835099415664737,-3.34573364982503,73
"1454",-0.387637979914136,-3.34573364982503,73
"1455",0.0598234558364643,-3.34573364982503,73
"1456",0.507284891587065,-3.34573364982503,73
"1457",0.954746327337666,-3.34573364982503,73
"1458",1.40220776308827,-3.34573364982503,73
"1459",1.84966919883887,-3.34573364982503,73
"1460",2.29713063458947,-3.34573364982503,73
"1461",-6.20463664467195,-0.0124003164916973,74
"1462",-5.75717520892135,-0.250495554586935,74
"1463",-5.30971377317074,-0.250495554586935,74
"1464",-4.86225233742014,-0.488590792682174,74
"1465",-4.41479090166954,-0.964781268872649,74
"1466",-3.96732946591894,-1.44097174506313,74
"1467",-3.51986803016834,-1.9171622212536,74
"1468",-3.07240659441774,-2.39335269744408,74
"1469",-2.62494515866714,-3.34573364982503,74
"1470",-2.17748372291654,-3.34573364982503,74
"1471",-1.73002228716594,-3.34573364982503,74
"1472",-1.28256085141534,-3.34573364982503,74
"1473",-0.835099415664737,-3.34573364982503,74
"1474",-0.387637979914136,-3.34573364982503,74
"1475",0.0598234558364643,-3.34573364982503,74
"1476",0.507284891587065,-3.34573364982503,74
"1477",0.954746327337666,-3.34573364982503,74
"1478",1.40220776308827,-3.34573364982503,74
"1479",1.84966919883887,-3.34573364982503,74
"1480",2.29713063458947,-3.34573364982503,74
"1481",-6.20463664467195,1.41617111207973,75
"1482",-5.75717520892135,1.41617111207973,75
"1483",-5.30971377317074,1.41617111207973,75
"1484",-4.86225233742014,1.41617111207973,75
"1485",-4.41479090166954,1.41617111207973,75
"1486",-3.96732946591894,-1.67906698315836,75
"1487",-3.51986803016834,-1.9171622212536,75
"1488",-3.07240659441774,-1.9171622212536,75
"1489",-2.62494515866714,-1.9171622212536,75
"1490",-2.17748372291654,-1.9171622212536,75
"1491",-1.73002228716594,-1.9171622212536,75
"1492",-1.28256085141534,-2.39335269744408,75
"1493",-0.835099415664737,-3.10763841172979,75
"1494",-0.387637979914136,-3.34573364982503,75
"1495",0.0598234558364643,-3.34573364982503,75
"1496",0.507284891587065,-3.34573364982503,75
"1497",0.954746327337666,-3.34573364982503,75
"1498",1.40220776308827,-3.34573364982503,75
"1499",1.84966919883887,-3.34573364982503,75
"1500",2.29713063458947,-3.34573364982503,75
"1501",-6.20463664467195,-0.488590792682174,76
"1502",-5.75717520892135,-0.726686030777411,76
"1503",-5.30971377317074,-0.964781268872649,76
"1504",-4.86225233742014,-0.964781268872649,76
"1505",-4.41479090166954,-1.20287650696789,76
"1506",-3.96732946591894,-1.20287650696789,76
"1507",-3.51986803016834,-1.44097174506313,76
"1508",-3.07240659441774,-1.44097174506313,76
"1509",-2.62494515866714,-3.34573364982503,76
"1510",-2.17748372291654,-3.34573364982503,76
"1511",-1.73002228716594,-3.34573364982503,76
"1512",-1.28256085141534,-3.34573364982503,76
"1513",-0.835099415664737,-3.34573364982503,76
"1514",-0.387637979914136,-3.34573364982503,76
"1515",0.0598234558364643,-3.34573364982503,76
"1516",0.507284891587065,-3.34573364982503,76
"1517",0.954746327337666,-3.34573364982503,76
"1518",1.40220776308827,-3.34573364982503,76
"1519",1.84966919883887,-3.34573364982503,76
"1520",2.29713063458947,-3.34573364982503,76
"1521",-6.20463664467195,-0.488590792682174,77
"1522",-5.75717520892135,-0.726686030777411,77
"1523",-5.30971377317074,-0.964781268872649,77
"1524",-4.86225233742014,-0.964781268872649,77
"1525",-4.41479090166954,-1.20287650696789,77
"1526",-3.96732946591894,-1.20287650696789,77
"1527",-3.51986803016834,-1.44097174506313,77
"1528",-3.07240659441774,-1.44097174506313,77
"1529",-2.62494515866714,-1.44097174506313,77
"1530",-2.17748372291654,-1.44097174506313,77
"1531",-1.73002228716594,-1.67906698315836,77
"1532",-1.28256085141534,-2.63144793553932,77
"1533",-0.835099415664737,-3.34573364982503,77
"1534",-0.387637979914136,-3.34573364982503,77
"1535",0.0598234558364643,-3.34573364982503,77
"1536",0.507284891587065,-3.34573364982503,77
"1537",0.954746327337666,-3.34573364982503,77
"1538",1.40220776308827,-3.34573364982503,77
"1539",1.84966919883887,-3.34573364982503,77
"1540",2.29713063458947,-3.34573364982503,77
"1541",-6.20463664467195,1.41617111207973,78
"1542",-5.75717520892135,1.41617111207973,78
"1543",-5.30971377317074,1.41617111207973,78
"1544",-4.86225233742014,1.41617111207973,78
"1545",-4.41479090166954,1.41617111207973,78
"1546",-3.96732946591894,-1.44097174506313,78
"1547",-3.51986803016834,-1.44097174506313,78
"1548",-3.07240659441774,-1.67906698315836,78
"1549",-2.62494515866714,-3.10763841172979,78
"1550",-2.17748372291654,-3.34573364982503,78
"1551",-1.73002228716594,-3.34573364982503,78
"1552",-1.28256085141534,-3.34573364982503,78
"1553",-0.835099415664737,-3.34573364982503,78
"1554",-0.387637979914136,-3.34573364982503,78
"1555",0.0598234558364643,-3.34573364982503,78
"1556",0.507284891587065,-3.34573364982503,78
"1557",0.954746327337666,-3.34573364982503,78
"1558",1.40220776308827,-3.34573364982503,78
"1559",1.84966919883887,-3.34573364982503,78
"1560",2.29713063458947,-3.34573364982503,78
"1561",-6.20463664467195,-1.20287650696789,79
"1562",-5.75717520892135,-1.20287650696789,79
"1563",-5.30971377317074,-1.20287650696789,79
"1564",-4.86225233742014,-1.20287650696789,79
"1565",-4.41479090166954,-1.20287650696789,79
"1566",-3.96732946591894,-1.20287650696789,79
"1567",-3.51986803016834,-1.20287650696789,79
"1568",-3.07240659441774,-1.44097174506313,79
"1569",-2.62494515866714,-1.44097174506313,79
"1570",-2.17748372291654,-1.9171622212536,79
"1571",-1.73002228716594,-2.86954317363455,79
"1572",-1.28256085141534,-3.34573364982503,79
"1573",-0.835099415664737,-3.34573364982503,79
"1574",-0.387637979914136,-3.34573364982503,79
"1575",0.0598234558364643,-3.34573364982503,79
"1576",0.507284891587065,-3.34573364982503,79
"1577",0.954746327337666,-3.34573364982503,79
"1578",1.40220776308827,-3.34573364982503,79
"1579",1.84966919883887,-3.34573364982503,79
"1580",2.29713063458947,-3.34573364982503,79
"1581",-6.20463664467195,-0.726686030777411,80
"1582",-5.75717520892135,-0.964781268872649,80
"1583",-5.30971377317074,-0.964781268872649,80
"1584",-4.86225233742014,-1.20287650696789,80
"1585",-4.41479090166954,-1.20287650696789,80
"1586",-3.96732946591894,-1.20287650696789,80
"1587",-3.51986803016834,-1.20287650696789,80
"1588",-3.07240659441774,-1.44097174506313,80
"1589",-2.62494515866714,-1.44097174506313,80
"1590",-2.17748372291654,-1.44097174506313,80
"1591",-1.73002228716594,-3.10763841172979,80
"1592",-1.28256085141534,-3.34573364982503,80
"1593",-0.835099415664737,-3.34573364982503,80
"1594",-0.387637979914136,-3.34573364982503,80
"1595",0.0598234558364643,-3.34573364982503,80
"1596",0.507284891587065,-3.34573364982503,80
"1597",0.954746327337666,-3.34573364982503,80
"1598",1.40220776308827,-3.34573364982503,80
"1599",1.84966919883887,-3.34573364982503,80
"1600",2.29713063458947,-3.34573364982503,80
"1601",-6.20463664467195,1.41617111207973,81
"1602",-5.75717520892135,1.41617111207973,81
"1603",-5.30971377317074,1.41617111207973,81
"1604",-4.86225233742014,-0.250495554586935,81
"1605",-4.41479090166954,-0.964781268872649,81
"1606",-3.96732946591894,-1.67906698315836,81
"1607",-3.51986803016834,-3.34573364982503,81
"1608",-3.07240659441774,-3.34573364982503,81
"1609",-2.62494515866714,-3.34573364982503,81
"1610",-2.17748372291654,-3.34573364982503,81
"1611",-1.73002228716594,-3.34573364982503,81
"1612",-1.28256085141534,-3.34573364982503,81
"1613",-0.835099415664737,-3.34573364982503,81
"1614",-0.387637979914136,-3.34573364982503,81
"1615",0.0598234558364643,-3.34573364982503,81
"1616",0.507284891587065,-3.34573364982503,81
"1617",0.954746327337666,-3.34573364982503,81
"1618",1.40220776308827,-3.34573364982503,81
"1619",1.84966919883887,-3.34573364982503,81
"1620",2.29713063458947,-3.34573364982503,81
"1621",-6.20463664467195,-0.964781268872649,82
"1622",-5.75717520892135,-0.964781268872649,82
"1623",-5.30971377317074,-0.964781268872649,82
"1624",-4.86225233742014,-1.20287650696789,82
"1625",-4.41479090166954,-1.20287650696789,82
"1626",-3.96732946591894,-1.20287650696789,82
"1627",-3.51986803016834,-1.20287650696789,82
"1628",-3.07240659441774,-1.44097174506313,82
"1629",-2.62494515866714,-1.44097174506313,82
"1630",-2.17748372291654,-1.44097174506313,82
"1631",-1.73002228716594,-2.39335269744408,82
"1632",-1.28256085141534,-3.34573364982503,82
"1633",-0.835099415664737,-3.34573364982503,82
"1634",-0.387637979914136,-3.34573364982503,82
"1635",0.0598234558364643,-3.34573364982503,82
"1636",0.507284891587065,-3.34573364982503,82
"1637",0.954746327337666,-3.34573364982503,82
"1638",1.40220776308827,-3.34573364982503,82
"1639",1.84966919883887,-3.34573364982503,82
"1640",2.29713063458947,-3.34573364982503,82
"1641",-6.20463664467195,1.41617111207973,83
"1642",-5.75717520892135,1.41617111207973,83
"1643",-5.30971377317074,-0.250495554586935,83
"1644",-4.86225233742014,-0.726686030777411,83
"1645",-4.41479090166954,-1.20287650696789,83
"1646",-3.96732946591894,-1.44097174506313,83
"1647",-3.51986803016834,-1.44097174506313,83
"1648",-3.07240659441774,-1.67906698315836,83
"1649",-2.62494515866714,-1.9171622212536,83
"1650",-2.17748372291654,-1.9171622212536,83
"1651",-1.73002228716594,-2.63144793553932,83
"1652",-1.28256085141534,-3.34573364982503,83
"1653",-0.835099415664737,-3.34573364982503,83
"1654",-0.387637979914136,-3.34573364982503,83
"1655",0.0598234558364643,-3.34573364982503,83
"1656",0.507284891587065,-3.34573364982503,83
"1657",0.954746327337666,-3.34573364982503,83
"1658",1.40220776308827,-3.34573364982503,83
"1659",1.84966919883887,-3.34573364982503,83
"1660",2.29713063458947,-3.34573364982503,83
"1661",-6.20463664467195,1.41617111207973,84
"1662",-5.75717520892135,-0.726686030777411,84
"1663",-5.30971377317074,-0.964781268872649,84
"1664",-4.86225233742014,-0.964781268872649,84
"1665",-4.41479090166954,-1.20287650696789,84
"1666",-3.96732946591894,-1.20287650696789,84
"1667",-3.51986803016834,-1.44097174506313,84
"1668",-3.07240659441774,-1.44097174506313,84
"1669",-2.62494515866714,-1.67906698315836,84
"1670",-2.17748372291654,-1.9171622212536,84
"1671",-1.73002228716594,-2.39335269744408,84
"1672",-1.28256085141534,-2.63144793553932,84
"1673",-0.835099415664737,-2.63144793553932,84
"1674",-0.387637979914136,-2.63144793553932,84
"1675",0.0598234558364643,-2.63144793553932,84
"1676",0.507284891587065,-2.63144793553932,84
"1677",0.954746327337666,-2.63144793553932,84
"1678",1.40220776308827,-2.63144793553932,84
"1679",1.84966919883887,-2.63144793553932,84
"1680",2.29713063458947,-2.63144793553932,84
"1681",-6.20463664467195,1.41617111207973,85
"1682",-5.75717520892135,1.41617111207973,85
"1683",-5.30971377317074,-0.726686030777411,85
"1684",-4.86225233742014,-0.964781268872649,85
"1685",-4.41479090166954,-1.20287650696789,85
"1686",-3.96732946591894,-1.20287650696789,85
"1687",-3.51986803016834,-1.44097174506313,85
"1688",-3.07240659441774,-3.34573364982503,85
"1689",-2.62494515866714,-3.34573364982503,85
"1690",-2.17748372291654,-3.34573364982503,85
"1691",-1.73002228716594,-3.34573364982503,85
"1692",-1.28256085141534,-3.34573364982503,85
"1693",-0.835099415664737,-3.34573364982503,85
"1694",-0.387637979914136,-3.34573364982503,85
"1695",0.0598234558364643,-3.34573364982503,85
"1696",0.507284891587065,-3.34573364982503,85
"1697",0.954746327337666,-3.34573364982503,85
"1698",1.40220776308827,-3.34573364982503,85
"1699",1.84966919883887,-3.34573364982503,85
"1700",2.29713063458947,-3.34573364982503,85
"1701",-6.20463664467195,-0.250495554586935,86
"1702",-5.75717520892135,-0.488590792682174,86
"1703",-5.30971377317074,-0.726686030777411,86
"1704",-4.86225233742014,-0.964781268872649,86
"1705",-4.41479090166954,-1.20287650696789,86
"1706",-3.96732946591894,-1.44097174506313,86
"1707",-3.51986803016834,-1.44097174506313,86
"1708",-3.07240659441774,-1.67906698315836,86
"1709",-2.62494515866714,-1.9171622212536,86
"1710",-2.17748372291654,-2.15525745934884,86
"1711",-1.73002228716594,-3.34573364982503,86
"1712",-1.28256085141534,-3.34573364982503,86
"1713",-0.835099415664737,-3.34573364982503,86
"1714",-0.387637979914136,-3.34573364982503,86
"1715",0.0598234558364643,-3.34573364982503,86
"1716",0.507284891587065,-3.34573364982503,86
"1717",0.954746327337666,-3.34573364982503,86
"1718",1.40220776308827,-3.34573364982503,86
"1719",1.84966919883887,-3.34573364982503,86
"1720",2.29713063458947,-3.34573364982503,86
"1721",-6.20463664467195,-1.20287650696789,87
"1722",-5.75717520892135,-1.20287650696789,87
"1723",-5.30971377317074,-1.20287650696789,87
"1724",-4.86225233742014,-1.20287650696789,87
"1725",-4.41479090166954,-1.20287650696789,87
"1726",-3.96732946591894,-1.20287650696789,87
"1727",-3.51986803016834,-1.20287650696789,87
"1728",-3.07240659441774,-1.20287650696789,87
"1729",-2.62494515866714,-1.20287650696789,87
"1730",-2.17748372291654,-1.20287650696789,87
"1731",-1.73002228716594,-1.20287650696789,87
"1732",-1.28256085141534,-2.39335269744408,87
"1733",-0.835099415664737,-3.34573364982503,87
"1734",-0.387637979914136,-3.34573364982503,87
"1735",0.0598234558364643,-3.34573364982503,87
"1736",0.507284891587065,-3.34573364982503,87
"1737",0.954746327337666,-3.34573364982503,87
"1738",1.40220776308827,-3.34573364982503,87
"1739",1.84966919883887,-3.34573364982503,87
"1740",2.29713063458947,-3.34573364982503,87
"1741",-6.20463664467195,0.225694921603541,88
"1742",-5.75717520892135,-0.250495554586935,88
"1743",-5.30971377317074,-0.726686030777411,88
"1744",-4.86225233742014,-0.964781268872649,88
"1745",-4.41479090166954,-1.20287650696789,88
"1746",-3.96732946591894,-1.20287650696789,88
"1747",-3.51986803016834,-1.44097174506313,88
"1748",-3.07240659441774,-1.67906698315836,88
"1749",-2.62494515866714,-1.67906698315836,88
"1750",-2.17748372291654,-1.67906698315836,88
"1751",-1.73002228716594,-1.9171622212536,88
"1752",-1.28256085141534,-1.9171622212536,88
"1753",-0.835099415664737,-2.15525745934884,88
"1754",-0.387637979914136,-2.39335269744408,88
"1755",0.0598234558364643,-2.63144793553932,88
"1756",0.507284891587065,-2.63144793553932,88
"1757",0.954746327337666,-2.86954317363455,88
"1758",1.40220776308827,-2.86954317363455,88
"1759",1.84966919883887,-2.86954317363455,88
"1760",2.29713063458947,-2.86954317363455,88
"1761",-6.20463664467195,-1.20287650696789,89
"1762",-5.75717520892135,-1.20287650696789,89
"1763",-5.30971377317074,-1.20287650696789,89
"1764",-4.86225233742014,-1.20287650696789,89
"1765",-4.41479090166954,-1.20287650696789,89
"1766",-3.96732946591894,-1.20287650696789,89
"1767",-3.51986803016834,-2.39335269744408,89
"1768",-3.07240659441774,-3.34573364982503,89
"1769",-2.62494515866714,-3.34573364982503,89
"1770",-2.17748372291654,-3.34573364982503,89
"1771",-1.73002228716594,-3.34573364982503,89
"1772",-1.28256085141534,-3.34573364982503,89
"1773",-0.835099415664737,-3.34573364982503,89
"1774",-0.387637979914136,-3.34573364982503,89
"1775",0.0598234558364643,-3.34573364982503,89
"1776",0.507284891587065,-3.34573364982503,89
"1777",0.954746327337666,-3.34573364982503,89
"1778",1.40220776308827,-3.34573364982503,89
"1779",1.84966919883887,-3.34573364982503,89
"1780",2.29713063458947,-3.34573364982503,89
"1781",-6.20463664467195,-0.726686030777411,90
"1782",-5.75717520892135,-0.964781268872649,90
"1783",-5.30971377317074,-0.964781268872649,90
"1784",-4.86225233742014,-1.20287650696789,90
"1785",-4.41479090166954,-1.20287650696789,90
"1786",-3.96732946591894,-1.20287650696789,90
"1787",-3.51986803016834,-1.44097174506313,90
"1788",-3.07240659441774,-1.44097174506313,90
"1789",-2.62494515866714,-1.44097174506313,90
"1790",-2.17748372291654,-1.67906698315836,90
"1791",-1.73002228716594,-3.34573364982503,90
"1792",-1.28256085141534,-3.34573364982503,90
"1793",-0.835099415664737,-3.34573364982503,90
"1794",-0.387637979914136,-3.34573364982503,90
"1795",0.0598234558364643,-3.34573364982503,90
"1796",0.507284891587065,-3.34573364982503,90
"1797",0.954746327337666,-3.34573364982503,90
"1798",1.40220776308827,-3.34573364982503,90
"1799",1.84966919883887,-3.34573364982503,90
"1800",2.29713063458947,-3.34573364982503,90
"1801",-6.20463664467195,-0.0124003164916973,91
"1802",-5.75717520892135,-0.250495554586935,91
"1803",-5.30971377317074,-0.488590792682174,91
"1804",-4.86225233742014,-0.726686030777411,91
"1805",-4.41479090166954,-0.964781268872649,91
"1806",-3.96732946591894,-3.34573364982503,91
"1807",-3.51986803016834,-3.34573364982503,91
"1808",-3.07240659441774,-3.34573364982503,91
"1809",-2.62494515866714,-3.34573364982503,91
"1810",-2.17748372291654,-3.34573364982503,91
"1811",-1.73002228716594,-3.34573364982503,91
"1812",-1.28256085141534,-3.34573364982503,91
"1813",-0.835099415664737,-3.34573364982503,91
"1814",-0.387637979914136,-3.34573364982503,91
"1815",0.0598234558364643,-3.34573364982503,91
"1816",0.507284891587065,-3.34573364982503,91
"1817",0.954746327337666,-3.34573364982503,91
"1818",1.40220776308827,-3.34573364982503,91
"1819",1.84966919883887,-3.34573364982503,91
"1820",2.29713063458947,-3.34573364982503,91
"1821",-6.20463664467195,1.41617111207973,92
"1822",-5.75717520892135,0.939980635889255,92
"1823",-5.30971377317074,-0.250495554586935,92
"1824",-4.86225233742014,-0.726686030777411,92
"1825",-4.41479090166954,-1.20287650696789,92
"1826",-3.96732946591894,-1.44097174506313,92
"1827",-3.51986803016834,-1.67906698315836,92
"1828",-3.07240659441774,-1.67906698315836,92
"1829",-2.62494515866714,-1.9171622212536,92
"1830",-2.17748372291654,-2.15525745934884,92
"1831",-1.73002228716594,-2.63144793553932,92
"1832",-1.28256085141534,-2.86954317363455,92
"1833",-0.835099415664737,-2.86954317363455,92
"1834",-0.387637979914136,-2.86954317363455,92
"1835",0.0598234558364643,-2.86954317363455,92
"1836",0.507284891587065,-3.10763841172979,92
"1837",0.954746327337666,-3.10763841172979,92
"1838",1.40220776308827,-3.10763841172979,92
"1839",1.84966919883887,-3.10763841172979,92
"1840",2.29713063458947,-3.10763841172979,92
"1841",-6.20463664467195,1.41617111207973,93
"1842",-5.75717520892135,1.41617111207973,93
"1843",-5.30971377317074,1.41617111207973,93
"1844",-4.86225233742014,1.17807587398449,93
"1845",-4.41479090166954,0.939980635889255,93
"1846",-3.96732946591894,-3.34573364982503,93
"1847",-3.51986803016834,-3.34573364982503,93
"1848",-3.07240659441774,-3.34573364982503,93
"1849",-2.62494515866714,-3.34573364982503,93
"1850",-2.17748372291654,-3.34573364982503,93
"1851",-1.73002228716594,-3.34573364982503,93
"1852",-1.28256085141534,-3.34573364982503,93
"1853",-0.835099415664737,-3.34573364982503,93
"1854",-0.387637979914136,-3.34573364982503,93
"1855",0.0598234558364643,-3.34573364982503,93
"1856",0.507284891587065,-3.34573364982503,93
"1857",0.954746327337666,-3.34573364982503,93
"1858",1.40220776308827,-3.34573364982503,93
"1859",1.84966919883887,-3.34573364982503,93
"1860",2.29713063458947,-3.34573364982503,93
"1861",-6.20463664467195,-1.20287650696789,94
"1862",-5.75717520892135,-1.20287650696789,94
"1863",-5.30971377317074,-1.20287650696789,94
"1864",-4.86225233742014,-1.20287650696789,94
"1865",-4.41479090166954,-1.20287650696789,94
"1866",-3.96732946591894,-1.20287650696789,94
"1867",-3.51986803016834,-1.20287650696789,94
"1868",-3.07240659441774,-1.20287650696789,94
"1869",-2.62494515866714,-3.10763841172979,94
"1870",-2.17748372291654,-3.34573364982503,94
"1871",-1.73002228716594,-3.34573364982503,94
"1872",-1.28256085141534,-3.34573364982503,94
"1873",-0.835099415664737,-3.34573364982503,94
"1874",-0.387637979914136,-3.34573364982503,94
"1875",0.0598234558364643,-3.34573364982503,94
"1876",0.507284891587065,-3.34573364982503,94
"1877",0.954746327337666,-3.34573364982503,94
"1878",1.40220776308827,-3.34573364982503,94
"1879",1.84966919883887,-3.34573364982503,94
"1880",2.29713063458947,-3.34573364982503,94
"1881",-6.20463664467195,1.41617111207973,95
"1882",-5.75717520892135,1.41617111207973,95
"1883",-5.30971377317074,1.41617111207973,95
"1884",-4.86225233742014,-0.250495554586935,95
"1885",-4.41479090166954,-0.964781268872649,95
"1886",-3.96732946591894,-1.44097174506313,95
"1887",-3.51986803016834,-1.67906698315836,95
"1888",-3.07240659441774,-1.9171622212536,95
"1889",-2.62494515866714,-2.15525745934884,95
"1890",-2.17748372291654,-2.15525745934884,95
"1891",-1.73002228716594,-2.39335269744408,95
"1892",-1.28256085141534,-2.86954317363455,95
"1893",-0.835099415664737,-3.34573364982503,95
"1894",-0.387637979914136,-3.34573364982503,95
"1895",0.0598234558364643,-3.34573364982503,95
"1896",0.507284891587065,-3.34573364982503,95
"1897",0.954746327337666,-3.34573364982503,95
"1898",1.40220776308827,-3.34573364982503,95
"1899",1.84966919883887,-3.34573364982503,95
"1900",2.29713063458947,-3.34573364982503,95
"1901",-6.20463664467195,-0.726686030777411,96
"1902",-5.75717520892135,-0.964781268872649,96
"1903",-5.30971377317074,-0.964781268872649,96
"1904",-4.86225233742014,-1.20287650696789,96
"1905",-4.41479090166954,-1.20287650696789,96
"1906",-3.96732946591894,-1.20287650696789,96
"1907",-3.51986803016834,-1.44097174506313,96
"1908",-3.07240659441774,-1.44097174506313,96
"1909",-2.62494515866714,-1.44097174506313,96
"1910",-2.17748372291654,-3.34573364982503,96
"1911",-1.73002228716594,-3.34573364982503,96
"1912",-1.28256085141534,-3.34573364982503,96
"1913",-0.835099415664737,-3.34573364982503,96
"1914",-0.387637979914136,-3.34573364982503,96
"1915",0.0598234558364643,-3.34573364982503,96
"1916",0.507284891587065,-3.34573364982503,96
"1917",0.954746327337666,-3.34573364982503,96
"1918",1.40220776308827,-3.34573364982503,96
"1919",1.84966919883887,-3.34573364982503,96
"1920",2.29713063458947,-3.34573364982503,96
"1921",-6.20463664467195,-1.20287650696789,97
"1922",-5.75717520892135,-1.20287650696789,97
"1923",-5.30971377317074,-1.20287650696789,97
"1924",-4.86225233742014,-1.20287650696789,97
"1925",-4.41479090166954,-1.20287650696789,97
"1926",-3.96732946591894,-1.20287650696789,97
"1927",-3.51986803016834,-1.20287650696789,97
"1928",-3.07240659441774,-1.20287650696789,97
"1929",-2.62494515866714,-1.20287650696789,97
"1930",-2.17748372291654,-1.20287650696789,97
"1931",-1.73002228716594,-1.44097174506313,97
"1932",-1.28256085141534,-3.10763841172979,97
"1933",-0.835099415664737,-3.34573364982503,97
"1934",-0.387637979914136,-3.34573364982503,97
"1935",0.0598234558364643,-3.34573364982503,97
"1936",0.507284891587065,-3.34573364982503,97
"1937",0.954746327337666,-3.34573364982503,97
"1938",1.40220776308827,-3.34573364982503,97
"1939",1.84966919883887,-3.34573364982503,97
"1940",2.29713063458947,-3.34573364982503,97
"1941",-6.20463664467195,-1.20287650696789,98
"1942",-5.75717520892135,-1.20287650696789,98
"1943",-5.30971377317074,-1.20287650696789,98
"1944",-4.86225233742014,-1.20287650696789,98
"1945",-4.41479090166954,-1.20287650696789,98
"1946",-3.96732946591894,-1.20287650696789,98
"1947",-3.51986803016834,-1.20287650696789,98
"1948",-3.07240659441774,-1.20287650696789,98
"1949",-2.62494515866714,-1.20287650696789,98
"1950",-2.17748372291654,-1.44097174506313,98
"1951",-1.73002228716594,-1.67906698315836,98
"1952",-1.28256085141534,-2.15525745934884,98
"1953",-0.835099415664737,-2.63144793553932,98
"1954",-0.387637979914136,-2.86954317363455,98
"1955",0.0598234558364643,-3.10763841172979,98
"1956",0.507284891587065,-3.10763841172979,98
"1957",0.954746327337666,-3.10763841172979,98
"1958",1.40220776308827,-3.10763841172979,98
"1959",1.84966919883887,-3.10763841172979,98
"1960",2.29713063458947,-3.10763841172979,98
"1961",-6.20463664467195,1.41617111207973,99
"1962",-5.75717520892135,1.41617111207973,99
"1963",-5.30971377317074,1.41617111207973,99
"1964",-4.86225233742014,1.41617111207973,99
"1965",-4.41479090166954,1.41617111207973,99
"1966",-3.96732946591894,-1.67906698315836,99
"1967",-3.51986803016834,-1.67906698315836,99
"1968",-3.07240659441774,-1.9171622212536,99
"1969",-2.62494515866714,-1.9171622212536,99
"1970",-2.17748372291654,-1.9171622212536,99
"1971",-1.73002228716594,-1.9171622212536,99
"1972",-1.28256085141534,-2.39335269744408,99
"1973",-0.835099415664737,-3.10763841172979,99
"1974",-0.387637979914136,-3.34573364982503,99
"1975",0.0598234558364643,-3.34573364982503,99
"1976",0.507284891587065,-3.34573364982503,99
"1977",0.954746327337666,-3.34573364982503,99
"1978",1.40220776308827,-3.34573364982503,99
"1979",1.84966919883887,-3.34573364982503,99
"1980",2.29713063458947,-3.34573364982503,99
"1981",-6.20463664467195,-0.726686030777411,100
"1982",-5.75717520892135,-0.726686030777411,100
"1983",-5.30971377317074,-0.726686030777411,100
"1984",-4.86225233742014,-1.20287650696789,100
"1985",-4.41479090166954,-1.20287650696789,100
"1986",-3.96732946591894,-1.20287650696789,100
"1987",-3.51986803016834,-1.20287650696789,100
"1988",-3.07240659441774,-1.20287650696789,100
"1989",-2.62494515866714,-1.20287650696789,100
"1990",-2.17748372291654,-3.34573364982503,100
"1991",-1.73002228716594,-3.34573364982503,100
"1992",-1.28256085141534,-3.34573364982503,100
"1993",-0.835099415664737,-3.34573364982503,100
"1994",-0.387637979914136,-3.34573364982503,100
"1995",0.0598234558364643,-3.34573364982503,100
"1996",0.507284891587065,-3.34573364982503,100
"1997",0.954746327337666,-3.34573364982503,100
"1998",1.40220776308827,-3.34573364982503,100
"1999",1.84966919883887,-3.34573364982503,100
"2000",2.29713063458947,-3.34573364982503,100
