"","x","y","sample"
"1",-6.743087236319,-1.25081798158716,1
"2",-6.26210937513061,-1.25081798158716,1
"3",-5.78113151394222,-1.25081798158716,1
"4",-5.30015365275383,-1.25081798158716,1
"5",-4.81917579156544,-1.95713292186044,1
"6",-4.33819793037705,-2.31029039199708,1
"7",-3.85722006918866,-2.66344786213372,1
"8",-3.37624220800027,-2.84002659720204,1
"9",-2.89526434681188,-3.01660533227036,1
"10",-2.41428648562349,-3.01660533227036,1
"11",-1.9333086244351,-3.19318406733868,1
"12",-1.45233076324671,-3.369762802407,1
"13",-0.971352902058324,-3.369762802407,1
"14",-0.490375040869933,-3.369762802407,1
"15",-0.00939717968154419,-3.369762802407,1
"16",0.471580681506846,-3.369762802407,1
"17",0.952558542695236,-3.369762802407,1
"18",1.43353640388363,-3.369762802407,1
"19",1.91451426507202,-3.369762802407,1
"20",2.39549212626041,-3.369762802407,1
"21",-6.743087236319,-1.25081798158716,2
"22",-6.26210937513061,-1.25081798158716,2
"23",-5.78113151394222,-1.42739671665548,2
"24",-5.30015365275383,-1.6039754517238,2
"25",-4.81917579156544,-1.95713292186044,2
"26",-4.33819793037705,-4.78239268295356,2
"27",-3.85722006918866,-4.78239268295356,2
"28",-3.37624220800027,-4.78239268295356,2
"29",-2.89526434681188,-4.78239268295356,2
"30",-2.41428648562349,-4.78239268295356,2
"31",-1.9333086244351,-4.78239268295356,2
"32",-1.45233076324671,-4.78239268295356,2
"33",-0.971352902058324,-4.78239268295356,2
"34",-0.490375040869933,-4.78239268295356,2
"35",-0.00939717968154419,-4.78239268295356,2
"36",0.471580681506846,-4.78239268295356,2
"37",0.952558542695236,-4.78239268295356,2
"38",1.43353640388363,-4.78239268295356,2
"39",1.91451426507202,-4.78239268295356,2
"40",2.39549212626041,-4.78239268295356,2
"41",-6.743087236319,-1.25081798158716,3
"42",-6.26210937513061,-1.25081798158716,3
"43",-5.78113151394222,-1.25081798158716,3
"44",-5.30015365275383,-1.25081798158716,3
"45",-4.81917579156544,-1.78055418679212,3
"46",-4.33819793037705,-2.84002659720204,3
"47",-3.85722006918866,-3.19318406733868,3
"48",-3.37624220800027,-3.54634153747532,3
"49",-2.89526434681188,-3.72292027254364,3
"50",-2.41428648562349,-3.89949900761196,3
"51",-1.9333086244351,-4.07607774268028,3
"52",-1.45233076324671,-4.2526564777486,3
"53",-0.971352902058324,-4.42923521281692,3
"54",-0.490375040869933,-4.42923521281692,3
"55",-0.00939717968154419,-4.78239268295356,3
"56",0.471580681506846,-4.78239268295356,3
"57",0.952558542695236,-4.78239268295356,3
"58",1.43353640388363,-4.78239268295356,3
"59",1.91451426507202,-4.78239268295356,3
"60",2.39549212626041,-4.78239268295356,3
"61",-6.743087236319,-1.25081798158716,4
"62",-6.26210937513061,-1.25081798158716,4
"63",-5.78113151394222,-1.6039754517238,4
"64",-5.30015365275383,-1.78055418679212,4
"65",-4.81917579156544,-1.95713292186044,4
"66",-4.33819793037705,-2.13371165692876,4
"67",-3.85722006918866,-2.31029039199708,4
"68",-3.37624220800027,-2.4868691270654,4
"69",-2.89526434681188,-2.4868691270654,4
"70",-2.41428648562349,-2.84002659720204,4
"71",-1.9333086244351,-3.19318406733868,4
"72",-1.45233076324671,-3.369762802407,4
"73",-0.971352902058324,-3.72292027254364,4
"74",-0.490375040869933,-3.89949900761196,4
"75",-0.00939717968154419,-4.07607774268028,4
"76",0.471580681506846,-4.07607774268028,4
"77",0.952558542695236,-4.2526564777486,4
"78",1.43353640388363,-4.2526564777486,4
"79",1.91451426507202,-4.2526564777486,4
"80",2.39549212626041,-4.2526564777486,4
"81",-6.743087236319,-1.25081798158716,5
"82",-6.26210937513061,-1.25081798158716,5
"83",-5.78113151394222,-1.25081798158716,5
"84",-5.30015365275383,-1.25081798158716,5
"85",-4.81917579156544,-1.6039754517238,5
"86",-4.33819793037705,-3.369762802407,5
"87",-3.85722006918866,-4.60581394788524,5
"88",-3.37624220800027,-4.78239268295356,5
"89",-2.89526434681188,-4.78239268295356,5
"90",-2.41428648562349,-4.78239268295356,5
"91",-1.9333086244351,-4.78239268295356,5
"92",-1.45233076324671,-4.78239268295356,5
"93",-0.971352902058324,-4.78239268295356,5
"94",-0.490375040869933,-4.78239268295356,5
"95",-0.00939717968154419,-4.78239268295356,5
"96",0.471580681506846,-4.78239268295356,5
"97",0.952558542695236,-4.78239268295356,5
"98",1.43353640388363,-4.78239268295356,5
"99",1.91451426507202,-4.78239268295356,5
"100",2.39549212626041,-4.78239268295356,5
"101",-6.743087236319,-1.25081798158716,6
"102",-6.26210937513061,-1.25081798158716,6
"103",-5.78113151394222,-1.25081798158716,6
"104",-5.30015365275383,-1.6039754517238,6
"105",-4.81917579156544,-1.95713292186044,6
"106",-4.33819793037705,-2.4868691270654,6
"107",-3.85722006918866,-4.07607774268028,6
"108",-3.37624220800027,-4.42923521281692,6
"109",-2.89526434681188,-4.78239268295356,6
"110",-2.41428648562349,-4.78239268295356,6
"111",-1.9333086244351,-4.78239268295356,6
"112",-1.45233076324671,-4.78239268295356,6
"113",-0.971352902058324,-4.78239268295356,6
"114",-0.490375040869933,-4.78239268295356,6
"115",-0.00939717968154419,-4.78239268295356,6
"116",0.471580681506846,-4.78239268295356,6
"117",0.952558542695236,-4.78239268295356,6
"118",1.43353640388363,-4.78239268295356,6
"119",1.91451426507202,-4.78239268295356,6
"120",2.39549212626041,-4.78239268295356,6
"121",-6.743087236319,-1.25081798158716,7
"122",-6.26210937513061,-1.25081798158716,7
"123",-5.78113151394222,-1.25081798158716,7
"124",-5.30015365275383,-1.25081798158716,7
"125",-4.81917579156544,-1.25081798158716,7
"126",-4.33819793037705,-4.60581394788524,7
"127",-3.85722006918866,-4.78239268295356,7
"128",-3.37624220800027,-4.78239268295356,7
"129",-2.89526434681188,-4.78239268295356,7
"130",-2.41428648562349,-4.78239268295356,7
"131",-1.9333086244351,-4.78239268295356,7
"132",-1.45233076324671,-4.78239268295356,7
"133",-0.971352902058324,-4.78239268295356,7
"134",-0.490375040869933,-4.78239268295356,7
"135",-0.00939717968154419,-4.78239268295356,7
"136",0.471580681506846,-4.78239268295356,7
"137",0.952558542695236,-4.78239268295356,7
"138",1.43353640388363,-4.78239268295356,7
"139",1.91451426507202,-4.78239268295356,7
"140",2.39549212626041,-4.78239268295356,7
"141",-6.743087236319,-1.25081798158716,8
"142",-6.26210937513061,-1.25081798158716,8
"143",-5.78113151394222,-1.25081798158716,8
"144",-5.30015365275383,-1.25081798158716,8
"145",-4.81917579156544,-1.42739671665548,8
"146",-4.33819793037705,-3.54634153747532,8
"147",-3.85722006918866,-4.2526564777486,8
"148",-3.37624220800027,-4.78239268295356,8
"149",-2.89526434681188,-4.78239268295356,8
"150",-2.41428648562349,-4.78239268295356,8
"151",-1.9333086244351,-4.78239268295356,8
"152",-1.45233076324671,-4.78239268295356,8
"153",-0.971352902058324,-4.78239268295356,8
"154",-0.490375040869933,-4.78239268295356,8
"155",-0.00939717968154419,-4.78239268295356,8
"156",0.471580681506846,-4.78239268295356,8
"157",0.952558542695236,-4.78239268295356,8
"158",1.43353640388363,-4.78239268295356,8
"159",1.91451426507202,-4.78239268295356,8
"160",2.39549212626041,-4.78239268295356,8
"161",-6.743087236319,-1.25081798158716,9
"162",-6.26210937513061,-1.25081798158716,9
"163",-5.78113151394222,-1.25081798158716,9
"164",-5.30015365275383,-1.25081798158716,9
"165",-4.81917579156544,-1.78055418679212,9
"166",-4.33819793037705,-3.54634153747532,9
"167",-3.85722006918866,-4.07607774268028,9
"168",-3.37624220800027,-4.42923521281692,9
"169",-2.89526434681188,-4.42923521281692,9
"170",-2.41428648562349,-4.60581394788524,9
"171",-1.9333086244351,-4.60581394788524,9
"172",-1.45233076324671,-4.60581394788524,9
"173",-0.971352902058324,-4.60581394788524,9
"174",-0.490375040869933,-4.60581394788524,9
"175",-0.00939717968154419,-4.60581394788524,9
"176",0.471580681506846,-4.60581394788524,9
"177",0.952558542695236,-4.60581394788524,9
"178",1.43353640388363,-4.60581394788524,9
"179",1.91451426507202,-4.60581394788524,9
"180",2.39549212626041,-4.60581394788524,9
"181",-6.743087236319,-1.25081798158716,10
"182",-6.26210937513061,-1.25081798158716,10
"183",-5.78113151394222,-1.25081798158716,10
"184",-5.30015365275383,-1.25081798158716,10
"185",-4.81917579156544,-1.78055418679212,10
"186",-4.33819793037705,-2.66344786213372,10
"187",-3.85722006918866,-3.369762802407,10
"188",-3.37624220800027,-3.89949900761196,10
"189",-2.89526434681188,-4.2526564777486,10
"190",-2.41428648562349,-4.60581394788524,10
"191",-1.9333086244351,-4.78239268295356,10
"192",-1.45233076324671,-4.78239268295356,10
"193",-0.971352902058324,-4.78239268295356,10
"194",-0.490375040869933,-4.78239268295356,10
"195",-0.00939717968154419,-4.78239268295356,10
"196",0.471580681506846,-4.78239268295356,10
"197",0.952558542695236,-4.78239268295356,10
"198",1.43353640388363,-4.78239268295356,10
"199",1.91451426507202,-4.78239268295356,10
"200",2.39549212626041,-4.78239268295356,10
"201",-6.743087236319,-1.25081798158716,11
"202",-6.26210937513061,-1.25081798158716,11
"203",-5.78113151394222,-1.25081798158716,11
"204",-5.30015365275383,-1.25081798158716,11
"205",-4.81917579156544,-1.25081798158716,11
"206",-4.33819793037705,-3.89949900761196,11
"207",-3.85722006918866,-4.2526564777486,11
"208",-3.37624220800027,-4.42923521281692,11
"209",-2.89526434681188,-4.60581394788524,11
"210",-2.41428648562349,-4.60581394788524,11
"211",-1.9333086244351,-4.60581394788524,11
"212",-1.45233076324671,-4.60581394788524,11
"213",-0.971352902058324,-4.60581394788524,11
"214",-0.490375040869933,-4.60581394788524,11
"215",-0.00939717968154419,-4.60581394788524,11
"216",0.471580681506846,-4.60581394788524,11
"217",0.952558542695236,-4.60581394788524,11
"218",1.43353640388363,-4.60581394788524,11
"219",1.91451426507202,-4.78239268295356,11
"220",2.39549212626041,-4.78239268295356,11
"221",-6.743087236319,-1.25081798158716,12
"222",-6.26210937513061,-1.25081798158716,12
"223",-5.78113151394222,-1.25081798158716,12
"224",-5.30015365275383,-1.25081798158716,12
"225",-4.81917579156544,-1.78055418679212,12
"226",-4.33819793037705,-2.84002659720204,12
"227",-3.85722006918866,-4.07607774268028,12
"228",-3.37624220800027,-4.78239268295356,12
"229",-2.89526434681188,-4.78239268295356,12
"230",-2.41428648562349,-4.78239268295356,12
"231",-1.9333086244351,-4.78239268295356,12
"232",-1.45233076324671,-4.78239268295356,12
"233",-0.971352902058324,-4.78239268295356,12
"234",-0.490375040869933,-4.78239268295356,12
"235",-0.00939717968154419,-4.78239268295356,12
"236",0.471580681506846,-4.78239268295356,12
"237",0.952558542695236,-4.78239268295356,12
"238",1.43353640388363,-4.78239268295356,12
"239",1.91451426507202,-4.78239268295356,12
"240",2.39549212626041,-4.78239268295356,12
"241",-6.743087236319,-1.25081798158716,13
"242",-6.26210937513061,-1.25081798158716,13
"243",-5.78113151394222,-1.25081798158716,13
"244",-5.30015365275383,-1.25081798158716,13
"245",-4.81917579156544,-1.6039754517238,13
"246",-4.33819793037705,-4.42923521281692,13
"247",-3.85722006918866,-4.78239268295356,13
"248",-3.37624220800027,-4.78239268295356,13
"249",-2.89526434681188,-4.78239268295356,13
"250",-2.41428648562349,-4.78239268295356,13
"251",-1.9333086244351,-4.78239268295356,13
"252",-1.45233076324671,-4.78239268295356,13
"253",-0.971352902058324,-4.78239268295356,13
"254",-0.490375040869933,-4.78239268295356,13
"255",-0.00939717968154419,-4.78239268295356,13
"256",0.471580681506846,-4.78239268295356,13
"257",0.952558542695236,-4.78239268295356,13
"258",1.43353640388363,-4.78239268295356,13
"259",1.91451426507202,-4.78239268295356,13
"260",2.39549212626041,-4.78239268295356,13
"261",-6.743087236319,-1.25081798158716,14
"262",-6.26210937513061,-1.25081798158716,14
"263",-5.78113151394222,-1.6039754517238,14
"264",-5.30015365275383,-1.78055418679212,14
"265",-4.81917579156544,-1.95713292186044,14
"266",-4.33819793037705,-2.13371165692876,14
"267",-3.85722006918866,-2.31029039199708,14
"268",-3.37624220800027,-4.07607774268028,14
"269",-2.89526434681188,-4.42923521281692,14
"270",-2.41428648562349,-4.60581394788524,14
"271",-1.9333086244351,-4.60581394788524,14
"272",-1.45233076324671,-4.60581394788524,14
"273",-0.971352902058324,-4.60581394788524,14
"274",-0.490375040869933,-4.60581394788524,14
"275",-0.00939717968154419,-4.60581394788524,14
"276",0.471580681506846,-4.78239268295356,14
"277",0.952558542695236,-4.78239268295356,14
"278",1.43353640388363,-4.78239268295356,14
"279",1.91451426507202,-4.78239268295356,14
"280",2.39549212626041,-4.78239268295356,14
"281",-6.743087236319,-1.25081798158716,15
"282",-6.26210937513061,-1.25081798158716,15
"283",-5.78113151394222,-1.25081798158716,15
"284",-5.30015365275383,-1.6039754517238,15
"285",-4.81917579156544,-1.95713292186044,15
"286",-4.33819793037705,-2.31029039199708,15
"287",-3.85722006918866,-2.4868691270654,15
"288",-3.37624220800027,-2.66344786213372,15
"289",-2.89526434681188,-2.84002659720204,15
"290",-2.41428648562349,-3.01660533227036,15
"291",-1.9333086244351,-3.19318406733868,15
"292",-1.45233076324671,-3.369762802407,15
"293",-0.971352902058324,-3.369762802407,15
"294",-0.490375040869933,-3.54634153747532,15
"295",-0.00939717968154419,-3.54634153747532,15
"296",0.471580681506846,-3.72292027254364,15
"297",0.952558542695236,-3.72292027254364,15
"298",1.43353640388363,-3.72292027254364,15
"299",1.91451426507202,-3.72292027254364,15
"300",2.39549212626041,-3.72292027254364,15
"301",-6.743087236319,-1.25081798158716,16
"302",-6.26210937513061,-1.25081798158716,16
"303",-5.78113151394222,-1.25081798158716,16
"304",-5.30015365275383,-1.25081798158716,16
"305",-4.81917579156544,-1.95713292186044,16
"306",-4.33819793037705,-2.4868691270654,16
"307",-3.85722006918866,-2.84002659720204,16
"308",-3.37624220800027,-3.01660533227036,16
"309",-2.89526434681188,-3.19318406733868,16
"310",-2.41428648562349,-3.369762802407,16
"311",-1.9333086244351,-3.54634153747532,16
"312",-1.45233076324671,-3.54634153747532,16
"313",-0.971352902058324,-3.54634153747532,16
"314",-0.490375040869933,-3.54634153747532,16
"315",-0.00939717968154419,-3.72292027254364,16
"316",0.471580681506846,-3.72292027254364,16
"317",0.952558542695236,-3.72292027254364,16
"318",1.43353640388363,-3.72292027254364,16
"319",1.91451426507202,-3.72292027254364,16
"320",2.39549212626041,-3.72292027254364,16
"321",-6.743087236319,-1.25081798158716,17
"322",-6.26210937513061,-1.25081798158716,17
"323",-5.78113151394222,-1.25081798158716,17
"324",-5.30015365275383,-1.25081798158716,17
"325",-4.81917579156544,-1.25081798158716,17
"326",-4.33819793037705,-2.4868691270654,17
"327",-3.85722006918866,-2.84002659720204,17
"328",-3.37624220800027,-2.84002659720204,17
"329",-2.89526434681188,-3.01660533227036,17
"330",-2.41428648562349,-3.01660533227036,17
"331",-1.9333086244351,-3.01660533227036,17
"332",-1.45233076324671,-3.01660533227036,17
"333",-0.971352902058324,-3.01660533227036,17
"334",-0.490375040869933,-3.01660533227036,17
"335",-0.00939717968154419,-3.01660533227036,17
"336",0.471580681506846,-3.19318406733868,17
"337",0.952558542695236,-3.369762802407,17
"338",1.43353640388363,-3.369762802407,17
"339",1.91451426507202,-3.369762802407,17
"340",2.39549212626041,-3.369762802407,17
"341",-6.743087236319,-1.25081798158716,18
"342",-6.26210937513061,-1.25081798158716,18
"343",-5.78113151394222,-1.25081798158716,18
"344",-5.30015365275383,-1.25081798158716,18
"345",-4.81917579156544,-1.78055418679212,18
"346",-4.33819793037705,-2.4868691270654,18
"347",-3.85722006918866,-3.369762802407,18
"348",-3.37624220800027,-3.89949900761196,18
"349",-2.89526434681188,-4.07607774268028,18
"350",-2.41428648562349,-4.2526564777486,18
"351",-1.9333086244351,-4.60581394788524,18
"352",-1.45233076324671,-4.78239268295356,18
"353",-0.971352902058324,-4.78239268295356,18
"354",-0.490375040869933,-4.78239268295356,18
"355",-0.00939717968154419,-4.78239268295356,18
"356",0.471580681506846,-4.78239268295356,18
"357",0.952558542695236,-4.78239268295356,18
"358",1.43353640388363,-4.78239268295356,18
"359",1.91451426507202,-4.78239268295356,18
"360",2.39549212626041,-4.78239268295356,18
"361",-6.743087236319,-1.25081798158716,19
"362",-6.26210937513061,-1.25081798158716,19
"363",-5.78113151394222,-1.25081798158716,19
"364",-5.30015365275383,-1.25081798158716,19
"365",-4.81917579156544,-1.42739671665548,19
"366",-4.33819793037705,-3.89949900761196,19
"367",-3.85722006918866,-4.42923521281692,19
"368",-3.37624220800027,-4.78239268295356,19
"369",-2.89526434681188,-4.78239268295356,19
"370",-2.41428648562349,-4.78239268295356,19
"371",-1.9333086244351,-4.78239268295356,19
"372",-1.45233076324671,-4.78239268295356,19
"373",-0.971352902058324,-4.78239268295356,19
"374",-0.490375040869933,-4.78239268295356,19
"375",-0.00939717968154419,-4.78239268295356,19
"376",0.471580681506846,-4.78239268295356,19
"377",0.952558542695236,-4.78239268295356,19
"378",1.43353640388363,-4.78239268295356,19
"379",1.91451426507202,-4.78239268295356,19
"380",2.39549212626041,-4.78239268295356,19
"381",-6.743087236319,-1.25081798158716,20
"382",-6.26210937513061,-1.25081798158716,20
"383",-5.78113151394222,-1.25081798158716,20
"384",-5.30015365275383,-1.25081798158716,20
"385",-4.81917579156544,-1.95713292186044,20
"386",-4.33819793037705,-2.4868691270654,20
"387",-3.85722006918866,-3.01660533227036,20
"388",-3.37624220800027,-3.54634153747532,20
"389",-2.89526434681188,-4.07607774268028,20
"390",-2.41428648562349,-4.42923521281692,20
"391",-1.9333086244351,-4.78239268295356,20
"392",-1.45233076324671,-4.78239268295356,20
"393",-0.971352902058324,-4.78239268295356,20
"394",-0.490375040869933,-4.78239268295356,20
"395",-0.00939717968154419,-4.78239268295356,20
"396",0.471580681506846,-4.78239268295356,20
"397",0.952558542695236,-4.78239268295356,20
"398",1.43353640388363,-4.78239268295356,20
"399",1.91451426507202,-4.78239268295356,20
"400",2.39549212626041,-4.78239268295356,20
"401",-6.743087236319,-1.25081798158716,21
"402",-6.26210937513061,-1.25081798158716,21
"403",-5.78113151394222,-1.25081798158716,21
"404",-5.30015365275383,-1.25081798158716,21
"405",-4.81917579156544,-1.95713292186044,21
"406",-4.33819793037705,-2.31029039199708,21
"407",-3.85722006918866,-2.84002659720204,21
"408",-3.37624220800027,-3.19318406733868,21
"409",-2.89526434681188,-3.72292027254364,21
"410",-2.41428648562349,-4.78239268295356,21
"411",-1.9333086244351,-4.78239268295356,21
"412",-1.45233076324671,-4.78239268295356,21
"413",-0.971352902058324,-4.78239268295356,21
"414",-0.490375040869933,-4.78239268295356,21
"415",-0.00939717968154419,-4.78239268295356,21
"416",0.471580681506846,-4.78239268295356,21
"417",0.952558542695236,-4.78239268295356,21
"418",1.43353640388363,-4.78239268295356,21
"419",1.91451426507202,-4.78239268295356,21
"420",2.39549212626041,-4.78239268295356,21
"421",-6.743087236319,-1.25081798158716,22
"422",-6.26210937513061,-1.25081798158716,22
"423",-5.78113151394222,-1.25081798158716,22
"424",-5.30015365275383,-1.6039754517238,22
"425",-4.81917579156544,-1.95713292186044,22
"426",-4.33819793037705,-2.31029039199708,22
"427",-3.85722006918866,-2.66344786213372,22
"428",-3.37624220800027,-3.19318406733868,22
"429",-2.89526434681188,-3.89949900761196,22
"430",-2.41428648562349,-4.2526564777486,22
"431",-1.9333086244351,-4.60581394788524,22
"432",-1.45233076324671,-4.78239268295356,22
"433",-0.971352902058324,-4.78239268295356,22
"434",-0.490375040869933,-4.78239268295356,22
"435",-0.00939717968154419,-4.78239268295356,22
"436",0.471580681506846,-4.78239268295356,22
"437",0.952558542695236,-4.78239268295356,22
"438",1.43353640388363,-4.78239268295356,22
"439",1.91451426507202,-4.78239268295356,22
"440",2.39549212626041,-4.78239268295356,22
"441",-6.743087236319,-1.25081798158716,23
"442",-6.26210937513061,-1.25081798158716,23
"443",-5.78113151394222,-1.25081798158716,23
"444",-5.30015365275383,-1.25081798158716,23
"445",-4.81917579156544,-1.78055418679212,23
"446",-4.33819793037705,-2.66344786213372,23
"447",-3.85722006918866,-3.19318406733868,23
"448",-3.37624220800027,-3.54634153747532,23
"449",-2.89526434681188,-3.89949900761196,23
"450",-2.41428648562349,-4.2526564777486,23
"451",-1.9333086244351,-4.42923521281692,23
"452",-1.45233076324671,-4.42923521281692,23
"453",-0.971352902058324,-4.60581394788524,23
"454",-0.490375040869933,-4.78239268295356,23
"455",-0.00939717968154419,-4.78239268295356,23
"456",0.471580681506846,-4.78239268295356,23
"457",0.952558542695236,-4.78239268295356,23
"458",1.43353640388363,-4.78239268295356,23
"459",1.91451426507202,-4.78239268295356,23
"460",2.39549212626041,-4.78239268295356,23
"461",-6.743087236319,-1.25081798158716,24
"462",-6.26210937513061,-1.25081798158716,24
"463",-5.78113151394222,-1.25081798158716,24
"464",-5.30015365275383,-1.25081798158716,24
"465",-4.81917579156544,-1.6039754517238,24
"466",-4.33819793037705,-3.01660533227036,24
"467",-3.85722006918866,-3.54634153747532,24
"468",-3.37624220800027,-3.89949900761196,24
"469",-2.89526434681188,-4.2526564777486,24
"470",-2.41428648562349,-4.42923521281692,24
"471",-1.9333086244351,-4.42923521281692,24
"472",-1.45233076324671,-4.60581394788524,24
"473",-0.971352902058324,-4.60581394788524,24
"474",-0.490375040869933,-4.60581394788524,24
"475",-0.00939717968154419,-4.60581394788524,24
"476",0.471580681506846,-4.60581394788524,24
"477",0.952558542695236,-4.78239268295356,24
"478",1.43353640388363,-4.78239268295356,24
"479",1.91451426507202,-4.78239268295356,24
"480",2.39549212626041,-4.78239268295356,24
"481",-6.743087236319,-1.25081798158716,25
"482",-6.26210937513061,-1.25081798158716,25
"483",-5.78113151394222,-1.25081798158716,25
"484",-5.30015365275383,-1.6039754517238,25
"485",-4.81917579156544,-1.95713292186044,25
"486",-4.33819793037705,-4.60581394788524,25
"487",-3.85722006918866,-4.78239268295356,25
"488",-3.37624220800027,-4.78239268295356,25
"489",-2.89526434681188,-4.78239268295356,25
"490",-2.41428648562349,-4.78239268295356,25
"491",-1.9333086244351,-4.78239268295356,25
"492",-1.45233076324671,-4.78239268295356,25
"493",-0.971352902058324,-4.78239268295356,25
"494",-0.490375040869933,-4.78239268295356,25
"495",-0.00939717968154419,-4.78239268295356,25
"496",0.471580681506846,-4.78239268295356,25
"497",0.952558542695236,-4.78239268295356,25
"498",1.43353640388363,-4.78239268295356,25
"499",1.91451426507202,-4.78239268295356,25
"500",2.39549212626041,-4.78239268295356,25
"501",-6.743087236319,-1.25081798158716,26
"502",-6.26210937513061,-1.25081798158716,26
"503",-5.78113151394222,-1.25081798158716,26
"504",-5.30015365275383,-1.25081798158716,26
"505",-4.81917579156544,-1.25081798158716,26
"506",-4.33819793037705,-3.369762802407,26
"507",-3.85722006918866,-3.54634153747532,26
"508",-3.37624220800027,-3.72292027254364,26
"509",-2.89526434681188,-3.72292027254364,26
"510",-2.41428648562349,-3.72292027254364,26
"511",-1.9333086244351,-3.72292027254364,26
"512",-1.45233076324671,-3.72292027254364,26
"513",-0.971352902058324,-3.89949900761196,26
"514",-0.490375040869933,-3.89949900761196,26
"515",-0.00939717968154419,-3.89949900761196,26
"516",0.471580681506846,-3.89949900761196,26
"517",0.952558542695236,-3.89949900761196,26
"518",1.43353640388363,-3.89949900761196,26
"519",1.91451426507202,-3.89949900761196,26
"520",2.39549212626041,-3.89949900761196,26
"521",-6.743087236319,-1.25081798158716,27
"522",-6.26210937513061,-1.25081798158716,27
"523",-5.78113151394222,-1.25081798158716,27
"524",-5.30015365275383,-1.25081798158716,27
"525",-4.81917579156544,-1.95713292186044,27
"526",-4.33819793037705,-2.4868691270654,27
"527",-3.85722006918866,-2.84002659720204,27
"528",-3.37624220800027,-3.19318406733868,27
"529",-2.89526434681188,-3.54634153747532,27
"530",-2.41428648562349,-3.89949900761196,27
"531",-1.9333086244351,-4.2526564777486,27
"532",-1.45233076324671,-4.60581394788524,27
"533",-0.971352902058324,-4.78239268295356,27
"534",-0.490375040869933,-4.78239268295356,27
"535",-0.00939717968154419,-4.78239268295356,27
"536",0.471580681506846,-4.78239268295356,27
"537",0.952558542695236,-4.78239268295356,27
"538",1.43353640388363,-4.78239268295356,27
"539",1.91451426507202,-4.78239268295356,27
"540",2.39549212626041,-4.78239268295356,27
"541",-6.743087236319,-1.25081798158716,28
"542",-6.26210937513061,-1.25081798158716,28
"543",-5.78113151394222,-1.25081798158716,28
"544",-5.30015365275383,-1.25081798158716,28
"545",-4.81917579156544,-1.78055418679212,28
"546",-4.33819793037705,-2.66344786213372,28
"547",-3.85722006918866,-3.54634153747532,28
"548",-3.37624220800027,-4.07607774268028,28
"549",-2.89526434681188,-4.60581394788524,28
"550",-2.41428648562349,-4.78239268295356,28
"551",-1.9333086244351,-4.78239268295356,28
"552",-1.45233076324671,-4.78239268295356,28
"553",-0.971352902058324,-4.78239268295356,28
"554",-0.490375040869933,-4.78239268295356,28
"555",-0.00939717968154419,-4.78239268295356,28
"556",0.471580681506846,-4.78239268295356,28
"557",0.952558542695236,-4.78239268295356,28
"558",1.43353640388363,-4.78239268295356,28
"559",1.91451426507202,-4.78239268295356,28
"560",2.39549212626041,-4.78239268295356,28
"561",-6.743087236319,-1.25081798158716,29
"562",-6.26210937513061,-1.25081798158716,29
"563",-5.78113151394222,-1.25081798158716,29
"564",-5.30015365275383,-1.25081798158716,29
"565",-4.81917579156544,-1.78055418679212,29
"566",-4.33819793037705,-2.84002659720204,29
"567",-3.85722006918866,-3.54634153747532,29
"568",-3.37624220800027,-4.07607774268028,29
"569",-2.89526434681188,-4.42923521281692,29
"570",-2.41428648562349,-4.78239268295356,29
"571",-1.9333086244351,-4.78239268295356,29
"572",-1.45233076324671,-4.78239268295356,29
"573",-0.971352902058324,-4.78239268295356,29
"574",-0.490375040869933,-4.78239268295356,29
"575",-0.00939717968154419,-4.78239268295356,29
"576",0.471580681506846,-4.78239268295356,29
"577",0.952558542695236,-4.78239268295356,29
"578",1.43353640388363,-4.78239268295356,29
"579",1.91451426507202,-4.78239268295356,29
"580",2.39549212626041,-4.78239268295356,29
"581",-6.743087236319,-1.25081798158716,30
"582",-6.26210937513061,-1.25081798158716,30
"583",-5.78113151394222,-1.25081798158716,30
"584",-5.30015365275383,-1.25081798158716,30
"585",-4.81917579156544,-1.6039754517238,30
"586",-4.33819793037705,-3.369762802407,30
"587",-3.85722006918866,-4.42923521281692,30
"588",-3.37624220800027,-4.78239268295356,30
"589",-2.89526434681188,-4.78239268295356,30
"590",-2.41428648562349,-4.78239268295356,30
"591",-1.9333086244351,-4.78239268295356,30
"592",-1.45233076324671,-4.78239268295356,30
"593",-0.971352902058324,-4.78239268295356,30
"594",-0.490375040869933,-4.78239268295356,30
"595",-0.00939717968154419,-4.78239268295356,30
"596",0.471580681506846,-4.78239268295356,30
"597",0.952558542695236,-4.78239268295356,30
"598",1.43353640388363,-4.78239268295356,30
"599",1.91451426507202,-4.78239268295356,30
"600",2.39549212626041,-4.78239268295356,30
"601",-6.743087236319,-1.25081798158716,31
"602",-6.26210937513061,-1.25081798158716,31
"603",-5.78113151394222,-1.25081798158716,31
"604",-5.30015365275383,-1.25081798158716,31
"605",-4.81917579156544,-1.95713292186044,31
"606",-4.33819793037705,-2.31029039199708,31
"607",-3.85722006918866,-2.84002659720204,31
"608",-3.37624220800027,-3.01660533227036,31
"609",-2.89526434681188,-3.369762802407,31
"610",-2.41428648562349,-3.54634153747532,31
"611",-1.9333086244351,-3.72292027254364,31
"612",-1.45233076324671,-3.89949900761196,31
"613",-0.971352902058324,-4.07607774268028,31
"614",-0.490375040869933,-4.07607774268028,31
"615",-0.00939717968154419,-4.2526564777486,31
"616",0.471580681506846,-4.2526564777486,31
"617",0.952558542695236,-4.2526564777486,31
"618",1.43353640388363,-4.2526564777486,31
"619",1.91451426507202,-4.2526564777486,31
"620",2.39549212626041,-4.2526564777486,31
"621",-6.743087236319,-1.25081798158716,32
"622",-6.26210937513061,-1.25081798158716,32
"623",-5.78113151394222,-1.25081798158716,32
"624",-5.30015365275383,-1.25081798158716,32
"625",-4.81917579156544,-1.25081798158716,32
"626",-4.33819793037705,-3.369762802407,32
"627",-3.85722006918866,-4.07607774268028,32
"628",-3.37624220800027,-4.42923521281692,32
"629",-2.89526434681188,-4.60581394788524,32
"630",-2.41428648562349,-4.78239268295356,32
"631",-1.9333086244351,-4.78239268295356,32
"632",-1.45233076324671,-4.78239268295356,32
"633",-0.971352902058324,-4.78239268295356,32
"634",-0.490375040869933,-4.78239268295356,32
"635",-0.00939717968154419,-4.78239268295356,32
"636",0.471580681506846,-4.78239268295356,32
"637",0.952558542695236,-4.78239268295356,32
"638",1.43353640388363,-4.78239268295356,32
"639",1.91451426507202,-4.78239268295356,32
"640",2.39549212626041,-4.78239268295356,32
"641",-6.743087236319,-1.25081798158716,33
"642",-6.26210937513061,-1.25081798158716,33
"643",-5.78113151394222,-1.25081798158716,33
"644",-5.30015365275383,-1.42739671665548,33
"645",-4.81917579156544,-1.6039754517238,33
"646",-4.33819793037705,-3.19318406733868,33
"647",-3.85722006918866,-3.72292027254364,33
"648",-3.37624220800027,-4.07607774268028,33
"649",-2.89526434681188,-4.2526564777486,33
"650",-2.41428648562349,-4.42923521281692,33
"651",-1.9333086244351,-4.60581394788524,33
"652",-1.45233076324671,-4.60581394788524,33
"653",-0.971352902058324,-4.60581394788524,33
"654",-0.490375040869933,-4.60581394788524,33
"655",-0.00939717968154419,-4.78239268295356,33
"656",0.471580681506846,-4.78239268295356,33
"657",0.952558542695236,-4.78239268295356,33
"658",1.43353640388363,-4.78239268295356,33
"659",1.91451426507202,-4.78239268295356,33
"660",2.39549212626041,-4.78239268295356,33
"661",-6.743087236319,-1.25081798158716,34
"662",-6.26210937513061,-1.25081798158716,34
"663",-5.78113151394222,-1.25081798158716,34
"664",-5.30015365275383,-1.25081798158716,34
"665",-4.81917579156544,-1.95713292186044,34
"666",-4.33819793037705,-2.4868691270654,34
"667",-3.85722006918866,-2.84002659720204,34
"668",-3.37624220800027,-3.19318406733868,34
"669",-2.89526434681188,-3.369762802407,34
"670",-2.41428648562349,-3.369762802407,34
"671",-1.9333086244351,-3.54634153747532,34
"672",-1.45233076324671,-3.54634153747532,34
"673",-0.971352902058324,-3.72292027254364,34
"674",-0.490375040869933,-3.72292027254364,34
"675",-0.00939717968154419,-3.89949900761196,34
"676",0.471580681506846,-4.2526564777486,34
"677",0.952558542695236,-4.42923521281692,34
"678",1.43353640388363,-4.42923521281692,34
"679",1.91451426507202,-4.60581394788524,34
"680",2.39549212626041,-4.60581394788524,34
"681",-6.743087236319,-1.25081798158716,35
"682",-6.26210937513061,-1.25081798158716,35
"683",-5.78113151394222,-1.25081798158716,35
"684",-5.30015365275383,-1.25081798158716,35
"685",-4.81917579156544,-1.78055418679212,35
"686",-4.33819793037705,-3.01660533227036,35
"687",-3.85722006918866,-3.89949900761196,35
"688",-3.37624220800027,-4.60581394788524,35
"689",-2.89526434681188,-4.78239268295356,35
"690",-2.41428648562349,-4.78239268295356,35
"691",-1.9333086244351,-4.78239268295356,35
"692",-1.45233076324671,-4.78239268295356,35
"693",-0.971352902058324,-4.78239268295356,35
"694",-0.490375040869933,-4.78239268295356,35
"695",-0.00939717968154419,-4.78239268295356,35
"696",0.471580681506846,-4.78239268295356,35
"697",0.952558542695236,-4.78239268295356,35
"698",1.43353640388363,-4.78239268295356,35
"699",1.91451426507202,-4.78239268295356,35
"700",2.39549212626041,-4.78239268295356,35
"701",-6.743087236319,-1.25081798158716,36
"702",-6.26210937513061,-1.25081798158716,36
"703",-5.78113151394222,-1.25081798158716,36
"704",-5.30015365275383,-1.25081798158716,36
"705",-4.81917579156544,-1.25081798158716,36
"706",-4.33819793037705,-3.72292027254364,36
"707",-3.85722006918866,-4.78239268295356,36
"708",-3.37624220800027,-4.78239268295356,36
"709",-2.89526434681188,-4.78239268295356,36
"710",-2.41428648562349,-4.78239268295356,36
"711",-1.9333086244351,-4.78239268295356,36
"712",-1.45233076324671,-4.78239268295356,36
"713",-0.971352902058324,-4.78239268295356,36
"714",-0.490375040869933,-4.78239268295356,36
"715",-0.00939717968154419,-4.78239268295356,36
"716",0.471580681506846,-4.78239268295356,36
"717",0.952558542695236,-4.78239268295356,36
"718",1.43353640388363,-4.78239268295356,36
"719",1.91451426507202,-4.78239268295356,36
"720",2.39549212626041,-4.78239268295356,36
"721",-6.743087236319,-1.25081798158716,37
"722",-6.26210937513061,-1.25081798158716,37
"723",-5.78113151394222,-1.25081798158716,37
"724",-5.30015365275383,-1.25081798158716,37
"725",-4.81917579156544,-1.78055418679212,37
"726",-4.33819793037705,-2.66344786213372,37
"727",-3.85722006918866,-3.01660533227036,37
"728",-3.37624220800027,-3.369762802407,37
"729",-2.89526434681188,-3.54634153747532,37
"730",-2.41428648562349,-3.54634153747532,37
"731",-1.9333086244351,-3.72292027254364,37
"732",-1.45233076324671,-3.72292027254364,37
"733",-0.971352902058324,-3.72292027254364,37
"734",-0.490375040869933,-3.72292027254364,37
"735",-0.00939717968154419,-3.72292027254364,37
"736",0.471580681506846,-3.89949900761196,37
"737",0.952558542695236,-3.89949900761196,37
"738",1.43353640388363,-3.89949900761196,37
"739",1.91451426507202,-3.89949900761196,37
"740",2.39549212626041,-3.89949900761196,37
"741",-6.743087236319,-1.25081798158716,38
"742",-6.26210937513061,-1.25081798158716,38
"743",-5.78113151394222,-1.25081798158716,38
"744",-5.30015365275383,-1.25081798158716,38
"745",-4.81917579156544,-1.78055418679212,38
"746",-4.33819793037705,-2.84002659720204,38
"747",-3.85722006918866,-3.369762802407,38
"748",-3.37624220800027,-3.72292027254364,38
"749",-2.89526434681188,-3.89949900761196,38
"750",-2.41428648562349,-4.07607774268028,38
"751",-1.9333086244351,-4.2526564777486,38
"752",-1.45233076324671,-4.2526564777486,38
"753",-0.971352902058324,-4.42923521281692,38
"754",-0.490375040869933,-4.42923521281692,38
"755",-0.00939717968154419,-4.42923521281692,38
"756",0.471580681506846,-4.42923521281692,38
"757",0.952558542695236,-4.42923521281692,38
"758",1.43353640388363,-4.60581394788524,38
"759",1.91451426507202,-4.78239268295356,38
"760",2.39549212626041,-4.78239268295356,38
"761",-6.743087236319,-1.25081798158716,39
"762",-6.26210937513061,-1.25081798158716,39
"763",-5.78113151394222,-1.25081798158716,39
"764",-5.30015365275383,-1.25081798158716,39
"765",-4.81917579156544,-1.25081798158716,39
"766",-4.33819793037705,-3.89949900761196,39
"767",-3.85722006918866,-4.60581394788524,39
"768",-3.37624220800027,-4.78239268295356,39
"769",-2.89526434681188,-4.78239268295356,39
"770",-2.41428648562349,-4.78239268295356,39
"771",-1.9333086244351,-4.78239268295356,39
"772",-1.45233076324671,-4.78239268295356,39
"773",-0.971352902058324,-4.78239268295356,39
"774",-0.490375040869933,-4.78239268295356,39
"775",-0.00939717968154419,-4.78239268295356,39
"776",0.471580681506846,-4.78239268295356,39
"777",0.952558542695236,-4.78239268295356,39
"778",1.43353640388363,-4.78239268295356,39
"779",1.91451426507202,-4.78239268295356,39
"780",2.39549212626041,-4.78239268295356,39
"781",-6.743087236319,-1.25081798158716,40
"782",-6.26210937513061,-1.25081798158716,40
"783",-5.78113151394222,-1.25081798158716,40
"784",-5.30015365275383,-1.42739671665548,40
"785",-4.81917579156544,-1.95713292186044,40
"786",-4.33819793037705,-2.4868691270654,40
"787",-3.85722006918866,-3.19318406733868,40
"788",-3.37624220800027,-3.369762802407,40
"789",-2.89526434681188,-3.54634153747532,40
"790",-2.41428648562349,-3.72292027254364,40
"791",-1.9333086244351,-3.89949900761196,40
"792",-1.45233076324671,-4.07607774268028,40
"793",-0.971352902058324,-4.2526564777486,40
"794",-0.490375040869933,-4.2526564777486,40
"795",-0.00939717968154419,-4.42923521281692,40
"796",0.471580681506846,-4.42923521281692,40
"797",0.952558542695236,-4.60581394788524,40
"798",1.43353640388363,-4.60581394788524,40
"799",1.91451426507202,-4.60581394788524,40
"800",2.39549212626041,-4.60581394788524,40
"801",-6.743087236319,-1.25081798158716,41
"802",-6.26210937513061,-1.25081798158716,41
"803",-5.78113151394222,-1.25081798158716,41
"804",-5.30015365275383,-1.25081798158716,41
"805",-4.81917579156544,-1.78055418679212,41
"806",-4.33819793037705,-2.66344786213372,41
"807",-3.85722006918866,-3.19318406733868,41
"808",-3.37624220800027,-3.72292027254364,41
"809",-2.89526434681188,-4.07607774268028,41
"810",-2.41428648562349,-4.42923521281692,41
"811",-1.9333086244351,-4.60581394788524,41
"812",-1.45233076324671,-4.78239268295356,41
"813",-0.971352902058324,-4.78239268295356,41
"814",-0.490375040869933,-4.78239268295356,41
"815",-0.00939717968154419,-4.78239268295356,41
"816",0.471580681506846,-4.78239268295356,41
"817",0.952558542695236,-4.78239268295356,41
"818",1.43353640388363,-4.78239268295356,41
"819",1.91451426507202,-4.78239268295356,41
"820",2.39549212626041,-4.78239268295356,41
"821",-6.743087236319,-1.25081798158716,42
"822",-6.26210937513061,-1.25081798158716,42
"823",-5.78113151394222,-1.25081798158716,42
"824",-5.30015365275383,-1.25081798158716,42
"825",-4.81917579156544,-1.78055418679212,42
"826",-4.33819793037705,-2.84002659720204,42
"827",-3.85722006918866,-3.54634153747532,42
"828",-3.37624220800027,-4.07607774268028,42
"829",-2.89526434681188,-4.42923521281692,42
"830",-2.41428648562349,-4.78239268295356,42
"831",-1.9333086244351,-4.78239268295356,42
"832",-1.45233076324671,-4.78239268295356,42
"833",-0.971352902058324,-4.78239268295356,42
"834",-0.490375040869933,-4.78239268295356,42
"835",-0.00939717968154419,-4.78239268295356,42
"836",0.471580681506846,-4.78239268295356,42
"837",0.952558542695236,-4.78239268295356,42
"838",1.43353640388363,-4.78239268295356,42
"839",1.91451426507202,-4.78239268295356,42
"840",2.39549212626041,-4.78239268295356,42
"841",-6.743087236319,-1.25081798158716,43
"842",-6.26210937513061,-1.25081798158716,43
"843",-5.78113151394222,-1.25081798158716,43
"844",-5.30015365275383,-1.6039754517238,43
"845",-4.81917579156544,-1.95713292186044,43
"846",-4.33819793037705,-2.13371165692876,43
"847",-3.85722006918866,-2.31029039199708,43
"848",-3.37624220800027,-2.31029039199708,43
"849",-2.89526434681188,-2.4868691270654,43
"850",-2.41428648562349,-2.4868691270654,43
"851",-1.9333086244351,-2.66344786213372,43
"852",-1.45233076324671,-2.66344786213372,43
"853",-0.971352902058324,-2.84002659720204,43
"854",-0.490375040869933,-2.84002659720204,43
"855",-0.00939717968154419,-2.84002659720204,43
"856",0.471580681506846,-2.84002659720204,43
"857",0.952558542695236,-2.84002659720204,43
"858",1.43353640388363,-2.84002659720204,43
"859",1.91451426507202,-2.84002659720204,43
"860",2.39549212626041,-2.84002659720204,43
"861",-6.743087236319,-1.25081798158716,44
"862",-6.26210937513061,-1.25081798158716,44
"863",-5.78113151394222,-1.25081798158716,44
"864",-5.30015365275383,-1.6039754517238,44
"865",-4.81917579156544,-1.95713292186044,44
"866",-4.33819793037705,-2.4868691270654,44
"867",-3.85722006918866,-2.84002659720204,44
"868",-3.37624220800027,-3.19318406733868,44
"869",-2.89526434681188,-3.369762802407,44
"870",-2.41428648562349,-3.54634153747532,44
"871",-1.9333086244351,-3.54634153747532,44
"872",-1.45233076324671,-3.54634153747532,44
"873",-0.971352902058324,-3.72292027254364,44
"874",-0.490375040869933,-3.72292027254364,44
"875",-0.00939717968154419,-3.72292027254364,44
"876",0.471580681506846,-3.72292027254364,44
"877",0.952558542695236,-3.72292027254364,44
"878",1.43353640388363,-3.89949900761196,44
"879",1.91451426507202,-3.89949900761196,44
"880",2.39549212626041,-3.89949900761196,44
"881",-6.743087236319,-1.25081798158716,45
"882",-6.26210937513061,-1.25081798158716,45
"883",-5.78113151394222,-1.25081798158716,45
"884",-5.30015365275383,-1.25081798158716,45
"885",-4.81917579156544,-1.95713292186044,45
"886",-4.33819793037705,-2.31029039199708,45
"887",-3.85722006918866,-2.66344786213372,45
"888",-3.37624220800027,-2.84002659720204,45
"889",-2.89526434681188,-3.01660533227036,45
"890",-2.41428648562349,-4.60581394788524,45
"891",-1.9333086244351,-4.78239268295356,45
"892",-1.45233076324671,-4.78239268295356,45
"893",-0.971352902058324,-4.78239268295356,45
"894",-0.490375040869933,-4.78239268295356,45
"895",-0.00939717968154419,-4.78239268295356,45
"896",0.471580681506846,-4.78239268295356,45
"897",0.952558542695236,-4.78239268295356,45
"898",1.43353640388363,-4.78239268295356,45
"899",1.91451426507202,-4.78239268295356,45
"900",2.39549212626041,-4.78239268295356,45
"901",-6.743087236319,-1.25081798158716,46
"902",-6.26210937513061,-1.42739671665548,46
"903",-5.78113151394222,-1.6039754517238,46
"904",-5.30015365275383,-1.78055418679212,46
"905",-4.81917579156544,-1.95713292186044,46
"906",-4.33819793037705,-3.72292027254364,46
"907",-3.85722006918866,-4.78239268295356,46
"908",-3.37624220800027,-4.78239268295356,46
"909",-2.89526434681188,-4.78239268295356,46
"910",-2.41428648562349,-4.78239268295356,46
"911",-1.9333086244351,-4.78239268295356,46
"912",-1.45233076324671,-4.78239268295356,46
"913",-0.971352902058324,-4.78239268295356,46
"914",-0.490375040869933,-4.78239268295356,46
"915",-0.00939717968154419,-4.78239268295356,46
"916",0.471580681506846,-4.78239268295356,46
"917",0.952558542695236,-4.78239268295356,46
"918",1.43353640388363,-4.78239268295356,46
"919",1.91451426507202,-4.78239268295356,46
"920",2.39549212626041,-4.78239268295356,46
"921",-6.743087236319,-1.25081798158716,47
"922",-6.26210937513061,-1.25081798158716,47
"923",-5.78113151394222,-1.25081798158716,47
"924",-5.30015365275383,-1.25081798158716,47
"925",-4.81917579156544,-1.25081798158716,47
"926",-4.33819793037705,-3.19318406733868,47
"927",-3.85722006918866,-3.54634153747532,47
"928",-3.37624220800027,-3.72292027254364,47
"929",-2.89526434681188,-3.89949900761196,47
"930",-2.41428648562349,-3.89949900761196,47
"931",-1.9333086244351,-3.89949900761196,47
"932",-1.45233076324671,-3.89949900761196,47
"933",-0.971352902058324,-3.89949900761196,47
"934",-0.490375040869933,-3.89949900761196,47
"935",-0.00939717968154419,-3.89949900761196,47
"936",0.471580681506846,-3.89949900761196,47
"937",0.952558542695236,-3.89949900761196,47
"938",1.43353640388363,-3.89949900761196,47
"939",1.91451426507202,-3.89949900761196,47
"940",2.39549212626041,-3.89949900761196,47
"941",-6.743087236319,-1.25081798158716,48
"942",-6.26210937513061,-1.25081798158716,48
"943",-5.78113151394222,-1.25081798158716,48
"944",-5.30015365275383,-1.78055418679212,48
"945",-4.81917579156544,-1.95713292186044,48
"946",-4.33819793037705,-2.13371165692876,48
"947",-3.85722006918866,-2.13371165692876,48
"948",-3.37624220800027,-2.13371165692876,48
"949",-2.89526434681188,-2.13371165692876,48
"950",-2.41428648562349,-3.54634153747532,48
"951",-1.9333086244351,-3.89949900761196,48
"952",-1.45233076324671,-4.07607774268028,48
"953",-0.971352902058324,-4.07607774268028,48
"954",-0.490375040869933,-4.07607774268028,48
"955",-0.00939717968154419,-4.07607774268028,48
"956",0.471580681506846,-4.07607774268028,48
"957",0.952558542695236,-4.07607774268028,48
"958",1.43353640388363,-4.07607774268028,48
"959",1.91451426507202,-4.2526564777486,48
"960",2.39549212626041,-4.2526564777486,48
"961",-6.743087236319,-1.95713292186044,49
"962",-6.26210937513061,-1.95713292186044,49
"963",-5.78113151394222,-1.95713292186044,49
"964",-5.30015365275383,-1.95713292186044,49
"965",-4.81917579156544,-1.95713292186044,49
"966",-4.33819793037705,-1.95713292186044,49
"967",-3.85722006918866,-1.95713292186044,49
"968",-3.37624220800027,-3.19318406733868,49
"969",-2.89526434681188,-4.42923521281692,49
"970",-2.41428648562349,-4.78239268295356,49
"971",-1.9333086244351,-4.78239268295356,49
"972",-1.45233076324671,-4.78239268295356,49
"973",-0.971352902058324,-4.78239268295356,49
"974",-0.490375040869933,-4.78239268295356,49
"975",-0.00939717968154419,-4.78239268295356,49
"976",0.471580681506846,-4.78239268295356,49
"977",0.952558542695236,-4.78239268295356,49
"978",1.43353640388363,-4.78239268295356,49
"979",1.91451426507202,-4.78239268295356,49
"980",2.39549212626041,-4.78239268295356,49
"981",-6.743087236319,-1.25081798158716,50
"982",-6.26210937513061,-1.25081798158716,50
"983",-5.78113151394222,-1.25081798158716,50
"984",-5.30015365275383,-1.25081798158716,50
"985",-4.81917579156544,-1.25081798158716,50
"986",-4.33819793037705,-3.72292027254364,50
"987",-3.85722006918866,-4.07607774268028,50
"988",-3.37624220800027,-4.07607774268028,50
"989",-2.89526434681188,-4.07607774268028,50
"990",-2.41428648562349,-4.2526564777486,50
"991",-1.9333086244351,-4.2526564777486,50
"992",-1.45233076324671,-4.2526564777486,50
"993",-0.971352902058324,-4.2526564777486,50
"994",-0.490375040869933,-4.2526564777486,50
"995",-0.00939717968154419,-4.2526564777486,50
"996",0.471580681506846,-4.2526564777486,50
"997",0.952558542695236,-4.2526564777486,50
"998",1.43353640388363,-4.2526564777486,50
"999",1.91451426507202,-4.2526564777486,50
"1000",2.39549212626041,-4.2526564777486,50
"1001",-6.743087236319,-1.25081798158716,51
"1002",-6.26210937513061,-1.25081798158716,51
"1003",-5.78113151394222,-1.25081798158716,51
"1004",-5.30015365275383,-1.25081798158716,51
"1005",-4.81917579156544,-1.42739671665548,51
"1006",-4.33819793037705,-3.01660533227036,51
"1007",-3.85722006918866,-3.54634153747532,51
"1008",-3.37624220800027,-3.89949900761196,51
"1009",-2.89526434681188,-4.07607774268028,51
"1010",-2.41428648562349,-4.2526564777486,51
"1011",-1.9333086244351,-4.2526564777486,51
"1012",-1.45233076324671,-4.42923521281692,51
"1013",-0.971352902058324,-4.60581394788524,51
"1014",-0.490375040869933,-4.78239268295356,51
"1015",-0.00939717968154419,-4.78239268295356,51
"1016",0.471580681506846,-4.78239268295356,51
"1017",0.952558542695236,-4.78239268295356,51
"1018",1.43353640388363,-4.78239268295356,51
"1019",1.91451426507202,-4.78239268295356,51
"1020",2.39549212626041,-4.78239268295356,51
"1021",-6.743087236319,-1.25081798158716,52
"1022",-6.26210937513061,-1.25081798158716,52
"1023",-5.78113151394222,-1.25081798158716,52
"1024",-5.30015365275383,-1.25081798158716,52
"1025",-4.81917579156544,-1.78055418679212,52
"1026",-4.33819793037705,-2.4868691270654,52
"1027",-3.85722006918866,-2.84002659720204,52
"1028",-3.37624220800027,-2.84002659720204,52
"1029",-2.89526434681188,-2.84002659720204,52
"1030",-2.41428648562349,-2.84002659720204,52
"1031",-1.9333086244351,-2.84002659720204,52
"1032",-1.45233076324671,-3.01660533227036,52
"1033",-0.971352902058324,-3.01660533227036,52
"1034",-0.490375040869933,-3.19318406733868,52
"1035",-0.00939717968154419,-4.07607774268028,52
"1036",0.471580681506846,-4.78239268295356,52
"1037",0.952558542695236,-4.78239268295356,52
"1038",1.43353640388363,-4.78239268295356,52
"1039",1.91451426507202,-4.78239268295356,52
"1040",2.39549212626041,-4.78239268295356,52
"1041",-6.743087236319,-1.6039754517238,53
"1042",-6.26210937513061,-1.6039754517238,53
"1043",-5.78113151394222,-1.78055418679212,53
"1044",-5.30015365275383,-1.78055418679212,53
"1045",-4.81917579156544,-1.95713292186044,53
"1046",-4.33819793037705,-3.89949900761196,53
"1047",-3.85722006918866,-4.78239268295356,53
"1048",-3.37624220800027,-4.78239268295356,53
"1049",-2.89526434681188,-4.78239268295356,53
"1050",-2.41428648562349,-4.78239268295356,53
"1051",-1.9333086244351,-4.78239268295356,53
"1052",-1.45233076324671,-4.78239268295356,53
"1053",-0.971352902058324,-4.78239268295356,53
"1054",-0.490375040869933,-4.78239268295356,53
"1055",-0.00939717968154419,-4.78239268295356,53
"1056",0.471580681506846,-4.78239268295356,53
"1057",0.952558542695236,-4.78239268295356,53
"1058",1.43353640388363,-4.78239268295356,53
"1059",1.91451426507202,-4.78239268295356,53
"1060",2.39549212626041,-4.78239268295356,53
"1061",-6.743087236319,-1.25081798158716,54
"1062",-6.26210937513061,-1.25081798158716,54
"1063",-5.78113151394222,-1.25081798158716,54
"1064",-5.30015365275383,-1.95713292186044,54
"1065",-4.81917579156544,-1.95713292186044,54
"1066",-4.33819793037705,-1.95713292186044,54
"1067",-3.85722006918866,-1.95713292186044,54
"1068",-3.37624220800027,-1.95713292186044,54
"1069",-2.89526434681188,-1.95713292186044,54
"1070",-2.41428648562349,-2.13371165692876,54
"1071",-1.9333086244351,-2.31029039199708,54
"1072",-1.45233076324671,-2.4868691270654,54
"1073",-0.971352902058324,-2.4868691270654,54
"1074",-0.490375040869933,-2.66344786213372,54
"1075",-0.00939717968154419,-2.66344786213372,54
"1076",0.471580681506846,-2.84002659720204,54
"1077",0.952558542695236,-3.01660533227036,54
"1078",1.43353640388363,-3.19318406733868,54
"1079",1.91451426507202,-3.19318406733868,54
"1080",2.39549212626041,-3.19318406733868,54
"1081",-6.743087236319,-1.25081798158716,55
"1082",-6.26210937513061,-1.25081798158716,55
"1083",-5.78113151394222,-1.42739671665548,55
"1084",-5.30015365275383,-1.6039754517238,55
"1085",-4.81917579156544,-1.95713292186044,55
"1086",-4.33819793037705,-2.31029039199708,55
"1087",-3.85722006918866,-2.84002659720204,55
"1088",-3.37624220800027,-3.54634153747532,55
"1089",-2.89526434681188,-3.89949900761196,55
"1090",-2.41428648562349,-4.2526564777486,55
"1091",-1.9333086244351,-4.2526564777486,55
"1092",-1.45233076324671,-4.42923521281692,55
"1093",-0.971352902058324,-4.78239268295356,55
"1094",-0.490375040869933,-4.78239268295356,55
"1095",-0.00939717968154419,-4.78239268295356,55
"1096",0.471580681506846,-4.78239268295356,55
"1097",0.952558542695236,-4.78239268295356,55
"1098",1.43353640388363,-4.78239268295356,55
"1099",1.91451426507202,-4.78239268295356,55
"1100",2.39549212626041,-4.78239268295356,55
"1101",-6.743087236319,-1.25081798158716,56
"1102",-6.26210937513061,-1.25081798158716,56
"1103",-5.78113151394222,-1.25081798158716,56
"1104",-5.30015365275383,-1.25081798158716,56
"1105",-4.81917579156544,-1.25081798158716,56
"1106",-4.33819793037705,-4.78239268295356,56
"1107",-3.85722006918866,-4.78239268295356,56
"1108",-3.37624220800027,-4.78239268295356,56
"1109",-2.89526434681188,-4.78239268295356,56
"1110",-2.41428648562349,-4.78239268295356,56
"1111",-1.9333086244351,-4.78239268295356,56
"1112",-1.45233076324671,-4.78239268295356,56
"1113",-0.971352902058324,-4.78239268295356,56
"1114",-0.490375040869933,-4.78239268295356,56
"1115",-0.00939717968154419,-4.78239268295356,56
"1116",0.471580681506846,-4.78239268295356,56
"1117",0.952558542695236,-4.78239268295356,56
"1118",1.43353640388363,-4.78239268295356,56
"1119",1.91451426507202,-4.78239268295356,56
"1120",2.39549212626041,-4.78239268295356,56
"1121",-6.743087236319,-1.25081798158716,57
"1122",-6.26210937513061,-1.25081798158716,57
"1123",-5.78113151394222,-1.25081798158716,57
"1124",-5.30015365275383,-1.25081798158716,57
"1125",-4.81917579156544,-1.6039754517238,57
"1126",-4.33819793037705,-3.01660533227036,57
"1127",-3.85722006918866,-3.54634153747532,57
"1128",-3.37624220800027,-3.89949900761196,57
"1129",-2.89526434681188,-4.07607774268028,57
"1130",-2.41428648562349,-4.2526564777486,57
"1131",-1.9333086244351,-4.2526564777486,57
"1132",-1.45233076324671,-4.42923521281692,57
"1133",-0.971352902058324,-4.42923521281692,57
"1134",-0.490375040869933,-4.78239268295356,57
"1135",-0.00939717968154419,-4.78239268295356,57
"1136",0.471580681506846,-4.78239268295356,57
"1137",0.952558542695236,-4.78239268295356,57
"1138",1.43353640388363,-4.78239268295356,57
"1139",1.91451426507202,-4.78239268295356,57
"1140",2.39549212626041,-4.78239268295356,57
"1141",-6.743087236319,-1.25081798158716,58
"1142",-6.26210937513061,-1.25081798158716,58
"1143",-5.78113151394222,-1.42739671665548,58
"1144",-5.30015365275383,-1.6039754517238,58
"1145",-4.81917579156544,-1.95713292186044,58
"1146",-4.33819793037705,-2.13371165692876,58
"1147",-3.85722006918866,-2.31029039199708,58
"1148",-3.37624220800027,-2.4868691270654,58
"1149",-2.89526434681188,-2.66344786213372,58
"1150",-2.41428648562349,-2.84002659720204,58
"1151",-1.9333086244351,-3.19318406733868,58
"1152",-1.45233076324671,-3.54634153747532,58
"1153",-0.971352902058324,-3.54634153747532,58
"1154",-0.490375040869933,-3.72292027254364,58
"1155",-0.00939717968154419,-3.72292027254364,58
"1156",0.471580681506846,-3.72292027254364,58
"1157",0.952558542695236,-3.72292027254364,58
"1158",1.43353640388363,-3.72292027254364,58
"1159",1.91451426507202,-3.72292027254364,58
"1160",2.39549212626041,-3.72292027254364,58
"1161",-6.743087236319,-1.25081798158716,59
"1162",-6.26210937513061,-1.25081798158716,59
"1163",-5.78113151394222,-1.25081798158716,59
"1164",-5.30015365275383,-1.25081798158716,59
"1165",-4.81917579156544,-1.25081798158716,59
"1166",-4.33819793037705,-3.54634153747532,59
"1167",-3.85722006918866,-3.72292027254364,59
"1168",-3.37624220800027,-3.72292027254364,59
"1169",-2.89526434681188,-3.72292027254364,59
"1170",-2.41428648562349,-3.72292027254364,59
"1171",-1.9333086244351,-3.72292027254364,59
"1172",-1.45233076324671,-3.72292027254364,59
"1173",-0.971352902058324,-3.72292027254364,59
"1174",-0.490375040869933,-3.72292027254364,59
"1175",-0.00939717968154419,-3.72292027254364,59
"1176",0.471580681506846,-3.72292027254364,59
"1177",0.952558542695236,-3.72292027254364,59
"1178",1.43353640388363,-3.72292027254364,59
"1179",1.91451426507202,-3.72292027254364,59
"1180",2.39549212626041,-3.72292027254364,59
"1181",-6.743087236319,-1.25081798158716,60
"1182",-6.26210937513061,-1.25081798158716,60
"1183",-5.78113151394222,-1.25081798158716,60
"1184",-5.30015365275383,-1.42739671665548,60
"1185",-4.81917579156544,-1.95713292186044,60
"1186",-4.33819793037705,-2.31029039199708,60
"1187",-3.85722006918866,-2.66344786213372,60
"1188",-3.37624220800027,-3.72292027254364,60
"1189",-2.89526434681188,-4.42923521281692,60
"1190",-2.41428648562349,-4.78239268295356,60
"1191",-1.9333086244351,-4.78239268295356,60
"1192",-1.45233076324671,-4.78239268295356,60
"1193",-0.971352902058324,-4.78239268295356,60
"1194",-0.490375040869933,-4.78239268295356,60
"1195",-0.00939717968154419,-4.78239268295356,60
"1196",0.471580681506846,-4.78239268295356,60
"1197",0.952558542695236,-4.78239268295356,60
"1198",1.43353640388363,-4.78239268295356,60
"1199",1.91451426507202,-4.78239268295356,60
"1200",2.39549212626041,-4.78239268295356,60
"1201",-6.743087236319,-1.25081798158716,61
"1202",-6.26210937513061,-1.25081798158716,61
"1203",-5.78113151394222,-1.25081798158716,61
"1204",-5.30015365275383,-1.25081798158716,61
"1205",-4.81917579156544,-1.6039754517238,61
"1206",-4.33819793037705,-2.84002659720204,61
"1207",-3.85722006918866,-3.369762802407,61
"1208",-3.37624220800027,-3.54634153747532,61
"1209",-2.89526434681188,-3.72292027254364,61
"1210",-2.41428648562349,-3.72292027254364,61
"1211",-1.9333086244351,-3.89949900761196,61
"1212",-1.45233076324671,-3.89949900761196,61
"1213",-0.971352902058324,-3.89949900761196,61
"1214",-0.490375040869933,-3.89949900761196,61
"1215",-0.00939717968154419,-3.89949900761196,61
"1216",0.471580681506846,-3.89949900761196,61
"1217",0.952558542695236,-3.89949900761196,61
"1218",1.43353640388363,-3.89949900761196,61
"1219",1.91451426507202,-3.89949900761196,61
"1220",2.39549212626041,-4.42923521281692,61
"1221",-6.743087236319,-1.25081798158716,62
"1222",-6.26210937513061,-1.25081798158716,62
"1223",-5.78113151394222,-1.25081798158716,62
"1224",-5.30015365275383,-1.42739671665548,62
"1225",-4.81917579156544,-1.78055418679212,62
"1226",-4.33819793037705,-3.01660533227036,62
"1227",-3.85722006918866,-3.89949900761196,62
"1228",-3.37624220800027,-4.42923521281692,62
"1229",-2.89526434681188,-4.78239268295356,62
"1230",-2.41428648562349,-4.78239268295356,62
"1231",-1.9333086244351,-4.78239268295356,62
"1232",-1.45233076324671,-4.78239268295356,62
"1233",-0.971352902058324,-4.78239268295356,62
"1234",-0.490375040869933,-4.78239268295356,62
"1235",-0.00939717968154419,-4.78239268295356,62
"1236",0.471580681506846,-4.78239268295356,62
"1237",0.952558542695236,-4.78239268295356,62
"1238",1.43353640388363,-4.78239268295356,62
"1239",1.91451426507202,-4.78239268295356,62
"1240",2.39549212626041,-4.78239268295356,62
"1241",-6.743087236319,-1.25081798158716,63
"1242",-6.26210937513061,-1.42739671665548,63
"1243",-5.78113151394222,-1.6039754517238,63
"1244",-5.30015365275383,-1.78055418679212,63
"1245",-4.81917579156544,-1.95713292186044,63
"1246",-4.33819793037705,-2.66344786213372,63
"1247",-3.85722006918866,-3.19318406733868,63
"1248",-3.37624220800027,-3.54634153747532,63
"1249",-2.89526434681188,-3.89949900761196,63
"1250",-2.41428648562349,-3.89949900761196,63
"1251",-1.9333086244351,-4.07607774268028,63
"1252",-1.45233076324671,-4.07607774268028,63
"1253",-0.971352902058324,-4.07607774268028,63
"1254",-0.490375040869933,-4.07607774268028,63
"1255",-0.00939717968154419,-4.07607774268028,63
"1256",0.471580681506846,-4.07607774268028,63
"1257",0.952558542695236,-4.07607774268028,63
"1258",1.43353640388363,-4.2526564777486,63
"1259",1.91451426507202,-4.2526564777486,63
"1260",2.39549212626041,-4.42923521281692,63
"1261",-6.743087236319,-1.25081798158716,64
"1262",-6.26210937513061,-1.25081798158716,64
"1263",-5.78113151394222,-1.25081798158716,64
"1264",-5.30015365275383,-1.25081798158716,64
"1265",-4.81917579156544,-1.78055418679212,64
"1266",-4.33819793037705,-3.19318406733868,64
"1267",-3.85722006918866,-3.54634153747532,64
"1268",-3.37624220800027,-3.72292027254364,64
"1269",-2.89526434681188,-3.72292027254364,64
"1270",-2.41428648562349,-3.89949900761196,64
"1271",-1.9333086244351,-3.89949900761196,64
"1272",-1.45233076324671,-3.89949900761196,64
"1273",-0.971352902058324,-3.89949900761196,64
"1274",-0.490375040869933,-3.89949900761196,64
"1275",-0.00939717968154419,-3.89949900761196,64
"1276",0.471580681506846,-3.89949900761196,64
"1277",0.952558542695236,-3.89949900761196,64
"1278",1.43353640388363,-3.89949900761196,64
"1279",1.91451426507202,-3.89949900761196,64
"1280",2.39549212626041,-3.89949900761196,64
"1281",-6.743087236319,-1.25081798158716,65
"1282",-6.26210937513061,-1.6039754517238,65
"1283",-5.78113151394222,-1.78055418679212,65
"1284",-5.30015365275383,-1.78055418679212,65
"1285",-4.81917579156544,-1.95713292186044,65
"1286",-4.33819793037705,-2.66344786213372,65
"1287",-3.85722006918866,-3.54634153747532,65
"1288",-3.37624220800027,-4.2526564777486,65
"1289",-2.89526434681188,-4.78239268295356,65
"1290",-2.41428648562349,-4.78239268295356,65
"1291",-1.9333086244351,-4.78239268295356,65
"1292",-1.45233076324671,-4.78239268295356,65
"1293",-0.971352902058324,-4.78239268295356,65
"1294",-0.490375040869933,-4.78239268295356,65
"1295",-0.00939717968154419,-4.78239268295356,65
"1296",0.471580681506846,-4.78239268295356,65
"1297",0.952558542695236,-4.78239268295356,65
"1298",1.43353640388363,-4.78239268295356,65
"1299",1.91451426507202,-4.78239268295356,65
"1300",2.39549212626041,-4.78239268295356,65
"1301",-6.743087236319,-1.25081798158716,66
"1302",-6.26210937513061,-1.25081798158716,66
"1303",-5.78113151394222,-1.25081798158716,66
"1304",-5.30015365275383,-1.25081798158716,66
"1305",-4.81917579156544,-1.78055418679212,66
"1306",-4.33819793037705,-2.66344786213372,66
"1307",-3.85722006918866,-3.19318406733868,66
"1308",-3.37624220800027,-3.72292027254364,66
"1309",-2.89526434681188,-4.07607774268028,66
"1310",-2.41428648562349,-4.78239268295356,66
"1311",-1.9333086244351,-4.78239268295356,66
"1312",-1.45233076324671,-4.78239268295356,66
"1313",-0.971352902058324,-4.78239268295356,66
"1314",-0.490375040869933,-4.78239268295356,66
"1315",-0.00939717968154419,-4.78239268295356,66
"1316",0.471580681506846,-4.78239268295356,66
"1317",0.952558542695236,-4.78239268295356,66
"1318",1.43353640388363,-4.78239268295356,66
"1319",1.91451426507202,-4.78239268295356,66
"1320",2.39549212626041,-4.78239268295356,66
"1321",-6.743087236319,-1.25081798158716,67
"1322",-6.26210937513061,-1.25081798158716,67
"1323",-5.78113151394222,-1.25081798158716,67
"1324",-5.30015365275383,-1.25081798158716,67
"1325",-4.81917579156544,-1.25081798158716,67
"1326",-4.33819793037705,-2.66344786213372,67
"1327",-3.85722006918866,-2.84002659720204,67
"1328",-3.37624220800027,-3.01660533227036,67
"1329",-2.89526434681188,-3.19318406733868,67
"1330",-2.41428648562349,-3.19318406733868,67
"1331",-1.9333086244351,-3.19318406733868,67
"1332",-1.45233076324671,-3.19318406733868,67
"1333",-0.971352902058324,-3.19318406733868,67
"1334",-0.490375040869933,-3.19318406733868,67
"1335",-0.00939717968154419,-3.369762802407,67
"1336",0.471580681506846,-3.89949900761196,67
"1337",0.952558542695236,-4.78239268295356,67
"1338",1.43353640388363,-4.78239268295356,67
"1339",1.91451426507202,-4.78239268295356,67
"1340",2.39549212626041,-4.78239268295356,67
"1341",-6.743087236319,-1.78055418679212,68
"1342",-6.26210937513061,-1.78055418679212,68
"1343",-5.78113151394222,-1.95713292186044,68
"1344",-5.30015365275383,-1.95713292186044,68
"1345",-4.81917579156544,-1.95713292186044,68
"1346",-4.33819793037705,-1.95713292186044,68
"1347",-3.85722006918866,-1.95713292186044,68
"1348",-3.37624220800027,-2.13371165692876,68
"1349",-2.89526434681188,-2.13371165692876,68
"1350",-2.41428648562349,-2.31029039199708,68
"1351",-1.9333086244351,-3.01660533227036,68
"1352",-1.45233076324671,-3.54634153747532,68
"1353",-0.971352902058324,-4.07607774268028,68
"1354",-0.490375040869933,-4.42923521281692,68
"1355",-0.00939717968154419,-4.60581394788524,68
"1356",0.471580681506846,-4.78239268295356,68
"1357",0.952558542695236,-4.78239268295356,68
"1358",1.43353640388363,-4.78239268295356,68
"1359",1.91451426507202,-4.78239268295356,68
"1360",2.39549212626041,-4.78239268295356,68
"1361",-6.743087236319,-1.25081798158716,69
"1362",-6.26210937513061,-1.25081798158716,69
"1363",-5.78113151394222,-1.25081798158716,69
"1364",-5.30015365275383,-1.25081798158716,69
"1365",-4.81917579156544,-1.95713292186044,69
"1366",-4.33819793037705,-2.13371165692876,69
"1367",-3.85722006918866,-2.31029039199708,69
"1368",-3.37624220800027,-2.4868691270654,69
"1369",-2.89526434681188,-2.66344786213372,69
"1370",-2.41428648562349,-3.01660533227036,69
"1371",-1.9333086244351,-3.369762802407,69
"1372",-1.45233076324671,-3.54634153747532,69
"1373",-0.971352902058324,-3.89949900761196,69
"1374",-0.490375040869933,-4.78239268295356,69
"1375",-0.00939717968154419,-4.78239268295356,69
"1376",0.471580681506846,-4.78239268295356,69
"1377",0.952558542695236,-4.78239268295356,69
"1378",1.43353640388363,-4.78239268295356,69
"1379",1.91451426507202,-4.78239268295356,69
"1380",2.39549212626041,-4.78239268295356,69
"1381",-6.743087236319,-1.25081798158716,70
"1382",-6.26210937513061,-1.25081798158716,70
"1383",-5.78113151394222,-1.25081798158716,70
"1384",-5.30015365275383,-1.25081798158716,70
"1385",-4.81917579156544,-1.25081798158716,70
"1386",-4.33819793037705,-3.89949900761196,70
"1387",-3.85722006918866,-4.60581394788524,70
"1388",-3.37624220800027,-4.78239268295356,70
"1389",-2.89526434681188,-4.78239268295356,70
"1390",-2.41428648562349,-4.78239268295356,70
"1391",-1.9333086244351,-4.78239268295356,70
"1392",-1.45233076324671,-4.78239268295356,70
"1393",-0.971352902058324,-4.78239268295356,70
"1394",-0.490375040869933,-4.78239268295356,70
"1395",-0.00939717968154419,-4.78239268295356,70
"1396",0.471580681506846,-4.78239268295356,70
"1397",0.952558542695236,-4.78239268295356,70
"1398",1.43353640388363,-4.78239268295356,70
"1399",1.91451426507202,-4.78239268295356,70
"1400",2.39549212626041,-4.78239268295356,70
"1401",-6.743087236319,-1.25081798158716,71
"1402",-6.26210937513061,-1.25081798158716,71
"1403",-5.78113151394222,-1.25081798158716,71
"1404",-5.30015365275383,-1.6039754517238,71
"1405",-4.81917579156544,-1.95713292186044,71
"1406",-4.33819793037705,-3.54634153747532,71
"1407",-3.85722006918866,-4.42923521281692,71
"1408",-3.37624220800027,-4.78239268295356,71
"1409",-2.89526434681188,-4.78239268295356,71
"1410",-2.41428648562349,-4.78239268295356,71
"1411",-1.9333086244351,-4.78239268295356,71
"1412",-1.45233076324671,-4.78239268295356,71
"1413",-0.971352902058324,-4.78239268295356,71
"1414",-0.490375040869933,-4.78239268295356,71
"1415",-0.00939717968154419,-4.78239268295356,71
"1416",0.471580681506846,-4.78239268295356,71
"1417",0.952558542695236,-4.78239268295356,71
"1418",1.43353640388363,-4.78239268295356,71
"1419",1.91451426507202,-4.78239268295356,71
"1420",2.39549212626041,-4.78239268295356,71
"1421",-6.743087236319,-1.25081798158716,72
"1422",-6.26210937513061,-1.25081798158716,72
"1423",-5.78113151394222,-1.25081798158716,72
"1424",-5.30015365275383,-1.25081798158716,72
"1425",-4.81917579156544,-1.25081798158716,72
"1426",-4.33819793037705,-4.78239268295356,72
"1427",-3.85722006918866,-4.78239268295356,72
"1428",-3.37624220800027,-4.78239268295356,72
"1429",-2.89526434681188,-4.78239268295356,72
"1430",-2.41428648562349,-4.78239268295356,72
"1431",-1.9333086244351,-4.78239268295356,72
"1432",-1.45233076324671,-4.78239268295356,72
"1433",-0.971352902058324,-4.78239268295356,72
"1434",-0.490375040869933,-4.78239268295356,72
"1435",-0.00939717968154419,-4.78239268295356,72
"1436",0.471580681506846,-4.78239268295356,72
"1437",0.952558542695236,-4.78239268295356,72
"1438",1.43353640388363,-4.78239268295356,72
"1439",1.91451426507202,-4.78239268295356,72
"1440",2.39549212626041,-4.78239268295356,72
"1441",-6.743087236319,-1.25081798158716,73
"1442",-6.26210937513061,-1.25081798158716,73
"1443",-5.78113151394222,-1.25081798158716,73
"1444",-5.30015365275383,-1.42739671665548,73
"1445",-4.81917579156544,-1.95713292186044,73
"1446",-4.33819793037705,-2.13371165692876,73
"1447",-3.85722006918866,-2.4868691270654,73
"1448",-3.37624220800027,-2.4868691270654,73
"1449",-2.89526434681188,-2.66344786213372,73
"1450",-2.41428648562349,-2.84002659720204,73
"1451",-1.9333086244351,-2.84002659720204,73
"1452",-1.45233076324671,-3.01660533227036,73
"1453",-0.971352902058324,-3.01660533227036,73
"1454",-0.490375040869933,-3.369762802407,73
"1455",-0.00939717968154419,-3.72292027254364,73
"1456",0.471580681506846,-3.72292027254364,73
"1457",0.952558542695236,-3.72292027254364,73
"1458",1.43353640388363,-3.72292027254364,73
"1459",1.91451426507202,-3.72292027254364,73
"1460",2.39549212626041,-3.72292027254364,73
"1461",-6.743087236319,-1.25081798158716,74
"1462",-6.26210937513061,-1.25081798158716,74
"1463",-5.78113151394222,-1.25081798158716,74
"1464",-5.30015365275383,-1.25081798158716,74
"1465",-4.81917579156544,-1.25081798158716,74
"1466",-4.33819793037705,-4.42923521281692,74
"1467",-3.85722006918866,-4.78239268295356,74
"1468",-3.37624220800027,-4.78239268295356,74
"1469",-2.89526434681188,-4.78239268295356,74
"1470",-2.41428648562349,-4.78239268295356,74
"1471",-1.9333086244351,-4.78239268295356,74
"1472",-1.45233076324671,-4.78239268295356,74
"1473",-0.971352902058324,-4.78239268295356,74
"1474",-0.490375040869933,-4.78239268295356,74
"1475",-0.00939717968154419,-4.78239268295356,74
"1476",0.471580681506846,-4.78239268295356,74
"1477",0.952558542695236,-4.78239268295356,74
"1478",1.43353640388363,-4.78239268295356,74
"1479",1.91451426507202,-4.78239268295356,74
"1480",2.39549212626041,-4.78239268295356,74
"1481",-6.743087236319,-1.25081798158716,75
"1482",-6.26210937513061,-1.25081798158716,75
"1483",-5.78113151394222,-1.25081798158716,75
"1484",-5.30015365275383,-1.25081798158716,75
"1485",-4.81917579156544,-1.78055418679212,75
"1486",-4.33819793037705,-2.4868691270654,75
"1487",-3.85722006918866,-2.84002659720204,75
"1488",-3.37624220800027,-3.19318406733868,75
"1489",-2.89526434681188,-3.369762802407,75
"1490",-2.41428648562349,-3.54634153747532,75
"1491",-1.9333086244351,-3.54634153747532,75
"1492",-1.45233076324671,-3.72292027254364,75
"1493",-0.971352902058324,-3.89949900761196,75
"1494",-0.490375040869933,-3.89949900761196,75
"1495",-0.00939717968154419,-3.89949900761196,75
"1496",0.471580681506846,-3.89949900761196,75
"1497",0.952558542695236,-3.89949900761196,75
"1498",1.43353640388363,-4.07607774268028,75
"1499",1.91451426507202,-4.07607774268028,75
"1500",2.39549212626041,-4.07607774268028,75
"1501",-6.743087236319,-1.25081798158716,76
"1502",-6.26210937513061,-1.25081798158716,76
"1503",-5.78113151394222,-1.25081798158716,76
"1504",-5.30015365275383,-1.25081798158716,76
"1505",-4.81917579156544,-1.95713292186044,76
"1506",-4.33819793037705,-2.31029039199708,76
"1507",-3.85722006918866,-2.66344786213372,76
"1508",-3.37624220800027,-3.01660533227036,76
"1509",-2.89526434681188,-3.369762802407,76
"1510",-2.41428648562349,-3.54634153747532,76
"1511",-1.9333086244351,-3.72292027254364,76
"1512",-1.45233076324671,-3.89949900761196,76
"1513",-0.971352902058324,-4.07607774268028,76
"1514",-0.490375040869933,-4.2526564777486,76
"1515",-0.00939717968154419,-4.60581394788524,76
"1516",0.471580681506846,-4.78239268295356,76
"1517",0.952558542695236,-4.78239268295356,76
"1518",1.43353640388363,-4.78239268295356,76
"1519",1.91451426507202,-4.78239268295356,76
"1520",2.39549212626041,-4.78239268295356,76
"1521",-6.743087236319,-1.25081798158716,77
"1522",-6.26210937513061,-1.25081798158716,77
"1523",-5.78113151394222,-1.25081798158716,77
"1524",-5.30015365275383,-1.25081798158716,77
"1525",-4.81917579156544,-1.95713292186044,77
"1526",-4.33819793037705,-2.4868691270654,77
"1527",-3.85722006918866,-2.66344786213372,77
"1528",-3.37624220800027,-3.01660533227036,77
"1529",-2.89526434681188,-3.369762802407,77
"1530",-2.41428648562349,-3.89949900761196,77
"1531",-1.9333086244351,-4.78239268295356,77
"1532",-1.45233076324671,-4.78239268295356,77
"1533",-0.971352902058324,-4.78239268295356,77
"1534",-0.490375040869933,-4.78239268295356,77
"1535",-0.00939717968154419,-4.78239268295356,77
"1536",0.471580681506846,-4.78239268295356,77
"1537",0.952558542695236,-4.78239268295356,77
"1538",1.43353640388363,-4.78239268295356,77
"1539",1.91451426507202,-4.78239268295356,77
"1540",2.39549212626041,-4.78239268295356,77
"1541",-6.743087236319,-1.25081798158716,78
"1542",-6.26210937513061,-1.25081798158716,78
"1543",-5.78113151394222,-1.25081798158716,78
"1544",-5.30015365275383,-1.25081798158716,78
"1545",-4.81917579156544,-1.95713292186044,78
"1546",-4.33819793037705,-2.31029039199708,78
"1547",-3.85722006918866,-2.84002659720204,78
"1548",-3.37624220800027,-3.01660533227036,78
"1549",-2.89526434681188,-3.369762802407,78
"1550",-2.41428648562349,-3.54634153747532,78
"1551",-1.9333086244351,-3.54634153747532,78
"1552",-1.45233076324671,-3.72292027254364,78
"1553",-0.971352902058324,-3.72292027254364,78
"1554",-0.490375040869933,-3.89949900761196,78
"1555",-0.00939717968154419,-3.89949900761196,78
"1556",0.471580681506846,-3.89949900761196,78
"1557",0.952558542695236,-3.89949900761196,78
"1558",1.43353640388363,-3.89949900761196,78
"1559",1.91451426507202,-3.89949900761196,78
"1560",2.39549212626041,-3.89949900761196,78
"1561",-6.743087236319,-1.25081798158716,79
"1562",-6.26210937513061,-1.25081798158716,79
"1563",-5.78113151394222,-1.25081798158716,79
"1564",-5.30015365275383,-1.42739671665548,79
"1565",-4.81917579156544,-1.6039754517238,79
"1566",-4.33819793037705,-3.369762802407,79
"1567",-3.85722006918866,-4.07607774268028,79
"1568",-3.37624220800027,-4.60581394788524,79
"1569",-2.89526434681188,-4.78239268295356,79
"1570",-2.41428648562349,-4.78239268295356,79
"1571",-1.9333086244351,-4.78239268295356,79
"1572",-1.45233076324671,-4.78239268295356,79
"1573",-0.971352902058324,-4.78239268295356,79
"1574",-0.490375040869933,-4.78239268295356,79
"1575",-0.00939717968154419,-4.78239268295356,79
"1576",0.471580681506846,-4.78239268295356,79
"1577",0.952558542695236,-4.78239268295356,79
"1578",1.43353640388363,-4.78239268295356,79
"1579",1.91451426507202,-4.78239268295356,79
"1580",2.39549212626041,-4.78239268295356,79
"1581",-6.743087236319,-1.25081798158716,80
"1582",-6.26210937513061,-1.25081798158716,80
"1583",-5.78113151394222,-1.25081798158716,80
"1584",-5.30015365275383,-1.42739671665548,80
"1585",-4.81917579156544,-1.95713292186044,80
"1586",-4.33819793037705,-2.66344786213372,80
"1587",-3.85722006918866,-2.84002659720204,80
"1588",-3.37624220800027,-3.01660533227036,80
"1589",-2.89526434681188,-3.01660533227036,80
"1590",-2.41428648562349,-3.01660533227036,80
"1591",-1.9333086244351,-3.01660533227036,80
"1592",-1.45233076324671,-3.01660533227036,80
"1593",-0.971352902058324,-3.19318406733868,80
"1594",-0.490375040869933,-3.19318406733868,80
"1595",-0.00939717968154419,-3.369762802407,80
"1596",0.471580681506846,-3.369762802407,80
"1597",0.952558542695236,-3.369762802407,80
"1598",1.43353640388363,-3.369762802407,80
"1599",1.91451426507202,-3.369762802407,80
"1600",2.39549212626041,-3.369762802407,80
"1601",-6.743087236319,-1.42739671665548,81
"1602",-6.26210937513061,-1.42739671665548,81
"1603",-5.78113151394222,-1.42739671665548,81
"1604",-5.30015365275383,-1.42739671665548,81
"1605",-4.81917579156544,-1.78055418679212,81
"1606",-4.33819793037705,-2.4868691270654,81
"1607",-3.85722006918866,-2.84002659720204,81
"1608",-3.37624220800027,-4.07607774268028,81
"1609",-2.89526434681188,-4.78239268295356,81
"1610",-2.41428648562349,-4.78239268295356,81
"1611",-1.9333086244351,-4.78239268295356,81
"1612",-1.45233076324671,-4.78239268295356,81
"1613",-0.971352902058324,-4.78239268295356,81
"1614",-0.490375040869933,-4.78239268295356,81
"1615",-0.00939717968154419,-4.78239268295356,81
"1616",0.471580681506846,-4.78239268295356,81
"1617",0.952558542695236,-4.78239268295356,81
"1618",1.43353640388363,-4.78239268295356,81
"1619",1.91451426507202,-4.78239268295356,81
"1620",2.39549212626041,-4.78239268295356,81
"1621",-6.743087236319,-1.25081798158716,82
"1622",-6.26210937513061,-1.25081798158716,82
"1623",-5.78113151394222,-1.25081798158716,82
"1624",-5.30015365275383,-1.25081798158716,82
"1625",-4.81917579156544,-1.78055418679212,82
"1626",-4.33819793037705,-4.78239268295356,82
"1627",-3.85722006918866,-4.78239268295356,82
"1628",-3.37624220800027,-4.78239268295356,82
"1629",-2.89526434681188,-4.78239268295356,82
"1630",-2.41428648562349,-4.78239268295356,82
"1631",-1.9333086244351,-4.78239268295356,82
"1632",-1.45233076324671,-4.78239268295356,82
"1633",-0.971352902058324,-4.78239268295356,82
"1634",-0.490375040869933,-4.78239268295356,82
"1635",-0.00939717968154419,-4.78239268295356,82
"1636",0.471580681506846,-4.78239268295356,82
"1637",0.952558542695236,-4.78239268295356,82
"1638",1.43353640388363,-4.78239268295356,82
"1639",1.91451426507202,-4.78239268295356,82
"1640",2.39549212626041,-4.78239268295356,82
"1641",-6.743087236319,-1.6039754517238,83
"1642",-6.26210937513061,-1.78055418679212,83
"1643",-5.78113151394222,-1.78055418679212,83
"1644",-5.30015365275383,-1.95713292186044,83
"1645",-4.81917579156544,-1.95713292186044,83
"1646",-4.33819793037705,-2.84002659720204,83
"1647",-3.85722006918866,-3.54634153747532,83
"1648",-3.37624220800027,-3.89949900761196,83
"1649",-2.89526434681188,-4.2526564777486,83
"1650",-2.41428648562349,-4.60581394788524,83
"1651",-1.9333086244351,-4.78239268295356,83
"1652",-1.45233076324671,-4.78239268295356,83
"1653",-0.971352902058324,-4.78239268295356,83
"1654",-0.490375040869933,-4.78239268295356,83
"1655",-0.00939717968154419,-4.78239268295356,83
"1656",0.471580681506846,-4.78239268295356,83
"1657",0.952558542695236,-4.78239268295356,83
"1658",1.43353640388363,-4.78239268295356,83
"1659",1.91451426507202,-4.78239268295356,83
"1660",2.39549212626041,-4.78239268295356,83
"1661",-6.743087236319,-1.25081798158716,84
"1662",-6.26210937513061,-1.25081798158716,84
"1663",-5.78113151394222,-1.25081798158716,84
"1664",-5.30015365275383,-1.25081798158716,84
"1665",-4.81917579156544,-1.25081798158716,84
"1666",-4.33819793037705,-3.89949900761196,84
"1667",-3.85722006918866,-4.60581394788524,84
"1668",-3.37624220800027,-4.78239268295356,84
"1669",-2.89526434681188,-4.78239268295356,84
"1670",-2.41428648562349,-4.78239268295356,84
"1671",-1.9333086244351,-4.78239268295356,84
"1672",-1.45233076324671,-4.78239268295356,84
"1673",-0.971352902058324,-4.78239268295356,84
"1674",-0.490375040869933,-4.78239268295356,84
"1675",-0.00939717968154419,-4.78239268295356,84
"1676",0.471580681506846,-4.78239268295356,84
"1677",0.952558542695236,-4.78239268295356,84
"1678",1.43353640388363,-4.78239268295356,84
"1679",1.91451426507202,-4.78239268295356,84
"1680",2.39549212626041,-4.78239268295356,84
"1681",-6.743087236319,-1.25081798158716,85
"1682",-6.26210937513061,-1.25081798158716,85
"1683",-5.78113151394222,-1.25081798158716,85
"1684",-5.30015365275383,-1.25081798158716,85
"1685",-4.81917579156544,-1.25081798158716,85
"1686",-4.33819793037705,-3.369762802407,85
"1687",-3.85722006918866,-4.07607774268028,85
"1688",-3.37624220800027,-4.42923521281692,85
"1689",-2.89526434681188,-4.60581394788524,85
"1690",-2.41428648562349,-4.78239268295356,85
"1691",-1.9333086244351,-4.78239268295356,85
"1692",-1.45233076324671,-4.78239268295356,85
"1693",-0.971352902058324,-4.78239268295356,85
"1694",-0.490375040869933,-4.78239268295356,85
"1695",-0.00939717968154419,-4.78239268295356,85
"1696",0.471580681506846,-4.78239268295356,85
"1697",0.952558542695236,-4.78239268295356,85
"1698",1.43353640388363,-4.78239268295356,85
"1699",1.91451426507202,-4.78239268295356,85
"1700",2.39549212626041,-4.78239268295356,85
"1701",-6.743087236319,-1.42739671665548,86
"1702",-6.26210937513061,-1.78055418679212,86
"1703",-5.78113151394222,-1.78055418679212,86
"1704",-5.30015365275383,-1.95713292186044,86
"1705",-4.81917579156544,-1.95713292186044,86
"1706",-4.33819793037705,-2.13371165692876,86
"1707",-3.85722006918866,-3.54634153747532,86
"1708",-3.37624220800027,-4.2526564777486,86
"1709",-2.89526434681188,-4.42923521281692,86
"1710",-2.41428648562349,-4.60581394788524,86
"1711",-1.9333086244351,-4.78239268295356,86
"1712",-1.45233076324671,-4.78239268295356,86
"1713",-0.971352902058324,-4.78239268295356,86
"1714",-0.490375040869933,-4.78239268295356,86
"1715",-0.00939717968154419,-4.78239268295356,86
"1716",0.471580681506846,-4.78239268295356,86
"1717",0.952558542695236,-4.78239268295356,86
"1718",1.43353640388363,-4.78239268295356,86
"1719",1.91451426507202,-4.78239268295356,86
"1720",2.39549212626041,-4.78239268295356,86
"1721",-6.743087236319,-1.25081798158716,87
"1722",-6.26210937513061,-1.25081798158716,87
"1723",-5.78113151394222,-1.25081798158716,87
"1724",-5.30015365275383,-1.25081798158716,87
"1725",-4.81917579156544,-1.25081798158716,87
"1726",-4.33819793037705,-4.78239268295356,87
"1727",-3.85722006918866,-4.78239268295356,87
"1728",-3.37624220800027,-4.78239268295356,87
"1729",-2.89526434681188,-4.78239268295356,87
"1730",-2.41428648562349,-4.78239268295356,87
"1731",-1.9333086244351,-4.78239268295356,87
"1732",-1.45233076324671,-4.78239268295356,87
"1733",-0.971352902058324,-4.78239268295356,87
"1734",-0.490375040869933,-4.78239268295356,87
"1735",-0.00939717968154419,-4.78239268295356,87
"1736",0.471580681506846,-4.78239268295356,87
"1737",0.952558542695236,-4.78239268295356,87
"1738",1.43353640388363,-4.78239268295356,87
"1739",1.91451426507202,-4.78239268295356,87
"1740",2.39549212626041,-4.78239268295356,87
"1741",-6.743087236319,-1.25081798158716,88
"1742",-6.26210937513061,-1.25081798158716,88
"1743",-5.78113151394222,-1.25081798158716,88
"1744",-5.30015365275383,-1.25081798158716,88
"1745",-4.81917579156544,-1.25081798158716,88
"1746",-4.33819793037705,-2.31029039199708,88
"1747",-3.85722006918866,-2.4868691270654,88
"1748",-3.37624220800027,-2.4868691270654,88
"1749",-2.89526434681188,-2.66344786213372,88
"1750",-2.41428648562349,-2.66344786213372,88
"1751",-1.9333086244351,-2.84002659720204,88
"1752",-1.45233076324671,-3.54634153747532,88
"1753",-0.971352902058324,-3.89949900761196,88
"1754",-0.490375040869933,-4.2526564777486,88
"1755",-0.00939717968154419,-4.78239268295356,88
"1756",0.471580681506846,-4.78239268295356,88
"1757",0.952558542695236,-4.78239268295356,88
"1758",1.43353640388363,-4.78239268295356,88
"1759",1.91451426507202,-4.78239268295356,88
"1760",2.39549212626041,-4.78239268295356,88
"1761",-6.743087236319,-1.25081798158716,89
"1762",-6.26210937513061,-1.25081798158716,89
"1763",-5.78113151394222,-1.25081798158716,89
"1764",-5.30015365275383,-1.42739671665548,89
"1765",-4.81917579156544,-1.95713292186044,89
"1766",-4.33819793037705,-2.31029039199708,89
"1767",-3.85722006918866,-2.66344786213372,89
"1768",-3.37624220800027,-2.84002659720204,89
"1769",-2.89526434681188,-3.01660533227036,89
"1770",-2.41428648562349,-3.19318406733868,89
"1771",-1.9333086244351,-3.369762802407,89
"1772",-1.45233076324671,-3.54634153747532,89
"1773",-0.971352902058324,-3.72292027254364,89
"1774",-0.490375040869933,-3.89949900761196,89
"1775",-0.00939717968154419,-3.89949900761196,89
"1776",0.471580681506846,-3.89949900761196,89
"1777",0.952558542695236,-4.07607774268028,89
"1778",1.43353640388363,-4.07607774268028,89
"1779",1.91451426507202,-4.07607774268028,89
"1780",2.39549212626041,-4.07607774268028,89
"1781",-6.743087236319,-1.25081798158716,90
"1782",-6.26210937513061,-1.25081798158716,90
"1783",-5.78113151394222,-1.25081798158716,90
"1784",-5.30015365275383,-1.42739671665548,90
"1785",-4.81917579156544,-1.95713292186044,90
"1786",-4.33819793037705,-2.31029039199708,90
"1787",-3.85722006918866,-2.66344786213372,90
"1788",-3.37624220800027,-2.84002659720204,90
"1789",-2.89526434681188,-3.01660533227036,90
"1790",-2.41428648562349,-3.369762802407,90
"1791",-1.9333086244351,-3.72292027254364,90
"1792",-1.45233076324671,-4.07607774268028,90
"1793",-0.971352902058324,-4.42923521281692,90
"1794",-0.490375040869933,-4.60581394788524,90
"1795",-0.00939717968154419,-4.78239268295356,90
"1796",0.471580681506846,-4.78239268295356,90
"1797",0.952558542695236,-4.78239268295356,90
"1798",1.43353640388363,-4.78239268295356,90
"1799",1.91451426507202,-4.78239268295356,90
"1800",2.39549212626041,-4.78239268295356,90
"1801",-6.743087236319,-1.25081798158716,91
"1802",-6.26210937513061,-1.42739671665548,91
"1803",-5.78113151394222,-1.42739671665548,91
"1804",-5.30015365275383,-1.42739671665548,91
"1805",-4.81917579156544,-1.6039754517238,91
"1806",-4.33819793037705,-3.01660533227036,91
"1807",-3.85722006918866,-3.54634153747532,91
"1808",-3.37624220800027,-4.07607774268028,91
"1809",-2.89526434681188,-4.2526564777486,91
"1810",-2.41428648562349,-4.42923521281692,91
"1811",-1.9333086244351,-4.60581394788524,91
"1812",-1.45233076324671,-4.78239268295356,91
"1813",-0.971352902058324,-4.78239268295356,91
"1814",-0.490375040869933,-4.78239268295356,91
"1815",-0.00939717968154419,-4.78239268295356,91
"1816",0.471580681506846,-4.78239268295356,91
"1817",0.952558542695236,-4.78239268295356,91
"1818",1.43353640388363,-4.78239268295356,91
"1819",1.91451426507202,-4.78239268295356,91
"1820",2.39549212626041,-4.78239268295356,91
"1821",-6.743087236319,-1.25081798158716,92
"1822",-6.26210937513061,-1.25081798158716,92
"1823",-5.78113151394222,-1.25081798158716,92
"1824",-5.30015365275383,-1.25081798158716,92
"1825",-4.81917579156544,-1.95713292186044,92
"1826",-4.33819793037705,-3.01660533227036,92
"1827",-3.85722006918866,-3.72292027254364,92
"1828",-3.37624220800027,-4.2526564777486,92
"1829",-2.89526434681188,-4.42923521281692,92
"1830",-2.41428648562349,-4.60581394788524,92
"1831",-1.9333086244351,-4.78239268295356,92
"1832",-1.45233076324671,-4.78239268295356,92
"1833",-0.971352902058324,-4.78239268295356,92
"1834",-0.490375040869933,-4.78239268295356,92
"1835",-0.00939717968154419,-4.78239268295356,92
"1836",0.471580681506846,-4.78239268295356,92
"1837",0.952558542695236,-4.78239268295356,92
"1838",1.43353640388363,-4.78239268295356,92
"1839",1.91451426507202,-4.78239268295356,92
"1840",2.39549212626041,-4.78239268295356,92
"1841",-6.743087236319,-1.25081798158716,93
"1842",-6.26210937513061,-1.25081798158716,93
"1843",-5.78113151394222,-1.25081798158716,93
"1844",-5.30015365275383,-1.25081798158716,93
"1845",-4.81917579156544,-1.6039754517238,93
"1846",-4.33819793037705,-2.84002659720204,93
"1847",-3.85722006918866,-3.19318406733868,93
"1848",-3.37624220800027,-3.369762802407,93
"1849",-2.89526434681188,-3.54634153747532,93
"1850",-2.41428648562349,-3.54634153747532,93
"1851",-1.9333086244351,-3.72292027254364,93
"1852",-1.45233076324671,-3.72292027254364,93
"1853",-0.971352902058324,-4.78239268295356,93
"1854",-0.490375040869933,-4.78239268295356,93
"1855",-0.00939717968154419,-4.78239268295356,93
"1856",0.471580681506846,-4.78239268295356,93
"1857",0.952558542695236,-4.78239268295356,93
"1858",1.43353640388363,-4.78239268295356,93
"1859",1.91451426507202,-4.78239268295356,93
"1860",2.39549212626041,-4.78239268295356,93
"1861",-6.743087236319,-1.78055418679212,94
"1862",-6.26210937513061,-1.78055418679212,94
"1863",-5.78113151394222,-1.78055418679212,94
"1864",-5.30015365275383,-1.95713292186044,94
"1865",-4.81917579156544,-1.95713292186044,94
"1866",-4.33819793037705,-3.72292027254364,94
"1867",-3.85722006918866,-4.2526564777486,94
"1868",-3.37624220800027,-4.42923521281692,94
"1869",-2.89526434681188,-4.60581394788524,94
"1870",-2.41428648562349,-4.60581394788524,94
"1871",-1.9333086244351,-4.60581394788524,94
"1872",-1.45233076324671,-4.60581394788524,94
"1873",-0.971352902058324,-4.60581394788524,94
"1874",-0.490375040869933,-4.60581394788524,94
"1875",-0.00939717968154419,-4.60581394788524,94
"1876",0.471580681506846,-4.60581394788524,94
"1877",0.952558542695236,-4.60581394788524,94
"1878",1.43353640388363,-4.60581394788524,94
"1879",1.91451426507202,-4.60581394788524,94
"1880",2.39549212626041,-4.60581394788524,94
"1881",-6.743087236319,-1.25081798158716,95
"1882",-6.26210937513061,-1.25081798158716,95
"1883",-5.78113151394222,-1.25081798158716,95
"1884",-5.30015365275383,-1.25081798158716,95
"1885",-4.81917579156544,-1.42739671665548,95
"1886",-4.33819793037705,-3.01660533227036,95
"1887",-3.85722006918866,-3.54634153747532,95
"1888",-3.37624220800027,-3.72292027254364,95
"1889",-2.89526434681188,-3.89949900761196,95
"1890",-2.41428648562349,-4.07607774268028,95
"1891",-1.9333086244351,-4.07607774268028,95
"1892",-1.45233076324671,-4.42923521281692,95
"1893",-0.971352902058324,-4.78239268295356,95
"1894",-0.490375040869933,-4.78239268295356,95
"1895",-0.00939717968154419,-4.78239268295356,95
"1896",0.471580681506846,-4.78239268295356,95
"1897",0.952558542695236,-4.78239268295356,95
"1898",1.43353640388363,-4.78239268295356,95
"1899",1.91451426507202,-4.78239268295356,95
"1900",2.39549212626041,-4.78239268295356,95
"1901",-6.743087236319,-1.25081798158716,96
"1902",-6.26210937513061,-1.25081798158716,96
"1903",-5.78113151394222,-1.25081798158716,96
"1904",-5.30015365275383,-1.25081798158716,96
"1905",-4.81917579156544,-1.25081798158716,96
"1906",-4.33819793037705,-3.72292027254364,96
"1907",-3.85722006918866,-3.89949900761196,96
"1908",-3.37624220800027,-4.07607774268028,96
"1909",-2.89526434681188,-4.07607774268028,96
"1910",-2.41428648562349,-4.07607774268028,96
"1911",-1.9333086244351,-4.07607774268028,96
"1912",-1.45233076324671,-4.07607774268028,96
"1913",-0.971352902058324,-4.07607774268028,96
"1914",-0.490375040869933,-4.07607774268028,96
"1915",-0.00939717968154419,-4.07607774268028,96
"1916",0.471580681506846,-4.07607774268028,96
"1917",0.952558542695236,-4.07607774268028,96
"1918",1.43353640388363,-4.07607774268028,96
"1919",1.91451426507202,-4.07607774268028,96
"1920",2.39549212626041,-4.07607774268028,96
"1921",-6.743087236319,-1.25081798158716,97
"1922",-6.26210937513061,-1.25081798158716,97
"1923",-5.78113151394222,-1.25081798158716,97
"1924",-5.30015365275383,-1.25081798158716,97
"1925",-4.81917579156544,-1.95713292186044,97
"1926",-4.33819793037705,-2.31029039199708,97
"1927",-3.85722006918866,-2.4868691270654,97
"1928",-3.37624220800027,-2.66344786213372,97
"1929",-2.89526434681188,-3.19318406733868,97
"1930",-2.41428648562349,-3.54634153747532,97
"1931",-1.9333086244351,-3.89949900761196,97
"1932",-1.45233076324671,-4.07607774268028,97
"1933",-0.971352902058324,-4.07607774268028,97
"1934",-0.490375040869933,-4.2526564777486,97
"1935",-0.00939717968154419,-4.2526564777486,97
"1936",0.471580681506846,-4.2526564777486,97
"1937",0.952558542695236,-4.2526564777486,97
"1938",1.43353640388363,-4.2526564777486,97
"1939",1.91451426507202,-4.2526564777486,97
"1940",2.39549212626041,-4.42923521281692,97
"1941",-6.743087236319,-1.25081798158716,98
"1942",-6.26210937513061,-1.25081798158716,98
"1943",-5.78113151394222,-1.25081798158716,98
"1944",-5.30015365275383,-1.25081798158716,98
"1945",-4.81917579156544,-1.25081798158716,98
"1946",-4.33819793037705,-3.54634153747532,98
"1947",-3.85722006918866,-3.72292027254364,98
"1948",-3.37624220800027,-3.89949900761196,98
"1949",-2.89526434681188,-3.89949900761196,98
"1950",-2.41428648562349,-3.89949900761196,98
"1951",-1.9333086244351,-3.89949900761196,98
"1952",-1.45233076324671,-3.89949900761196,98
"1953",-0.971352902058324,-3.89949900761196,98
"1954",-0.490375040869933,-3.89949900761196,98
"1955",-0.00939717968154419,-4.07607774268028,98
"1956",0.471580681506846,-4.2526564777486,98
"1957",0.952558542695236,-4.2526564777486,98
"1958",1.43353640388363,-4.42923521281692,98
"1959",1.91451426507202,-4.42923521281692,98
"1960",2.39549212626041,-4.60581394788524,98
"1961",-6.743087236319,-1.25081798158716,99
"1962",-6.26210937513061,-1.25081798158716,99
"1963",-5.78113151394222,-1.25081798158716,99
"1964",-5.30015365275383,-1.42739671665548,99
"1965",-4.81917579156544,-1.6039754517238,99
"1966",-4.33819793037705,-3.54634153747532,99
"1967",-3.85722006918866,-4.2526564777486,99
"1968",-3.37624220800027,-4.60581394788524,99
"1969",-2.89526434681188,-4.78239268295356,99
"1970",-2.41428648562349,-4.78239268295356,99
"1971",-1.9333086244351,-4.78239268295356,99
"1972",-1.45233076324671,-4.78239268295356,99
"1973",-0.971352902058324,-4.78239268295356,99
"1974",-0.490375040869933,-4.78239268295356,99
"1975",-0.00939717968154419,-4.78239268295356,99
"1976",0.471580681506846,-4.78239268295356,99
"1977",0.952558542695236,-4.78239268295356,99
"1978",1.43353640388363,-4.78239268295356,99
"1979",1.91451426507202,-4.78239268295356,99
"1980",2.39549212626041,-4.78239268295356,99
"1981",-6.743087236319,-1.25081798158716,100
"1982",-6.26210937513061,-1.25081798158716,100
"1983",-5.78113151394222,-1.25081798158716,100
"1984",-5.30015365275383,-1.42739671665548,100
"1985",-4.81917579156544,-1.95713292186044,100
"1986",-4.33819793037705,-3.01660533227036,100
"1987",-3.85722006918866,-4.2526564777486,100
"1988",-3.37624220800027,-4.78239268295356,100
"1989",-2.89526434681188,-4.78239268295356,100
"1990",-2.41428648562349,-4.78239268295356,100
"1991",-1.9333086244351,-4.78239268295356,100
"1992",-1.45233076324671,-4.78239268295356,100
"1993",-0.971352902058324,-4.78239268295356,100
"1994",-0.490375040869933,-4.78239268295356,100
"1995",-0.00939717968154419,-4.78239268295356,100
"1996",0.471580681506846,-4.78239268295356,100
"1997",0.952558542695236,-4.78239268295356,100
"1998",1.43353640388363,-4.78239268295356,100
"1999",1.91451426507202,-4.78239268295356,100
"2000",2.39549212626041,-4.78239268295356,100
