"","x","y","sample"
"1",-6.1779752987222,2.2982169934672,1
"2",-5.74895075545181,2.2982169934672,1
"3",-5.31992621218141,2.2982169934672,1
"4",-4.89090166891101,2.2982169934672,1
"5",-4.46187712564061,0.890932914063594,1
"6",-4.03285258237022,-3.33091932414722,1
"7",-3.60382803909982,-3.33091932414722,1
"8",-3.17480349582942,-3.33091932414722,1
"9",-2.74577895255903,-3.33091932414722,1
"10",-2.31675440928863,-3.33091932414722,1
"11",-1.88772986601823,-3.33091932414722,1
"12",-1.45870532274783,-3.33091932414722,1
"13",-1.02968077947744,-3.33091932414722,1
"14",-0.60065623620704,-3.33091932414722,1
"15",-0.171631692936643,-3.33091932414722,1
"16",0.257392850333755,-3.33091932414722,1
"17",0.686417393604152,-3.33091932414722,1
"18",1.11544193687455,-3.33091932414722,1
"19",1.54446648014495,-3.33091932414722,1
"20",1.97349102341534,-3.33091932414722,1
"21",-6.1779752987222,1.45384654582504,2
"22",-5.74895075545181,0.890932914063594,2
"23",-5.31992621218141,0.609476098182873,2
"24",-4.89090166891101,0.328019282302152,2
"25",-4.46187712564061,0.046562466421431,2
"26",-4.03285258237022,-0.23489434945929,2
"27",-3.60382803909982,-0.516351165340011,2
"28",-3.17480349582942,-0.797807981220732,2
"29",-2.74577895255903,-1.36072161298217,2
"30",-2.31675440928863,-3.33091932414722,2
"31",-1.88772986601823,-3.33091932414722,2
"32",-1.45870532274783,-3.33091932414722,2
"33",-1.02968077947744,-3.33091932414722,2
"34",-0.60065623620704,-3.33091932414722,2
"35",-0.171631692936643,-3.33091932414722,2
"36",0.257392850333755,-3.33091932414722,2
"37",0.686417393604152,-3.33091932414722,2
"38",1.11544193687455,-3.33091932414722,2
"39",1.54446648014495,-3.33091932414722,2
"40",1.97349102341534,-3.33091932414722,2
"41",-6.1779752987222,2.2982169934672,3
"42",-5.74895075545181,2.2982169934672,3
"43",-5.31992621218141,2.01676017758648,3
"44",-4.89090166891101,1.73530336170576,3
"45",-4.46187712564061,1.45384654582504,3
"46",-4.03285258237022,-1.6421784288629,3
"47",-3.60382803909982,-1.92363524474362,3
"48",-3.17480349582942,-1.92363524474362,3
"49",-2.74577895255903,-3.33091932414722,3
"50",-2.31675440928863,-3.33091932414722,3
"51",-1.88772986601823,-3.33091932414722,3
"52",-1.45870532274783,-3.33091932414722,3
"53",-1.02968077947744,-3.33091932414722,3
"54",-0.60065623620704,-3.33091932414722,3
"55",-0.171631692936643,-3.33091932414722,3
"56",0.257392850333755,-3.33091932414722,3
"57",0.686417393604152,-3.33091932414722,3
"58",1.11544193687455,-3.33091932414722,3
"59",1.54446648014495,-3.33091932414722,3
"60",1.97349102341534,-3.33091932414722,3
"61",-6.1779752987222,2.2982169934672,4
"62",-5.74895075545181,2.2982169934672,4
"63",-5.31992621218141,2.2982169934672,4
"64",-4.89090166891101,2.2982169934672,4
"65",-4.46187712564061,1.17238972994432,4
"66",-4.03285258237022,-0.797807981220732,4
"67",-3.60382803909982,-1.6421784288629,4
"68",-3.17480349582942,-2.48654887650506,4
"69",-2.74577895255903,-3.33091932414722,4
"70",-2.31675440928863,-3.33091932414722,4
"71",-1.88772986601823,-3.33091932414722,4
"72",-1.45870532274783,-3.33091932414722,4
"73",-1.02968077947744,-3.33091932414722,4
"74",-0.60065623620704,-3.33091932414722,4
"75",-0.171631692936643,-3.33091932414722,4
"76",0.257392850333755,-3.33091932414722,4
"77",0.686417393604152,-3.33091932414722,4
"78",1.11544193687455,-3.33091932414722,4
"79",1.54446648014495,-3.33091932414722,4
"80",1.97349102341534,-3.33091932414722,4
"81",-6.1779752987222,0.609476098182873,5
"82",-5.74895075545181,0.609476098182873,5
"83",-5.31992621218141,0.609476098182873,5
"84",-4.89090166891101,0.328019282302152,5
"85",-4.46187712564061,0.046562466421431,5
"86",-4.03285258237022,-0.516351165340011,5
"87",-3.60382803909982,-0.797807981220732,5
"88",-3.17480349582942,-0.797807981220732,5
"89",-2.74577895255903,-1.07926479710145,5
"90",-2.31675440928863,-1.36072161298217,5
"91",-1.88772986601823,-1.92363524474362,5
"92",-1.45870532274783,-3.33091932414722,5
"93",-1.02968077947744,-3.33091932414722,5
"94",-0.60065623620704,-3.33091932414722,5
"95",-0.171631692936643,-3.33091932414722,5
"96",0.257392850333755,-3.33091932414722,5
"97",0.686417393604152,-3.33091932414722,5
"98",1.11544193687455,-3.33091932414722,5
"99",1.54446648014495,-3.33091932414722,5
"100",1.97349102341534,-3.33091932414722,5
"101",-6.1779752987222,0.890932914063594,6
"102",-5.74895075545181,0.609476098182873,6
"103",-5.31992621218141,0.328019282302152,6
"104",-4.89090166891101,0.046562466421431,6
"105",-4.46187712564061,-0.23489434945929,6
"106",-4.03285258237022,-0.516351165340011,6
"107",-3.60382803909982,-1.07926479710145,6
"108",-3.17480349582942,-1.92363524474362,6
"109",-2.74577895255903,-2.48654887650506,6
"110",-2.31675440928863,-3.33091932414722,6
"111",-1.88772986601823,-3.33091932414722,6
"112",-1.45870532274783,-3.33091932414722,6
"113",-1.02968077947744,-3.33091932414722,6
"114",-0.60065623620704,-3.33091932414722,6
"115",-0.171631692936643,-3.33091932414722,6
"116",0.257392850333755,-3.33091932414722,6
"117",0.686417393604152,-3.33091932414722,6
"118",1.11544193687455,-3.33091932414722,6
"119",1.54446648014495,-3.33091932414722,6
"120",1.97349102341534,-3.33091932414722,6
"121",-6.1779752987222,2.2982169934672,7
"122",-5.74895075545181,1.73530336170576,7
"123",-5.31992621218141,0.890932914063594,7
"124",-4.89090166891101,0.328019282302152,7
"125",-4.46187712564061,0.046562466421431,7
"126",-4.03285258237022,-0.516351165340011,7
"127",-3.60382803909982,-0.797807981220732,7
"128",-3.17480349582942,-2.20509206062434,7
"129",-2.74577895255903,-3.33091932414722,7
"130",-2.31675440928863,-3.33091932414722,7
"131",-1.88772986601823,-3.33091932414722,7
"132",-1.45870532274783,-3.33091932414722,7
"133",-1.02968077947744,-3.33091932414722,7
"134",-0.60065623620704,-3.33091932414722,7
"135",-0.171631692936643,-3.33091932414722,7
"136",0.257392850333755,-3.33091932414722,7
"137",0.686417393604152,-3.33091932414722,7
"138",1.11544193687455,-3.33091932414722,7
"139",1.54446648014495,-3.33091932414722,7
"140",1.97349102341534,-3.33091932414722,7
"141",-6.1779752987222,2.2982169934672,8
"142",-5.74895075545181,2.2982169934672,8
"143",-5.31992621218141,2.2982169934672,8
"144",-4.89090166891101,2.2982169934672,8
"145",-4.46187712564061,1.73530336170576,8
"146",-4.03285258237022,-1.92363524474362,8
"147",-3.60382803909982,-3.33091932414722,8
"148",-3.17480349582942,-3.33091932414722,8
"149",-2.74577895255903,-3.33091932414722,8
"150",-2.31675440928863,-3.33091932414722,8
"151",-1.88772986601823,-3.33091932414722,8
"152",-1.45870532274783,-3.33091932414722,8
"153",-1.02968077947744,-3.33091932414722,8
"154",-0.60065623620704,-3.33091932414722,8
"155",-0.171631692936643,-3.33091932414722,8
"156",0.257392850333755,-3.33091932414722,8
"157",0.686417393604152,-3.33091932414722,8
"158",1.11544193687455,-3.33091932414722,8
"159",1.54446648014495,-3.33091932414722,8
"160",1.97349102341534,-3.33091932414722,8
"161",-6.1779752987222,2.2982169934672,9
"162",-5.74895075545181,2.2982169934672,9
"163",-5.31992621218141,2.2982169934672,9
"164",-4.89090166891101,2.2982169934672,9
"165",-4.46187712564061,2.2982169934672,9
"166",-4.03285258237022,-0.797807981220732,9
"167",-3.60382803909982,-1.36072161298217,9
"168",-3.17480349582942,-2.48654887650506,9
"169",-2.74577895255903,-3.33091932414722,9
"170",-2.31675440928863,-3.33091932414722,9
"171",-1.88772986601823,-3.33091932414722,9
"172",-1.45870532274783,-3.33091932414722,9
"173",-1.02968077947744,-3.33091932414722,9
"174",-0.60065623620704,-3.33091932414722,9
"175",-0.171631692936643,-3.33091932414722,9
"176",0.257392850333755,-3.33091932414722,9
"177",0.686417393604152,-3.33091932414722,9
"178",1.11544193687455,-3.33091932414722,9
"179",1.54446648014495,-3.33091932414722,9
"180",1.97349102341534,-3.33091932414722,9
"181",-6.1779752987222,2.2982169934672,10
"182",-5.74895075545181,2.2982169934672,10
"183",-5.31992621218141,2.2982169934672,10
"184",-4.89090166891101,2.2982169934672,10
"185",-4.46187712564061,2.2982169934672,10
"186",-4.03285258237022,-0.516351165340011,10
"187",-3.60382803909982,-1.36072161298217,10
"188",-3.17480349582942,-1.6421784288629,10
"189",-2.74577895255903,-2.76800569238578,10
"190",-2.31675440928863,-2.76800569238578,10
"191",-1.88772986601823,-2.76800569238578,10
"192",-1.45870532274783,-2.76800569238578,10
"193",-1.02968077947744,-3.0494625082665,10
"194",-0.60065623620704,-3.0494625082665,10
"195",-0.171631692936643,-3.33091932414722,10
"196",0.257392850333755,-3.33091932414722,10
"197",0.686417393604152,-3.33091932414722,10
"198",1.11544193687455,-3.33091932414722,10
"199",1.54446648014495,-3.33091932414722,10
"200",1.97349102341534,-3.33091932414722,10
"201",-6.1779752987222,2.2982169934672,11
"202",-5.74895075545181,2.2982169934672,11
"203",-5.31992621218141,2.2982169934672,11
"204",-4.89090166891101,2.2982169934672,11
"205",-4.46187712564061,2.2982169934672,11
"206",-4.03285258237022,-0.797807981220732,11
"207",-3.60382803909982,-1.07926479710145,11
"208",-3.17480349582942,-1.36072161298217,11
"209",-2.74577895255903,-1.92363524474362,11
"210",-2.31675440928863,-3.33091932414722,11
"211",-1.88772986601823,-3.33091932414722,11
"212",-1.45870532274783,-3.33091932414722,11
"213",-1.02968077947744,-3.33091932414722,11
"214",-0.60065623620704,-3.33091932414722,11
"215",-0.171631692936643,-3.33091932414722,11
"216",0.257392850333755,-3.33091932414722,11
"217",0.686417393604152,-3.33091932414722,11
"218",1.11544193687455,-3.33091932414722,11
"219",1.54446648014495,-3.33091932414722,11
"220",1.97349102341534,-3.33091932414722,11
"221",-6.1779752987222,2.2982169934672,12
"222",-5.74895075545181,2.2982169934672,12
"223",-5.31992621218141,2.2982169934672,12
"224",-4.89090166891101,2.2982169934672,12
"225",-4.46187712564061,2.2982169934672,12
"226",-4.03285258237022,-1.36072161298217,12
"227",-3.60382803909982,-2.48654887650506,12
"228",-3.17480349582942,-3.0494625082665,12
"229",-2.74577895255903,-3.33091932414722,12
"230",-2.31675440928863,-3.33091932414722,12
"231",-1.88772986601823,-3.33091932414722,12
"232",-1.45870532274783,-3.33091932414722,12
"233",-1.02968077947744,-3.33091932414722,12
"234",-0.60065623620704,-3.33091932414722,12
"235",-0.171631692936643,-3.33091932414722,12
"236",0.257392850333755,-3.33091932414722,12
"237",0.686417393604152,-3.33091932414722,12
"238",1.11544193687455,-3.33091932414722,12
"239",1.54446648014495,-3.33091932414722,12
"240",1.97349102341534,-3.33091932414722,12
"241",-6.1779752987222,2.2982169934672,13
"242",-5.74895075545181,2.2982169934672,13
"243",-5.31992621218141,2.2982169934672,13
"244",-4.89090166891101,2.2982169934672,13
"245",-4.46187712564061,2.2982169934672,13
"246",-4.03285258237022,-0.797807981220732,13
"247",-3.60382803909982,-1.36072161298217,13
"248",-3.17480349582942,-1.6421784288629,13
"249",-2.74577895255903,-1.92363524474362,13
"250",-2.31675440928863,-1.92363524474362,13
"251",-1.88772986601823,-1.92363524474362,13
"252",-1.45870532274783,-2.20509206062434,13
"253",-1.02968077947744,-2.20509206062434,13
"254",-0.60065623620704,-2.48654887650506,13
"255",-0.171631692936643,-2.48654887650506,13
"256",0.257392850333755,-2.48654887650506,13
"257",0.686417393604152,-2.48654887650506,13
"258",1.11544193687455,-2.48654887650506,13
"259",1.54446648014495,-2.48654887650506,13
"260",1.97349102341534,-2.48654887650506,13
"261",-6.1779752987222,2.2982169934672,14
"262",-5.74895075545181,2.2982169934672,14
"263",-5.31992621218141,1.45384654582504,14
"264",-4.89090166891101,0.890932914063594,14
"265",-4.46187712564061,0.328019282302152,14
"266",-4.03285258237022,-0.797807981220732,14
"267",-3.60382803909982,-3.0494625082665,14
"268",-3.17480349582942,-3.33091932414722,14
"269",-2.74577895255903,-3.33091932414722,14
"270",-2.31675440928863,-3.33091932414722,14
"271",-1.88772986601823,-3.33091932414722,14
"272",-1.45870532274783,-3.33091932414722,14
"273",-1.02968077947744,-3.33091932414722,14
"274",-0.60065623620704,-3.33091932414722,14
"275",-0.171631692936643,-3.33091932414722,14
"276",0.257392850333755,-3.33091932414722,14
"277",0.686417393604152,-3.33091932414722,14
"278",1.11544193687455,-3.33091932414722,14
"279",1.54446648014495,-3.33091932414722,14
"280",1.97349102341534,-3.33091932414722,14
"281",-6.1779752987222,0.609476098182873,15
"282",-5.74895075545181,0.328019282302152,15
"283",-5.31992621218141,0.328019282302152,15
"284",-4.89090166891101,0.046562466421431,15
"285",-4.46187712564061,-0.23489434945929,15
"286",-4.03285258237022,-0.516351165340011,15
"287",-3.60382803909982,-3.33091932414722,15
"288",-3.17480349582942,-3.33091932414722,15
"289",-2.74577895255903,-3.33091932414722,15
"290",-2.31675440928863,-3.33091932414722,15
"291",-1.88772986601823,-3.33091932414722,15
"292",-1.45870532274783,-3.33091932414722,15
"293",-1.02968077947744,-3.33091932414722,15
"294",-0.60065623620704,-3.33091932414722,15
"295",-0.171631692936643,-3.33091932414722,15
"296",0.257392850333755,-3.33091932414722,15
"297",0.686417393604152,-3.33091932414722,15
"298",1.11544193687455,-3.33091932414722,15
"299",1.54446648014495,-3.33091932414722,15
"300",1.97349102341534,-3.33091932414722,15
"301",-6.1779752987222,2.2982169934672,16
"302",-5.74895075545181,2.2982169934672,16
"303",-5.31992621218141,2.2982169934672,16
"304",-4.89090166891101,2.2982169934672,16
"305",-4.46187712564061,2.2982169934672,16
"306",-4.03285258237022,-2.48654887650506,16
"307",-3.60382803909982,-2.76800569238578,16
"308",-3.17480349582942,-2.76800569238578,16
"309",-2.74577895255903,-2.76800569238578,16
"310",-2.31675440928863,-3.0494625082665,16
"311",-1.88772986601823,-3.0494625082665,16
"312",-1.45870532274783,-3.0494625082665,16
"313",-1.02968077947744,-3.33091932414722,16
"314",-0.60065623620704,-3.33091932414722,16
"315",-0.171631692936643,-3.33091932414722,16
"316",0.257392850333755,-3.33091932414722,16
"317",0.686417393604152,-3.33091932414722,16
"318",1.11544193687455,-3.33091932414722,16
"319",1.54446648014495,-3.33091932414722,16
"320",1.97349102341534,-3.33091932414722,16
"321",-6.1779752987222,2.2982169934672,17
"322",-5.74895075545181,2.2982169934672,17
"323",-5.31992621218141,2.2982169934672,17
"324",-4.89090166891101,2.2982169934672,17
"325",-4.46187712564061,2.2982169934672,17
"326",-4.03285258237022,-0.516351165340011,17
"327",-3.60382803909982,-1.07926479710145,17
"328",-3.17480349582942,-1.6421784288629,17
"329",-2.74577895255903,-2.20509206062434,17
"330",-2.31675440928863,-3.33091932414722,17
"331",-1.88772986601823,-3.33091932414722,17
"332",-1.45870532274783,-3.33091932414722,17
"333",-1.02968077947744,-3.33091932414722,17
"334",-0.60065623620704,-3.33091932414722,17
"335",-0.171631692936643,-3.33091932414722,17
"336",0.257392850333755,-3.33091932414722,17
"337",0.686417393604152,-3.33091932414722,17
"338",1.11544193687455,-3.33091932414722,17
"339",1.54446648014495,-3.33091932414722,17
"340",1.97349102341534,-3.33091932414722,17
"341",-6.1779752987222,2.2982169934672,18
"342",-5.74895075545181,2.2982169934672,18
"343",-5.31992621218141,2.2982169934672,18
"344",-4.89090166891101,2.2982169934672,18
"345",-4.46187712564061,2.2982169934672,18
"346",-4.03285258237022,-3.33091932414722,18
"347",-3.60382803909982,-3.33091932414722,18
"348",-3.17480349582942,-3.33091932414722,18
"349",-2.74577895255903,-3.33091932414722,18
"350",-2.31675440928863,-3.33091932414722,18
"351",-1.88772986601823,-3.33091932414722,18
"352",-1.45870532274783,-3.33091932414722,18
"353",-1.02968077947744,-3.33091932414722,18
"354",-0.60065623620704,-3.33091932414722,18
"355",-0.171631692936643,-3.33091932414722,18
"356",0.257392850333755,-3.33091932414722,18
"357",0.686417393604152,-3.33091932414722,18
"358",1.11544193687455,-3.33091932414722,18
"359",1.54446648014495,-3.33091932414722,18
"360",1.97349102341534,-3.33091932414722,18
"361",-6.1779752987222,2.2982169934672,19
"362",-5.74895075545181,2.2982169934672,19
"363",-5.31992621218141,2.2982169934672,19
"364",-4.89090166891101,2.2982169934672,19
"365",-4.46187712564061,2.2982169934672,19
"366",-4.03285258237022,-1.36072161298217,19
"367",-3.60382803909982,-2.76800569238578,19
"368",-3.17480349582942,-3.33091932414722,19
"369",-2.74577895255903,-3.33091932414722,19
"370",-2.31675440928863,-3.33091932414722,19
"371",-1.88772986601823,-3.33091932414722,19
"372",-1.45870532274783,-3.33091932414722,19
"373",-1.02968077947744,-3.33091932414722,19
"374",-0.60065623620704,-3.33091932414722,19
"375",-0.171631692936643,-3.33091932414722,19
"376",0.257392850333755,-3.33091932414722,19
"377",0.686417393604152,-3.33091932414722,19
"378",1.11544193687455,-3.33091932414722,19
"379",1.54446648014495,-3.33091932414722,19
"380",1.97349102341534,-3.33091932414722,19
"381",-6.1779752987222,2.2982169934672,20
"382",-5.74895075545181,2.2982169934672,20
"383",-5.31992621218141,1.17238972994432,20
"384",-4.89090166891101,0.609476098182873,20
"385",-4.46187712564061,0.046562466421431,20
"386",-4.03285258237022,-0.516351165340011,20
"387",-3.60382803909982,-2.48654887650506,20
"388",-3.17480349582942,-3.0494625082665,20
"389",-2.74577895255903,-3.33091932414722,20
"390",-2.31675440928863,-3.33091932414722,20
"391",-1.88772986601823,-3.33091932414722,20
"392",-1.45870532274783,-3.33091932414722,20
"393",-1.02968077947744,-3.33091932414722,20
"394",-0.60065623620704,-3.33091932414722,20
"395",-0.171631692936643,-3.33091932414722,20
"396",0.257392850333755,-3.33091932414722,20
"397",0.686417393604152,-3.33091932414722,20
"398",1.11544193687455,-3.33091932414722,20
"399",1.54446648014495,-3.33091932414722,20
"400",1.97349102341534,-3.33091932414722,20
"401",-6.1779752987222,2.2982169934672,21
"402",-5.74895075545181,2.2982169934672,21
"403",-5.31992621218141,2.2982169934672,21
"404",-4.89090166891101,2.2982169934672,21
"405",-4.46187712564061,2.2982169934672,21
"406",-4.03285258237022,-3.33091932414722,21
"407",-3.60382803909982,-3.33091932414722,21
"408",-3.17480349582942,-3.33091932414722,21
"409",-2.74577895255903,-3.33091932414722,21
"410",-2.31675440928863,-3.33091932414722,21
"411",-1.88772986601823,-3.33091932414722,21
"412",-1.45870532274783,-3.33091932414722,21
"413",-1.02968077947744,-3.33091932414722,21
"414",-0.60065623620704,-3.33091932414722,21
"415",-0.171631692936643,-3.33091932414722,21
"416",0.257392850333755,-3.33091932414722,21
"417",0.686417393604152,-3.33091932414722,21
"418",1.11544193687455,-3.33091932414722,21
"419",1.54446648014495,-3.33091932414722,21
"420",1.97349102341534,-3.33091932414722,21
"421",-6.1779752987222,2.2982169934672,22
"422",-5.74895075545181,2.2982169934672,22
"423",-5.31992621218141,2.2982169934672,22
"424",-4.89090166891101,2.2982169934672,22
"425",-4.46187712564061,2.2982169934672,22
"426",-4.03285258237022,-0.516351165340011,22
"427",-3.60382803909982,-0.516351165340011,22
"428",-3.17480349582942,-0.516351165340011,22
"429",-2.74577895255903,-0.797807981220732,22
"430",-2.31675440928863,-3.33091932414722,22
"431",-1.88772986601823,-3.33091932414722,22
"432",-1.45870532274783,-3.33091932414722,22
"433",-1.02968077947744,-3.33091932414722,22
"434",-0.60065623620704,-3.33091932414722,22
"435",-0.171631692936643,-3.33091932414722,22
"436",0.257392850333755,-3.33091932414722,22
"437",0.686417393604152,-3.33091932414722,22
"438",1.11544193687455,-3.33091932414722,22
"439",1.54446648014495,-3.33091932414722,22
"440",1.97349102341534,-3.33091932414722,22
"441",-6.1779752987222,2.2982169934672,23
"442",-5.74895075545181,2.2982169934672,23
"443",-5.31992621218141,2.2982169934672,23
"444",-4.89090166891101,2.2982169934672,23
"445",-4.46187712564061,2.2982169934672,23
"446",-4.03285258237022,-1.92363524474362,23
"447",-3.60382803909982,-1.92363524474362,23
"448",-3.17480349582942,-1.92363524474362,23
"449",-2.74577895255903,-2.76800569238578,23
"450",-2.31675440928863,-3.33091932414722,23
"451",-1.88772986601823,-3.33091932414722,23
"452",-1.45870532274783,-3.33091932414722,23
"453",-1.02968077947744,-3.33091932414722,23
"454",-0.60065623620704,-3.33091932414722,23
"455",-0.171631692936643,-3.33091932414722,23
"456",0.257392850333755,-3.33091932414722,23
"457",0.686417393604152,-3.33091932414722,23
"458",1.11544193687455,-3.33091932414722,23
"459",1.54446648014495,-3.33091932414722,23
"460",1.97349102341534,-3.33091932414722,23
"461",-6.1779752987222,2.2982169934672,24
"462",-5.74895075545181,2.2982169934672,24
"463",-5.31992621218141,2.2982169934672,24
"464",-4.89090166891101,2.2982169934672,24
"465",-4.46187712564061,2.2982169934672,24
"466",-4.03285258237022,-0.516351165340011,24
"467",-3.60382803909982,-1.07926479710145,24
"468",-3.17480349582942,-1.36072161298217,24
"469",-2.74577895255903,-2.20509206062434,24
"470",-2.31675440928863,-2.76800569238578,24
"471",-1.88772986601823,-3.0494625082665,24
"472",-1.45870532274783,-3.33091932414722,24
"473",-1.02968077947744,-3.33091932414722,24
"474",-0.60065623620704,-3.33091932414722,24
"475",-0.171631692936643,-3.33091932414722,24
"476",0.257392850333755,-3.33091932414722,24
"477",0.686417393604152,-3.33091932414722,24
"478",1.11544193687455,-3.33091932414722,24
"479",1.54446648014495,-3.33091932414722,24
"480",1.97349102341534,-3.33091932414722,24
"481",-6.1779752987222,2.2982169934672,25
"482",-5.74895075545181,2.2982169934672,25
"483",-5.31992621218141,2.2982169934672,25
"484",-4.89090166891101,2.2982169934672,25
"485",-4.46187712564061,2.2982169934672,25
"486",-4.03285258237022,-2.20509206062434,25
"487",-3.60382803909982,-2.76800569238578,25
"488",-3.17480349582942,-3.0494625082665,25
"489",-2.74577895255903,-3.33091932414722,25
"490",-2.31675440928863,-3.33091932414722,25
"491",-1.88772986601823,-3.33091932414722,25
"492",-1.45870532274783,-3.33091932414722,25
"493",-1.02968077947744,-3.33091932414722,25
"494",-0.60065623620704,-3.33091932414722,25
"495",-0.171631692936643,-3.33091932414722,25
"496",0.257392850333755,-3.33091932414722,25
"497",0.686417393604152,-3.33091932414722,25
"498",1.11544193687455,-3.33091932414722,25
"499",1.54446648014495,-3.33091932414722,25
"500",1.97349102341534,-3.33091932414722,25
"501",-6.1779752987222,2.2982169934672,26
"502",-5.74895075545181,2.2982169934672,26
"503",-5.31992621218141,2.2982169934672,26
"504",-4.89090166891101,2.2982169934672,26
"505",-4.46187712564061,2.2982169934672,26
"506",-4.03285258237022,-0.797807981220732,26
"507",-3.60382803909982,-1.36072161298217,26
"508",-3.17480349582942,-1.6421784288629,26
"509",-2.74577895255903,-2.20509206062434,26
"510",-2.31675440928863,-3.0494625082665,26
"511",-1.88772986601823,-3.33091932414722,26
"512",-1.45870532274783,-3.33091932414722,26
"513",-1.02968077947744,-3.33091932414722,26
"514",-0.60065623620704,-3.33091932414722,26
"515",-0.171631692936643,-3.33091932414722,26
"516",0.257392850333755,-3.33091932414722,26
"517",0.686417393604152,-3.33091932414722,26
"518",1.11544193687455,-3.33091932414722,26
"519",1.54446648014495,-3.33091932414722,26
"520",1.97349102341534,-3.33091932414722,26
"521",-6.1779752987222,2.01676017758648,27
"522",-5.74895075545181,1.45384654582504,27
"523",-5.31992621218141,0.890932914063594,27
"524",-4.89090166891101,0.328019282302152,27
"525",-4.46187712564061,0.046562466421431,27
"526",-4.03285258237022,-0.516351165340011,27
"527",-3.60382803909982,-0.797807981220732,27
"528",-3.17480349582942,-3.33091932414722,27
"529",-2.74577895255903,-3.33091932414722,27
"530",-2.31675440928863,-3.33091932414722,27
"531",-1.88772986601823,-3.33091932414722,27
"532",-1.45870532274783,-3.33091932414722,27
"533",-1.02968077947744,-3.33091932414722,27
"534",-0.60065623620704,-3.33091932414722,27
"535",-0.171631692936643,-3.33091932414722,27
"536",0.257392850333755,-3.33091932414722,27
"537",0.686417393604152,-3.33091932414722,27
"538",1.11544193687455,-3.33091932414722,27
"539",1.54446648014495,-3.33091932414722,27
"540",1.97349102341534,-3.33091932414722,27
"541",-6.1779752987222,2.2982169934672,28
"542",-5.74895075545181,2.2982169934672,28
"543",-5.31992621218141,2.2982169934672,28
"544",-4.89090166891101,2.2982169934672,28
"545",-4.46187712564061,2.2982169934672,28
"546",-4.03285258237022,-2.76800569238578,28
"547",-3.60382803909982,-3.33091932414722,28
"548",-3.17480349582942,-3.33091932414722,28
"549",-2.74577895255903,-3.33091932414722,28
"550",-2.31675440928863,-3.33091932414722,28
"551",-1.88772986601823,-3.33091932414722,28
"552",-1.45870532274783,-3.33091932414722,28
"553",-1.02968077947744,-3.33091932414722,28
"554",-0.60065623620704,-3.33091932414722,28
"555",-0.171631692936643,-3.33091932414722,28
"556",0.257392850333755,-3.33091932414722,28
"557",0.686417393604152,-3.33091932414722,28
"558",1.11544193687455,-3.33091932414722,28
"559",1.54446648014495,-3.33091932414722,28
"560",1.97349102341534,-3.33091932414722,28
"561",-6.1779752987222,2.2982169934672,29
"562",-5.74895075545181,2.2982169934672,29
"563",-5.31992621218141,2.2982169934672,29
"564",-4.89090166891101,2.2982169934672,29
"565",-4.46187712564061,2.2982169934672,29
"566",-4.03285258237022,-2.48654887650506,29
"567",-3.60382803909982,-3.0494625082665,29
"568",-3.17480349582942,-3.33091932414722,29
"569",-2.74577895255903,-3.33091932414722,29
"570",-2.31675440928863,-3.33091932414722,29
"571",-1.88772986601823,-3.33091932414722,29
"572",-1.45870532274783,-3.33091932414722,29
"573",-1.02968077947744,-3.33091932414722,29
"574",-0.60065623620704,-3.33091932414722,29
"575",-0.171631692936643,-3.33091932414722,29
"576",0.257392850333755,-3.33091932414722,29
"577",0.686417393604152,-3.33091932414722,29
"578",1.11544193687455,-3.33091932414722,29
"579",1.54446648014495,-3.33091932414722,29
"580",1.97349102341534,-3.33091932414722,29
"581",-6.1779752987222,2.2982169934672,30
"582",-5.74895075545181,2.2982169934672,30
"583",-5.31992621218141,2.01676017758648,30
"584",-4.89090166891101,1.45384654582504,30
"585",-4.46187712564061,1.17238972994432,30
"586",-4.03285258237022,-2.20509206062434,30
"587",-3.60382803909982,-3.0494625082665,30
"588",-3.17480349582942,-3.33091932414722,30
"589",-2.74577895255903,-3.33091932414722,30
"590",-2.31675440928863,-3.33091932414722,30
"591",-1.88772986601823,-3.33091932414722,30
"592",-1.45870532274783,-3.33091932414722,30
"593",-1.02968077947744,-3.33091932414722,30
"594",-0.60065623620704,-3.33091932414722,30
"595",-0.171631692936643,-3.33091932414722,30
"596",0.257392850333755,-3.33091932414722,30
"597",0.686417393604152,-3.33091932414722,30
"598",1.11544193687455,-3.33091932414722,30
"599",1.54446648014495,-3.33091932414722,30
"600",1.97349102341534,-3.33091932414722,30
"601",-6.1779752987222,2.2982169934672,31
"602",-5.74895075545181,2.2982169934672,31
"603",-5.31992621218141,2.2982169934672,31
"604",-4.89090166891101,2.2982169934672,31
"605",-4.46187712564061,2.2982169934672,31
"606",-4.03285258237022,-0.797807981220732,31
"607",-3.60382803909982,-1.36072161298217,31
"608",-3.17480349582942,-1.6421784288629,31
"609",-2.74577895255903,-1.6421784288629,31
"610",-2.31675440928863,-1.92363524474362,31
"611",-1.88772986601823,-2.76800569238578,31
"612",-1.45870532274783,-3.33091932414722,31
"613",-1.02968077947744,-3.33091932414722,31
"614",-0.60065623620704,-3.33091932414722,31
"615",-0.171631692936643,-3.33091932414722,31
"616",0.257392850333755,-3.33091932414722,31
"617",0.686417393604152,-3.33091932414722,31
"618",1.11544193687455,-3.33091932414722,31
"619",1.54446648014495,-3.33091932414722,31
"620",1.97349102341534,-3.33091932414722,31
"621",-6.1779752987222,2.2982169934672,32
"622",-5.74895075545181,1.45384654582504,32
"623",-5.31992621218141,0.890932914063594,32
"624",-4.89090166891101,0.328019282302152,32
"625",-4.46187712564061,0.046562466421431,32
"626",-4.03285258237022,-0.516351165340011,32
"627",-3.60382803909982,-1.36072161298217,32
"628",-3.17480349582942,-3.0494625082665,32
"629",-2.74577895255903,-3.33091932414722,32
"630",-2.31675440928863,-3.33091932414722,32
"631",-1.88772986601823,-3.33091932414722,32
"632",-1.45870532274783,-3.33091932414722,32
"633",-1.02968077947744,-3.33091932414722,32
"634",-0.60065623620704,-3.33091932414722,32
"635",-0.171631692936643,-3.33091932414722,32
"636",0.257392850333755,-3.33091932414722,32
"637",0.686417393604152,-3.33091932414722,32
"638",1.11544193687455,-3.33091932414722,32
"639",1.54446648014495,-3.33091932414722,32
"640",1.97349102341534,-3.33091932414722,32
"641",-6.1779752987222,2.2982169934672,33
"642",-5.74895075545181,2.2982169934672,33
"643",-5.31992621218141,2.2982169934672,33
"644",-4.89090166891101,2.2982169934672,33
"645",-4.46187712564061,2.2982169934672,33
"646",-4.03285258237022,-1.6421784288629,33
"647",-3.60382803909982,-1.92363524474362,33
"648",-3.17480349582942,-1.92363524474362,33
"649",-2.74577895255903,-3.0494625082665,33
"650",-2.31675440928863,-3.33091932414722,33
"651",-1.88772986601823,-3.33091932414722,33
"652",-1.45870532274783,-3.33091932414722,33
"653",-1.02968077947744,-3.33091932414722,33
"654",-0.60065623620704,-3.33091932414722,33
"655",-0.171631692936643,-3.33091932414722,33
"656",0.257392850333755,-3.33091932414722,33
"657",0.686417393604152,-3.33091932414722,33
"658",1.11544193687455,-3.33091932414722,33
"659",1.54446648014495,-3.33091932414722,33
"660",1.97349102341534,-3.33091932414722,33
"661",-6.1779752987222,2.2982169934672,34
"662",-5.74895075545181,2.2982169934672,34
"663",-5.31992621218141,1.73530336170576,34
"664",-4.89090166891101,1.17238972994432,34
"665",-4.46187712564061,0.609476098182873,34
"666",-4.03285258237022,-3.33091932414722,34
"667",-3.60382803909982,-3.33091932414722,34
"668",-3.17480349582942,-3.33091932414722,34
"669",-2.74577895255903,-3.33091932414722,34
"670",-2.31675440928863,-3.33091932414722,34
"671",-1.88772986601823,-3.33091932414722,34
"672",-1.45870532274783,-3.33091932414722,34
"673",-1.02968077947744,-3.33091932414722,34
"674",-0.60065623620704,-3.33091932414722,34
"675",-0.171631692936643,-3.33091932414722,34
"676",0.257392850333755,-3.33091932414722,34
"677",0.686417393604152,-3.33091932414722,34
"678",1.11544193687455,-3.33091932414722,34
"679",1.54446648014495,-3.33091932414722,34
"680",1.97349102341534,-3.33091932414722,34
"681",-6.1779752987222,2.2982169934672,35
"682",-5.74895075545181,2.2982169934672,35
"683",-5.31992621218141,2.2982169934672,35
"684",-4.89090166891101,2.2982169934672,35
"685",-4.46187712564061,2.2982169934672,35
"686",-4.03285258237022,-0.516351165340011,35
"687",-3.60382803909982,-0.797807981220732,35
"688",-3.17480349582942,-0.797807981220732,35
"689",-2.74577895255903,-0.797807981220732,35
"690",-2.31675440928863,-1.6421784288629,35
"691",-1.88772986601823,-3.33091932414722,35
"692",-1.45870532274783,-3.33091932414722,35
"693",-1.02968077947744,-3.33091932414722,35
"694",-0.60065623620704,-3.33091932414722,35
"695",-0.171631692936643,-3.33091932414722,35
"696",0.257392850333755,-3.33091932414722,35
"697",0.686417393604152,-3.33091932414722,35
"698",1.11544193687455,-3.33091932414722,35
"699",1.54446648014495,-3.33091932414722,35
"700",1.97349102341534,-3.33091932414722,35
"701",-6.1779752987222,2.2982169934672,36
"702",-5.74895075545181,2.2982169934672,36
"703",-5.31992621218141,0.609476098182873,36
"704",-4.89090166891101,0.328019282302152,36
"705",-4.46187712564061,0.046562466421431,36
"706",-4.03285258237022,-0.797807981220732,36
"707",-3.60382803909982,-1.36072161298217,36
"708",-3.17480349582942,-1.6421784288629,36
"709",-2.74577895255903,-1.6421784288629,36
"710",-2.31675440928863,-1.6421784288629,36
"711",-1.88772986601823,-3.33091932414722,36
"712",-1.45870532274783,-3.33091932414722,36
"713",-1.02968077947744,-3.33091932414722,36
"714",-0.60065623620704,-3.33091932414722,36
"715",-0.171631692936643,-3.33091932414722,36
"716",0.257392850333755,-3.33091932414722,36
"717",0.686417393604152,-3.33091932414722,36
"718",1.11544193687455,-3.33091932414722,36
"719",1.54446648014495,-3.33091932414722,36
"720",1.97349102341534,-3.33091932414722,36
"721",-6.1779752987222,0.890932914063594,37
"722",-5.74895075545181,0.609476098182873,37
"723",-5.31992621218141,0.328019282302152,37
"724",-4.89090166891101,0.328019282302152,37
"725",-4.46187712564061,0.046562466421431,37
"726",-4.03285258237022,-0.516351165340011,37
"727",-3.60382803909982,-3.33091932414722,37
"728",-3.17480349582942,-3.33091932414722,37
"729",-2.74577895255903,-3.33091932414722,37
"730",-2.31675440928863,-3.33091932414722,37
"731",-1.88772986601823,-3.33091932414722,37
"732",-1.45870532274783,-3.33091932414722,37
"733",-1.02968077947744,-3.33091932414722,37
"734",-0.60065623620704,-3.33091932414722,37
"735",-0.171631692936643,-3.33091932414722,37
"736",0.257392850333755,-3.33091932414722,37
"737",0.686417393604152,-3.33091932414722,37
"738",1.11544193687455,-3.33091932414722,37
"739",1.54446648014495,-3.33091932414722,37
"740",1.97349102341534,-3.33091932414722,37
"741",-6.1779752987222,2.2982169934672,38
"742",-5.74895075545181,2.2982169934672,38
"743",-5.31992621218141,2.2982169934672,38
"744",-4.89090166891101,2.01676017758648,38
"745",-4.46187712564061,1.17238972994432,38
"746",-4.03285258237022,-2.48654887650506,38
"747",-3.60382803909982,-3.33091932414722,38
"748",-3.17480349582942,-3.33091932414722,38
"749",-2.74577895255903,-3.33091932414722,38
"750",-2.31675440928863,-3.33091932414722,38
"751",-1.88772986601823,-3.33091932414722,38
"752",-1.45870532274783,-3.33091932414722,38
"753",-1.02968077947744,-3.33091932414722,38
"754",-0.60065623620704,-3.33091932414722,38
"755",-0.171631692936643,-3.33091932414722,38
"756",0.257392850333755,-3.33091932414722,38
"757",0.686417393604152,-3.33091932414722,38
"758",1.11544193687455,-3.33091932414722,38
"759",1.54446648014495,-3.33091932414722,38
"760",1.97349102341534,-3.33091932414722,38
"761",-6.1779752987222,0.890932914063594,39
"762",-5.74895075545181,0.609476098182873,39
"763",-5.31992621218141,0.328019282302152,39
"764",-4.89090166891101,0.046562466421431,39
"765",-4.46187712564061,-0.23489434945929,39
"766",-4.03285258237022,-0.23489434945929,39
"767",-3.60382803909982,-0.516351165340011,39
"768",-3.17480349582942,-0.797807981220732,39
"769",-2.74577895255903,-3.33091932414722,39
"770",-2.31675440928863,-3.33091932414722,39
"771",-1.88772986601823,-3.33091932414722,39
"772",-1.45870532274783,-3.33091932414722,39
"773",-1.02968077947744,-3.33091932414722,39
"774",-0.60065623620704,-3.33091932414722,39
"775",-0.171631692936643,-3.33091932414722,39
"776",0.257392850333755,-3.33091932414722,39
"777",0.686417393604152,-3.33091932414722,39
"778",1.11544193687455,-3.33091932414722,39
"779",1.54446648014495,-3.33091932414722,39
"780",1.97349102341534,-3.33091932414722,39
"781",-6.1779752987222,2.2982169934672,40
"782",-5.74895075545181,2.2982169934672,40
"783",-5.31992621218141,2.2982169934672,40
"784",-4.89090166891101,1.17238972994432,40
"785",-4.46187712564061,0.046562466421431,40
"786",-4.03285258237022,-0.516351165340011,40
"787",-3.60382803909982,-0.797807981220732,40
"788",-3.17480349582942,-1.07926479710145,40
"789",-2.74577895255903,-1.36072161298217,40
"790",-2.31675440928863,-1.92363524474362,40
"791",-1.88772986601823,-3.33091932414722,40
"792",-1.45870532274783,-3.33091932414722,40
"793",-1.02968077947744,-3.33091932414722,40
"794",-0.60065623620704,-3.33091932414722,40
"795",-0.171631692936643,-3.33091932414722,40
"796",0.257392850333755,-3.33091932414722,40
"797",0.686417393604152,-3.33091932414722,40
"798",1.11544193687455,-3.33091932414722,40
"799",1.54446648014495,-3.33091932414722,40
"800",1.97349102341534,-3.33091932414722,40
"801",-6.1779752987222,2.2982169934672,41
"802",-5.74895075545181,2.2982169934672,41
"803",-5.31992621218141,2.2982169934672,41
"804",-4.89090166891101,2.01676017758648,41
"805",-4.46187712564061,0.609476098182873,41
"806",-4.03285258237022,-0.797807981220732,41
"807",-3.60382803909982,-1.36072161298217,41
"808",-3.17480349582942,-1.6421784288629,41
"809",-2.74577895255903,-1.92363524474362,41
"810",-2.31675440928863,-3.33091932414722,41
"811",-1.88772986601823,-3.33091932414722,41
"812",-1.45870532274783,-3.33091932414722,41
"813",-1.02968077947744,-3.33091932414722,41
"814",-0.60065623620704,-3.33091932414722,41
"815",-0.171631692936643,-3.33091932414722,41
"816",0.257392850333755,-3.33091932414722,41
"817",0.686417393604152,-3.33091932414722,41
"818",1.11544193687455,-3.33091932414722,41
"819",1.54446648014495,-3.33091932414722,41
"820",1.97349102341534,-3.33091932414722,41
"821",-6.1779752987222,2.2982169934672,42
"822",-5.74895075545181,2.2982169934672,42
"823",-5.31992621218141,2.2982169934672,42
"824",-4.89090166891101,2.2982169934672,42
"825",-4.46187712564061,2.2982169934672,42
"826",-4.03285258237022,-1.6421784288629,42
"827",-3.60382803909982,-2.76800569238578,42
"828",-3.17480349582942,-3.0494625082665,42
"829",-2.74577895255903,-3.0494625082665,42
"830",-2.31675440928863,-3.0494625082665,42
"831",-1.88772986601823,-3.33091932414722,42
"832",-1.45870532274783,-3.33091932414722,42
"833",-1.02968077947744,-3.33091932414722,42
"834",-0.60065623620704,-3.33091932414722,42
"835",-0.171631692936643,-3.33091932414722,42
"836",0.257392850333755,-3.33091932414722,42
"837",0.686417393604152,-3.33091932414722,42
"838",1.11544193687455,-3.33091932414722,42
"839",1.54446648014495,-3.33091932414722,42
"840",1.97349102341534,-3.33091932414722,42
"841",-6.1779752987222,2.2982169934672,43
"842",-5.74895075545181,2.2982169934672,43
"843",-5.31992621218141,1.73530336170576,43
"844",-4.89090166891101,0.890932914063594,43
"845",-4.46187712564061,0.328019282302152,43
"846",-4.03285258237022,-1.6421784288629,43
"847",-3.60382803909982,-3.0494625082665,43
"848",-3.17480349582942,-3.33091932414722,43
"849",-2.74577895255903,-3.33091932414722,43
"850",-2.31675440928863,-3.33091932414722,43
"851",-1.88772986601823,-3.33091932414722,43
"852",-1.45870532274783,-3.33091932414722,43
"853",-1.02968077947744,-3.33091932414722,43
"854",-0.60065623620704,-3.33091932414722,43
"855",-0.171631692936643,-3.33091932414722,43
"856",0.257392850333755,-3.33091932414722,43
"857",0.686417393604152,-3.33091932414722,43
"858",1.11544193687455,-3.33091932414722,43
"859",1.54446648014495,-3.33091932414722,43
"860",1.97349102341534,-3.33091932414722,43
"861",-6.1779752987222,2.2982169934672,44
"862",-5.74895075545181,2.2982169934672,44
"863",-5.31992621218141,2.2982169934672,44
"864",-4.89090166891101,2.2982169934672,44
"865",-4.46187712564061,2.2982169934672,44
"866",-4.03285258237022,-1.07926479710145,44
"867",-3.60382803909982,-1.92363524474362,44
"868",-3.17480349582942,-3.33091932414722,44
"869",-2.74577895255903,-3.33091932414722,44
"870",-2.31675440928863,-3.33091932414722,44
"871",-1.88772986601823,-3.33091932414722,44
"872",-1.45870532274783,-3.33091932414722,44
"873",-1.02968077947744,-3.33091932414722,44
"874",-0.60065623620704,-3.33091932414722,44
"875",-0.171631692936643,-3.33091932414722,44
"876",0.257392850333755,-3.33091932414722,44
"877",0.686417393604152,-3.33091932414722,44
"878",1.11544193687455,-3.33091932414722,44
"879",1.54446648014495,-3.33091932414722,44
"880",1.97349102341534,-3.33091932414722,44
"881",-6.1779752987222,2.2982169934672,45
"882",-5.74895075545181,2.2982169934672,45
"883",-5.31992621218141,2.2982169934672,45
"884",-4.89090166891101,2.2982169934672,45
"885",-4.46187712564061,0.890932914063594,45
"886",-4.03285258237022,-3.33091932414722,45
"887",-3.60382803909982,-3.33091932414722,45
"888",-3.17480349582942,-3.33091932414722,45
"889",-2.74577895255903,-3.33091932414722,45
"890",-2.31675440928863,-3.33091932414722,45
"891",-1.88772986601823,-3.33091932414722,45
"892",-1.45870532274783,-3.33091932414722,45
"893",-1.02968077947744,-3.33091932414722,45
"894",-0.60065623620704,-3.33091932414722,45
"895",-0.171631692936643,-3.33091932414722,45
"896",0.257392850333755,-3.33091932414722,45
"897",0.686417393604152,-3.33091932414722,45
"898",1.11544193687455,-3.33091932414722,45
"899",1.54446648014495,-3.33091932414722,45
"900",1.97349102341534,-3.33091932414722,45
"901",-6.1779752987222,2.2982169934672,46
"902",-5.74895075545181,1.73530336170576,46
"903",-5.31992621218141,1.17238972994432,46
"904",-4.89090166891101,0.609476098182873,46
"905",-4.46187712564061,0.046562466421431,46
"906",-4.03285258237022,-0.516351165340011,46
"907",-3.60382803909982,-0.797807981220732,46
"908",-3.17480349582942,-3.0494625082665,46
"909",-2.74577895255903,-3.33091932414722,46
"910",-2.31675440928863,-3.33091932414722,46
"911",-1.88772986601823,-3.33091932414722,46
"912",-1.45870532274783,-3.33091932414722,46
"913",-1.02968077947744,-3.33091932414722,46
"914",-0.60065623620704,-3.33091932414722,46
"915",-0.171631692936643,-3.33091932414722,46
"916",0.257392850333755,-3.33091932414722,46
"917",0.686417393604152,-3.33091932414722,46
"918",1.11544193687455,-3.33091932414722,46
"919",1.54446648014495,-3.33091932414722,46
"920",1.97349102341534,-3.33091932414722,46
"921",-6.1779752987222,2.2982169934672,47
"922",-5.74895075545181,2.2982169934672,47
"923",-5.31992621218141,2.2982169934672,47
"924",-4.89090166891101,2.2982169934672,47
"925",-4.46187712564061,2.2982169934672,47
"926",-4.03285258237022,-0.516351165340011,47
"927",-3.60382803909982,-1.07926479710145,47
"928",-3.17480349582942,-1.92363524474362,47
"929",-2.74577895255903,-3.33091932414722,47
"930",-2.31675440928863,-3.33091932414722,47
"931",-1.88772986601823,-3.33091932414722,47
"932",-1.45870532274783,-3.33091932414722,47
"933",-1.02968077947744,-3.33091932414722,47
"934",-0.60065623620704,-3.33091932414722,47
"935",-0.171631692936643,-3.33091932414722,47
"936",0.257392850333755,-3.33091932414722,47
"937",0.686417393604152,-3.33091932414722,47
"938",1.11544193687455,-3.33091932414722,47
"939",1.54446648014495,-3.33091932414722,47
"940",1.97349102341534,-3.33091932414722,47
"941",-6.1779752987222,2.2982169934672,48
"942",-5.74895075545181,2.2982169934672,48
"943",-5.31992621218141,2.2982169934672,48
"944",-4.89090166891101,2.2982169934672,48
"945",-4.46187712564061,2.2982169934672,48
"946",-4.03285258237022,-3.33091932414722,48
"947",-3.60382803909982,-3.33091932414722,48
"948",-3.17480349582942,-3.33091932414722,48
"949",-2.74577895255903,-3.33091932414722,48
"950",-2.31675440928863,-3.33091932414722,48
"951",-1.88772986601823,-3.33091932414722,48
"952",-1.45870532274783,-3.33091932414722,48
"953",-1.02968077947744,-3.33091932414722,48
"954",-0.60065623620704,-3.33091932414722,48
"955",-0.171631692936643,-3.33091932414722,48
"956",0.257392850333755,-3.33091932414722,48
"957",0.686417393604152,-3.33091932414722,48
"958",1.11544193687455,-3.33091932414722,48
"959",1.54446648014495,-3.33091932414722,48
"960",1.97349102341534,-3.33091932414722,48
"961",-6.1779752987222,2.2982169934672,49
"962",-5.74895075545181,2.2982169934672,49
"963",-5.31992621218141,2.2982169934672,49
"964",-4.89090166891101,2.2982169934672,49
"965",-4.46187712564061,2.2982169934672,49
"966",-4.03285258237022,-3.33091932414722,49
"967",-3.60382803909982,-3.33091932414722,49
"968",-3.17480349582942,-3.33091932414722,49
"969",-2.74577895255903,-3.33091932414722,49
"970",-2.31675440928863,-3.33091932414722,49
"971",-1.88772986601823,-3.33091932414722,49
"972",-1.45870532274783,-3.33091932414722,49
"973",-1.02968077947744,-3.33091932414722,49
"974",-0.60065623620704,-3.33091932414722,49
"975",-0.171631692936643,-3.33091932414722,49
"976",0.257392850333755,-3.33091932414722,49
"977",0.686417393604152,-3.33091932414722,49
"978",1.11544193687455,-3.33091932414722,49
"979",1.54446648014495,-3.33091932414722,49
"980",1.97349102341534,-3.33091932414722,49
"981",-6.1779752987222,2.2982169934672,50
"982",-5.74895075545181,2.2982169934672,50
"983",-5.31992621218141,2.2982169934672,50
"984",-4.89090166891101,2.2982169934672,50
"985",-4.46187712564061,0.328019282302152,50
"986",-4.03285258237022,-0.516351165340011,50
"987",-3.60382803909982,-0.797807981220732,50
"988",-3.17480349582942,-1.07926479710145,50
"989",-2.74577895255903,-2.20509206062434,50
"990",-2.31675440928863,-3.33091932414722,50
"991",-1.88772986601823,-3.33091932414722,50
"992",-1.45870532274783,-3.33091932414722,50
"993",-1.02968077947744,-3.33091932414722,50
"994",-0.60065623620704,-3.33091932414722,50
"995",-0.171631692936643,-3.33091932414722,50
"996",0.257392850333755,-3.33091932414722,50
"997",0.686417393604152,-3.33091932414722,50
"998",1.11544193687455,-3.33091932414722,50
"999",1.54446648014495,-3.33091932414722,50
"1000",1.97349102341534,-3.33091932414722,50
"1001",-6.1779752987222,2.2982169934672,51
"1002",-5.74895075545181,2.2982169934672,51
"1003",-5.31992621218141,2.2982169934672,51
"1004",-4.89090166891101,2.2982169934672,51
"1005",-4.46187712564061,2.2982169934672,51
"1006",-4.03285258237022,-1.07926479710145,51
"1007",-3.60382803909982,-1.07926479710145,51
"1008",-3.17480349582942,-1.07926479710145,51
"1009",-2.74577895255903,-1.07926479710145,51
"1010",-2.31675440928863,-3.33091932414722,51
"1011",-1.88772986601823,-3.33091932414722,51
"1012",-1.45870532274783,-3.33091932414722,51
"1013",-1.02968077947744,-3.33091932414722,51
"1014",-0.60065623620704,-3.33091932414722,51
"1015",-0.171631692936643,-3.33091932414722,51
"1016",0.257392850333755,-3.33091932414722,51
"1017",0.686417393604152,-3.33091932414722,51
"1018",1.11544193687455,-3.33091932414722,51
"1019",1.54446648014495,-3.33091932414722,51
"1020",1.97349102341534,-3.33091932414722,51
"1021",-6.1779752987222,2.2982169934672,52
"1022",-5.74895075545181,2.2982169934672,52
"1023",-5.31992621218141,2.2982169934672,52
"1024",-4.89090166891101,2.2982169934672,52
"1025",-4.46187712564061,2.2982169934672,52
"1026",-4.03285258237022,-3.33091932414722,52
"1027",-3.60382803909982,-3.33091932414722,52
"1028",-3.17480349582942,-3.33091932414722,52
"1029",-2.74577895255903,-3.33091932414722,52
"1030",-2.31675440928863,-3.33091932414722,52
"1031",-1.88772986601823,-3.33091932414722,52
"1032",-1.45870532274783,-3.33091932414722,52
"1033",-1.02968077947744,-3.33091932414722,52
"1034",-0.60065623620704,-3.33091932414722,52
"1035",-0.171631692936643,-3.33091932414722,52
"1036",0.257392850333755,-3.33091932414722,52
"1037",0.686417393604152,-3.33091932414722,52
"1038",1.11544193687455,-3.33091932414722,52
"1039",1.54446648014495,-3.33091932414722,52
"1040",1.97349102341534,-3.33091932414722,52
"1041",-6.1779752987222,2.2982169934672,53
"1042",-5.74895075545181,2.2982169934672,53
"1043",-5.31992621218141,2.2982169934672,53
"1044",-4.89090166891101,2.2982169934672,53
"1045",-4.46187712564061,2.2982169934672,53
"1046",-4.03285258237022,-1.6421784288629,53
"1047",-3.60382803909982,-1.92363524474362,53
"1048",-3.17480349582942,-1.92363524474362,53
"1049",-2.74577895255903,-1.92363524474362,53
"1050",-2.31675440928863,-1.92363524474362,53
"1051",-1.88772986601823,-1.92363524474362,53
"1052",-1.45870532274783,-2.20509206062434,53
"1053",-1.02968077947744,-2.20509206062434,53
"1054",-0.60065623620704,-2.48654887650506,53
"1055",-0.171631692936643,-2.48654887650506,53
"1056",0.257392850333755,-2.48654887650506,53
"1057",0.686417393604152,-2.48654887650506,53
"1058",1.11544193687455,-2.48654887650506,53
"1059",1.54446648014495,-2.48654887650506,53
"1060",1.97349102341534,-2.48654887650506,53
"1061",-6.1779752987222,1.73530336170576,54
"1062",-5.74895075545181,1.17238972994432,54
"1063",-5.31992621218141,0.890932914063594,54
"1064",-4.89090166891101,0.609476098182873,54
"1065",-4.46187712564061,0.046562466421431,54
"1066",-4.03285258237022,-3.33091932414722,54
"1067",-3.60382803909982,-3.33091932414722,54
"1068",-3.17480349582942,-3.33091932414722,54
"1069",-2.74577895255903,-3.33091932414722,54
"1070",-2.31675440928863,-3.33091932414722,54
"1071",-1.88772986601823,-3.33091932414722,54
"1072",-1.45870532274783,-3.33091932414722,54
"1073",-1.02968077947744,-3.33091932414722,54
"1074",-0.60065623620704,-3.33091932414722,54
"1075",-0.171631692936643,-3.33091932414722,54
"1076",0.257392850333755,-3.33091932414722,54
"1077",0.686417393604152,-3.33091932414722,54
"1078",1.11544193687455,-3.33091932414722,54
"1079",1.54446648014495,-3.33091932414722,54
"1080",1.97349102341534,-3.33091932414722,54
"1081",-6.1779752987222,2.2982169934672,55
"1082",-5.74895075545181,2.2982169934672,55
"1083",-5.31992621218141,2.2982169934672,55
"1084",-4.89090166891101,2.2982169934672,55
"1085",-4.46187712564061,2.2982169934672,55
"1086",-4.03285258237022,-2.76800569238578,55
"1087",-3.60382803909982,-2.76800569238578,55
"1088",-3.17480349582942,-2.76800569238578,55
"1089",-2.74577895255903,-2.76800569238578,55
"1090",-2.31675440928863,-3.33091932414722,55
"1091",-1.88772986601823,-3.33091932414722,55
"1092",-1.45870532274783,-3.33091932414722,55
"1093",-1.02968077947744,-3.33091932414722,55
"1094",-0.60065623620704,-3.33091932414722,55
"1095",-0.171631692936643,-3.33091932414722,55
"1096",0.257392850333755,-3.33091932414722,55
"1097",0.686417393604152,-3.33091932414722,55
"1098",1.11544193687455,-3.33091932414722,55
"1099",1.54446648014495,-3.33091932414722,55
"1100",1.97349102341534,-3.33091932414722,55
"1101",-6.1779752987222,2.2982169934672,56
"1102",-5.74895075545181,2.2982169934672,56
"1103",-5.31992621218141,2.2982169934672,56
"1104",-4.89090166891101,2.2982169934672,56
"1105",-4.46187712564061,1.45384654582504,56
"1106",-4.03285258237022,-0.516351165340011,56
"1107",-3.60382803909982,-0.516351165340011,56
"1108",-3.17480349582942,-0.516351165340011,56
"1109",-2.74577895255903,-1.07926479710145,56
"1110",-2.31675440928863,-3.0494625082665,56
"1111",-1.88772986601823,-3.33091932414722,56
"1112",-1.45870532274783,-3.33091932414722,56
"1113",-1.02968077947744,-3.33091932414722,56
"1114",-0.60065623620704,-3.33091932414722,56
"1115",-0.171631692936643,-3.33091932414722,56
"1116",0.257392850333755,-3.33091932414722,56
"1117",0.686417393604152,-3.33091932414722,56
"1118",1.11544193687455,-3.33091932414722,56
"1119",1.54446648014495,-3.33091932414722,56
"1120",1.97349102341534,-3.33091932414722,56
"1121",-6.1779752987222,2.2982169934672,57
"1122",-5.74895075545181,2.2982169934672,57
"1123",-5.31992621218141,2.2982169934672,57
"1124",-4.89090166891101,2.2982169934672,57
"1125",-4.46187712564061,2.2982169934672,57
"1126",-4.03285258237022,-0.797807981220732,57
"1127",-3.60382803909982,-0.797807981220732,57
"1128",-3.17480349582942,-0.797807981220732,57
"1129",-2.74577895255903,-3.33091932414722,57
"1130",-2.31675440928863,-3.33091932414722,57
"1131",-1.88772986601823,-3.33091932414722,57
"1132",-1.45870532274783,-3.33091932414722,57
"1133",-1.02968077947744,-3.33091932414722,57
"1134",-0.60065623620704,-3.33091932414722,57
"1135",-0.171631692936643,-3.33091932414722,57
"1136",0.257392850333755,-3.33091932414722,57
"1137",0.686417393604152,-3.33091932414722,57
"1138",1.11544193687455,-3.33091932414722,57
"1139",1.54446648014495,-3.33091932414722,57
"1140",1.97349102341534,-3.33091932414722,57
"1141",-6.1779752987222,2.2982169934672,58
"1142",-5.74895075545181,2.2982169934672,58
"1143",-5.31992621218141,2.2982169934672,58
"1144",-4.89090166891101,2.2982169934672,58
"1145",-4.46187712564061,2.2982169934672,58
"1146",-4.03285258237022,-0.516351165340011,58
"1147",-3.60382803909982,-0.797807981220732,58
"1148",-3.17480349582942,-3.0494625082665,58
"1149",-2.74577895255903,-3.33091932414722,58
"1150",-2.31675440928863,-3.33091932414722,58
"1151",-1.88772986601823,-3.33091932414722,58
"1152",-1.45870532274783,-3.33091932414722,58
"1153",-1.02968077947744,-3.33091932414722,58
"1154",-0.60065623620704,-3.33091932414722,58
"1155",-0.171631692936643,-3.33091932414722,58
"1156",0.257392850333755,-3.33091932414722,58
"1157",0.686417393604152,-3.33091932414722,58
"1158",1.11544193687455,-3.33091932414722,58
"1159",1.54446648014495,-3.33091932414722,58
"1160",1.97349102341534,-3.33091932414722,58
"1161",-6.1779752987222,2.2982169934672,59
"1162",-5.74895075545181,2.2982169934672,59
"1163",-5.31992621218141,2.2982169934672,59
"1164",-4.89090166891101,1.73530336170576,59
"1165",-4.46187712564061,0.609476098182873,59
"1166",-4.03285258237022,-0.797807981220732,59
"1167",-3.60382803909982,-1.6421784288629,59
"1168",-3.17480349582942,-3.33091932414722,59
"1169",-2.74577895255903,-3.33091932414722,59
"1170",-2.31675440928863,-3.33091932414722,59
"1171",-1.88772986601823,-3.33091932414722,59
"1172",-1.45870532274783,-3.33091932414722,59
"1173",-1.02968077947744,-3.33091932414722,59
"1174",-0.60065623620704,-3.33091932414722,59
"1175",-0.171631692936643,-3.33091932414722,59
"1176",0.257392850333755,-3.33091932414722,59
"1177",0.686417393604152,-3.33091932414722,59
"1178",1.11544193687455,-3.33091932414722,59
"1179",1.54446648014495,-3.33091932414722,59
"1180",1.97349102341534,-3.33091932414722,59
"1181",-6.1779752987222,2.2982169934672,60
"1182",-5.74895075545181,2.2982169934672,60
"1183",-5.31992621218141,2.2982169934672,60
"1184",-4.89090166891101,2.2982169934672,60
"1185",-4.46187712564061,0.328019282302152,60
"1186",-4.03285258237022,-0.516351165340011,60
"1187",-3.60382803909982,-3.33091932414722,60
"1188",-3.17480349582942,-3.33091932414722,60
"1189",-2.74577895255903,-3.33091932414722,60
"1190",-2.31675440928863,-3.33091932414722,60
"1191",-1.88772986601823,-3.33091932414722,60
"1192",-1.45870532274783,-3.33091932414722,60
"1193",-1.02968077947744,-3.33091932414722,60
"1194",-0.60065623620704,-3.33091932414722,60
"1195",-0.171631692936643,-3.33091932414722,60
"1196",0.257392850333755,-3.33091932414722,60
"1197",0.686417393604152,-3.33091932414722,60
"1198",1.11544193687455,-3.33091932414722,60
"1199",1.54446648014495,-3.33091932414722,60
"1200",1.97349102341534,-3.33091932414722,60
"1201",-6.1779752987222,2.2982169934672,61
"1202",-5.74895075545181,2.2982169934672,61
"1203",-5.31992621218141,2.2982169934672,61
"1204",-4.89090166891101,2.2982169934672,61
"1205",-4.46187712564061,2.2982169934672,61
"1206",-4.03285258237022,-1.92363524474362,61
"1207",-3.60382803909982,-3.33091932414722,61
"1208",-3.17480349582942,-3.33091932414722,61
"1209",-2.74577895255903,-3.33091932414722,61
"1210",-2.31675440928863,-3.33091932414722,61
"1211",-1.88772986601823,-3.33091932414722,61
"1212",-1.45870532274783,-3.33091932414722,61
"1213",-1.02968077947744,-3.33091932414722,61
"1214",-0.60065623620704,-3.33091932414722,61
"1215",-0.171631692936643,-3.33091932414722,61
"1216",0.257392850333755,-3.33091932414722,61
"1217",0.686417393604152,-3.33091932414722,61
"1218",1.11544193687455,-3.33091932414722,61
"1219",1.54446648014495,-3.33091932414722,61
"1220",1.97349102341534,-3.33091932414722,61
"1221",-6.1779752987222,2.2982169934672,62
"1222",-5.74895075545181,2.2982169934672,62
"1223",-5.31992621218141,2.2982169934672,62
"1224",-4.89090166891101,2.2982169934672,62
"1225",-4.46187712564061,2.2982169934672,62
"1226",-4.03285258237022,-0.797807981220732,62
"1227",-3.60382803909982,-1.36072161298217,62
"1228",-3.17480349582942,-1.36072161298217,62
"1229",-2.74577895255903,-3.33091932414722,62
"1230",-2.31675440928863,-3.33091932414722,62
"1231",-1.88772986601823,-3.33091932414722,62
"1232",-1.45870532274783,-3.33091932414722,62
"1233",-1.02968077947744,-3.33091932414722,62
"1234",-0.60065623620704,-3.33091932414722,62
"1235",-0.171631692936643,-3.33091932414722,62
"1236",0.257392850333755,-3.33091932414722,62
"1237",0.686417393604152,-3.33091932414722,62
"1238",1.11544193687455,-3.33091932414722,62
"1239",1.54446648014495,-3.33091932414722,62
"1240",1.97349102341534,-3.33091932414722,62
"1241",-6.1779752987222,2.2982169934672,63
"1242",-5.74895075545181,2.2982169934672,63
"1243",-5.31992621218141,2.2982169934672,63
"1244",-4.89090166891101,1.17238972994432,63
"1245",-4.46187712564061,0.046562466421431,63
"1246",-4.03285258237022,-0.23489434945929,63
"1247",-3.60382803909982,-0.516351165340011,63
"1248",-3.17480349582942,-0.797807981220732,63
"1249",-2.74577895255903,-3.33091932414722,63
"1250",-2.31675440928863,-3.33091932414722,63
"1251",-1.88772986601823,-3.33091932414722,63
"1252",-1.45870532274783,-3.33091932414722,63
"1253",-1.02968077947744,-3.33091932414722,63
"1254",-0.60065623620704,-3.33091932414722,63
"1255",-0.171631692936643,-3.33091932414722,63
"1256",0.257392850333755,-3.33091932414722,63
"1257",0.686417393604152,-3.33091932414722,63
"1258",1.11544193687455,-3.33091932414722,63
"1259",1.54446648014495,-3.33091932414722,63
"1260",1.97349102341534,-3.33091932414722,63
"1261",-6.1779752987222,2.2982169934672,64
"1262",-5.74895075545181,2.2982169934672,64
"1263",-5.31992621218141,2.2982169934672,64
"1264",-4.89090166891101,2.2982169934672,64
"1265",-4.46187712564061,2.2982169934672,64
"1266",-4.03285258237022,-0.516351165340011,64
"1267",-3.60382803909982,-1.92363524474362,64
"1268",-3.17480349582942,-2.48654887650506,64
"1269",-2.74577895255903,-3.33091932414722,64
"1270",-2.31675440928863,-3.33091932414722,64
"1271",-1.88772986601823,-3.33091932414722,64
"1272",-1.45870532274783,-3.33091932414722,64
"1273",-1.02968077947744,-3.33091932414722,64
"1274",-0.60065623620704,-3.33091932414722,64
"1275",-0.171631692936643,-3.33091932414722,64
"1276",0.257392850333755,-3.33091932414722,64
"1277",0.686417393604152,-3.33091932414722,64
"1278",1.11544193687455,-3.33091932414722,64
"1279",1.54446648014495,-3.33091932414722,64
"1280",1.97349102341534,-3.33091932414722,64
"1281",-6.1779752987222,2.2982169934672,65
"1282",-5.74895075545181,2.2982169934672,65
"1283",-5.31992621218141,2.2982169934672,65
"1284",-4.89090166891101,2.2982169934672,65
"1285",-4.46187712564061,0.328019282302152,65
"1286",-4.03285258237022,-0.516351165340011,65
"1287",-3.60382803909982,-0.797807981220732,65
"1288",-3.17480349582942,-1.36072161298217,65
"1289",-2.74577895255903,-2.76800569238578,65
"1290",-2.31675440928863,-3.33091932414722,65
"1291",-1.88772986601823,-3.33091932414722,65
"1292",-1.45870532274783,-3.33091932414722,65
"1293",-1.02968077947744,-3.33091932414722,65
"1294",-0.60065623620704,-3.33091932414722,65
"1295",-0.171631692936643,-3.33091932414722,65
"1296",0.257392850333755,-3.33091932414722,65
"1297",0.686417393604152,-3.33091932414722,65
"1298",1.11544193687455,-3.33091932414722,65
"1299",1.54446648014495,-3.33091932414722,65
"1300",1.97349102341534,-3.33091932414722,65
"1301",-6.1779752987222,1.45384654582504,66
"1302",-5.74895075545181,1.17238972994432,66
"1303",-5.31992621218141,0.609476098182873,66
"1304",-4.89090166891101,0.328019282302152,66
"1305",-4.46187712564061,0.046562466421431,66
"1306",-4.03285258237022,-0.797807981220732,66
"1307",-3.60382803909982,-2.48654887650506,66
"1308",-3.17480349582942,-3.33091932414722,66
"1309",-2.74577895255903,-3.33091932414722,66
"1310",-2.31675440928863,-3.33091932414722,66
"1311",-1.88772986601823,-3.33091932414722,66
"1312",-1.45870532274783,-3.33091932414722,66
"1313",-1.02968077947744,-3.33091932414722,66
"1314",-0.60065623620704,-3.33091932414722,66
"1315",-0.171631692936643,-3.33091932414722,66
"1316",0.257392850333755,-3.33091932414722,66
"1317",0.686417393604152,-3.33091932414722,66
"1318",1.11544193687455,-3.33091932414722,66
"1319",1.54446648014495,-3.33091932414722,66
"1320",1.97349102341534,-3.33091932414722,66
"1321",-6.1779752987222,2.2982169934672,67
"1322",-5.74895075545181,2.2982169934672,67
"1323",-5.31992621218141,2.2982169934672,67
"1324",-4.89090166891101,2.2982169934672,67
"1325",-4.46187712564061,2.2982169934672,67
"1326",-4.03285258237022,-1.36072161298217,67
"1327",-3.60382803909982,-1.92363524474362,67
"1328",-3.17480349582942,-2.48654887650506,67
"1329",-2.74577895255903,-3.33091932414722,67
"1330",-2.31675440928863,-3.33091932414722,67
"1331",-1.88772986601823,-3.33091932414722,67
"1332",-1.45870532274783,-3.33091932414722,67
"1333",-1.02968077947744,-3.33091932414722,67
"1334",-0.60065623620704,-3.33091932414722,67
"1335",-0.171631692936643,-3.33091932414722,67
"1336",0.257392850333755,-3.33091932414722,67
"1337",0.686417393604152,-3.33091932414722,67
"1338",1.11544193687455,-3.33091932414722,67
"1339",1.54446648014495,-3.33091932414722,67
"1340",1.97349102341534,-3.33091932414722,67
"1341",-6.1779752987222,2.2982169934672,68
"1342",-5.74895075545181,2.2982169934672,68
"1343",-5.31992621218141,2.2982169934672,68
"1344",-4.89090166891101,2.2982169934672,68
"1345",-4.46187712564061,2.2982169934672,68
"1346",-4.03285258237022,-2.48654887650506,68
"1347",-3.60382803909982,-3.33091932414722,68
"1348",-3.17480349582942,-3.33091932414722,68
"1349",-2.74577895255903,-3.33091932414722,68
"1350",-2.31675440928863,-3.33091932414722,68
"1351",-1.88772986601823,-3.33091932414722,68
"1352",-1.45870532274783,-3.33091932414722,68
"1353",-1.02968077947744,-3.33091932414722,68
"1354",-0.60065623620704,-3.33091932414722,68
"1355",-0.171631692936643,-3.33091932414722,68
"1356",0.257392850333755,-3.33091932414722,68
"1357",0.686417393604152,-3.33091932414722,68
"1358",1.11544193687455,-3.33091932414722,68
"1359",1.54446648014495,-3.33091932414722,68
"1360",1.97349102341534,-3.33091932414722,68
"1361",-6.1779752987222,2.2982169934672,69
"1362",-5.74895075545181,2.2982169934672,69
"1363",-5.31992621218141,2.2982169934672,69
"1364",-4.89090166891101,2.2982169934672,69
"1365",-4.46187712564061,2.2982169934672,69
"1366",-4.03285258237022,-3.0494625082665,69
"1367",-3.60382803909982,-3.33091932414722,69
"1368",-3.17480349582942,-3.33091932414722,69
"1369",-2.74577895255903,-3.33091932414722,69
"1370",-2.31675440928863,-3.33091932414722,69
"1371",-1.88772986601823,-3.33091932414722,69
"1372",-1.45870532274783,-3.33091932414722,69
"1373",-1.02968077947744,-3.33091932414722,69
"1374",-0.60065623620704,-3.33091932414722,69
"1375",-0.171631692936643,-3.33091932414722,69
"1376",0.257392850333755,-3.33091932414722,69
"1377",0.686417393604152,-3.33091932414722,69
"1378",1.11544193687455,-3.33091932414722,69
"1379",1.54446648014495,-3.33091932414722,69
"1380",1.97349102341534,-3.33091932414722,69
"1381",-6.1779752987222,2.2982169934672,70
"1382",-5.74895075545181,2.2982169934672,70
"1383",-5.31992621218141,2.2982169934672,70
"1384",-4.89090166891101,2.2982169934672,70
"1385",-4.46187712564061,2.2982169934672,70
"1386",-4.03285258237022,-2.76800569238578,70
"1387",-3.60382803909982,-3.33091932414722,70
"1388",-3.17480349582942,-3.33091932414722,70
"1389",-2.74577895255903,-3.33091932414722,70
"1390",-2.31675440928863,-3.33091932414722,70
"1391",-1.88772986601823,-3.33091932414722,70
"1392",-1.45870532274783,-3.33091932414722,70
"1393",-1.02968077947744,-3.33091932414722,70
"1394",-0.60065623620704,-3.33091932414722,70
"1395",-0.171631692936643,-3.33091932414722,70
"1396",0.257392850333755,-3.33091932414722,70
"1397",0.686417393604152,-3.33091932414722,70
"1398",1.11544193687455,-3.33091932414722,70
"1399",1.54446648014495,-3.33091932414722,70
"1400",1.97349102341534,-3.33091932414722,70
"1401",-6.1779752987222,2.2982169934672,71
"1402",-5.74895075545181,2.2982169934672,71
"1403",-5.31992621218141,2.2982169934672,71
"1404",-4.89090166891101,2.2982169934672,71
"1405",-4.46187712564061,0.890932914063594,71
"1406",-4.03285258237022,-3.33091932414722,71
"1407",-3.60382803909982,-3.33091932414722,71
"1408",-3.17480349582942,-3.33091932414722,71
"1409",-2.74577895255903,-3.33091932414722,71
"1410",-2.31675440928863,-3.33091932414722,71
"1411",-1.88772986601823,-3.33091932414722,71
"1412",-1.45870532274783,-3.33091932414722,71
"1413",-1.02968077947744,-3.33091932414722,71
"1414",-0.60065623620704,-3.33091932414722,71
"1415",-0.171631692936643,-3.33091932414722,71
"1416",0.257392850333755,-3.33091932414722,71
"1417",0.686417393604152,-3.33091932414722,71
"1418",1.11544193687455,-3.33091932414722,71
"1419",1.54446648014495,-3.33091932414722,71
"1420",1.97349102341534,-3.33091932414722,71
"1421",-6.1779752987222,2.2982169934672,72
"1422",-5.74895075545181,2.2982169934672,72
"1423",-5.31992621218141,2.2982169934672,72
"1424",-4.89090166891101,2.2982169934672,72
"1425",-4.46187712564061,0.890932914063594,72
"1426",-4.03285258237022,-0.797807981220732,72
"1427",-3.60382803909982,-1.92363524474362,72
"1428",-3.17480349582942,-3.33091932414722,72
"1429",-2.74577895255903,-3.33091932414722,72
"1430",-2.31675440928863,-3.33091932414722,72
"1431",-1.88772986601823,-3.33091932414722,72
"1432",-1.45870532274783,-3.33091932414722,72
"1433",-1.02968077947744,-3.33091932414722,72
"1434",-0.60065623620704,-3.33091932414722,72
"1435",-0.171631692936643,-3.33091932414722,72
"1436",0.257392850333755,-3.33091932414722,72
"1437",0.686417393604152,-3.33091932414722,72
"1438",1.11544193687455,-3.33091932414722,72
"1439",1.54446648014495,-3.33091932414722,72
"1440",1.97349102341534,-3.33091932414722,72
"1441",-6.1779752987222,2.2982169934672,73
"1442",-5.74895075545181,2.2982169934672,73
"1443",-5.31992621218141,2.2982169934672,73
"1444",-4.89090166891101,2.2982169934672,73
"1445",-4.46187712564061,2.2982169934672,73
"1446",-4.03285258237022,-2.20509206062434,73
"1447",-3.60382803909982,-3.0494625082665,73
"1448",-3.17480349582942,-3.33091932414722,73
"1449",-2.74577895255903,-3.33091932414722,73
"1450",-2.31675440928863,-3.33091932414722,73
"1451",-1.88772986601823,-3.33091932414722,73
"1452",-1.45870532274783,-3.33091932414722,73
"1453",-1.02968077947744,-3.33091932414722,73
"1454",-0.60065623620704,-3.33091932414722,73
"1455",-0.171631692936643,-3.33091932414722,73
"1456",0.257392850333755,-3.33091932414722,73
"1457",0.686417393604152,-3.33091932414722,73
"1458",1.11544193687455,-3.33091932414722,73
"1459",1.54446648014495,-3.33091932414722,73
"1460",1.97349102341534,-3.33091932414722,73
"1461",-6.1779752987222,2.2982169934672,74
"1462",-5.74895075545181,2.2982169934672,74
"1463",-5.31992621218141,2.2982169934672,74
"1464",-4.89090166891101,2.2982169934672,74
"1465",-4.46187712564061,2.2982169934672,74
"1466",-4.03285258237022,-3.33091932414722,74
"1467",-3.60382803909982,-3.33091932414722,74
"1468",-3.17480349582942,-3.33091932414722,74
"1469",-2.74577895255903,-3.33091932414722,74
"1470",-2.31675440928863,-3.33091932414722,74
"1471",-1.88772986601823,-3.33091932414722,74
"1472",-1.45870532274783,-3.33091932414722,74
"1473",-1.02968077947744,-3.33091932414722,74
"1474",-0.60065623620704,-3.33091932414722,74
"1475",-0.171631692936643,-3.33091932414722,74
"1476",0.257392850333755,-3.33091932414722,74
"1477",0.686417393604152,-3.33091932414722,74
"1478",1.11544193687455,-3.33091932414722,74
"1479",1.54446648014495,-3.33091932414722,74
"1480",1.97349102341534,-3.33091932414722,74
"1481",-6.1779752987222,2.2982169934672,75
"1482",-5.74895075545181,2.2982169934672,75
"1483",-5.31992621218141,2.2982169934672,75
"1484",-4.89090166891101,2.2982169934672,75
"1485",-4.46187712564061,2.2982169934672,75
"1486",-4.03285258237022,-3.33091932414722,75
"1487",-3.60382803909982,-3.33091932414722,75
"1488",-3.17480349582942,-3.33091932414722,75
"1489",-2.74577895255903,-3.33091932414722,75
"1490",-2.31675440928863,-3.33091932414722,75
"1491",-1.88772986601823,-3.33091932414722,75
"1492",-1.45870532274783,-3.33091932414722,75
"1493",-1.02968077947744,-3.33091932414722,75
"1494",-0.60065623620704,-3.33091932414722,75
"1495",-0.171631692936643,-3.33091932414722,75
"1496",0.257392850333755,-3.33091932414722,75
"1497",0.686417393604152,-3.33091932414722,75
"1498",1.11544193687455,-3.33091932414722,75
"1499",1.54446648014495,-3.33091932414722,75
"1500",1.97349102341534,-3.33091932414722,75
"1501",-6.1779752987222,2.2982169934672,76
"1502",-5.74895075545181,2.2982169934672,76
"1503",-5.31992621218141,2.2982169934672,76
"1504",-4.89090166891101,2.2982169934672,76
"1505",-4.46187712564061,2.2982169934672,76
"1506",-4.03285258237022,-1.36072161298217,76
"1507",-3.60382803909982,-2.20509206062434,76
"1508",-3.17480349582942,-2.48654887650506,76
"1509",-2.74577895255903,-3.0494625082665,76
"1510",-2.31675440928863,-3.33091932414722,76
"1511",-1.88772986601823,-3.33091932414722,76
"1512",-1.45870532274783,-3.33091932414722,76
"1513",-1.02968077947744,-3.33091932414722,76
"1514",-0.60065623620704,-3.33091932414722,76
"1515",-0.171631692936643,-3.33091932414722,76
"1516",0.257392850333755,-3.33091932414722,76
"1517",0.686417393604152,-3.33091932414722,76
"1518",1.11544193687455,-3.33091932414722,76
"1519",1.54446648014495,-3.33091932414722,76
"1520",1.97349102341534,-3.33091932414722,76
"1521",-6.1779752987222,2.2982169934672,77
"1522",-5.74895075545181,2.2982169934672,77
"1523",-5.31992621218141,2.2982169934672,77
"1524",-4.89090166891101,2.2982169934672,77
"1525",-4.46187712564061,2.2982169934672,77
"1526",-4.03285258237022,-2.20509206062434,77
"1527",-3.60382803909982,-2.76800569238578,77
"1528",-3.17480349582942,-3.0494625082665,77
"1529",-2.74577895255903,-3.33091932414722,77
"1530",-2.31675440928863,-3.33091932414722,77
"1531",-1.88772986601823,-3.33091932414722,77
"1532",-1.45870532274783,-3.33091932414722,77
"1533",-1.02968077947744,-3.33091932414722,77
"1534",-0.60065623620704,-3.33091932414722,77
"1535",-0.171631692936643,-3.33091932414722,77
"1536",0.257392850333755,-3.33091932414722,77
"1537",0.686417393604152,-3.33091932414722,77
"1538",1.11544193687455,-3.33091932414722,77
"1539",1.54446648014495,-3.33091932414722,77
"1540",1.97349102341534,-3.33091932414722,77
"1541",-6.1779752987222,2.2982169934672,78
"1542",-5.74895075545181,2.2982169934672,78
"1543",-5.31992621218141,2.2982169934672,78
"1544",-4.89090166891101,2.2982169934672,78
"1545",-4.46187712564061,0.328019282302152,78
"1546",-4.03285258237022,-1.36072161298217,78
"1547",-3.60382803909982,-3.0494625082665,78
"1548",-3.17480349582942,-3.33091932414722,78
"1549",-2.74577895255903,-3.33091932414722,78
"1550",-2.31675440928863,-3.33091932414722,78
"1551",-1.88772986601823,-3.33091932414722,78
"1552",-1.45870532274783,-3.33091932414722,78
"1553",-1.02968077947744,-3.33091932414722,78
"1554",-0.60065623620704,-3.33091932414722,78
"1555",-0.171631692936643,-3.33091932414722,78
"1556",0.257392850333755,-3.33091932414722,78
"1557",0.686417393604152,-3.33091932414722,78
"1558",1.11544193687455,-3.33091932414722,78
"1559",1.54446648014495,-3.33091932414722,78
"1560",1.97349102341534,-3.33091932414722,78
"1561",-6.1779752987222,2.2982169934672,79
"1562",-5.74895075545181,2.2982169934672,79
"1563",-5.31992621218141,2.2982169934672,79
"1564",-4.89090166891101,2.2982169934672,79
"1565",-4.46187712564061,2.2982169934672,79
"1566",-4.03285258237022,-2.20509206062434,79
"1567",-3.60382803909982,-3.33091932414722,79
"1568",-3.17480349582942,-3.33091932414722,79
"1569",-2.74577895255903,-3.33091932414722,79
"1570",-2.31675440928863,-3.33091932414722,79
"1571",-1.88772986601823,-3.33091932414722,79
"1572",-1.45870532274783,-3.33091932414722,79
"1573",-1.02968077947744,-3.33091932414722,79
"1574",-0.60065623620704,-3.33091932414722,79
"1575",-0.171631692936643,-3.33091932414722,79
"1576",0.257392850333755,-3.33091932414722,79
"1577",0.686417393604152,-3.33091932414722,79
"1578",1.11544193687455,-3.33091932414722,79
"1579",1.54446648014495,-3.33091932414722,79
"1580",1.97349102341534,-3.33091932414722,79
"1581",-6.1779752987222,2.2982169934672,80
"1582",-5.74895075545181,2.2982169934672,80
"1583",-5.31992621218141,2.2982169934672,80
"1584",-4.89090166891101,2.2982169934672,80
"1585",-4.46187712564061,0.890932914063594,80
"1586",-4.03285258237022,-0.797807981220732,80
"1587",-3.60382803909982,-1.6421784288629,80
"1588",-3.17480349582942,-1.92363524474362,80
"1589",-2.74577895255903,-2.20509206062434,80
"1590",-2.31675440928863,-2.76800569238578,80
"1591",-1.88772986601823,-3.33091932414722,80
"1592",-1.45870532274783,-3.33091932414722,80
"1593",-1.02968077947744,-3.33091932414722,80
"1594",-0.60065623620704,-3.33091932414722,80
"1595",-0.171631692936643,-3.33091932414722,80
"1596",0.257392850333755,-3.33091932414722,80
"1597",0.686417393604152,-3.33091932414722,80
"1598",1.11544193687455,-3.33091932414722,80
"1599",1.54446648014495,-3.33091932414722,80
"1600",1.97349102341534,-3.33091932414722,80
"1601",-6.1779752987222,2.2982169934672,81
"1602",-5.74895075545181,2.2982169934672,81
"1603",-5.31992621218141,1.73530336170576,81
"1604",-4.89090166891101,1.17238972994432,81
"1605",-4.46187712564061,0.609476098182873,81
"1606",-4.03285258237022,-0.797807981220732,81
"1607",-3.60382803909982,-1.6421784288629,81
"1608",-3.17480349582942,-2.20509206062434,81
"1609",-2.74577895255903,-2.48654887650506,81
"1610",-2.31675440928863,-3.33091932414722,81
"1611",-1.88772986601823,-3.33091932414722,81
"1612",-1.45870532274783,-3.33091932414722,81
"1613",-1.02968077947744,-3.33091932414722,81
"1614",-0.60065623620704,-3.33091932414722,81
"1615",-0.171631692936643,-3.33091932414722,81
"1616",0.257392850333755,-3.33091932414722,81
"1617",0.686417393604152,-3.33091932414722,81
"1618",1.11544193687455,-3.33091932414722,81
"1619",1.54446648014495,-3.33091932414722,81
"1620",1.97349102341534,-3.33091932414722,81
"1621",-6.1779752987222,2.2982169934672,82
"1622",-5.74895075545181,2.2982169934672,82
"1623",-5.31992621218141,2.2982169934672,82
"1624",-4.89090166891101,2.2982169934672,82
"1625",-4.46187712564061,2.2982169934672,82
"1626",-4.03285258237022,-0.797807981220732,82
"1627",-3.60382803909982,-1.07926479710145,82
"1628",-3.17480349582942,-1.36072161298217,82
"1629",-2.74577895255903,-3.33091932414722,82
"1630",-2.31675440928863,-3.33091932414722,82
"1631",-1.88772986601823,-3.33091932414722,82
"1632",-1.45870532274783,-3.33091932414722,82
"1633",-1.02968077947744,-3.33091932414722,82
"1634",-0.60065623620704,-3.33091932414722,82
"1635",-0.171631692936643,-3.33091932414722,82
"1636",0.257392850333755,-3.33091932414722,82
"1637",0.686417393604152,-3.33091932414722,82
"1638",1.11544193687455,-3.33091932414722,82
"1639",1.54446648014495,-3.33091932414722,82
"1640",1.97349102341534,-3.33091932414722,82
"1641",-6.1779752987222,2.2982169934672,83
"1642",-5.74895075545181,2.2982169934672,83
"1643",-5.31992621218141,2.2982169934672,83
"1644",-4.89090166891101,2.2982169934672,83
"1645",-4.46187712564061,2.2982169934672,83
"1646",-4.03285258237022,-0.516351165340011,83
"1647",-3.60382803909982,-0.797807981220732,83
"1648",-3.17480349582942,-1.07926479710145,83
"1649",-2.74577895255903,-1.36072161298217,83
"1650",-2.31675440928863,-1.36072161298217,83
"1651",-1.88772986601823,-3.33091932414722,83
"1652",-1.45870532274783,-3.33091932414722,83
"1653",-1.02968077947744,-3.33091932414722,83
"1654",-0.60065623620704,-3.33091932414722,83
"1655",-0.171631692936643,-3.33091932414722,83
"1656",0.257392850333755,-3.33091932414722,83
"1657",0.686417393604152,-3.33091932414722,83
"1658",1.11544193687455,-3.33091932414722,83
"1659",1.54446648014495,-3.33091932414722,83
"1660",1.97349102341534,-3.33091932414722,83
"1661",-6.1779752987222,2.2982169934672,84
"1662",-5.74895075545181,2.2982169934672,84
"1663",-5.31992621218141,2.2982169934672,84
"1664",-4.89090166891101,2.2982169934672,84
"1665",-4.46187712564061,2.2982169934672,84
"1666",-4.03285258237022,-2.76800569238578,84
"1667",-3.60382803909982,-3.33091932414722,84
"1668",-3.17480349582942,-3.33091932414722,84
"1669",-2.74577895255903,-3.33091932414722,84
"1670",-2.31675440928863,-3.33091932414722,84
"1671",-1.88772986601823,-3.33091932414722,84
"1672",-1.45870532274783,-3.33091932414722,84
"1673",-1.02968077947744,-3.33091932414722,84
"1674",-0.60065623620704,-3.33091932414722,84
"1675",-0.171631692936643,-3.33091932414722,84
"1676",0.257392850333755,-3.33091932414722,84
"1677",0.686417393604152,-3.33091932414722,84
"1678",1.11544193687455,-3.33091932414722,84
"1679",1.54446648014495,-3.33091932414722,84
"1680",1.97349102341534,-3.33091932414722,84
"1681",-6.1779752987222,2.2982169934672,85
"1682",-5.74895075545181,2.2982169934672,85
"1683",-5.31992621218141,2.2982169934672,85
"1684",-4.89090166891101,2.2982169934672,85
"1685",-4.46187712564061,2.01676017758648,85
"1686",-4.03285258237022,-1.07926479710145,85
"1687",-3.60382803909982,-1.6421784288629,85
"1688",-3.17480349582942,-1.6421784288629,85
"1689",-2.74577895255903,-1.92363524474362,85
"1690",-2.31675440928863,-2.20509206062434,85
"1691",-1.88772986601823,-3.0494625082665,85
"1692",-1.45870532274783,-3.33091932414722,85
"1693",-1.02968077947744,-3.33091932414722,85
"1694",-0.60065623620704,-3.33091932414722,85
"1695",-0.171631692936643,-3.33091932414722,85
"1696",0.257392850333755,-3.33091932414722,85
"1697",0.686417393604152,-3.33091932414722,85
"1698",1.11544193687455,-3.33091932414722,85
"1699",1.54446648014495,-3.33091932414722,85
"1700",1.97349102341534,-3.33091932414722,85
"1701",-6.1779752987222,2.2982169934672,86
"1702",-5.74895075545181,2.2982169934672,86
"1703",-5.31992621218141,2.2982169934672,86
"1704",-4.89090166891101,2.2982169934672,86
"1705",-4.46187712564061,2.2982169934672,86
"1706",-4.03285258237022,-2.20509206062434,86
"1707",-3.60382803909982,-2.20509206062434,86
"1708",-3.17480349582942,-2.20509206062434,86
"1709",-2.74577895255903,-2.48654887650506,86
"1710",-2.31675440928863,-2.48654887650506,86
"1711",-1.88772986601823,-2.48654887650506,86
"1712",-1.45870532274783,-2.76800569238578,86
"1713",-1.02968077947744,-2.76800569238578,86
"1714",-0.60065623620704,-2.76800569238578,86
"1715",-0.171631692936643,-2.76800569238578,86
"1716",0.257392850333755,-2.76800569238578,86
"1717",0.686417393604152,-3.0494625082665,86
"1718",1.11544193687455,-3.0494625082665,86
"1719",1.54446648014495,-3.0494625082665,86
"1720",1.97349102341534,-3.0494625082665,86
"1721",-6.1779752987222,2.2982169934672,87
"1722",-5.74895075545181,2.2982169934672,87
"1723",-5.31992621218141,2.2982169934672,87
"1724",-4.89090166891101,2.2982169934672,87
"1725",-4.46187712564061,1.73530336170576,87
"1726",-4.03285258237022,-3.33091932414722,87
"1727",-3.60382803909982,-3.33091932414722,87
"1728",-3.17480349582942,-3.33091932414722,87
"1729",-2.74577895255903,-3.33091932414722,87
"1730",-2.31675440928863,-3.33091932414722,87
"1731",-1.88772986601823,-3.33091932414722,87
"1732",-1.45870532274783,-3.33091932414722,87
"1733",-1.02968077947744,-3.33091932414722,87
"1734",-0.60065623620704,-3.33091932414722,87
"1735",-0.171631692936643,-3.33091932414722,87
"1736",0.257392850333755,-3.33091932414722,87
"1737",0.686417393604152,-3.33091932414722,87
"1738",1.11544193687455,-3.33091932414722,87
"1739",1.54446648014495,-3.33091932414722,87
"1740",1.97349102341534,-3.33091932414722,87
"1741",-6.1779752987222,2.2982169934672,88
"1742",-5.74895075545181,2.2982169934672,88
"1743",-5.31992621218141,2.2982169934672,88
"1744",-4.89090166891101,0.890932914063594,88
"1745",-4.46187712564061,0.046562466421431,88
"1746",-4.03285258237022,-0.516351165340011,88
"1747",-3.60382803909982,-1.07926479710145,88
"1748",-3.17480349582942,-1.36072161298217,88
"1749",-2.74577895255903,-3.33091932414722,88
"1750",-2.31675440928863,-3.33091932414722,88
"1751",-1.88772986601823,-3.33091932414722,88
"1752",-1.45870532274783,-3.33091932414722,88
"1753",-1.02968077947744,-3.33091932414722,88
"1754",-0.60065623620704,-3.33091932414722,88
"1755",-0.171631692936643,-3.33091932414722,88
"1756",0.257392850333755,-3.33091932414722,88
"1757",0.686417393604152,-3.33091932414722,88
"1758",1.11544193687455,-3.33091932414722,88
"1759",1.54446648014495,-3.33091932414722,88
"1760",1.97349102341534,-3.33091932414722,88
"1761",-6.1779752987222,2.2982169934672,89
"1762",-5.74895075545181,2.2982169934672,89
"1763",-5.31992621218141,2.2982169934672,89
"1764",-4.89090166891101,1.73530336170576,89
"1765",-4.46187712564061,0.890932914063594,89
"1766",-4.03285258237022,-1.6421784288629,89
"1767",-3.60382803909982,-2.48654887650506,89
"1768",-3.17480349582942,-2.76800569238578,89
"1769",-2.74577895255903,-3.0494625082665,89
"1770",-2.31675440928863,-3.33091932414722,89
"1771",-1.88772986601823,-3.33091932414722,89
"1772",-1.45870532274783,-3.33091932414722,89
"1773",-1.02968077947744,-3.33091932414722,89
"1774",-0.60065623620704,-3.33091932414722,89
"1775",-0.171631692936643,-3.33091932414722,89
"1776",0.257392850333755,-3.33091932414722,89
"1777",0.686417393604152,-3.33091932414722,89
"1778",1.11544193687455,-3.33091932414722,89
"1779",1.54446648014495,-3.33091932414722,89
"1780",1.97349102341534,-3.33091932414722,89
"1781",-6.1779752987222,2.2982169934672,90
"1782",-5.74895075545181,2.2982169934672,90
"1783",-5.31992621218141,2.2982169934672,90
"1784",-4.89090166891101,2.2982169934672,90
"1785",-4.46187712564061,0.890932914063594,90
"1786",-4.03285258237022,-0.516351165340011,90
"1787",-3.60382803909982,-1.36072161298217,90
"1788",-3.17480349582942,-1.92363524474362,90
"1789",-2.74577895255903,-3.33091932414722,90
"1790",-2.31675440928863,-3.33091932414722,90
"1791",-1.88772986601823,-3.33091932414722,90
"1792",-1.45870532274783,-3.33091932414722,90
"1793",-1.02968077947744,-3.33091932414722,90
"1794",-0.60065623620704,-3.33091932414722,90
"1795",-0.171631692936643,-3.33091932414722,90
"1796",0.257392850333755,-3.33091932414722,90
"1797",0.686417393604152,-3.33091932414722,90
"1798",1.11544193687455,-3.33091932414722,90
"1799",1.54446648014495,-3.33091932414722,90
"1800",1.97349102341534,-3.33091932414722,90
"1801",-6.1779752987222,2.2982169934672,91
"1802",-5.74895075545181,2.2982169934672,91
"1803",-5.31992621218141,2.2982169934672,91
"1804",-4.89090166891101,2.2982169934672,91
"1805",-4.46187712564061,0.328019282302152,91
"1806",-4.03285258237022,-0.516351165340011,91
"1807",-3.60382803909982,-0.797807981220732,91
"1808",-3.17480349582942,-1.07926479710145,91
"1809",-2.74577895255903,-1.07926479710145,91
"1810",-2.31675440928863,-1.36072161298217,91
"1811",-1.88772986601823,-1.92363524474362,91
"1812",-1.45870532274783,-3.0494625082665,91
"1813",-1.02968077947744,-3.0494625082665,91
"1814",-0.60065623620704,-3.0494625082665,91
"1815",-0.171631692936643,-3.0494625082665,91
"1816",0.257392850333755,-3.0494625082665,91
"1817",0.686417393604152,-3.0494625082665,91
"1818",1.11544193687455,-3.0494625082665,91
"1819",1.54446648014495,-3.33091932414722,91
"1820",1.97349102341534,-3.33091932414722,91
"1821",-6.1779752987222,2.2982169934672,92
"1822",-5.74895075545181,2.2982169934672,92
"1823",-5.31992621218141,2.2982169934672,92
"1824",-4.89090166891101,2.2982169934672,92
"1825",-4.46187712564061,2.2982169934672,92
"1826",-4.03285258237022,-2.20509206062434,92
"1827",-3.60382803909982,-2.48654887650506,92
"1828",-3.17480349582942,-2.48654887650506,92
"1829",-2.74577895255903,-2.76800569238578,92
"1830",-2.31675440928863,-2.76800569238578,92
"1831",-1.88772986601823,-3.0494625082665,92
"1832",-1.45870532274783,-3.33091932414722,92
"1833",-1.02968077947744,-3.33091932414722,92
"1834",-0.60065623620704,-3.33091932414722,92
"1835",-0.171631692936643,-3.33091932414722,92
"1836",0.257392850333755,-3.33091932414722,92
"1837",0.686417393604152,-3.33091932414722,92
"1838",1.11544193687455,-3.33091932414722,92
"1839",1.54446648014495,-3.33091932414722,92
"1840",1.97349102341534,-3.33091932414722,92
"1841",-6.1779752987222,2.2982169934672,93
"1842",-5.74895075545181,2.2982169934672,93
"1843",-5.31992621218141,2.2982169934672,93
"1844",-4.89090166891101,2.2982169934672,93
"1845",-4.46187712564061,2.2982169934672,93
"1846",-4.03285258237022,-1.92363524474362,93
"1847",-3.60382803909982,-2.20509206062434,93
"1848",-3.17480349582942,-2.48654887650506,93
"1849",-2.74577895255903,-2.48654887650506,93
"1850",-2.31675440928863,-2.48654887650506,93
"1851",-1.88772986601823,-3.0494625082665,93
"1852",-1.45870532274783,-3.33091932414722,93
"1853",-1.02968077947744,-3.33091932414722,93
"1854",-0.60065623620704,-3.33091932414722,93
"1855",-0.171631692936643,-3.33091932414722,93
"1856",0.257392850333755,-3.33091932414722,93
"1857",0.686417393604152,-3.33091932414722,93
"1858",1.11544193687455,-3.33091932414722,93
"1859",1.54446648014495,-3.33091932414722,93
"1860",1.97349102341534,-3.33091932414722,93
"1861",-6.1779752987222,2.2982169934672,94
"1862",-5.74895075545181,2.2982169934672,94
"1863",-5.31992621218141,2.2982169934672,94
"1864",-4.89090166891101,2.2982169934672,94
"1865",-4.46187712564061,2.2982169934672,94
"1866",-4.03285258237022,-1.92363524474362,94
"1867",-3.60382803909982,-3.0494625082665,94
"1868",-3.17480349582942,-3.33091932414722,94
"1869",-2.74577895255903,-3.33091932414722,94
"1870",-2.31675440928863,-3.33091932414722,94
"1871",-1.88772986601823,-3.33091932414722,94
"1872",-1.45870532274783,-3.33091932414722,94
"1873",-1.02968077947744,-3.33091932414722,94
"1874",-0.60065623620704,-3.33091932414722,94
"1875",-0.171631692936643,-3.33091932414722,94
"1876",0.257392850333755,-3.33091932414722,94
"1877",0.686417393604152,-3.33091932414722,94
"1878",1.11544193687455,-3.33091932414722,94
"1879",1.54446648014495,-3.33091932414722,94
"1880",1.97349102341534,-3.33091932414722,94
"1881",-6.1779752987222,2.2982169934672,95
"1882",-5.74895075545181,2.2982169934672,95
"1883",-5.31992621218141,2.2982169934672,95
"1884",-4.89090166891101,2.2982169934672,95
"1885",-4.46187712564061,1.73530336170576,95
"1886",-4.03285258237022,-0.797807981220732,95
"1887",-3.60382803909982,-1.6421784288629,95
"1888",-3.17480349582942,-2.20509206062434,95
"1889",-2.74577895255903,-2.76800569238578,95
"1890",-2.31675440928863,-3.33091932414722,95
"1891",-1.88772986601823,-3.33091932414722,95
"1892",-1.45870532274783,-3.33091932414722,95
"1893",-1.02968077947744,-3.33091932414722,95
"1894",-0.60065623620704,-3.33091932414722,95
"1895",-0.171631692936643,-3.33091932414722,95
"1896",0.257392850333755,-3.33091932414722,95
"1897",0.686417393604152,-3.33091932414722,95
"1898",1.11544193687455,-3.33091932414722,95
"1899",1.54446648014495,-3.33091932414722,95
"1900",1.97349102341534,-3.33091932414722,95
"1901",-6.1779752987222,2.2982169934672,96
"1902",-5.74895075545181,2.2982169934672,96
"1903",-5.31992621218141,2.2982169934672,96
"1904",-4.89090166891101,2.2982169934672,96
"1905",-4.46187712564061,2.2982169934672,96
"1906",-4.03285258237022,-0.797807981220732,96
"1907",-3.60382803909982,-1.07926479710145,96
"1908",-3.17480349582942,-1.36072161298217,96
"1909",-2.74577895255903,-1.36072161298217,96
"1910",-2.31675440928863,-1.6421784288629,96
"1911",-1.88772986601823,-3.0494625082665,96
"1912",-1.45870532274783,-3.33091932414722,96
"1913",-1.02968077947744,-3.33091932414722,96
"1914",-0.60065623620704,-3.33091932414722,96
"1915",-0.171631692936643,-3.33091932414722,96
"1916",0.257392850333755,-3.33091932414722,96
"1917",0.686417393604152,-3.33091932414722,96
"1918",1.11544193687455,-3.33091932414722,96
"1919",1.54446648014495,-3.33091932414722,96
"1920",1.97349102341534,-3.33091932414722,96
"1921",-6.1779752987222,1.73530336170576,97
"1922",-5.74895075545181,1.17238972994432,97
"1923",-5.31992621218141,0.609476098182873,97
"1924",-4.89090166891101,0.328019282302152,97
"1925",-4.46187712564061,0.046562466421431,97
"1926",-4.03285258237022,-0.516351165340011,97
"1927",-3.60382803909982,-3.0494625082665,97
"1928",-3.17480349582942,-3.33091932414722,97
"1929",-2.74577895255903,-3.33091932414722,97
"1930",-2.31675440928863,-3.33091932414722,97
"1931",-1.88772986601823,-3.33091932414722,97
"1932",-1.45870532274783,-3.33091932414722,97
"1933",-1.02968077947744,-3.33091932414722,97
"1934",-0.60065623620704,-3.33091932414722,97
"1935",-0.171631692936643,-3.33091932414722,97
"1936",0.257392850333755,-3.33091932414722,97
"1937",0.686417393604152,-3.33091932414722,97
"1938",1.11544193687455,-3.33091932414722,97
"1939",1.54446648014495,-3.33091932414722,97
"1940",1.97349102341534,-3.33091932414722,97
"1941",-6.1779752987222,2.2982169934672,98
"1942",-5.74895075545181,2.2982169934672,98
"1943",-5.31992621218141,2.2982169934672,98
"1944",-4.89090166891101,2.2982169934672,98
"1945",-4.46187712564061,2.2982169934672,98
"1946",-4.03285258237022,-1.07926479710145,98
"1947",-3.60382803909982,-1.36072161298217,98
"1948",-3.17480349582942,-1.6421784288629,98
"1949",-2.74577895255903,-1.6421784288629,98
"1950",-2.31675440928863,-3.33091932414722,98
"1951",-1.88772986601823,-3.33091932414722,98
"1952",-1.45870532274783,-3.33091932414722,98
"1953",-1.02968077947744,-3.33091932414722,98
"1954",-0.60065623620704,-3.33091932414722,98
"1955",-0.171631692936643,-3.33091932414722,98
"1956",0.257392850333755,-3.33091932414722,98
"1957",0.686417393604152,-3.33091932414722,98
"1958",1.11544193687455,-3.33091932414722,98
"1959",1.54446648014495,-3.33091932414722,98
"1960",1.97349102341534,-3.33091932414722,98
"1961",-6.1779752987222,2.2982169934672,99
"1962",-5.74895075545181,2.2982169934672,99
"1963",-5.31992621218141,2.2982169934672,99
"1964",-4.89090166891101,2.2982169934672,99
"1965",-4.46187712564061,1.73530336170576,99
"1966",-4.03285258237022,-3.33091932414722,99
"1967",-3.60382803909982,-3.33091932414722,99
"1968",-3.17480349582942,-3.33091932414722,99
"1969",-2.74577895255903,-3.33091932414722,99
"1970",-2.31675440928863,-3.33091932414722,99
"1971",-1.88772986601823,-3.33091932414722,99
"1972",-1.45870532274783,-3.33091932414722,99
"1973",-1.02968077947744,-3.33091932414722,99
"1974",-0.60065623620704,-3.33091932414722,99
"1975",-0.171631692936643,-3.33091932414722,99
"1976",0.257392850333755,-3.33091932414722,99
"1977",0.686417393604152,-3.33091932414722,99
"1978",1.11544193687455,-3.33091932414722,99
"1979",1.54446648014495,-3.33091932414722,99
"1980",1.97349102341534,-3.33091932414722,99
"1981",-6.1779752987222,2.2982169934672,100
"1982",-5.74895075545181,2.2982169934672,100
"1983",-5.31992621218141,2.2982169934672,100
"1984",-4.89090166891101,2.2982169934672,100
"1985",-4.46187712564061,2.2982169934672,100
"1986",-4.03285258237022,-1.36072161298217,100
"1987",-3.60382803909982,-1.92363524474362,100
"1988",-3.17480349582942,-2.48654887650506,100
"1989",-2.74577895255903,-3.33091932414722,100
"1990",-2.31675440928863,-3.33091932414722,100
"1991",-1.88772986601823,-3.33091932414722,100
"1992",-1.45870532274783,-3.33091932414722,100
"1993",-1.02968077947744,-3.33091932414722,100
"1994",-0.60065623620704,-3.33091932414722,100
"1995",-0.171631692936643,-3.33091932414722,100
"1996",0.257392850333755,-3.33091932414722,100
"1997",0.686417393604152,-3.33091932414722,100
"1998",1.11544193687455,-3.33091932414722,100
"1999",1.54446648014495,-3.33091932414722,100
"2000",1.97349102341534,-3.33091932414722,100
