"","x","y","sample"
"1",-4.30573335096194,0.418169805110125,1
"2",-3.92730681165715,0.275312662252983,1
"3",-3.54888027235235,0.13245551939584,1
"4",-3.17045373304756,-0.153258766318446,1
"5",-2.79202719374276,-0.153258766318446,1
"6",-2.41360065443797,-0.296115909175588,1
"7",-2.03517411513318,-0.438973052032731,1
"8",-1.65674757582838,-0.581830194889874,1
"9",-1.27832103652359,-0.581830194889874,1
"10",-0.899894497218794,-0.724687337747017,1
"11",-0.521467957914,-2.29611590917559,1
"12",-0.143041418609205,-2.43897305203273,1
"13",0.235385120695589,-2.43897305203273,1
"14",0.613811660000382,-2.43897305203273,1
"15",0.992238199305177,-2.43897305203273,1
"16",1.37066473860997,-2.43897305203273,1
"17",1.74909127791476,-2.43897305203273,1
"18",2.12751781721956,-2.43897305203273,1
"19",2.50594435652435,-2.43897305203273,1
"20",2.88437089582915,-2.43897305203273,1
"21",-4.30573335096194,0.418169805110125,2
"22",-3.92730681165715,0.418169805110125,2
"23",-3.54888027235235,0.418169805110125,2
"24",-3.17045373304756,0.275312662252983,2
"25",-2.79202719374276,-0.0104016234613029,2
"26",-2.41360065443797,-0.296115909175588,2
"27",-2.03517411513318,-0.581830194889874,2
"28",-1.65674757582838,-0.724687337747017,2
"29",-1.27832103652359,-1.0104016234613,2
"30",-0.899894497218794,-2.43897305203273,2
"31",-0.521467957914,-2.43897305203273,2
"32",-0.143041418609205,-2.43897305203273,2
"33",0.235385120695589,-2.43897305203273,2
"34",0.613811660000382,-2.43897305203273,2
"35",0.992238199305177,-2.43897305203273,2
"36",1.37066473860997,-2.43897305203273,2
"37",1.74909127791476,-2.43897305203273,2
"38",2.12751781721956,-2.43897305203273,2
"39",2.50594435652435,-2.43897305203273,2
"40",2.88437089582915,-2.43897305203273,2
"41",-4.30573335096194,0.275312662252983,3
"42",-3.92730681165715,0.13245551939584,3
"43",-3.54888027235235,-0.0104016234613029,3
"44",-3.17045373304756,-0.153258766318446,3
"45",-2.79202719374276,-0.296115909175588,3
"46",-2.41360065443797,-0.296115909175588,3
"47",-2.03517411513318,-0.438973052032731,3
"48",-1.65674757582838,-0.438973052032731,3
"49",-1.27832103652359,-0.581830194889874,3
"50",-0.899894497218794,-0.581830194889874,3
"51",-0.521467957914,-1.86754448060416,3
"52",-0.143041418609205,-2.43897305203273,3
"53",0.235385120695589,-2.43897305203273,3
"54",0.613811660000382,-2.43897305203273,3
"55",0.992238199305177,-2.43897305203273,3
"56",1.37066473860997,-2.43897305203273,3
"57",1.74909127791476,-2.43897305203273,3
"58",2.12751781721956,-2.43897305203273,3
"59",2.50594435652435,-2.43897305203273,3
"60",2.88437089582915,-2.43897305203273,3
"61",-4.30573335096194,0.418169805110125,4
"62",-3.92730681165715,0.418169805110125,4
"63",-3.54888027235235,0.275312662252983,4
"64",-3.17045373304756,-0.0104016234613029,4
"65",-2.79202719374276,-0.153258766318446,4
"66",-2.41360065443797,-0.296115909175588,4
"67",-2.03517411513318,-0.438973052032731,4
"68",-1.65674757582838,-0.581830194889874,4
"69",-1.27832103652359,-0.724687337747017,4
"70",-0.899894497218794,-2.15325876631845,4
"71",-0.521467957914,-2.43897305203273,4
"72",-0.143041418609205,-2.43897305203273,4
"73",0.235385120695589,-2.43897305203273,4
"74",0.613811660000382,-2.43897305203273,4
"75",0.992238199305177,-2.43897305203273,4
"76",1.37066473860997,-2.43897305203273,4
"77",1.74909127791476,-2.43897305203273,4
"78",2.12751781721956,-2.43897305203273,4
"79",2.50594435652435,-2.43897305203273,4
"80",2.88437089582915,-2.43897305203273,4
"81",-4.30573335096194,-0.296115909175588,5
"82",-3.92730681165715,-0.296115909175588,5
"83",-3.54888027235235,-0.296115909175588,5
"84",-3.17045373304756,-0.296115909175588,5
"85",-2.79202719374276,-0.296115909175588,5
"86",-2.41360065443797,-0.296115909175588,5
"87",-2.03517411513318,-0.438973052032731,5
"88",-1.65674757582838,-0.438973052032731,5
"89",-1.27832103652359,-0.438973052032731,5
"90",-0.899894497218794,-0.438973052032731,5
"91",-0.521467957914,-1.29611590917559,5
"92",-0.143041418609205,-2.43897305203273,5
"93",0.235385120695589,-2.43897305203273,5
"94",0.613811660000382,-2.43897305203273,5
"95",0.992238199305177,-2.43897305203273,5
"96",1.37066473860997,-2.43897305203273,5
"97",1.74909127791476,-2.43897305203273,5
"98",2.12751781721956,-2.43897305203273,5
"99",2.50594435652435,-2.43897305203273,5
"100",2.88437089582915,-2.43897305203273,5
"101",-4.30573335096194,0.418169805110125,6
"102",-3.92730681165715,0.418169805110125,6
"103",-3.54888027235235,0.418169805110125,6
"104",-3.17045373304756,0.13245551939584,6
"105",-2.79202719374276,-0.153258766318446,6
"106",-2.41360065443797,-0.296115909175588,6
"107",-2.03517411513318,-0.438973052032731,6
"108",-1.65674757582838,-0.724687337747017,6
"109",-1.27832103652359,-0.86754448060416,6
"110",-0.899894497218794,-1.0104016234613,6
"111",-0.521467957914,-2.15325876631845,6
"112",-0.143041418609205,-2.43897305203273,6
"113",0.235385120695589,-2.43897305203273,6
"114",0.613811660000382,-2.43897305203273,6
"115",0.992238199305177,-2.43897305203273,6
"116",1.37066473860997,-2.43897305203273,6
"117",1.74909127791476,-2.43897305203273,6
"118",2.12751781721956,-2.43897305203273,6
"119",2.50594435652435,-2.43897305203273,6
"120",2.88437089582915,-2.43897305203273,6
"121",-4.30573335096194,0.418169805110125,7
"122",-3.92730681165715,0.418169805110125,7
"123",-3.54888027235235,0.418169805110125,7
"124",-3.17045373304756,0.418169805110125,7
"125",-2.79202719374276,-0.0104016234613029,7
"126",-2.41360065443797,-0.296115909175588,7
"127",-2.03517411513318,-0.438973052032731,7
"128",-1.65674757582838,-0.581830194889874,7
"129",-1.27832103652359,-0.724687337747017,7
"130",-0.899894497218794,-0.724687337747017,7
"131",-0.521467957914,-2.15325876631845,7
"132",-0.143041418609205,-2.43897305203273,7
"133",0.235385120695589,-2.43897305203273,7
"134",0.613811660000382,-2.43897305203273,7
"135",0.992238199305177,-2.43897305203273,7
"136",1.37066473860997,-2.43897305203273,7
"137",1.74909127791476,-2.43897305203273,7
"138",2.12751781721956,-2.43897305203273,7
"139",2.50594435652435,-2.43897305203273,7
"140",2.88437089582915,-2.43897305203273,7
"141",-4.30573335096194,0.275312662252983,8
"142",-3.92730681165715,-0.0104016234613029,8
"143",-3.54888027235235,-0.153258766318446,8
"144",-3.17045373304756,-0.296115909175588,8
"145",-2.79202719374276,-0.296115909175588,8
"146",-2.41360065443797,-0.296115909175588,8
"147",-2.03517411513318,-0.438973052032731,8
"148",-1.65674757582838,-0.438973052032731,8
"149",-1.27832103652359,-0.438973052032731,8
"150",-0.899894497218794,-0.438973052032731,8
"151",-0.521467957914,-1.15325876631845,8
"152",-0.143041418609205,-2.43897305203273,8
"153",0.235385120695589,-2.43897305203273,8
"154",0.613811660000382,-2.43897305203273,8
"155",0.992238199305177,-2.43897305203273,8
"156",1.37066473860997,-2.43897305203273,8
"157",1.74909127791476,-2.43897305203273,8
"158",2.12751781721956,-2.43897305203273,8
"159",2.50594435652435,-2.43897305203273,8
"160",2.88437089582915,-2.43897305203273,8
"161",-4.30573335096194,0.418169805110125,9
"162",-3.92730681165715,0.418169805110125,9
"163",-3.54888027235235,0.418169805110125,9
"164",-3.17045373304756,0.418169805110125,9
"165",-2.79202719374276,0.418169805110125,9
"166",-2.41360065443797,0.418169805110125,9
"167",-2.03517411513318,-1.29611590917559,9
"168",-1.65674757582838,-1.29611590917559,9
"169",-1.27832103652359,-1.29611590917559,9
"170",-0.899894497218794,-1.29611590917559,9
"171",-0.521467957914,-2.15325876631845,9
"172",-0.143041418609205,-2.43897305203273,9
"173",0.235385120695589,-2.43897305203273,9
"174",0.613811660000382,-2.43897305203273,9
"175",0.992238199305177,-2.43897305203273,9
"176",1.37066473860997,-2.43897305203273,9
"177",1.74909127791476,-2.43897305203273,9
"178",2.12751781721956,-2.43897305203273,9
"179",2.50594435652435,-2.43897305203273,9
"180",2.88437089582915,-2.43897305203273,9
"181",-4.30573335096194,0.418169805110125,10
"182",-3.92730681165715,0.418169805110125,10
"183",-3.54888027235235,0.418169805110125,10
"184",-3.17045373304756,0.418169805110125,10
"185",-2.79202719374276,0.275312662252983,10
"186",-2.41360065443797,-0.296115909175588,10
"187",-2.03517411513318,-0.581830194889874,10
"188",-1.65674757582838,-0.86754448060416,10
"189",-1.27832103652359,-1.15325876631845,10
"190",-0.899894497218794,-2.43897305203273,10
"191",-0.521467957914,-2.43897305203273,10
"192",-0.143041418609205,-2.43897305203273,10
"193",0.235385120695589,-2.43897305203273,10
"194",0.613811660000382,-2.43897305203273,10
"195",0.992238199305177,-2.43897305203273,10
"196",1.37066473860997,-2.43897305203273,10
"197",1.74909127791476,-2.43897305203273,10
"198",2.12751781721956,-2.43897305203273,10
"199",2.50594435652435,-2.43897305203273,10
"200",2.88437089582915,-2.43897305203273,10
"201",-4.30573335096194,0.418169805110125,11
"202",-3.92730681165715,0.418169805110125,11
"203",-3.54888027235235,0.275312662252983,11
"204",-3.17045373304756,-0.0104016234613029,11
"205",-2.79202719374276,-0.153258766318446,11
"206",-2.41360065443797,-0.296115909175588,11
"207",-2.03517411513318,-0.438973052032731,11
"208",-1.65674757582838,-0.581830194889874,11
"209",-1.27832103652359,-0.581830194889874,11
"210",-0.899894497218794,-0.724687337747017,11
"211",-0.521467957914,-2.0104016234613,11
"212",-0.143041418609205,-2.43897305203273,11
"213",0.235385120695589,-2.43897305203273,11
"214",0.613811660000382,-2.43897305203273,11
"215",0.992238199305177,-2.43897305203273,11
"216",1.37066473860997,-2.43897305203273,11
"217",1.74909127791476,-2.43897305203273,11
"218",2.12751781721956,-2.43897305203273,11
"219",2.50594435652435,-2.43897305203273,11
"220",2.88437089582915,-2.43897305203273,11
"221",-4.30573335096194,-0.296115909175588,12
"222",-3.92730681165715,-0.296115909175588,12
"223",-3.54888027235235,-0.296115909175588,12
"224",-3.17045373304756,-0.296115909175588,12
"225",-2.79202719374276,-0.296115909175588,12
"226",-2.41360065443797,-0.296115909175588,12
"227",-2.03517411513318,-0.438973052032731,12
"228",-1.65674757582838,-0.438973052032731,12
"229",-1.27832103652359,-0.438973052032731,12
"230",-0.899894497218794,-0.438973052032731,12
"231",-0.521467957914,-2.43897305203273,12
"232",-0.143041418609205,-2.43897305203273,12
"233",0.235385120695589,-2.43897305203273,12
"234",0.613811660000382,-2.43897305203273,12
"235",0.992238199305177,-2.43897305203273,12
"236",1.37066473860997,-2.43897305203273,12
"237",1.74909127791476,-2.43897305203273,12
"238",2.12751781721956,-2.43897305203273,12
"239",2.50594435652435,-2.43897305203273,12
"240",2.88437089582915,-2.43897305203273,12
"241",-4.30573335096194,-0.153258766318446,13
"242",-3.92730681165715,-0.153258766318446,13
"243",-3.54888027235235,-0.296115909175588,13
"244",-3.17045373304756,-0.296115909175588,13
"245",-2.79202719374276,-0.296115909175588,13
"246",-2.41360065443797,-0.296115909175588,13
"247",-2.03517411513318,-0.438973052032731,13
"248",-1.65674757582838,-0.438973052032731,13
"249",-1.27832103652359,-0.438973052032731,13
"250",-0.899894497218794,-0.438973052032731,13
"251",-0.521467957914,-2.43897305203273,13
"252",-0.143041418609205,-2.43897305203273,13
"253",0.235385120695589,-2.43897305203273,13
"254",0.613811660000382,-2.43897305203273,13
"255",0.992238199305177,-2.43897305203273,13
"256",1.37066473860997,-2.43897305203273,13
"257",1.74909127791476,-2.43897305203273,13
"258",2.12751781721956,-2.43897305203273,13
"259",2.50594435652435,-2.43897305203273,13
"260",2.88437089582915,-2.43897305203273,13
"261",-4.30573335096194,0.418169805110125,14
"262",-3.92730681165715,0.418169805110125,14
"263",-3.54888027235235,0.418169805110125,14
"264",-3.17045373304756,0.275312662252983,14
"265",-2.79202719374276,-0.153258766318446,14
"266",-2.41360065443797,-0.296115909175588,14
"267",-2.03517411513318,-0.438973052032731,14
"268",-1.65674757582838,-0.581830194889874,14
"269",-1.27832103652359,-0.581830194889874,14
"270",-0.899894497218794,-0.581830194889874,14
"271",-0.521467957914,-2.29611590917559,14
"272",-0.143041418609205,-2.43897305203273,14
"273",0.235385120695589,-2.43897305203273,14
"274",0.613811660000382,-2.43897305203273,14
"275",0.992238199305177,-2.43897305203273,14
"276",1.37066473860997,-2.43897305203273,14
"277",1.74909127791476,-2.43897305203273,14
"278",2.12751781721956,-2.43897305203273,14
"279",2.50594435652435,-2.43897305203273,14
"280",2.88437089582915,-2.43897305203273,14
"281",-4.30573335096194,-0.438973052032731,15
"282",-3.92730681165715,-0.438973052032731,15
"283",-3.54888027235235,-0.438973052032731,15
"284",-3.17045373304756,-0.438973052032731,15
"285",-2.79202719374276,-0.438973052032731,15
"286",-2.41360065443797,-0.438973052032731,15
"287",-2.03517411513318,-0.438973052032731,15
"288",-1.65674757582838,-0.438973052032731,15
"289",-1.27832103652359,-0.438973052032731,15
"290",-0.899894497218794,-2.43897305203273,15
"291",-0.521467957914,-2.43897305203273,15
"292",-0.143041418609205,-2.43897305203273,15
"293",0.235385120695589,-2.43897305203273,15
"294",0.613811660000382,-2.43897305203273,15
"295",0.992238199305177,-2.43897305203273,15
"296",1.37066473860997,-2.43897305203273,15
"297",1.74909127791476,-2.43897305203273,15
"298",2.12751781721956,-2.43897305203273,15
"299",2.50594435652435,-2.43897305203273,15
"300",2.88437089582915,-2.43897305203273,15
"301",-4.30573335096194,-0.0104016234613029,16
"302",-3.92730681165715,-0.153258766318446,16
"303",-3.54888027235235,-0.153258766318446,16
"304",-3.17045373304756,-0.296115909175588,16
"305",-2.79202719374276,-0.296115909175588,16
"306",-2.41360065443797,-0.296115909175588,16
"307",-2.03517411513318,-0.438973052032731,16
"308",-1.65674757582838,-0.438973052032731,16
"309",-1.27832103652359,-0.438973052032731,16
"310",-0.899894497218794,-0.438973052032731,16
"311",-0.521467957914,-1.86754448060416,16
"312",-0.143041418609205,-2.43897305203273,16
"313",0.235385120695589,-2.43897305203273,16
"314",0.613811660000382,-2.43897305203273,16
"315",0.992238199305177,-2.43897305203273,16
"316",1.37066473860997,-2.43897305203273,16
"317",1.74909127791476,-2.43897305203273,16
"318",2.12751781721956,-2.43897305203273,16
"319",2.50594435652435,-2.43897305203273,16
"320",2.88437089582915,-2.43897305203273,16
"321",-4.30573335096194,-0.296115909175588,17
"322",-3.92730681165715,-0.296115909175588,17
"323",-3.54888027235235,-0.296115909175588,17
"324",-3.17045373304756,-0.296115909175588,17
"325",-2.79202719374276,-0.296115909175588,17
"326",-2.41360065443797,-0.296115909175588,17
"327",-2.03517411513318,-0.438973052032731,17
"328",-1.65674757582838,-2.43897305203273,17
"329",-1.27832103652359,-2.43897305203273,17
"330",-0.899894497218794,-2.43897305203273,17
"331",-0.521467957914,-2.43897305203273,17
"332",-0.143041418609205,-2.43897305203273,17
"333",0.235385120695589,-2.43897305203273,17
"334",0.613811660000382,-2.43897305203273,17
"335",0.992238199305177,-2.43897305203273,17
"336",1.37066473860997,-2.43897305203273,17
"337",1.74909127791476,-2.43897305203273,17
"338",2.12751781721956,-2.43897305203273,17
"339",2.50594435652435,-2.43897305203273,17
"340",2.88437089582915,-2.43897305203273,17
"341",-4.30573335096194,0.418169805110125,18
"342",-3.92730681165715,0.418169805110125,18
"343",-3.54888027235235,0.418169805110125,18
"344",-3.17045373304756,0.418169805110125,18
"345",-2.79202719374276,0.418169805110125,18
"346",-2.41360065443797,0.418169805110125,18
"347",-2.03517411513318,-1.0104016234613,18
"348",-1.65674757582838,-1.29611590917559,18
"349",-1.27832103652359,-1.29611590917559,18
"350",-0.899894497218794,-2.43897305203273,18
"351",-0.521467957914,-2.43897305203273,18
"352",-0.143041418609205,-2.43897305203273,18
"353",0.235385120695589,-2.43897305203273,18
"354",0.613811660000382,-2.43897305203273,18
"355",0.992238199305177,-2.43897305203273,18
"356",1.37066473860997,-2.43897305203273,18
"357",1.74909127791476,-2.43897305203273,18
"358",2.12751781721956,-2.43897305203273,18
"359",2.50594435652435,-2.43897305203273,18
"360",2.88437089582915,-2.43897305203273,18
"361",-4.30573335096194,0.418169805110125,19
"362",-3.92730681165715,0.418169805110125,19
"363",-3.54888027235235,0.418169805110125,19
"364",-3.17045373304756,0.418169805110125,19
"365",-2.79202719374276,0.418169805110125,19
"366",-2.41360065443797,0.418169805110125,19
"367",-2.03517411513318,-2.43897305203273,19
"368",-1.65674757582838,-2.43897305203273,19
"369",-1.27832103652359,-2.43897305203273,19
"370",-0.899894497218794,-2.43897305203273,19
"371",-0.521467957914,-2.43897305203273,19
"372",-0.143041418609205,-2.43897305203273,19
"373",0.235385120695589,-2.43897305203273,19
"374",0.613811660000382,-2.43897305203273,19
"375",0.992238199305177,-2.43897305203273,19
"376",1.37066473860997,-2.43897305203273,19
"377",1.74909127791476,-2.43897305203273,19
"378",2.12751781721956,-2.43897305203273,19
"379",2.50594435652435,-2.43897305203273,19
"380",2.88437089582915,-2.43897305203273,19
"381",-4.30573335096194,0.418169805110125,20
"382",-3.92730681165715,0.418169805110125,20
"383",-3.54888027235235,0.418169805110125,20
"384",-3.17045373304756,0.418169805110125,20
"385",-2.79202719374276,-0.0104016234613029,20
"386",-2.41360065443797,-0.296115909175588,20
"387",-2.03517411513318,-0.581830194889874,20
"388",-1.65674757582838,-0.724687337747017,20
"389",-1.27832103652359,-0.86754448060416,20
"390",-0.899894497218794,-1.0104016234613,20
"391",-0.521467957914,-2.15325876631845,20
"392",-0.143041418609205,-2.43897305203273,20
"393",0.235385120695589,-2.43897305203273,20
"394",0.613811660000382,-2.43897305203273,20
"395",0.992238199305177,-2.43897305203273,20
"396",1.37066473860997,-2.43897305203273,20
"397",1.74909127791476,-2.43897305203273,20
"398",2.12751781721956,-2.43897305203273,20
"399",2.50594435652435,-2.43897305203273,20
"400",2.88437089582915,-2.43897305203273,20
"401",-4.30573335096194,0.418169805110125,21
"402",-3.92730681165715,0.418169805110125,21
"403",-3.54888027235235,0.418169805110125,21
"404",-3.17045373304756,0.418169805110125,21
"405",-2.79202719374276,-0.0104016234613029,21
"406",-2.41360065443797,-0.296115909175588,21
"407",-2.03517411513318,-0.438973052032731,21
"408",-1.65674757582838,-0.724687337747017,21
"409",-1.27832103652359,-0.724687337747017,21
"410",-0.899894497218794,-0.86754448060416,21
"411",-0.521467957914,-1.0104016234613,21
"412",-0.143041418609205,-2.29611590917559,21
"413",0.235385120695589,-2.43897305203273,21
"414",0.613811660000382,-2.43897305203273,21
"415",0.992238199305177,-2.43897305203273,21
"416",1.37066473860997,-2.43897305203273,21
"417",1.74909127791476,-2.43897305203273,21
"418",2.12751781721956,-2.43897305203273,21
"419",2.50594435652435,-2.43897305203273,21
"420",2.88437089582915,-2.43897305203273,21
"421",-4.30573335096194,0.418169805110125,22
"422",-3.92730681165715,0.275312662252983,22
"423",-3.54888027235235,-0.0104016234613029,22
"424",-3.17045373304756,-0.153258766318446,22
"425",-2.79202719374276,-0.296115909175588,22
"426",-2.41360065443797,-0.296115909175588,22
"427",-2.03517411513318,-0.438973052032731,22
"428",-1.65674757582838,-0.581830194889874,22
"429",-1.27832103652359,-0.581830194889874,22
"430",-0.899894497218794,-0.724687337747017,22
"431",-0.521467957914,-2.43897305203273,22
"432",-0.143041418609205,-2.43897305203273,22
"433",0.235385120695589,-2.43897305203273,22
"434",0.613811660000382,-2.43897305203273,22
"435",0.992238199305177,-2.43897305203273,22
"436",1.37066473860997,-2.43897305203273,22
"437",1.74909127791476,-2.43897305203273,22
"438",2.12751781721956,-2.43897305203273,22
"439",2.50594435652435,-2.43897305203273,22
"440",2.88437089582915,-2.43897305203273,22
"441",-4.30573335096194,-0.296115909175588,23
"442",-3.92730681165715,-0.296115909175588,23
"443",-3.54888027235235,-0.296115909175588,23
"444",-3.17045373304756,-0.296115909175588,23
"445",-2.79202719374276,-0.296115909175588,23
"446",-2.41360065443797,-0.296115909175588,23
"447",-2.03517411513318,-0.438973052032731,23
"448",-1.65674757582838,-0.438973052032731,23
"449",-1.27832103652359,-0.438973052032731,23
"450",-0.899894497218794,-0.581830194889874,23
"451",-0.521467957914,-2.15325876631845,23
"452",-0.143041418609205,-2.43897305203273,23
"453",0.235385120695589,-2.43897305203273,23
"454",0.613811660000382,-2.43897305203273,23
"455",0.992238199305177,-2.43897305203273,23
"456",1.37066473860997,-2.43897305203273,23
"457",1.74909127791476,-2.43897305203273,23
"458",2.12751781721956,-2.43897305203273,23
"459",2.50594435652435,-2.43897305203273,23
"460",2.88437089582915,-2.43897305203273,23
"461",-4.30573335096194,0.418169805110125,24
"462",-3.92730681165715,0.13245551939584,24
"463",-3.54888027235235,-0.0104016234613029,24
"464",-3.17045373304756,-0.153258766318446,24
"465",-2.79202719374276,-0.296115909175588,24
"466",-2.41360065443797,-0.296115909175588,24
"467",-2.03517411513318,-0.438973052032731,24
"468",-1.65674757582838,-0.581830194889874,24
"469",-1.27832103652359,-0.581830194889874,24
"470",-0.899894497218794,-1.0104016234613,24
"471",-0.521467957914,-2.43897305203273,24
"472",-0.143041418609205,-2.43897305203273,24
"473",0.235385120695589,-2.43897305203273,24
"474",0.613811660000382,-2.43897305203273,24
"475",0.992238199305177,-2.43897305203273,24
"476",1.37066473860997,-2.43897305203273,24
"477",1.74909127791476,-2.43897305203273,24
"478",2.12751781721956,-2.43897305203273,24
"479",2.50594435652435,-2.43897305203273,24
"480",2.88437089582915,-2.43897305203273,24
"481",-4.30573335096194,0.418169805110125,25
"482",-3.92730681165715,0.418169805110125,25
"483",-3.54888027235235,0.418169805110125,25
"484",-3.17045373304756,0.13245551939584,25
"485",-2.79202719374276,-0.153258766318446,25
"486",-2.41360065443797,-0.296115909175588,25
"487",-2.03517411513318,-0.438973052032731,25
"488",-1.65674757582838,-0.581830194889874,25
"489",-1.27832103652359,-0.724687337747017,25
"490",-0.899894497218794,-0.724687337747017,25
"491",-0.521467957914,-1.29611590917559,25
"492",-0.143041418609205,-2.15325876631845,25
"493",0.235385120695589,-2.43897305203273,25
"494",0.613811660000382,-2.43897305203273,25
"495",0.992238199305177,-2.43897305203273,25
"496",1.37066473860997,-2.43897305203273,25
"497",1.74909127791476,-2.43897305203273,25
"498",2.12751781721956,-2.43897305203273,25
"499",2.50594435652435,-2.43897305203273,25
"500",2.88437089582915,-2.43897305203273,25
"501",-4.30573335096194,0.418169805110125,26
"502",-3.92730681165715,0.418169805110125,26
"503",-3.54888027235235,0.418169805110125,26
"504",-3.17045373304756,0.418169805110125,26
"505",-2.79202719374276,0.418169805110125,26
"506",-2.41360065443797,0.275312662252983,26
"507",-2.03517411513318,-1.0104016234613,26
"508",-1.65674757582838,-1.29611590917559,26
"509",-1.27832103652359,-1.58183019488987,26
"510",-0.899894497218794,-1.72468733774702,26
"511",-0.521467957914,-2.43897305203273,26
"512",-0.143041418609205,-2.43897305203273,26
"513",0.235385120695589,-2.43897305203273,26
"514",0.613811660000382,-2.43897305203273,26
"515",0.992238199305177,-2.43897305203273,26
"516",1.37066473860997,-2.43897305203273,26
"517",1.74909127791476,-2.43897305203273,26
"518",2.12751781721956,-2.43897305203273,26
"519",2.50594435652435,-2.43897305203273,26
"520",2.88437089582915,-2.43897305203273,26
"521",-4.30573335096194,0.418169805110125,27
"522",-3.92730681165715,0.418169805110125,27
"523",-3.54888027235235,0.418169805110125,27
"524",-3.17045373304756,-0.0104016234613029,27
"525",-2.79202719374276,-0.153258766318446,27
"526",-2.41360065443797,-0.296115909175588,27
"527",-2.03517411513318,-0.438973052032731,27
"528",-1.65674757582838,-1.86754448060416,27
"529",-1.27832103652359,-1.86754448060416,27
"530",-0.899894497218794,-2.0104016234613,27
"531",-0.521467957914,-2.43897305203273,27
"532",-0.143041418609205,-2.43897305203273,27
"533",0.235385120695589,-2.43897305203273,27
"534",0.613811660000382,-2.43897305203273,27
"535",0.992238199305177,-2.43897305203273,27
"536",1.37066473860997,-2.43897305203273,27
"537",1.74909127791476,-2.43897305203273,27
"538",2.12751781721956,-2.43897305203273,27
"539",2.50594435652435,-2.43897305203273,27
"540",2.88437089582915,-2.43897305203273,27
"541",-4.30573335096194,0.418169805110125,28
"542",-3.92730681165715,0.418169805110125,28
"543",-3.54888027235235,0.418169805110125,28
"544",-3.17045373304756,0.418169805110125,28
"545",-2.79202719374276,0.418169805110125,28
"546",-2.41360065443797,0.418169805110125,28
"547",-2.03517411513318,-0.86754448060416,28
"548",-1.65674757582838,-1.15325876631845,28
"549",-1.27832103652359,-1.15325876631845,28
"550",-0.899894497218794,-1.29611590917559,28
"551",-0.521467957914,-1.58183019488987,28
"552",-0.143041418609205,-2.29611590917559,28
"553",0.235385120695589,-2.43897305203273,28
"554",0.613811660000382,-2.43897305203273,28
"555",0.992238199305177,-2.43897305203273,28
"556",1.37066473860997,-2.43897305203273,28
"557",1.74909127791476,-2.43897305203273,28
"558",2.12751781721956,-2.43897305203273,28
"559",2.50594435652435,-2.43897305203273,28
"560",2.88437089582915,-2.43897305203273,28
"561",-4.30573335096194,0.418169805110125,29
"562",-3.92730681165715,0.418169805110125,29
"563",-3.54888027235235,0.418169805110125,29
"564",-3.17045373304756,0.418169805110125,29
"565",-2.79202719374276,0.418169805110125,29
"566",-2.41360065443797,-0.296115909175588,29
"567",-2.03517411513318,-0.581830194889874,29
"568",-1.65674757582838,-0.724687337747017,29
"569",-1.27832103652359,-0.86754448060416,29
"570",-0.899894497218794,-0.86754448060416,29
"571",-0.521467957914,-1.58183019488987,29
"572",-0.143041418609205,-2.29611590917559,29
"573",0.235385120695589,-2.43897305203273,29
"574",0.613811660000382,-2.43897305203273,29
"575",0.992238199305177,-2.43897305203273,29
"576",1.37066473860997,-2.43897305203273,29
"577",1.74909127791476,-2.43897305203273,29
"578",2.12751781721956,-2.43897305203273,29
"579",2.50594435652435,-2.43897305203273,29
"580",2.88437089582915,-2.43897305203273,29
"581",-4.30573335096194,0.418169805110125,30
"582",-3.92730681165715,0.418169805110125,30
"583",-3.54888027235235,0.418169805110125,30
"584",-3.17045373304756,-0.0104016234613029,30
"585",-2.79202719374276,-0.153258766318446,30
"586",-2.41360065443797,-0.296115909175588,30
"587",-2.03517411513318,-0.438973052032731,30
"588",-1.65674757582838,-0.581830194889874,30
"589",-1.27832103652359,-0.581830194889874,30
"590",-0.899894497218794,-1.43897305203273,30
"591",-0.521467957914,-2.43897305203273,30
"592",-0.143041418609205,-2.43897305203273,30
"593",0.235385120695589,-2.43897305203273,30
"594",0.613811660000382,-2.43897305203273,30
"595",0.992238199305177,-2.43897305203273,30
"596",1.37066473860997,-2.43897305203273,30
"597",1.74909127791476,-2.43897305203273,30
"598",2.12751781721956,-2.43897305203273,30
"599",2.50594435652435,-2.43897305203273,30
"600",2.88437089582915,-2.43897305203273,30
"601",-4.30573335096194,0.418169805110125,31
"602",-3.92730681165715,0.418169805110125,31
"603",-3.54888027235235,0.418169805110125,31
"604",-3.17045373304756,0.418169805110125,31
"605",-2.79202719374276,0.418169805110125,31
"606",-2.41360065443797,0.418169805110125,31
"607",-2.03517411513318,-0.581830194889874,31
"608",-1.65674757582838,-0.724687337747017,31
"609",-1.27832103652359,-0.724687337747017,31
"610",-0.899894497218794,-0.724687337747017,31
"611",-0.521467957914,-1.58183019488987,31
"612",-0.143041418609205,-2.43897305203273,31
"613",0.235385120695589,-2.43897305203273,31
"614",0.613811660000382,-2.43897305203273,31
"615",0.992238199305177,-2.43897305203273,31
"616",1.37066473860997,-2.43897305203273,31
"617",1.74909127791476,-2.43897305203273,31
"618",2.12751781721956,-2.43897305203273,31
"619",2.50594435652435,-2.43897305203273,31
"620",2.88437089582915,-2.43897305203273,31
"621",-4.30573335096194,0.418169805110125,32
"622",-3.92730681165715,0.418169805110125,32
"623",-3.54888027235235,0.13245551939584,32
"624",-3.17045373304756,-0.0104016234613029,32
"625",-2.79202719374276,-0.153258766318446,32
"626",-2.41360065443797,-0.296115909175588,32
"627",-2.03517411513318,-0.438973052032731,32
"628",-1.65674757582838,-0.581830194889874,32
"629",-1.27832103652359,-0.724687337747017,32
"630",-0.899894497218794,-2.29611590917559,32
"631",-0.521467957914,-2.43897305203273,32
"632",-0.143041418609205,-2.43897305203273,32
"633",0.235385120695589,-2.43897305203273,32
"634",0.613811660000382,-2.43897305203273,32
"635",0.992238199305177,-2.43897305203273,32
"636",1.37066473860997,-2.43897305203273,32
"637",1.74909127791476,-2.43897305203273,32
"638",2.12751781721956,-2.43897305203273,32
"639",2.50594435652435,-2.43897305203273,32
"640",2.88437089582915,-2.43897305203273,32
"641",-4.30573335096194,0.418169805110125,33
"642",-3.92730681165715,0.418169805110125,33
"643",-3.54888027235235,0.418169805110125,33
"644",-3.17045373304756,0.418169805110125,33
"645",-2.79202719374276,0.418169805110125,33
"646",-2.41360065443797,0.418169805110125,33
"647",-2.03517411513318,-0.86754448060416,33
"648",-1.65674757582838,-1.0104016234613,33
"649",-1.27832103652359,-1.15325876631845,33
"650",-0.899894497218794,-1.29611590917559,33
"651",-0.521467957914,-2.43897305203273,33
"652",-0.143041418609205,-2.43897305203273,33
"653",0.235385120695589,-2.43897305203273,33
"654",0.613811660000382,-2.43897305203273,33
"655",0.992238199305177,-2.43897305203273,33
"656",1.37066473860997,-2.43897305203273,33
"657",1.74909127791476,-2.43897305203273,33
"658",2.12751781721956,-2.43897305203273,33
"659",2.50594435652435,-2.43897305203273,33
"660",2.88437089582915,-2.43897305203273,33
"661",-4.30573335096194,0.418169805110125,34
"662",-3.92730681165715,0.418169805110125,34
"663",-3.54888027235235,0.13245551939584,34
"664",-3.17045373304756,-0.0104016234613029,34
"665",-2.79202719374276,-0.153258766318446,34
"666",-2.41360065443797,-0.296115909175588,34
"667",-2.03517411513318,-0.438973052032731,34
"668",-1.65674757582838,-0.581830194889874,34
"669",-1.27832103652359,-0.581830194889874,34
"670",-0.899894497218794,-2.29611590917559,34
"671",-0.521467957914,-2.43897305203273,34
"672",-0.143041418609205,-2.43897305203273,34
"673",0.235385120695589,-2.43897305203273,34
"674",0.613811660000382,-2.43897305203273,34
"675",0.992238199305177,-2.43897305203273,34
"676",1.37066473860997,-2.43897305203273,34
"677",1.74909127791476,-2.43897305203273,34
"678",2.12751781721956,-2.43897305203273,34
"679",2.50594435652435,-2.43897305203273,34
"680",2.88437089582915,-2.43897305203273,34
"681",-4.30573335096194,0.418169805110125,35
"682",-3.92730681165715,0.418169805110125,35
"683",-3.54888027235235,0.418169805110125,35
"684",-3.17045373304756,0.13245551939584,35
"685",-2.79202719374276,-0.153258766318446,35
"686",-2.41360065443797,-0.296115909175588,35
"687",-2.03517411513318,-0.438973052032731,35
"688",-1.65674757582838,-0.438973052032731,35
"689",-1.27832103652359,-0.581830194889874,35
"690",-0.899894497218794,-0.581830194889874,35
"691",-0.521467957914,-2.43897305203273,35
"692",-0.143041418609205,-2.43897305203273,35
"693",0.235385120695589,-2.43897305203273,35
"694",0.613811660000382,-2.43897305203273,35
"695",0.992238199305177,-2.43897305203273,35
"696",1.37066473860997,-2.43897305203273,35
"697",1.74909127791476,-2.43897305203273,35
"698",2.12751781721956,-2.43897305203273,35
"699",2.50594435652435,-2.43897305203273,35
"700",2.88437089582915,-2.43897305203273,35
"701",-4.30573335096194,0.418169805110125,36
"702",-3.92730681165715,0.418169805110125,36
"703",-3.54888027235235,0.13245551939584,36
"704",-3.17045373304756,-0.153258766318446,36
"705",-2.79202719374276,-0.296115909175588,36
"706",-2.41360065443797,-0.296115909175588,36
"707",-2.03517411513318,-0.438973052032731,36
"708",-1.65674757582838,-0.438973052032731,36
"709",-1.27832103652359,-0.581830194889874,36
"710",-0.899894497218794,-0.581830194889874,36
"711",-0.521467957914,-2.43897305203273,36
"712",-0.143041418609205,-2.43897305203273,36
"713",0.235385120695589,-2.43897305203273,36
"714",0.613811660000382,-2.43897305203273,36
"715",0.992238199305177,-2.43897305203273,36
"716",1.37066473860997,-2.43897305203273,36
"717",1.74909127791476,-2.43897305203273,36
"718",2.12751781721956,-2.43897305203273,36
"719",2.50594435652435,-2.43897305203273,36
"720",2.88437089582915,-2.43897305203273,36
"721",-4.30573335096194,0.418169805110125,37
"722",-3.92730681165715,0.418169805110125,37
"723",-3.54888027235235,0.418169805110125,37
"724",-3.17045373304756,0.275312662252983,37
"725",-2.79202719374276,-0.0104016234613029,37
"726",-2.41360065443797,-0.296115909175588,37
"727",-2.03517411513318,-0.438973052032731,37
"728",-1.65674757582838,-2.43897305203273,37
"729",-1.27832103652359,-2.43897305203273,37
"730",-0.899894497218794,-2.43897305203273,37
"731",-0.521467957914,-2.43897305203273,37
"732",-0.143041418609205,-2.43897305203273,37
"733",0.235385120695589,-2.43897305203273,37
"734",0.613811660000382,-2.43897305203273,37
"735",0.992238199305177,-2.43897305203273,37
"736",1.37066473860997,-2.43897305203273,37
"737",1.74909127791476,-2.43897305203273,37
"738",2.12751781721956,-2.43897305203273,37
"739",2.50594435652435,-2.43897305203273,37
"740",2.88437089582915,-2.43897305203273,37
"741",-4.30573335096194,0.418169805110125,38
"742",-3.92730681165715,0.418169805110125,38
"743",-3.54888027235235,0.418169805110125,38
"744",-3.17045373304756,0.418169805110125,38
"745",-2.79202719374276,0.418169805110125,38
"746",-2.41360065443797,0.275312662252983,38
"747",-2.03517411513318,-0.724687337747017,38
"748",-1.65674757582838,-1.0104016234613,38
"749",-1.27832103652359,-1.15325876631845,38
"750",-0.899894497218794,-1.15325876631845,38
"751",-0.521467957914,-2.15325876631845,38
"752",-0.143041418609205,-2.43897305203273,38
"753",0.235385120695589,-2.43897305203273,38
"754",0.613811660000382,-2.43897305203273,38
"755",0.992238199305177,-2.43897305203273,38
"756",1.37066473860997,-2.43897305203273,38
"757",1.74909127791476,-2.43897305203273,38
"758",2.12751781721956,-2.43897305203273,38
"759",2.50594435652435,-2.43897305203273,38
"760",2.88437089582915,-2.43897305203273,38
"761",-4.30573335096194,0.275312662252983,39
"762",-3.92730681165715,0.13245551939584,39
"763",-3.54888027235235,-0.0104016234613029,39
"764",-3.17045373304756,-0.153258766318446,39
"765",-2.79202719374276,-0.153258766318446,39
"766",-2.41360065443797,-0.296115909175588,39
"767",-2.03517411513318,-0.438973052032731,39
"768",-1.65674757582838,-0.581830194889874,39
"769",-1.27832103652359,-0.724687337747017,39
"770",-0.899894497218794,-2.43897305203273,39
"771",-0.521467957914,-2.43897305203273,39
"772",-0.143041418609205,-2.43897305203273,39
"773",0.235385120695589,-2.43897305203273,39
"774",0.613811660000382,-2.43897305203273,39
"775",0.992238199305177,-2.43897305203273,39
"776",1.37066473860997,-2.43897305203273,39
"777",1.74909127791476,-2.43897305203273,39
"778",2.12751781721956,-2.43897305203273,39
"779",2.50594435652435,-2.43897305203273,39
"780",2.88437089582915,-2.43897305203273,39
"781",-4.30573335096194,-0.0104016234613029,40
"782",-3.92730681165715,-0.153258766318446,40
"783",-3.54888027235235,-0.153258766318446,40
"784",-3.17045373304756,-0.296115909175588,40
"785",-2.79202719374276,-0.296115909175588,40
"786",-2.41360065443797,-0.296115909175588,40
"787",-2.03517411513318,-0.438973052032731,40
"788",-1.65674757582838,-0.438973052032731,40
"789",-1.27832103652359,-0.438973052032731,40
"790",-0.899894497218794,-2.43897305203273,40
"791",-0.521467957914,-2.43897305203273,40
"792",-0.143041418609205,-2.43897305203273,40
"793",0.235385120695589,-2.43897305203273,40
"794",0.613811660000382,-2.43897305203273,40
"795",0.992238199305177,-2.43897305203273,40
"796",1.37066473860997,-2.43897305203273,40
"797",1.74909127791476,-2.43897305203273,40
"798",2.12751781721956,-2.43897305203273,40
"799",2.50594435652435,-2.43897305203273,40
"800",2.88437089582915,-2.43897305203273,40
"801",-4.30573335096194,0.418169805110125,41
"802",-3.92730681165715,0.418169805110125,41
"803",-3.54888027235235,0.418169805110125,41
"804",-3.17045373304756,0.418169805110125,41
"805",-2.79202719374276,0.418169805110125,41
"806",-2.41360065443797,-0.296115909175588,41
"807",-2.03517411513318,-0.438973052032731,41
"808",-1.65674757582838,-0.438973052032731,41
"809",-1.27832103652359,-0.438973052032731,41
"810",-0.899894497218794,-0.581830194889874,41
"811",-0.521467957914,-1.15325876631845,41
"812",-0.143041418609205,-2.29611590917559,41
"813",0.235385120695589,-2.43897305203273,41
"814",0.613811660000382,-2.43897305203273,41
"815",0.992238199305177,-2.43897305203273,41
"816",1.37066473860997,-2.43897305203273,41
"817",1.74909127791476,-2.43897305203273,41
"818",2.12751781721956,-2.43897305203273,41
"819",2.50594435652435,-2.43897305203273,41
"820",2.88437089582915,-2.43897305203273,41
"821",-4.30573335096194,0.418169805110125,42
"822",-3.92730681165715,0.418169805110125,42
"823",-3.54888027235235,0.418169805110125,42
"824",-3.17045373304756,0.418169805110125,42
"825",-2.79202719374276,0.418169805110125,42
"826",-2.41360065443797,0.418169805110125,42
"827",-2.03517411513318,-2.29611590917559,42
"828",-1.65674757582838,-2.43897305203273,42
"829",-1.27832103652359,-2.43897305203273,42
"830",-0.899894497218794,-2.43897305203273,42
"831",-0.521467957914,-2.43897305203273,42
"832",-0.143041418609205,-2.43897305203273,42
"833",0.235385120695589,-2.43897305203273,42
"834",0.613811660000382,-2.43897305203273,42
"835",0.992238199305177,-2.43897305203273,42
"836",1.37066473860997,-2.43897305203273,42
"837",1.74909127791476,-2.43897305203273,42
"838",2.12751781721956,-2.43897305203273,42
"839",2.50594435652435,-2.43897305203273,42
"840",2.88437089582915,-2.43897305203273,42
"841",-4.30573335096194,0.418169805110125,43
"842",-3.92730681165715,0.418169805110125,43
"843",-3.54888027235235,0.418169805110125,43
"844",-3.17045373304756,0.418169805110125,43
"845",-2.79202719374276,0.418169805110125,43
"846",-2.41360065443797,0.418169805110125,43
"847",-2.03517411513318,-2.43897305203273,43
"848",-1.65674757582838,-2.43897305203273,43
"849",-1.27832103652359,-2.43897305203273,43
"850",-0.899894497218794,-2.43897305203273,43
"851",-0.521467957914,-2.43897305203273,43
"852",-0.143041418609205,-2.43897305203273,43
"853",0.235385120695589,-2.43897305203273,43
"854",0.613811660000382,-2.43897305203273,43
"855",0.992238199305177,-2.43897305203273,43
"856",1.37066473860997,-2.43897305203273,43
"857",1.74909127791476,-2.43897305203273,43
"858",2.12751781721956,-2.43897305203273,43
"859",2.50594435652435,-2.43897305203273,43
"860",2.88437089582915,-2.43897305203273,43
"861",-4.30573335096194,-0.296115909175588,44
"862",-3.92730681165715,-0.296115909175588,44
"863",-3.54888027235235,-0.296115909175588,44
"864",-3.17045373304756,-0.296115909175588,44
"865",-2.79202719374276,-0.296115909175588,44
"866",-2.41360065443797,-0.296115909175588,44
"867",-2.03517411513318,-0.438973052032731,44
"868",-1.65674757582838,-0.438973052032731,44
"869",-1.27832103652359,-0.438973052032731,44
"870",-0.899894497218794,-1.0104016234613,44
"871",-0.521467957914,-2.43897305203273,44
"872",-0.143041418609205,-2.43897305203273,44
"873",0.235385120695589,-2.43897305203273,44
"874",0.613811660000382,-2.43897305203273,44
"875",0.992238199305177,-2.43897305203273,44
"876",1.37066473860997,-2.43897305203273,44
"877",1.74909127791476,-2.43897305203273,44
"878",2.12751781721956,-2.43897305203273,44
"879",2.50594435652435,-2.43897305203273,44
"880",2.88437089582915,-2.43897305203273,44
"881",-4.30573335096194,-0.153258766318446,45
"882",-3.92730681165715,-0.153258766318446,45
"883",-3.54888027235235,-0.296115909175588,45
"884",-3.17045373304756,-0.296115909175588,45
"885",-2.79202719374276,-0.296115909175588,45
"886",-2.41360065443797,-0.296115909175588,45
"887",-2.03517411513318,-0.438973052032731,45
"888",-1.65674757582838,-0.438973052032731,45
"889",-1.27832103652359,-0.86754448060416,45
"890",-0.899894497218794,-2.43897305203273,45
"891",-0.521467957914,-2.43897305203273,45
"892",-0.143041418609205,-2.43897305203273,45
"893",0.235385120695589,-2.43897305203273,45
"894",0.613811660000382,-2.43897305203273,45
"895",0.992238199305177,-2.43897305203273,45
"896",1.37066473860997,-2.43897305203273,45
"897",1.74909127791476,-2.43897305203273,45
"898",2.12751781721956,-2.43897305203273,45
"899",2.50594435652435,-2.43897305203273,45
"900",2.88437089582915,-2.43897305203273,45
"901",-4.30573335096194,0.418169805110125,46
"902",-3.92730681165715,0.418169805110125,46
"903",-3.54888027235235,0.418169805110125,46
"904",-3.17045373304756,0.418169805110125,46
"905",-2.79202719374276,0.418169805110125,46
"906",-2.41360065443797,0.418169805110125,46
"907",-2.03517411513318,-1.43897305203273,46
"908",-1.65674757582838,-1.58183019488987,46
"909",-1.27832103652359,-1.72468733774702,46
"910",-0.899894497218794,-1.72468733774702,46
"911",-0.521467957914,-2.43897305203273,46
"912",-0.143041418609205,-2.43897305203273,46
"913",0.235385120695589,-2.43897305203273,46
"914",0.613811660000382,-2.43897305203273,46
"915",0.992238199305177,-2.43897305203273,46
"916",1.37066473860997,-2.43897305203273,46
"917",1.74909127791476,-2.43897305203273,46
"918",2.12751781721956,-2.43897305203273,46
"919",2.50594435652435,-2.43897305203273,46
"920",2.88437089582915,-2.43897305203273,46
"921",-4.30573335096194,0.418169805110125,47
"922",-3.92730681165715,0.418169805110125,47
"923",-3.54888027235235,0.418169805110125,47
"924",-3.17045373304756,0.418169805110125,47
"925",-2.79202719374276,0.418169805110125,47
"926",-2.41360065443797,0.418169805110125,47
"927",-2.03517411513318,-2.43897305203273,47
"928",-1.65674757582838,-2.43897305203273,47
"929",-1.27832103652359,-2.43897305203273,47
"930",-0.899894497218794,-2.43897305203273,47
"931",-0.521467957914,-2.43897305203273,47
"932",-0.143041418609205,-2.43897305203273,47
"933",0.235385120695589,-2.43897305203273,47
"934",0.613811660000382,-2.43897305203273,47
"935",0.992238199305177,-2.43897305203273,47
"936",1.37066473860997,-2.43897305203273,47
"937",1.74909127791476,-2.43897305203273,47
"938",2.12751781721956,-2.43897305203273,47
"939",2.50594435652435,-2.43897305203273,47
"940",2.88437089582915,-2.43897305203273,47
"941",-4.30573335096194,0.418169805110125,48
"942",-3.92730681165715,0.418169805110125,48
"943",-3.54888027235235,0.418169805110125,48
"944",-3.17045373304756,0.418169805110125,48
"945",-2.79202719374276,0.418169805110125,48
"946",-2.41360065443797,0.418169805110125,48
"947",-2.03517411513318,-1.58183019488987,48
"948",-1.65674757582838,-1.86754448060416,48
"949",-1.27832103652359,-2.0104016234613,48
"950",-0.899894497218794,-2.29611590917559,48
"951",-0.521467957914,-2.43897305203273,48
"952",-0.143041418609205,-2.43897305203273,48
"953",0.235385120695589,-2.43897305203273,48
"954",0.613811660000382,-2.43897305203273,48
"955",0.992238199305177,-2.43897305203273,48
"956",1.37066473860997,-2.43897305203273,48
"957",1.74909127791476,-2.43897305203273,48
"958",2.12751781721956,-2.43897305203273,48
"959",2.50594435652435,-2.43897305203273,48
"960",2.88437089582915,-2.43897305203273,48
"961",-4.30573335096194,0.418169805110125,49
"962",-3.92730681165715,0.418169805110125,49
"963",-3.54888027235235,0.418169805110125,49
"964",-3.17045373304756,0.418169805110125,49
"965",-2.79202719374276,0.418169805110125,49
"966",-2.41360065443797,0.418169805110125,49
"967",-2.03517411513318,-1.58183019488987,49
"968",-1.65674757582838,-1.72468733774702,49
"969",-1.27832103652359,-1.86754448060416,49
"970",-0.899894497218794,-1.86754448060416,49
"971",-0.521467957914,-2.29611590917559,49
"972",-0.143041418609205,-2.43897305203273,49
"973",0.235385120695589,-2.43897305203273,49
"974",0.613811660000382,-2.43897305203273,49
"975",0.992238199305177,-2.43897305203273,49
"976",1.37066473860997,-2.43897305203273,49
"977",1.74909127791476,-2.43897305203273,49
"978",2.12751781721956,-2.43897305203273,49
"979",2.50594435652435,-2.43897305203273,49
"980",2.88437089582915,-2.43897305203273,49
"981",-4.30573335096194,0.418169805110125,50
"982",-3.92730681165715,0.418169805110125,50
"983",-3.54888027235235,0.418169805110125,50
"984",-3.17045373304756,0.418169805110125,50
"985",-2.79202719374276,0.418169805110125,50
"986",-2.41360065443797,-0.296115909175588,50
"987",-2.03517411513318,-0.438973052032731,50
"988",-1.65674757582838,-0.581830194889874,50
"989",-1.27832103652359,-0.724687337747017,50
"990",-0.899894497218794,-0.724687337747017,50
"991",-0.521467957914,-2.0104016234613,50
"992",-0.143041418609205,-2.43897305203273,50
"993",0.235385120695589,-2.43897305203273,50
"994",0.613811660000382,-2.43897305203273,50
"995",0.992238199305177,-2.43897305203273,50
"996",1.37066473860997,-2.43897305203273,50
"997",1.74909127791476,-2.43897305203273,50
"998",2.12751781721956,-2.43897305203273,50
"999",2.50594435652435,-2.43897305203273,50
"1000",2.88437089582915,-2.43897305203273,50
"1001",-4.30573335096194,0.418169805110125,51
"1002",-3.92730681165715,0.418169805110125,51
"1003",-3.54888027235235,0.418169805110125,51
"1004",-3.17045373304756,0.418169805110125,51
"1005",-2.79202719374276,-0.153258766318446,51
"1006",-2.41360065443797,-0.296115909175588,51
"1007",-2.03517411513318,-0.438973052032731,51
"1008",-1.65674757582838,-0.438973052032731,51
"1009",-1.27832103652359,-0.438973052032731,51
"1010",-0.899894497218794,-0.581830194889874,51
"1011",-0.521467957914,-0.86754448060416,51
"1012",-0.143041418609205,-2.43897305203273,51
"1013",0.235385120695589,-2.43897305203273,51
"1014",0.613811660000382,-2.43897305203273,51
"1015",0.992238199305177,-2.43897305203273,51
"1016",1.37066473860997,-2.43897305203273,51
"1017",1.74909127791476,-2.43897305203273,51
"1018",2.12751781721956,-2.43897305203273,51
"1019",2.50594435652435,-2.43897305203273,51
"1020",2.88437089582915,-2.43897305203273,51
"1021",-4.30573335096194,-0.0104016234613029,52
"1022",-3.92730681165715,-0.153258766318446,52
"1023",-3.54888027235235,-0.153258766318446,52
"1024",-3.17045373304756,-0.296115909175588,52
"1025",-2.79202719374276,-0.296115909175588,52
"1026",-2.41360065443797,-0.296115909175588,52
"1027",-2.03517411513318,-0.438973052032731,52
"1028",-1.65674757582838,-0.438973052032731,52
"1029",-1.27832103652359,-0.438973052032731,52
"1030",-0.899894497218794,-1.58183019488987,52
"1031",-0.521467957914,-2.43897305203273,52
"1032",-0.143041418609205,-2.43897305203273,52
"1033",0.235385120695589,-2.43897305203273,52
"1034",0.613811660000382,-2.43897305203273,52
"1035",0.992238199305177,-2.43897305203273,52
"1036",1.37066473860997,-2.43897305203273,52
"1037",1.74909127791476,-2.43897305203273,52
"1038",2.12751781721956,-2.43897305203273,52
"1039",2.50594435652435,-2.43897305203273,52
"1040",2.88437089582915,-2.43897305203273,52
"1041",-4.30573335096194,0.418169805110125,53
"1042",-3.92730681165715,0.418169805110125,53
"1043",-3.54888027235235,0.418169805110125,53
"1044",-3.17045373304756,0.418169805110125,53
"1045",-2.79202719374276,0.418169805110125,53
"1046",-2.41360065443797,-0.296115909175588,53
"1047",-2.03517411513318,-0.581830194889874,53
"1048",-1.65674757582838,-0.581830194889874,53
"1049",-1.27832103652359,-0.724687337747017,53
"1050",-0.899894497218794,-0.724687337747017,53
"1051",-0.521467957914,-1.72468733774702,53
"1052",-0.143041418609205,-2.43897305203273,53
"1053",0.235385120695589,-2.43897305203273,53
"1054",0.613811660000382,-2.43897305203273,53
"1055",0.992238199305177,-2.43897305203273,53
"1056",1.37066473860997,-2.43897305203273,53
"1057",1.74909127791476,-2.43897305203273,53
"1058",2.12751781721956,-2.43897305203273,53
"1059",2.50594435652435,-2.43897305203273,53
"1060",2.88437089582915,-2.43897305203273,53
"1061",-4.30573335096194,-0.0104016234613029,54
"1062",-3.92730681165715,-0.0104016234613029,54
"1063",-3.54888027235235,-0.153258766318446,54
"1064",-3.17045373304756,-0.296115909175588,54
"1065",-2.79202719374276,-0.296115909175588,54
"1066",-2.41360065443797,-0.296115909175588,54
"1067",-2.03517411513318,-0.438973052032731,54
"1068",-1.65674757582838,-0.438973052032731,54
"1069",-1.27832103652359,-0.438973052032731,54
"1070",-0.899894497218794,-0.581830194889874,54
"1071",-0.521467957914,-1.58183019488987,54
"1072",-0.143041418609205,-2.43897305203273,54
"1073",0.235385120695589,-2.43897305203273,54
"1074",0.613811660000382,-2.43897305203273,54
"1075",0.992238199305177,-2.43897305203273,54
"1076",1.37066473860997,-2.43897305203273,54
"1077",1.74909127791476,-2.43897305203273,54
"1078",2.12751781721956,-2.43897305203273,54
"1079",2.50594435652435,-2.43897305203273,54
"1080",2.88437089582915,-2.43897305203273,54
"1081",-4.30573335096194,0.418169805110125,55
"1082",-3.92730681165715,0.418169805110125,55
"1083",-3.54888027235235,0.418169805110125,55
"1084",-3.17045373304756,0.418169805110125,55
"1085",-2.79202719374276,0.418169805110125,55
"1086",-2.41360065443797,0.13245551939584,55
"1087",-2.03517411513318,-1.15325876631845,55
"1088",-1.65674757582838,-1.86754448060416,55
"1089",-1.27832103652359,-2.43897305203273,55
"1090",-0.899894497218794,-2.43897305203273,55
"1091",-0.521467957914,-2.43897305203273,55
"1092",-0.143041418609205,-2.43897305203273,55
"1093",0.235385120695589,-2.43897305203273,55
"1094",0.613811660000382,-2.43897305203273,55
"1095",0.992238199305177,-2.43897305203273,55
"1096",1.37066473860997,-2.43897305203273,55
"1097",1.74909127791476,-2.43897305203273,55
"1098",2.12751781721956,-2.43897305203273,55
"1099",2.50594435652435,-2.43897305203273,55
"1100",2.88437089582915,-2.43897305203273,55
"1101",-4.30573335096194,-0.296115909175588,56
"1102",-3.92730681165715,-0.296115909175588,56
"1103",-3.54888027235235,-0.296115909175588,56
"1104",-3.17045373304756,-0.296115909175588,56
"1105",-2.79202719374276,-0.296115909175588,56
"1106",-2.41360065443797,-0.438973052032731,56
"1107",-2.03517411513318,-0.438973052032731,56
"1108",-1.65674757582838,-0.438973052032731,56
"1109",-1.27832103652359,-0.724687337747017,56
"1110",-0.899894497218794,-2.43897305203273,56
"1111",-0.521467957914,-2.43897305203273,56
"1112",-0.143041418609205,-2.43897305203273,56
"1113",0.235385120695589,-2.43897305203273,56
"1114",0.613811660000382,-2.43897305203273,56
"1115",0.992238199305177,-2.43897305203273,56
"1116",1.37066473860997,-2.43897305203273,56
"1117",1.74909127791476,-2.43897305203273,56
"1118",2.12751781721956,-2.43897305203273,56
"1119",2.50594435652435,-2.43897305203273,56
"1120",2.88437089582915,-2.43897305203273,56
"1121",-4.30573335096194,0.418169805110125,57
"1122",-3.92730681165715,0.418169805110125,57
"1123",-3.54888027235235,0.418169805110125,57
"1124",-3.17045373304756,0.418169805110125,57
"1125",-2.79202719374276,0.13245551939584,57
"1126",-2.41360065443797,-0.296115909175588,57
"1127",-2.03517411513318,-0.581830194889874,57
"1128",-1.65674757582838,-0.724687337747017,57
"1129",-1.27832103652359,-0.86754448060416,57
"1130",-0.899894497218794,-1.0104016234613,57
"1131",-0.521467957914,-2.43897305203273,57
"1132",-0.143041418609205,-2.43897305203273,57
"1133",0.235385120695589,-2.43897305203273,57
"1134",0.613811660000382,-2.43897305203273,57
"1135",0.992238199305177,-2.43897305203273,57
"1136",1.37066473860997,-2.43897305203273,57
"1137",1.74909127791476,-2.43897305203273,57
"1138",2.12751781721956,-2.43897305203273,57
"1139",2.50594435652435,-2.43897305203273,57
"1140",2.88437089582915,-2.43897305203273,57
"1141",-4.30573335096194,0.418169805110125,58
"1142",-3.92730681165715,0.275312662252983,58
"1143",-3.54888027235235,0.13245551939584,58
"1144",-3.17045373304756,-0.0104016234613029,58
"1145",-2.79202719374276,-0.153258766318446,58
"1146",-2.41360065443797,-0.296115909175588,58
"1147",-2.03517411513318,-0.438973052032731,58
"1148",-1.65674757582838,-0.581830194889874,58
"1149",-1.27832103652359,-0.724687337747017,58
"1150",-0.899894497218794,-2.29611590917559,58
"1151",-0.521467957914,-2.43897305203273,58
"1152",-0.143041418609205,-2.43897305203273,58
"1153",0.235385120695589,-2.43897305203273,58
"1154",0.613811660000382,-2.43897305203273,58
"1155",0.992238199305177,-2.43897305203273,58
"1156",1.37066473860997,-2.43897305203273,58
"1157",1.74909127791476,-2.43897305203273,58
"1158",2.12751781721956,-2.43897305203273,58
"1159",2.50594435652435,-2.43897305203273,58
"1160",2.88437089582915,-2.43897305203273,58
"1161",-4.30573335096194,0.418169805110125,59
"1162",-3.92730681165715,0.418169805110125,59
"1163",-3.54888027235235,0.418169805110125,59
"1164",-3.17045373304756,0.418169805110125,59
"1165",-2.79202719374276,-0.0104016234613029,59
"1166",-2.41360065443797,-0.296115909175588,59
"1167",-2.03517411513318,-0.438973052032731,59
"1168",-1.65674757582838,-0.581830194889874,59
"1169",-1.27832103652359,-0.724687337747017,59
"1170",-0.899894497218794,-0.86754448060416,59
"1171",-0.521467957914,-1.15325876631845,59
"1172",-0.143041418609205,-2.43897305203273,59
"1173",0.235385120695589,-2.43897305203273,59
"1174",0.613811660000382,-2.43897305203273,59
"1175",0.992238199305177,-2.43897305203273,59
"1176",1.37066473860997,-2.43897305203273,59
"1177",1.74909127791476,-2.43897305203273,59
"1178",2.12751781721956,-2.43897305203273,59
"1179",2.50594435652435,-2.43897305203273,59
"1180",2.88437089582915,-2.43897305203273,59
"1181",-4.30573335096194,0.418169805110125,60
"1182",-3.92730681165715,0.418169805110125,60
"1183",-3.54888027235235,0.418169805110125,60
"1184",-3.17045373304756,0.418169805110125,60
"1185",-2.79202719374276,0.418169805110125,60
"1186",-2.41360065443797,-0.0104016234613029,60
"1187",-2.03517411513318,-0.86754448060416,60
"1188",-1.65674757582838,-1.15325876631845,60
"1189",-1.27832103652359,-1.43897305203273,60
"1190",-0.899894497218794,-1.72468733774702,60
"1191",-0.521467957914,-2.43897305203273,60
"1192",-0.143041418609205,-2.43897305203273,60
"1193",0.235385120695589,-2.43897305203273,60
"1194",0.613811660000382,-2.43897305203273,60
"1195",0.992238199305177,-2.43897305203273,60
"1196",1.37066473860997,-2.43897305203273,60
"1197",1.74909127791476,-2.43897305203273,60
"1198",2.12751781721956,-2.43897305203273,60
"1199",2.50594435652435,-2.43897305203273,60
"1200",2.88437089582915,-2.43897305203273,60
"1201",-4.30573335096194,-0.0104016234613029,61
"1202",-3.92730681165715,-0.153258766318446,61
"1203",-3.54888027235235,-0.153258766318446,61
"1204",-3.17045373304756,-0.296115909175588,61
"1205",-2.79202719374276,-0.296115909175588,61
"1206",-2.41360065443797,-0.296115909175588,61
"1207",-2.03517411513318,-0.438973052032731,61
"1208",-1.65674757582838,-0.438973052032731,61
"1209",-1.27832103652359,-0.438973052032731,61
"1210",-0.899894497218794,-0.438973052032731,61
"1211",-0.521467957914,-2.43897305203273,61
"1212",-0.143041418609205,-2.43897305203273,61
"1213",0.235385120695589,-2.43897305203273,61
"1214",0.613811660000382,-2.43897305203273,61
"1215",0.992238199305177,-2.43897305203273,61
"1216",1.37066473860997,-2.43897305203273,61
"1217",1.74909127791476,-2.43897305203273,61
"1218",2.12751781721956,-2.43897305203273,61
"1219",2.50594435652435,-2.43897305203273,61
"1220",2.88437089582915,-2.43897305203273,61
"1221",-4.30573335096194,-0.296115909175588,62
"1222",-3.92730681165715,-0.296115909175588,62
"1223",-3.54888027235235,-0.296115909175588,62
"1224",-3.17045373304756,-0.296115909175588,62
"1225",-2.79202719374276,-0.296115909175588,62
"1226",-2.41360065443797,-0.296115909175588,62
"1227",-2.03517411513318,-0.438973052032731,62
"1228",-1.65674757582838,-0.438973052032731,62
"1229",-1.27832103652359,-1.72468733774702,62
"1230",-0.899894497218794,-2.43897305203273,62
"1231",-0.521467957914,-2.43897305203273,62
"1232",-0.143041418609205,-2.43897305203273,62
"1233",0.235385120695589,-2.43897305203273,62
"1234",0.613811660000382,-2.43897305203273,62
"1235",0.992238199305177,-2.43897305203273,62
"1236",1.37066473860997,-2.43897305203273,62
"1237",1.74909127791476,-2.43897305203273,62
"1238",2.12751781721956,-2.43897305203273,62
"1239",2.50594435652435,-2.43897305203273,62
"1240",2.88437089582915,-2.43897305203273,62
"1241",-4.30573335096194,0.13245551939584,63
"1242",-3.92730681165715,-0.0104016234613029,63
"1243",-3.54888027235235,-0.153258766318446,63
"1244",-3.17045373304756,-0.153258766318446,63
"1245",-2.79202719374276,-0.296115909175588,63
"1246",-2.41360065443797,-0.296115909175588,63
"1247",-2.03517411513318,-0.581830194889874,63
"1248",-1.65674757582838,-1.29611590917559,63
"1249",-1.27832103652359,-1.58183019488987,63
"1250",-0.899894497218794,-1.72468733774702,63
"1251",-0.521467957914,-2.29611590917559,63
"1252",-0.143041418609205,-2.43897305203273,63
"1253",0.235385120695589,-2.43897305203273,63
"1254",0.613811660000382,-2.43897305203273,63
"1255",0.992238199305177,-2.43897305203273,63
"1256",1.37066473860997,-2.43897305203273,63
"1257",1.74909127791476,-2.43897305203273,63
"1258",2.12751781721956,-2.43897305203273,63
"1259",2.50594435652435,-2.43897305203273,63
"1260",2.88437089582915,-2.43897305203273,63
"1261",-4.30573335096194,-0.0104016234613029,64
"1262",-3.92730681165715,-0.153258766318446,64
"1263",-3.54888027235235,-0.153258766318446,64
"1264",-3.17045373304756,-0.296115909175588,64
"1265",-2.79202719374276,-0.296115909175588,64
"1266",-2.41360065443797,-0.296115909175588,64
"1267",-2.03517411513318,-0.438973052032731,64
"1268",-1.65674757582838,-0.438973052032731,64
"1269",-1.27832103652359,-0.438973052032731,64
"1270",-0.899894497218794,-2.43897305203273,64
"1271",-0.521467957914,-2.43897305203273,64
"1272",-0.143041418609205,-2.43897305203273,64
"1273",0.235385120695589,-2.43897305203273,64
"1274",0.613811660000382,-2.43897305203273,64
"1275",0.992238199305177,-2.43897305203273,64
"1276",1.37066473860997,-2.43897305203273,64
"1277",1.74909127791476,-2.43897305203273,64
"1278",2.12751781721956,-2.43897305203273,64
"1279",2.50594435652435,-2.43897305203273,64
"1280",2.88437089582915,-2.43897305203273,64
"1281",-4.30573335096194,0.418169805110125,65
"1282",-3.92730681165715,0.418169805110125,65
"1283",-3.54888027235235,-0.153258766318446,65
"1284",-3.17045373304756,-0.296115909175588,65
"1285",-2.79202719374276,-0.296115909175588,65
"1286",-2.41360065443797,-0.296115909175588,65
"1287",-2.03517411513318,-0.438973052032731,65
"1288",-1.65674757582838,-0.438973052032731,65
"1289",-1.27832103652359,-0.438973052032731,65
"1290",-0.899894497218794,-0.438973052032731,65
"1291",-0.521467957914,-1.15325876631845,65
"1292",-0.143041418609205,-2.43897305203273,65
"1293",0.235385120695589,-2.43897305203273,65
"1294",0.613811660000382,-2.43897305203273,65
"1295",0.992238199305177,-2.43897305203273,65
"1296",1.37066473860997,-2.43897305203273,65
"1297",1.74909127791476,-2.43897305203273,65
"1298",2.12751781721956,-2.43897305203273,65
"1299",2.50594435652435,-2.43897305203273,65
"1300",2.88437089582915,-2.43897305203273,65
"1301",-4.30573335096194,0.418169805110125,66
"1302",-3.92730681165715,0.418169805110125,66
"1303",-3.54888027235235,0.418169805110125,66
"1304",-3.17045373304756,0.13245551939584,66
"1305",-2.79202719374276,-0.153258766318446,66
"1306",-2.41360065443797,-0.296115909175588,66
"1307",-2.03517411513318,-0.438973052032731,66
"1308",-1.65674757582838,-0.581830194889874,66
"1309",-1.27832103652359,-0.724687337747017,66
"1310",-0.899894497218794,-0.86754448060416,66
"1311",-0.521467957914,-1.86754448060416,66
"1312",-0.143041418609205,-2.43897305203273,66
"1313",0.235385120695589,-2.43897305203273,66
"1314",0.613811660000382,-2.43897305203273,66
"1315",0.992238199305177,-2.43897305203273,66
"1316",1.37066473860997,-2.43897305203273,66
"1317",1.74909127791476,-2.43897305203273,66
"1318",2.12751781721956,-2.43897305203273,66
"1319",2.50594435652435,-2.43897305203273,66
"1320",2.88437089582915,-2.43897305203273,66
"1321",-4.30573335096194,0.418169805110125,67
"1322",-3.92730681165715,0.418169805110125,67
"1323",-3.54888027235235,0.418169805110125,67
"1324",-3.17045373304756,0.275312662252983,67
"1325",-2.79202719374276,-0.0104016234613029,67
"1326",-2.41360065443797,-0.296115909175588,67
"1327",-2.03517411513318,-0.581830194889874,67
"1328",-1.65674757582838,-0.724687337747017,67
"1329",-1.27832103652359,-0.86754448060416,67
"1330",-0.899894497218794,-1.0104016234613,67
"1331",-0.521467957914,-2.29611590917559,67
"1332",-0.143041418609205,-2.43897305203273,67
"1333",0.235385120695589,-2.43897305203273,67
"1334",0.613811660000382,-2.43897305203273,67
"1335",0.992238199305177,-2.43897305203273,67
"1336",1.37066473860997,-2.43897305203273,67
"1337",1.74909127791476,-2.43897305203273,67
"1338",2.12751781721956,-2.43897305203273,67
"1339",2.50594435652435,-2.43897305203273,67
"1340",2.88437089582915,-2.43897305203273,67
"1341",-4.30573335096194,-0.153258766318446,68
"1342",-3.92730681165715,-0.153258766318446,68
"1343",-3.54888027235235,-0.296115909175588,68
"1344",-3.17045373304756,-0.296115909175588,68
"1345",-2.79202719374276,-0.296115909175588,68
"1346",-2.41360065443797,-0.296115909175588,68
"1347",-2.03517411513318,-0.438973052032731,68
"1348",-1.65674757582838,-0.438973052032731,68
"1349",-1.27832103652359,-1.15325876631845,68
"1350",-0.899894497218794,-2.43897305203273,68
"1351",-0.521467957914,-2.43897305203273,68
"1352",-0.143041418609205,-2.43897305203273,68
"1353",0.235385120695589,-2.43897305203273,68
"1354",0.613811660000382,-2.43897305203273,68
"1355",0.992238199305177,-2.43897305203273,68
"1356",1.37066473860997,-2.43897305203273,68
"1357",1.74909127791476,-2.43897305203273,68
"1358",2.12751781721956,-2.43897305203273,68
"1359",2.50594435652435,-2.43897305203273,68
"1360",2.88437089582915,-2.43897305203273,68
"1361",-4.30573335096194,0.13245551939584,69
"1362",-3.92730681165715,-0.0104016234613029,69
"1363",-3.54888027235235,-0.153258766318446,69
"1364",-3.17045373304756,-0.296115909175588,69
"1365",-2.79202719374276,-0.296115909175588,69
"1366",-2.41360065443797,-0.296115909175588,69
"1367",-2.03517411513318,-0.438973052032731,69
"1368",-1.65674757582838,-0.438973052032731,69
"1369",-1.27832103652359,-0.438973052032731,69
"1370",-0.899894497218794,-0.724687337747017,69
"1371",-0.521467957914,-1.43897305203273,69
"1372",-0.143041418609205,-2.43897305203273,69
"1373",0.235385120695589,-2.43897305203273,69
"1374",0.613811660000382,-2.43897305203273,69
"1375",0.992238199305177,-2.43897305203273,69
"1376",1.37066473860997,-2.43897305203273,69
"1377",1.74909127791476,-2.43897305203273,69
"1378",2.12751781721956,-2.43897305203273,69
"1379",2.50594435652435,-2.43897305203273,69
"1380",2.88437089582915,-2.43897305203273,69
"1381",-4.30573335096194,0.418169805110125,70
"1382",-3.92730681165715,0.418169805110125,70
"1383",-3.54888027235235,0.418169805110125,70
"1384",-3.17045373304756,0.13245551939584,70
"1385",-2.79202719374276,-0.153258766318446,70
"1386",-2.41360065443797,-0.296115909175588,70
"1387",-2.03517411513318,-0.438973052032731,70
"1388",-1.65674757582838,-0.581830194889874,70
"1389",-1.27832103652359,-0.581830194889874,70
"1390",-0.899894497218794,-0.724687337747017,70
"1391",-0.521467957914,-1.58183019488987,70
"1392",-0.143041418609205,-2.43897305203273,70
"1393",0.235385120695589,-2.43897305203273,70
"1394",0.613811660000382,-2.43897305203273,70
"1395",0.992238199305177,-2.43897305203273,70
"1396",1.37066473860997,-2.43897305203273,70
"1397",1.74909127791476,-2.43897305203273,70
"1398",2.12751781721956,-2.43897305203273,70
"1399",2.50594435652435,-2.43897305203273,70
"1400",2.88437089582915,-2.43897305203273,70
"1401",-4.30573335096194,0.418169805110125,71
"1402",-3.92730681165715,-0.153258766318446,71
"1403",-3.54888027235235,-0.296115909175588,71
"1404",-3.17045373304756,-0.296115909175588,71
"1405",-2.79202719374276,-0.296115909175588,71
"1406",-2.41360065443797,-0.296115909175588,71
"1407",-2.03517411513318,-0.438973052032731,71
"1408",-1.65674757582838,-0.438973052032731,71
"1409",-1.27832103652359,-0.438973052032731,71
"1410",-0.899894497218794,-0.724687337747017,71
"1411",-0.521467957914,-1.72468733774702,71
"1412",-0.143041418609205,-2.15325876631845,71
"1413",0.235385120695589,-2.29611590917559,71
"1414",0.613811660000382,-2.29611590917559,71
"1415",0.992238199305177,-2.29611590917559,71
"1416",1.37066473860997,-2.29611590917559,71
"1417",1.74909127791476,-2.29611590917559,71
"1418",2.12751781721956,-2.29611590917559,71
"1419",2.50594435652435,-2.29611590917559,71
"1420",2.88437089582915,-2.29611590917559,71
"1421",-4.30573335096194,0.418169805110125,72
"1422",-3.92730681165715,0.418169805110125,72
"1423",-3.54888027235235,0.418169805110125,72
"1424",-3.17045373304756,0.418169805110125,72
"1425",-2.79202719374276,0.418169805110125,72
"1426",-2.41360065443797,-0.153258766318446,72
"1427",-2.03517411513318,-0.724687337747017,72
"1428",-1.65674757582838,-1.15325876631845,72
"1429",-1.27832103652359,-1.58183019488987,72
"1430",-0.899894497218794,-2.43897305203273,72
"1431",-0.521467957914,-2.43897305203273,72
"1432",-0.143041418609205,-2.43897305203273,72
"1433",0.235385120695589,-2.43897305203273,72
"1434",0.613811660000382,-2.43897305203273,72
"1435",0.992238199305177,-2.43897305203273,72
"1436",1.37066473860997,-2.43897305203273,72
"1437",1.74909127791476,-2.43897305203273,72
"1438",2.12751781721956,-2.43897305203273,72
"1439",2.50594435652435,-2.43897305203273,72
"1440",2.88437089582915,-2.43897305203273,72
"1441",-4.30573335096194,-0.296115909175588,73
"1442",-3.92730681165715,-0.296115909175588,73
"1443",-3.54888027235235,-0.296115909175588,73
"1444",-3.17045373304756,-0.296115909175588,73
"1445",-2.79202719374276,-0.296115909175588,73
"1446",-2.41360065443797,-0.296115909175588,73
"1447",-2.03517411513318,-2.43897305203273,73
"1448",-1.65674757582838,-2.43897305203273,73
"1449",-1.27832103652359,-2.43897305203273,73
"1450",-0.899894497218794,-2.43897305203273,73
"1451",-0.521467957914,-2.43897305203273,73
"1452",-0.143041418609205,-2.43897305203273,73
"1453",0.235385120695589,-2.43897305203273,73
"1454",0.613811660000382,-2.43897305203273,73
"1455",0.992238199305177,-2.43897305203273,73
"1456",1.37066473860997,-2.43897305203273,73
"1457",1.74909127791476,-2.43897305203273,73
"1458",2.12751781721956,-2.43897305203273,73
"1459",2.50594435652435,-2.43897305203273,73
"1460",2.88437089582915,-2.43897305203273,73
"1461",-4.30573335096194,0.418169805110125,74
"1462",-3.92730681165715,0.418169805110125,74
"1463",-3.54888027235235,0.418169805110125,74
"1464",-3.17045373304756,-0.0104016234613029,74
"1465",-2.79202719374276,-0.153258766318446,74
"1466",-2.41360065443797,-0.296115909175588,74
"1467",-2.03517411513318,-0.438973052032731,74
"1468",-1.65674757582838,-0.438973052032731,74
"1469",-1.27832103652359,-0.581830194889874,74
"1470",-0.899894497218794,-0.581830194889874,74
"1471",-0.521467957914,-1.86754448060416,74
"1472",-0.143041418609205,-2.43897305203273,74
"1473",0.235385120695589,-2.43897305203273,74
"1474",0.613811660000382,-2.43897305203273,74
"1475",0.992238199305177,-2.43897305203273,74
"1476",1.37066473860997,-2.43897305203273,74
"1477",1.74909127791476,-2.43897305203273,74
"1478",2.12751781721956,-2.43897305203273,74
"1479",2.50594435652435,-2.43897305203273,74
"1480",2.88437089582915,-2.43897305203273,74
"1481",-4.30573335096194,-0.153258766318446,75
"1482",-3.92730681165715,-0.153258766318446,75
"1483",-3.54888027235235,-0.153258766318446,75
"1484",-3.17045373304756,-0.296115909175588,75
"1485",-2.79202719374276,-0.296115909175588,75
"1486",-2.41360065443797,-0.296115909175588,75
"1487",-2.03517411513318,-0.438973052032731,75
"1488",-1.65674757582838,-0.438973052032731,75
"1489",-1.27832103652359,-0.438973052032731,75
"1490",-0.899894497218794,-1.29611590917559,75
"1491",-0.521467957914,-2.43897305203273,75
"1492",-0.143041418609205,-2.43897305203273,75
"1493",0.235385120695589,-2.43897305203273,75
"1494",0.613811660000382,-2.43897305203273,75
"1495",0.992238199305177,-2.43897305203273,75
"1496",1.37066473860997,-2.43897305203273,75
"1497",1.74909127791476,-2.43897305203273,75
"1498",2.12751781721956,-2.43897305203273,75
"1499",2.50594435652435,-2.43897305203273,75
"1500",2.88437089582915,-2.43897305203273,75
"1501",-4.30573335096194,0.13245551939584,76
"1502",-3.92730681165715,-0.0104016234613029,76
"1503",-3.54888027235235,-0.153258766318446,76
"1504",-3.17045373304756,-0.153258766318446,76
"1505",-2.79202719374276,-0.296115909175588,76
"1506",-2.41360065443797,-0.296115909175588,76
"1507",-2.03517411513318,-0.438973052032731,76
"1508",-1.65674757582838,-0.438973052032731,76
"1509",-1.27832103652359,-0.438973052032731,76
"1510",-0.899894497218794,-2.43897305203273,76
"1511",-0.521467957914,-2.43897305203273,76
"1512",-0.143041418609205,-2.43897305203273,76
"1513",0.235385120695589,-2.43897305203273,76
"1514",0.613811660000382,-2.43897305203273,76
"1515",0.992238199305177,-2.43897305203273,76
"1516",1.37066473860997,-2.43897305203273,76
"1517",1.74909127791476,-2.43897305203273,76
"1518",2.12751781721956,-2.43897305203273,76
"1519",2.50594435652435,-2.43897305203273,76
"1520",2.88437089582915,-2.43897305203273,76
"1521",-4.30573335096194,0.275312662252983,77
"1522",-3.92730681165715,0.13245551939584,77
"1523",-3.54888027235235,-0.0104016234613029,77
"1524",-3.17045373304756,-0.153258766318446,77
"1525",-2.79202719374276,-0.296115909175588,77
"1526",-2.41360065443797,-0.296115909175588,77
"1527",-2.03517411513318,-0.438973052032731,77
"1528",-1.65674757582838,-0.581830194889874,77
"1529",-1.27832103652359,-0.581830194889874,77
"1530",-0.899894497218794,-0.724687337747017,77
"1531",-0.521467957914,-1.86754448060416,77
"1532",-0.143041418609205,-2.43897305203273,77
"1533",0.235385120695589,-2.43897305203273,77
"1534",0.613811660000382,-2.43897305203273,77
"1535",0.992238199305177,-2.43897305203273,77
"1536",1.37066473860997,-2.43897305203273,77
"1537",1.74909127791476,-2.43897305203273,77
"1538",2.12751781721956,-2.43897305203273,77
"1539",2.50594435652435,-2.43897305203273,77
"1540",2.88437089582915,-2.43897305203273,77
"1541",-4.30573335096194,0.418169805110125,78
"1542",-3.92730681165715,0.418169805110125,78
"1543",-3.54888027235235,0.418169805110125,78
"1544",-3.17045373304756,0.418169805110125,78
"1545",-2.79202719374276,-0.0104016234613029,78
"1546",-2.41360065443797,-0.296115909175588,78
"1547",-2.03517411513318,-0.438973052032731,78
"1548",-1.65674757582838,-0.581830194889874,78
"1549",-1.27832103652359,-0.724687337747017,78
"1550",-0.899894497218794,-0.86754448060416,78
"1551",-0.521467957914,-1.86754448060416,78
"1552",-0.143041418609205,-2.43897305203273,78
"1553",0.235385120695589,-2.43897305203273,78
"1554",0.613811660000382,-2.43897305203273,78
"1555",0.992238199305177,-2.43897305203273,78
"1556",1.37066473860997,-2.43897305203273,78
"1557",1.74909127791476,-2.43897305203273,78
"1558",2.12751781721956,-2.43897305203273,78
"1559",2.50594435652435,-2.43897305203273,78
"1560",2.88437089582915,-2.43897305203273,78
"1561",-4.30573335096194,0.418169805110125,79
"1562",-3.92730681165715,0.418169805110125,79
"1563",-3.54888027235235,0.13245551939584,79
"1564",-3.17045373304756,-0.153258766318446,79
"1565",-2.79202719374276,-0.296115909175588,79
"1566",-2.41360065443797,-0.296115909175588,79
"1567",-2.03517411513318,-0.438973052032731,79
"1568",-1.65674757582838,-0.438973052032731,79
"1569",-1.27832103652359,-0.581830194889874,79
"1570",-0.899894497218794,-0.581830194889874,79
"1571",-0.521467957914,-1.58183019488987,79
"1572",-0.143041418609205,-2.43897305203273,79
"1573",0.235385120695589,-2.43897305203273,79
"1574",0.613811660000382,-2.43897305203273,79
"1575",0.992238199305177,-2.43897305203273,79
"1576",1.37066473860997,-2.43897305203273,79
"1577",1.74909127791476,-2.43897305203273,79
"1578",2.12751781721956,-2.43897305203273,79
"1579",2.50594435652435,-2.43897305203273,79
"1580",2.88437089582915,-2.43897305203273,79
"1581",-4.30573335096194,-0.153258766318446,80
"1582",-3.92730681165715,-0.296115909175588,80
"1583",-3.54888027235235,-0.296115909175588,80
"1584",-3.17045373304756,-0.296115909175588,80
"1585",-2.79202719374276,-0.296115909175588,80
"1586",-2.41360065443797,-0.296115909175588,80
"1587",-2.03517411513318,-0.438973052032731,80
"1588",-1.65674757582838,-0.438973052032731,80
"1589",-1.27832103652359,-0.438973052032731,80
"1590",-0.899894497218794,-0.438973052032731,80
"1591",-0.521467957914,-1.86754448060416,80
"1592",-0.143041418609205,-2.43897305203273,80
"1593",0.235385120695589,-2.43897305203273,80
"1594",0.613811660000382,-2.43897305203273,80
"1595",0.992238199305177,-2.43897305203273,80
"1596",1.37066473860997,-2.43897305203273,80
"1597",1.74909127791476,-2.43897305203273,80
"1598",2.12751781721956,-2.43897305203273,80
"1599",2.50594435652435,-2.43897305203273,80
"1600",2.88437089582915,-2.43897305203273,80
"1601",-4.30573335096194,0.418169805110125,81
"1602",-3.92730681165715,0.418169805110125,81
"1603",-3.54888027235235,0.418169805110125,81
"1604",-3.17045373304756,0.418169805110125,81
"1605",-2.79202719374276,0.418169805110125,81
"1606",-2.41360065443797,-0.0104016234613029,81
"1607",-2.03517411513318,-0.581830194889874,81
"1608",-1.65674757582838,-0.724687337747017,81
"1609",-1.27832103652359,-0.86754448060416,81
"1610",-0.899894497218794,-0.86754448060416,81
"1611",-0.521467957914,-1.58183019488987,81
"1612",-0.143041418609205,-2.43897305203273,81
"1613",0.235385120695589,-2.43897305203273,81
"1614",0.613811660000382,-2.43897305203273,81
"1615",0.992238199305177,-2.43897305203273,81
"1616",1.37066473860997,-2.43897305203273,81
"1617",1.74909127791476,-2.43897305203273,81
"1618",2.12751781721956,-2.43897305203273,81
"1619",2.50594435652435,-2.43897305203273,81
"1620",2.88437089582915,-2.43897305203273,81
"1621",-4.30573335096194,0.418169805110125,82
"1622",-3.92730681165715,0.418169805110125,82
"1623",-3.54888027235235,-0.0104016234613029,82
"1624",-3.17045373304756,-0.296115909175588,82
"1625",-2.79202719374276,-0.296115909175588,82
"1626",-2.41360065443797,-0.296115909175588,82
"1627",-2.03517411513318,-0.438973052032731,82
"1628",-1.65674757582838,-0.438973052032731,82
"1629",-1.27832103652359,-0.438973052032731,82
"1630",-0.899894497218794,-0.438973052032731,82
"1631",-0.521467957914,-2.43897305203273,82
"1632",-0.143041418609205,-2.43897305203273,82
"1633",0.235385120695589,-2.43897305203273,82
"1634",0.613811660000382,-2.43897305203273,82
"1635",0.992238199305177,-2.43897305203273,82
"1636",1.37066473860997,-2.43897305203273,82
"1637",1.74909127791476,-2.43897305203273,82
"1638",2.12751781721956,-2.43897305203273,82
"1639",2.50594435652435,-2.43897305203273,82
"1640",2.88437089582915,-2.43897305203273,82
"1641",-4.30573335096194,0.418169805110125,83
"1642",-3.92730681165715,0.418169805110125,83
"1643",-3.54888027235235,0.418169805110125,83
"1644",-3.17045373304756,0.418169805110125,83
"1645",-2.79202719374276,0.418169805110125,83
"1646",-2.41360065443797,0.418169805110125,83
"1647",-2.03517411513318,-1.0104016234613,83
"1648",-1.65674757582838,-1.43897305203273,83
"1649",-1.27832103652359,-1.58183019488987,83
"1650",-0.899894497218794,-1.86754448060416,83
"1651",-0.521467957914,-2.43897305203273,83
"1652",-0.143041418609205,-2.43897305203273,83
"1653",0.235385120695589,-2.43897305203273,83
"1654",0.613811660000382,-2.43897305203273,83
"1655",0.992238199305177,-2.43897305203273,83
"1656",1.37066473860997,-2.43897305203273,83
"1657",1.74909127791476,-2.43897305203273,83
"1658",2.12751781721956,-2.43897305203273,83
"1659",2.50594435652435,-2.43897305203273,83
"1660",2.88437089582915,-2.43897305203273,83
"1661",-4.30573335096194,0.418169805110125,84
"1662",-3.92730681165715,0.418169805110125,84
"1663",-3.54888027235235,0.418169805110125,84
"1664",-3.17045373304756,0.418169805110125,84
"1665",-2.79202719374276,0.418169805110125,84
"1666",-2.41360065443797,0.418169805110125,84
"1667",-2.03517411513318,-1.43897305203273,84
"1668",-1.65674757582838,-2.29611590917559,84
"1669",-1.27832103652359,-2.43897305203273,84
"1670",-0.899894497218794,-2.43897305203273,84
"1671",-0.521467957914,-2.43897305203273,84
"1672",-0.143041418609205,-2.43897305203273,84
"1673",0.235385120695589,-2.43897305203273,84
"1674",0.613811660000382,-2.43897305203273,84
"1675",0.992238199305177,-2.43897305203273,84
"1676",1.37066473860997,-2.43897305203273,84
"1677",1.74909127791476,-2.43897305203273,84
"1678",2.12751781721956,-2.43897305203273,84
"1679",2.50594435652435,-2.43897305203273,84
"1680",2.88437089582915,-2.43897305203273,84
"1681",-4.30573335096194,-0.296115909175588,85
"1682",-3.92730681165715,-0.296115909175588,85
"1683",-3.54888027235235,-0.296115909175588,85
"1684",-3.17045373304756,-0.296115909175588,85
"1685",-2.79202719374276,-0.296115909175588,85
"1686",-2.41360065443797,-0.296115909175588,85
"1687",-2.03517411513318,-0.438973052032731,85
"1688",-1.65674757582838,-0.438973052032731,85
"1689",-1.27832103652359,-0.438973052032731,85
"1690",-0.899894497218794,-0.438973052032731,85
"1691",-0.521467957914,-1.86754448060416,85
"1692",-0.143041418609205,-2.43897305203273,85
"1693",0.235385120695589,-2.43897305203273,85
"1694",0.613811660000382,-2.43897305203273,85
"1695",0.992238199305177,-2.43897305203273,85
"1696",1.37066473860997,-2.43897305203273,85
"1697",1.74909127791476,-2.43897305203273,85
"1698",2.12751781721956,-2.43897305203273,85
"1699",2.50594435652435,-2.43897305203273,85
"1700",2.88437089582915,-2.43897305203273,85
"1701",-4.30573335096194,-0.296115909175588,86
"1702",-3.92730681165715,-0.296115909175588,86
"1703",-3.54888027235235,-0.296115909175588,86
"1704",-3.17045373304756,-0.296115909175588,86
"1705",-2.79202719374276,-0.296115909175588,86
"1706",-2.41360065443797,-0.296115909175588,86
"1707",-2.03517411513318,-0.438973052032731,86
"1708",-1.65674757582838,-0.438973052032731,86
"1709",-1.27832103652359,-0.438973052032731,86
"1710",-0.899894497218794,-0.438973052032731,86
"1711",-0.521467957914,-2.0104016234613,86
"1712",-0.143041418609205,-2.43897305203273,86
"1713",0.235385120695589,-2.43897305203273,86
"1714",0.613811660000382,-2.43897305203273,86
"1715",0.992238199305177,-2.43897305203273,86
"1716",1.37066473860997,-2.43897305203273,86
"1717",1.74909127791476,-2.43897305203273,86
"1718",2.12751781721956,-2.43897305203273,86
"1719",2.50594435652435,-2.43897305203273,86
"1720",2.88437089582915,-2.43897305203273,86
"1721",-4.30573335096194,-0.296115909175588,87
"1722",-3.92730681165715,-0.296115909175588,87
"1723",-3.54888027235235,-0.296115909175588,87
"1724",-3.17045373304756,-0.296115909175588,87
"1725",-2.79202719374276,-0.296115909175588,87
"1726",-2.41360065443797,-0.296115909175588,87
"1727",-2.03517411513318,-0.438973052032731,87
"1728",-1.65674757582838,-0.438973052032731,87
"1729",-1.27832103652359,-0.438973052032731,87
"1730",-0.899894497218794,-0.581830194889874,87
"1731",-0.521467957914,-1.86754448060416,87
"1732",-0.143041418609205,-2.43897305203273,87
"1733",0.235385120695589,-2.43897305203273,87
"1734",0.613811660000382,-2.43897305203273,87
"1735",0.992238199305177,-2.43897305203273,87
"1736",1.37066473860997,-2.43897305203273,87
"1737",1.74909127791476,-2.43897305203273,87
"1738",2.12751781721956,-2.43897305203273,87
"1739",2.50594435652435,-2.43897305203273,87
"1740",2.88437089582915,-2.43897305203273,87
"1741",-4.30573335096194,0.418169805110125,88
"1742",-3.92730681165715,0.418169805110125,88
"1743",-3.54888027235235,0.418169805110125,88
"1744",-3.17045373304756,0.418169805110125,88
"1745",-2.79202719374276,0.418169805110125,88
"1746",-2.41360065443797,-0.296115909175588,88
"1747",-2.03517411513318,-0.581830194889874,88
"1748",-1.65674757582838,-0.86754448060416,88
"1749",-1.27832103652359,-1.0104016234613,88
"1750",-0.899894497218794,-1.29611590917559,88
"1751",-0.521467957914,-2.43897305203273,88
"1752",-0.143041418609205,-2.43897305203273,88
"1753",0.235385120695589,-2.43897305203273,88
"1754",0.613811660000382,-2.43897305203273,88
"1755",0.992238199305177,-2.43897305203273,88
"1756",1.37066473860997,-2.43897305203273,88
"1757",1.74909127791476,-2.43897305203273,88
"1758",2.12751781721956,-2.43897305203273,88
"1759",2.50594435652435,-2.43897305203273,88
"1760",2.88437089582915,-2.43897305203273,88
"1761",-4.30573335096194,0.418169805110125,89
"1762",-3.92730681165715,0.418169805110125,89
"1763",-3.54888027235235,0.418169805110125,89
"1764",-3.17045373304756,0.418169805110125,89
"1765",-2.79202719374276,-0.296115909175588,89
"1766",-2.41360065443797,-0.296115909175588,89
"1767",-2.03517411513318,-0.438973052032731,89
"1768",-1.65674757582838,-0.438973052032731,89
"1769",-1.27832103652359,-0.438973052032731,89
"1770",-0.899894497218794,-0.581830194889874,89
"1771",-0.521467957914,-1.86754448060416,89
"1772",-0.143041418609205,-2.43897305203273,89
"1773",0.235385120695589,-2.43897305203273,89
"1774",0.613811660000382,-2.43897305203273,89
"1775",0.992238199305177,-2.43897305203273,89
"1776",1.37066473860997,-2.43897305203273,89
"1777",1.74909127791476,-2.43897305203273,89
"1778",2.12751781721956,-2.43897305203273,89
"1779",2.50594435652435,-2.43897305203273,89
"1780",2.88437089582915,-2.43897305203273,89
"1781",-4.30573335096194,0.13245551939584,90
"1782",-3.92730681165715,-0.0104016234613029,90
"1783",-3.54888027235235,-0.153258766318446,90
"1784",-3.17045373304756,-0.153258766318446,90
"1785",-2.79202719374276,-0.296115909175588,90
"1786",-2.41360065443797,-0.296115909175588,90
"1787",-2.03517411513318,-0.438973052032731,90
"1788",-1.65674757582838,-0.438973052032731,90
"1789",-1.27832103652359,-0.581830194889874,90
"1790",-0.899894497218794,-0.581830194889874,90
"1791",-0.521467957914,-1.86754448060416,90
"1792",-0.143041418609205,-2.43897305203273,90
"1793",0.235385120695589,-2.43897305203273,90
"1794",0.613811660000382,-2.43897305203273,90
"1795",0.992238199305177,-2.43897305203273,90
"1796",1.37066473860997,-2.43897305203273,90
"1797",1.74909127791476,-2.43897305203273,90
"1798",2.12751781721956,-2.43897305203273,90
"1799",2.50594435652435,-2.43897305203273,90
"1800",2.88437089582915,-2.43897305203273,90
"1801",-4.30573335096194,0.418169805110125,91
"1802",-3.92730681165715,0.418169805110125,91
"1803",-3.54888027235235,0.275312662252983,91
"1804",-3.17045373304756,0.13245551939584,91
"1805",-2.79202719374276,-0.153258766318446,91
"1806",-2.41360065443797,-0.296115909175588,91
"1807",-2.03517411513318,-0.438973052032731,91
"1808",-1.65674757582838,-0.724687337747017,91
"1809",-1.27832103652359,-1.0104016234613,91
"1810",-0.899894497218794,-1.29611590917559,91
"1811",-0.521467957914,-2.29611590917559,91
"1812",-0.143041418609205,-2.43897305203273,91
"1813",0.235385120695589,-2.43897305203273,91
"1814",0.613811660000382,-2.43897305203273,91
"1815",0.992238199305177,-2.43897305203273,91
"1816",1.37066473860997,-2.43897305203273,91
"1817",1.74909127791476,-2.43897305203273,91
"1818",2.12751781721956,-2.43897305203273,91
"1819",2.50594435652435,-2.43897305203273,91
"1820",2.88437089582915,-2.43897305203273,91
"1821",-4.30573335096194,-0.296115909175588,92
"1822",-3.92730681165715,-0.296115909175588,92
"1823",-3.54888027235235,-0.296115909175588,92
"1824",-3.17045373304756,-0.296115909175588,92
"1825",-2.79202719374276,-0.296115909175588,92
"1826",-2.41360065443797,-0.296115909175588,92
"1827",-2.03517411513318,-0.438973052032731,92
"1828",-1.65674757582838,-0.438973052032731,92
"1829",-1.27832103652359,-0.438973052032731,92
"1830",-0.899894497218794,-0.581830194889874,92
"1831",-0.521467957914,-2.29611590917559,92
"1832",-0.143041418609205,-2.43897305203273,92
"1833",0.235385120695589,-2.43897305203273,92
"1834",0.613811660000382,-2.43897305203273,92
"1835",0.992238199305177,-2.43897305203273,92
"1836",1.37066473860997,-2.43897305203273,92
"1837",1.74909127791476,-2.43897305203273,92
"1838",2.12751781721956,-2.43897305203273,92
"1839",2.50594435652435,-2.43897305203273,92
"1840",2.88437089582915,-2.43897305203273,92
"1841",-4.30573335096194,0.418169805110125,93
"1842",-3.92730681165715,0.418169805110125,93
"1843",-3.54888027235235,0.418169805110125,93
"1844",-3.17045373304756,0.418169805110125,93
"1845",-2.79202719374276,0.418169805110125,93
"1846",-2.41360065443797,0.418169805110125,93
"1847",-2.03517411513318,-1.29611590917559,93
"1848",-1.65674757582838,-1.43897305203273,93
"1849",-1.27832103652359,-1.43897305203273,93
"1850",-0.899894497218794,-1.58183019488987,93
"1851",-0.521467957914,-1.86754448060416,93
"1852",-0.143041418609205,-2.15325876631845,93
"1853",0.235385120695589,-2.29611590917559,93
"1854",0.613811660000382,-2.29611590917559,93
"1855",0.992238199305177,-2.29611590917559,93
"1856",1.37066473860997,-2.29611590917559,93
"1857",1.74909127791476,-2.29611590917559,93
"1858",2.12751781721956,-2.29611590917559,93
"1859",2.50594435652435,-2.29611590917559,93
"1860",2.88437089582915,-2.29611590917559,93
"1861",-4.30573335096194,0.418169805110125,94
"1862",-3.92730681165715,0.13245551939584,94
"1863",-3.54888027235235,-0.0104016234613029,94
"1864",-3.17045373304756,-0.153258766318446,94
"1865",-2.79202719374276,-0.153258766318446,94
"1866",-2.41360065443797,-0.296115909175588,94
"1867",-2.03517411513318,-0.438973052032731,94
"1868",-1.65674757582838,-0.581830194889874,94
"1869",-1.27832103652359,-0.581830194889874,94
"1870",-0.899894497218794,-0.724687337747017,94
"1871",-0.521467957914,-1.86754448060416,94
"1872",-0.143041418609205,-2.43897305203273,94
"1873",0.235385120695589,-2.43897305203273,94
"1874",0.613811660000382,-2.43897305203273,94
"1875",0.992238199305177,-2.43897305203273,94
"1876",1.37066473860997,-2.43897305203273,94
"1877",1.74909127791476,-2.43897305203273,94
"1878",2.12751781721956,-2.43897305203273,94
"1879",2.50594435652435,-2.43897305203273,94
"1880",2.88437089582915,-2.43897305203273,94
"1881",-4.30573335096194,0.418169805110125,95
"1882",-3.92730681165715,0.418169805110125,95
"1883",-3.54888027235235,0.418169805110125,95
"1884",-3.17045373304756,0.418169805110125,95
"1885",-2.79202719374276,0.418169805110125,95
"1886",-2.41360065443797,0.418169805110125,95
"1887",-2.03517411513318,-2.43897305203273,95
"1888",-1.65674757582838,-2.43897305203273,95
"1889",-1.27832103652359,-2.43897305203273,95
"1890",-0.899894497218794,-2.43897305203273,95
"1891",-0.521467957914,-2.43897305203273,95
"1892",-0.143041418609205,-2.43897305203273,95
"1893",0.235385120695589,-2.43897305203273,95
"1894",0.613811660000382,-2.43897305203273,95
"1895",0.992238199305177,-2.43897305203273,95
"1896",1.37066473860997,-2.43897305203273,95
"1897",1.74909127791476,-2.43897305203273,95
"1898",2.12751781721956,-2.43897305203273,95
"1899",2.50594435652435,-2.43897305203273,95
"1900",2.88437089582915,-2.43897305203273,95
"1901",-4.30573335096194,0.418169805110125,96
"1902",-3.92730681165715,0.418169805110125,96
"1903",-3.54888027235235,0.418169805110125,96
"1904",-3.17045373304756,0.418169805110125,96
"1905",-2.79202719374276,0.418169805110125,96
"1906",-2.41360065443797,0.418169805110125,96
"1907",-2.03517411513318,-2.43897305203273,96
"1908",-1.65674757582838,-2.43897305203273,96
"1909",-1.27832103652359,-2.43897305203273,96
"1910",-0.899894497218794,-2.43897305203273,96
"1911",-0.521467957914,-2.43897305203273,96
"1912",-0.143041418609205,-2.43897305203273,96
"1913",0.235385120695589,-2.43897305203273,96
"1914",0.613811660000382,-2.43897305203273,96
"1915",0.992238199305177,-2.43897305203273,96
"1916",1.37066473860997,-2.43897305203273,96
"1917",1.74909127791476,-2.43897305203273,96
"1918",2.12751781721956,-2.43897305203273,96
"1919",2.50594435652435,-2.43897305203273,96
"1920",2.88437089582915,-2.43897305203273,96
"1921",-4.30573335096194,0.418169805110125,97
"1922",-3.92730681165715,0.418169805110125,97
"1923",-3.54888027235235,0.418169805110125,97
"1924",-3.17045373304756,0.418169805110125,97
"1925",-2.79202719374276,-0.153258766318446,97
"1926",-2.41360065443797,-0.296115909175588,97
"1927",-2.03517411513318,-0.438973052032731,97
"1928",-1.65674757582838,-0.438973052032731,97
"1929",-1.27832103652359,-0.581830194889874,97
"1930",-0.899894497218794,-0.581830194889874,97
"1931",-0.521467957914,-2.0104016234613,97
"1932",-0.143041418609205,-2.43897305203273,97
"1933",0.235385120695589,-2.43897305203273,97
"1934",0.613811660000382,-2.43897305203273,97
"1935",0.992238199305177,-2.43897305203273,97
"1936",1.37066473860997,-2.43897305203273,97
"1937",1.74909127791476,-2.43897305203273,97
"1938",2.12751781721956,-2.43897305203273,97
"1939",2.50594435652435,-2.43897305203273,97
"1940",2.88437089582915,-2.43897305203273,97
"1941",-4.30573335096194,0.418169805110125,98
"1942",-3.92730681165715,0.418169805110125,98
"1943",-3.54888027235235,0.418169805110125,98
"1944",-3.17045373304756,0.418169805110125,98
"1945",-2.79202719374276,-0.153258766318446,98
"1946",-2.41360065443797,-0.296115909175588,98
"1947",-2.03517411513318,-0.438973052032731,98
"1948",-1.65674757582838,-0.581830194889874,98
"1949",-1.27832103652359,-0.581830194889874,98
"1950",-0.899894497218794,-0.581830194889874,98
"1951",-0.521467957914,-1.58183019488987,98
"1952",-0.143041418609205,-2.43897305203273,98
"1953",0.235385120695589,-2.43897305203273,98
"1954",0.613811660000382,-2.43897305203273,98
"1955",0.992238199305177,-2.43897305203273,98
"1956",1.37066473860997,-2.43897305203273,98
"1957",1.74909127791476,-2.43897305203273,98
"1958",2.12751781721956,-2.43897305203273,98
"1959",2.50594435652435,-2.43897305203273,98
"1960",2.88437089582915,-2.43897305203273,98
"1961",-4.30573335096194,0.418169805110125,99
"1962",-3.92730681165715,-0.0104016234613029,99
"1963",-3.54888027235235,-0.153258766318446,99
"1964",-3.17045373304756,-0.296115909175588,99
"1965",-2.79202719374276,-0.296115909175588,99
"1966",-2.41360065443797,-0.296115909175588,99
"1967",-2.03517411513318,-0.438973052032731,99
"1968",-1.65674757582838,-0.438973052032731,99
"1969",-1.27832103652359,-0.438973052032731,99
"1970",-0.899894497218794,-0.438973052032731,99
"1971",-0.521467957914,-2.0104016234613,99
"1972",-0.143041418609205,-2.43897305203273,99
"1973",0.235385120695589,-2.43897305203273,99
"1974",0.613811660000382,-2.43897305203273,99
"1975",0.992238199305177,-2.43897305203273,99
"1976",1.37066473860997,-2.43897305203273,99
"1977",1.74909127791476,-2.43897305203273,99
"1978",2.12751781721956,-2.43897305203273,99
"1979",2.50594435652435,-2.43897305203273,99
"1980",2.88437089582915,-2.43897305203273,99
"1981",-4.30573335096194,0.418169805110125,100
"1982",-3.92730681165715,0.418169805110125,100
"1983",-3.54888027235235,0.418169805110125,100
"1984",-3.17045373304756,0.418169805110125,100
"1985",-2.79202719374276,0.418169805110125,100
"1986",-2.41360065443797,-0.153258766318446,100
"1987",-2.03517411513318,-0.581830194889874,100
"1988",-1.65674757582838,-0.724687337747017,100
"1989",-1.27832103652359,-0.86754448060416,100
"1990",-0.899894497218794,-1.0104016234613,100
"1991",-0.521467957914,-2.43897305203273,100
"1992",-0.143041418609205,-2.43897305203273,100
"1993",0.235385120695589,-2.43897305203273,100
"1994",0.613811660000382,-2.43897305203273,100
"1995",0.992238199305177,-2.43897305203273,100
"1996",1.37066473860997,-2.43897305203273,100
"1997",1.74909127791476,-2.43897305203273,100
"1998",2.12751781721956,-2.43897305203273,100
"1999",2.50594435652435,-2.43897305203273,100
"2000",2.88437089582915,-2.43897305203273,100
