"","x","y","sample"
"1",-4.25037323977302,1.00205789370649,1
"2",-3.90185624543616,1.00205789370649,1
"3",-3.5533392510993,1.00205789370649,1
"4",-3.20482225676244,1.00205789370649,1
"5",-2.85630526242558,1.00205789370649,1
"6",-2.50778826808871,-0.664608772960181,1
"7",-2.15927127375185,-1.85508496343637,1
"8",-1.81075427941499,-2.33127543962685,1
"9",-1.46223728507813,-2.56937067772208,1
"10",-1.11372029074127,-2.80746591581732,1
"11",-0.765203296404406,-2.80746591581732,1
"12",-0.416686302067544,-2.80746591581732,1
"13",-0.0681693077306829,-2.80746591581732,1
"14",0.280347686606179,-2.80746591581732,1
"15",0.628864680943041,-3.04556115391256,1
"16",0.977381675279902,-3.04556115391256,1
"17",1.32589866961676,-3.2836563920078,1
"18",1.67441566395363,-3.2836563920078,1
"19",2.02293265829049,-3.2836563920078,1
"20",2.37144965262735,-3.2836563920078,1
"21",-4.25037323977302,1.00205789370649,2
"22",-3.90185624543616,1.00205789370649,2
"23",-3.5533392510993,1.00205789370649,2
"24",-3.20482225676244,1.00205789370649,2
"25",-2.85630526242558,1.00205789370649,2
"26",-2.50778826808871,1.00205789370649,2
"27",-2.15927127375185,-1.85508496343637,2
"28",-1.81075427941499,-2.09318020153161,2
"29",-1.46223728507813,-2.33127543962685,2
"30",-1.11372029074127,-2.33127543962685,2
"31",-0.765203296404406,-2.33127543962685,2
"32",-0.416686302067544,-2.33127543962685,2
"33",-0.0681693077306829,-2.33127543962685,2
"34",0.280347686606179,-2.80746591581732,2
"35",0.628864680943041,-3.04556115391256,2
"36",0.977381675279902,-3.52175163010304,2
"37",1.32589866961676,-3.52175163010304,2
"38",1.67441566395363,-3.52175163010304,2
"39",2.02293265829049,-3.75984686819828,2
"40",2.37144965262735,-3.75984686819828,2
"41",-4.25037323977302,1.00205789370649,3
"42",-3.90185624543616,1.00205789370649,3
"43",-3.5533392510993,-0.426513534864942,3
"44",-3.20482225676244,-0.902704011055419,3
"45",-2.85630526242558,-1.14079924915066,3
"46",-2.50778826808871,-1.37889448724589,3
"47",-2.15927127375185,-1.61698972534113,3
"48",-1.81075427941499,-1.85508496343637,3
"49",-1.46223728507813,-2.09318020153161,3
"50",-1.11372029074127,-2.09318020153161,3
"51",-0.765203296404406,-2.33127543962685,3
"52",-0.416686302067544,-2.33127543962685,3
"53",-0.0681693077306829,-2.56937067772208,3
"54",0.280347686606179,-2.56937067772208,3
"55",0.628864680943041,-2.56937067772208,3
"56",0.977381675279902,-2.56937067772208,3
"57",1.32589866961676,-2.56937067772208,3
"58",1.67441566395363,-2.56937067772208,3
"59",2.02293265829049,-2.56937067772208,3
"60",2.37144965262735,-2.56937067772208,3
"61",-4.25037323977302,1.00205789370649,4
"62",-3.90185624543616,0.763962655611248,4
"63",-3.5533392510993,0.52586741751601,4
"64",-3.20482225676244,0.287772179420772,4
"65",-2.85630526242558,0.0496769413255338,4
"66",-2.50778826808871,-0.664608772960181,4
"67",-2.15927127375185,-1.85508496343637,4
"68",-1.81075427941499,-2.09318020153161,4
"69",-1.46223728507813,-2.09318020153161,4
"70",-1.11372029074127,-2.33127543962685,4
"71",-0.765203296404406,-2.56937067772208,4
"72",-0.416686302067544,-3.04556115391256,4
"73",-0.0681693077306829,-3.2836563920078,4
"74",0.280347686606179,-3.52175163010304,4
"75",0.628864680943041,-3.52175163010304,4
"76",0.977381675279902,-3.52175163010304,4
"77",1.32589866961676,-3.75984686819828,4
"78",1.67441566395363,-3.75984686819828,4
"79",2.02293265829049,-3.75984686819828,4
"80",2.37144965262735,-3.75984686819828,4
"81",-4.25037323977302,1.00205789370649,5
"82",-3.90185624543616,1.00205789370649,5
"83",-3.5533392510993,1.00205789370649,5
"84",-3.20482225676244,1.00205789370649,5
"85",-2.85630526242558,-0.426513534864942,5
"86",-2.50778826808871,-1.14079924915066,5
"87",-2.15927127375185,-1.85508496343637,5
"88",-1.81075427941499,-3.04556115391256,5
"89",-1.46223728507813,-3.52175163010304,5
"90",-1.11372029074127,-3.75984686819828,5
"91",-0.765203296404406,-3.75984686819828,5
"92",-0.416686302067544,-3.75984686819828,5
"93",-0.0681693077306829,-3.75984686819828,5
"94",0.280347686606179,-3.75984686819828,5
"95",0.628864680943041,-3.75984686819828,5
"96",0.977381675279902,-3.75984686819828,5
"97",1.32589866961676,-3.75984686819828,5
"98",1.67441566395363,-3.75984686819828,5
"99",2.02293265829049,-3.75984686819828,5
"100",2.37144965262735,-3.75984686819828,5
"101",-4.25037323977302,0.0496769413255338,6
"102",-3.90185624543616,0.0496769413255338,6
"103",-3.5533392510993,-0.188418296769704,6
"104",-3.20482225676244,-0.188418296769704,6
"105",-2.85630526242558,-0.426513534864942,6
"106",-2.50778826808871,-1.14079924915066,6
"107",-2.15927127375185,-1.85508496343637,6
"108",-1.81075427941499,-2.09318020153161,6
"109",-1.46223728507813,-2.09318020153161,6
"110",-1.11372029074127,-2.33127543962685,6
"111",-0.765203296404406,-2.80746591581732,6
"112",-0.416686302067544,-3.2836563920078,6
"113",-0.0681693077306829,-3.52175163010304,6
"114",0.280347686606179,-3.75984686819828,6
"115",0.628864680943041,-3.75984686819828,6
"116",0.977381675279902,-3.75984686819828,6
"117",1.32589866961676,-3.75984686819828,6
"118",1.67441566395363,-3.75984686819828,6
"119",2.02293265829049,-3.75984686819828,6
"120",2.37144965262735,-3.75984686819828,6
"121",-4.25037323977302,0.0496769413255338,7
"122",-3.90185624543616,0.0496769413255338,7
"123",-3.5533392510993,-0.188418296769704,7
"124",-3.20482225676244,-0.426513534864942,7
"125",-2.85630526242558,-0.664608772960181,7
"126",-2.50778826808871,-0.902704011055419,7
"127",-2.15927127375185,-1.85508496343637,7
"128",-1.81075427941499,-2.09318020153161,7
"129",-1.46223728507813,-2.33127543962685,7
"130",-1.11372029074127,-2.33127543962685,7
"131",-0.765203296404406,-2.33127543962685,7
"132",-0.416686302067544,-2.33127543962685,7
"133",-0.0681693077306829,-2.33127543962685,7
"134",0.280347686606179,-2.33127543962685,7
"135",0.628864680943041,-2.56937067772208,7
"136",0.977381675279902,-2.56937067772208,7
"137",1.32589866961676,-2.56937067772208,7
"138",1.67441566395363,-2.56937067772208,7
"139",2.02293265829049,-2.80746591581732,7
"140",2.37144965262735,-2.80746591581732,7
"141",-4.25037323977302,1.00205789370649,8
"142",-3.90185624543616,1.00205789370649,8
"143",-3.5533392510993,1.00205789370649,8
"144",-3.20482225676244,1.00205789370649,8
"145",-2.85630526242558,1.00205789370649,8
"146",-2.50778826808871,-0.426513534864942,8
"147",-2.15927127375185,-1.85508496343637,8
"148",-1.81075427941499,-2.33127543962685,8
"149",-1.46223728507813,-2.56937067772208,8
"150",-1.11372029074127,-2.56937067772208,8
"151",-0.765203296404406,-2.56937067772208,8
"152",-0.416686302067544,-2.80746591581732,8
"153",-0.0681693077306829,-2.80746591581732,8
"154",0.280347686606179,-2.80746591581732,8
"155",0.628864680943041,-2.80746591581732,8
"156",0.977381675279902,-2.80746591581732,8
"157",1.32589866961676,-2.80746591581732,8
"158",1.67441566395363,-2.80746591581732,8
"159",2.02293265829049,-2.80746591581732,8
"160",2.37144965262735,-2.80746591581732,8
"161",-4.25037323977302,0.763962655611248,9
"162",-3.90185624543616,0.52586741751601,9
"163",-3.5533392510993,0.287772179420772,9
"164",-3.20482225676244,0.0496769413255338,9
"165",-2.85630526242558,-0.188418296769704,9
"166",-2.50778826808871,-0.902704011055419,9
"167",-2.15927127375185,-1.61698972534113,9
"168",-1.81075427941499,-2.09318020153161,9
"169",-1.46223728507813,-2.80746591581732,9
"170",-1.11372029074127,-3.2836563920078,9
"171",-0.765203296404406,-3.75984686819828,9
"172",-0.416686302067544,-3.75984686819828,9
"173",-0.0681693077306829,-3.75984686819828,9
"174",0.280347686606179,-3.75984686819828,9
"175",0.628864680943041,-3.75984686819828,9
"176",0.977381675279902,-3.75984686819828,9
"177",1.32589866961676,-3.75984686819828,9
"178",1.67441566395363,-3.75984686819828,9
"179",2.02293265829049,-3.75984686819828,9
"180",2.37144965262735,-3.75984686819828,9
"181",-4.25037323977302,1.00205789370649,10
"182",-3.90185624543616,1.00205789370649,10
"183",-3.5533392510993,-0.902704011055419,10
"184",-3.20482225676244,-1.14079924915066,10
"185",-2.85630526242558,-1.37889448724589,10
"186",-2.50778826808871,-1.37889448724589,10
"187",-2.15927127375185,-1.85508496343637,10
"188",-1.81075427941499,-2.56937067772208,10
"189",-1.46223728507813,-2.80746591581732,10
"190",-1.11372029074127,-3.04556115391256,10
"191",-0.765203296404406,-3.2836563920078,10
"192",-0.416686302067544,-3.2836563920078,10
"193",-0.0681693077306829,-3.52175163010304,10
"194",0.280347686606179,-3.52175163010304,10
"195",0.628864680943041,-3.52175163010304,10
"196",0.977381675279902,-3.52175163010304,10
"197",1.32589866961676,-3.52175163010304,10
"198",1.67441566395363,-3.52175163010304,10
"199",2.02293265829049,-3.52175163010304,10
"200",2.37144965262735,-3.52175163010304,10
"201",-4.25037323977302,1.00205789370649,11
"202",-3.90185624543616,1.00205789370649,11
"203",-3.5533392510993,1.00205789370649,11
"204",-3.20482225676244,1.00205789370649,11
"205",-2.85630526242558,1.00205789370649,11
"206",-2.50778826808871,-0.188418296769704,11
"207",-2.15927127375185,-1.85508496343637,11
"208",-1.81075427941499,-2.33127543962685,11
"209",-1.46223728507813,-2.56937067772208,11
"210",-1.11372029074127,-2.56937067772208,11
"211",-0.765203296404406,-2.56937067772208,11
"212",-0.416686302067544,-2.56937067772208,11
"213",-0.0681693077306829,-2.56937067772208,11
"214",0.280347686606179,-2.56937067772208,11
"215",0.628864680943041,-2.56937067772208,11
"216",0.977381675279902,-2.56937067772208,11
"217",1.32589866961676,-2.56937067772208,11
"218",1.67441566395363,-2.56937067772208,11
"219",2.02293265829049,-2.56937067772208,11
"220",2.37144965262735,-2.56937067772208,11
"221",-4.25037323977302,1.00205789370649,12
"222",-3.90185624543616,1.00205789370649,12
"223",-3.5533392510993,0.287772179420772,12
"224",-3.20482225676244,-0.188418296769704,12
"225",-2.85630526242558,-0.426513534864942,12
"226",-2.50778826808871,-0.902704011055419,12
"227",-2.15927127375185,-1.85508496343637,12
"228",-1.81075427941499,-2.33127543962685,12
"229",-1.46223728507813,-2.56937067772208,12
"230",-1.11372029074127,-2.80746591581732,12
"231",-0.765203296404406,-2.80746591581732,12
"232",-0.416686302067544,-2.80746591581732,12
"233",-0.0681693077306829,-2.80746591581732,12
"234",0.280347686606179,-2.80746591581732,12
"235",0.628864680943041,-2.80746591581732,12
"236",0.977381675279902,-2.80746591581732,12
"237",1.32589866961676,-2.80746591581732,12
"238",1.67441566395363,-2.80746591581732,12
"239",2.02293265829049,-2.80746591581732,12
"240",2.37144965262735,-2.80746591581732,12
"241",-4.25037323977302,1.00205789370649,13
"242",-3.90185624543616,1.00205789370649,13
"243",-3.5533392510993,1.00205789370649,13
"244",-3.20482225676244,-0.188418296769704,13
"245",-2.85630526242558,-0.902704011055419,13
"246",-2.50778826808871,-1.37889448724589,13
"247",-2.15927127375185,-1.61698972534113,13
"248",-1.81075427941499,-2.09318020153161,13
"249",-1.46223728507813,-2.33127543962685,13
"250",-1.11372029074127,-2.80746591581732,13
"251",-0.765203296404406,-3.2836563920078,13
"252",-0.416686302067544,-3.52175163010304,13
"253",-0.0681693077306829,-3.75984686819828,13
"254",0.280347686606179,-3.75984686819828,13
"255",0.628864680943041,-3.75984686819828,13
"256",0.977381675279902,-3.75984686819828,13
"257",1.32589866961676,-3.75984686819828,13
"258",1.67441566395363,-3.75984686819828,13
"259",2.02293265829049,-3.75984686819828,13
"260",2.37144965262735,-3.75984686819828,13
"261",-4.25037323977302,1.00205789370649,14
"262",-3.90185624543616,1.00205789370649,14
"263",-3.5533392510993,1.00205789370649,14
"264",-3.20482225676244,1.00205789370649,14
"265",-2.85630526242558,1.00205789370649,14
"266",-2.50778826808871,-0.664608772960181,14
"267",-2.15927127375185,-1.85508496343637,14
"268",-1.81075427941499,-2.33127543962685,14
"269",-1.46223728507813,-2.56937067772208,14
"270",-1.11372029074127,-2.80746591581732,14
"271",-0.765203296404406,-2.80746591581732,14
"272",-0.416686302067544,-2.80746591581732,14
"273",-0.0681693077306829,-2.80746591581732,14
"274",0.280347686606179,-2.80746591581732,14
"275",0.628864680943041,-2.80746591581732,14
"276",0.977381675279902,-2.80746591581732,14
"277",1.32589866961676,-2.80746591581732,14
"278",1.67441566395363,-2.80746591581732,14
"279",2.02293265829049,-2.80746591581732,14
"280",2.37144965262735,-2.80746591581732,14
"281",-4.25037323977302,1.00205789370649,15
"282",-3.90185624543616,1.00205789370649,15
"283",-3.5533392510993,1.00205789370649,15
"284",-3.20482225676244,1.00205789370649,15
"285",-2.85630526242558,-0.188418296769704,15
"286",-2.50778826808871,-1.37889448724589,15
"287",-2.15927127375185,-1.61698972534113,15
"288",-1.81075427941499,-1.85508496343637,15
"289",-1.46223728507813,-2.09318020153161,15
"290",-1.11372029074127,-2.09318020153161,15
"291",-0.765203296404406,-2.09318020153161,15
"292",-0.416686302067544,-2.09318020153161,15
"293",-0.0681693077306829,-2.09318020153161,15
"294",0.280347686606179,-2.09318020153161,15
"295",0.628864680943041,-2.33127543962685,15
"296",0.977381675279902,-2.33127543962685,15
"297",1.32589866961676,-2.33127543962685,15
"298",1.67441566395363,-2.33127543962685,15
"299",2.02293265829049,-2.33127543962685,15
"300",2.37144965262735,-2.33127543962685,15
"301",-4.25037323977302,1.00205789370649,16
"302",-3.90185624543616,1.00205789370649,16
"303",-3.5533392510993,1.00205789370649,16
"304",-3.20482225676244,1.00205789370649,16
"305",-2.85630526242558,1.00205789370649,16
"306",-2.50778826808871,-1.37889448724589,16
"307",-2.15927127375185,-1.61698972534113,16
"308",-1.81075427941499,-1.85508496343637,16
"309",-1.46223728507813,-1.85508496343637,16
"310",-1.11372029074127,-1.85508496343637,16
"311",-0.765203296404406,-1.85508496343637,16
"312",-0.416686302067544,-2.09318020153161,16
"313",-0.0681693077306829,-2.09318020153161,16
"314",0.280347686606179,-2.09318020153161,16
"315",0.628864680943041,-2.09318020153161,16
"316",0.977381675279902,-2.09318020153161,16
"317",1.32589866961676,-2.09318020153161,16
"318",1.67441566395363,-2.09318020153161,16
"319",2.02293265829049,-2.09318020153161,16
"320",2.37144965262735,-2.09318020153161,16
"321",-4.25037323977302,1.00205789370649,17
"322",-3.90185624543616,0.763962655611248,17
"323",-3.5533392510993,0.763962655611248,17
"324",-3.20482225676244,0.52586741751601,17
"325",-2.85630526242558,0.287772179420772,17
"326",-2.50778826808871,-1.14079924915066,17
"327",-2.15927127375185,-1.85508496343637,17
"328",-1.81075427941499,-2.33127543962685,17
"329",-1.46223728507813,-2.56937067772208,17
"330",-1.11372029074127,-2.80746591581732,17
"331",-0.765203296404406,-3.04556115391256,17
"332",-0.416686302067544,-3.04556115391256,17
"333",-0.0681693077306829,-3.04556115391256,17
"334",0.280347686606179,-3.04556115391256,17
"335",0.628864680943041,-3.04556115391256,17
"336",0.977381675279902,-3.04556115391256,17
"337",1.32589866961676,-3.04556115391256,17
"338",1.67441566395363,-3.04556115391256,17
"339",2.02293265829049,-3.04556115391256,17
"340",2.37144965262735,-3.04556115391256,17
"341",-4.25037323977302,1.00205789370649,18
"342",-3.90185624543616,1.00205789370649,18
"343",-3.5533392510993,0.763962655611248,18
"344",-3.20482225676244,0.287772179420772,18
"345",-2.85630526242558,-0.188418296769704,18
"346",-2.50778826808871,-0.902704011055419,18
"347",-2.15927127375185,-1.85508496343637,18
"348",-1.81075427941499,-2.33127543962685,18
"349",-1.46223728507813,-2.56937067772208,18
"350",-1.11372029074127,-2.80746591581732,18
"351",-0.765203296404406,-2.80746591581732,18
"352",-0.416686302067544,-3.04556115391256,18
"353",-0.0681693077306829,-3.04556115391256,18
"354",0.280347686606179,-3.04556115391256,18
"355",0.628864680943041,-3.04556115391256,18
"356",0.977381675279902,-3.04556115391256,18
"357",1.32589866961676,-3.04556115391256,18
"358",1.67441566395363,-3.04556115391256,18
"359",2.02293265829049,-3.04556115391256,18
"360",2.37144965262735,-3.04556115391256,18
"361",-4.25037323977302,1.00205789370649,19
"362",-3.90185624543616,0.763962655611248,19
"363",-3.5533392510993,0.52586741751601,19
"364",-3.20482225676244,0.287772179420772,19
"365",-2.85630526242558,0.0496769413255338,19
"366",-2.50778826808871,-0.426513534864942,19
"367",-2.15927127375185,-1.85508496343637,19
"368",-1.81075427941499,-2.09318020153161,19
"369",-1.46223728507813,-2.33127543962685,19
"370",-1.11372029074127,-2.33127543962685,19
"371",-0.765203296404406,-2.56937067772208,19
"372",-0.416686302067544,-2.56937067772208,19
"373",-0.0681693077306829,-2.80746591581732,19
"374",0.280347686606179,-2.80746591581732,19
"375",0.628864680943041,-2.80746591581732,19
"376",0.977381675279902,-2.80746591581732,19
"377",1.32589866961676,-2.80746591581732,19
"378",1.67441566395363,-2.80746591581732,19
"379",2.02293265829049,-2.80746591581732,19
"380",2.37144965262735,-2.80746591581732,19
"381",-4.25037323977302,0.0496769413255338,20
"382",-3.90185624543616,0.0496769413255338,20
"383",-3.5533392510993,-0.188418296769704,20
"384",-3.20482225676244,-0.664608772960181,20
"385",-2.85630526242558,-1.14079924915066,20
"386",-2.50778826808871,-1.37889448724589,20
"387",-2.15927127375185,-1.61698972534113,20
"388",-1.81075427941499,-1.85508496343637,20
"389",-1.46223728507813,-2.09318020153161,20
"390",-1.11372029074127,-2.09318020153161,20
"391",-0.765203296404406,-2.33127543962685,20
"392",-0.416686302067544,-2.33127543962685,20
"393",-0.0681693077306829,-2.33127543962685,20
"394",0.280347686606179,-2.33127543962685,20
"395",0.628864680943041,-2.56937067772208,20
"396",0.977381675279902,-2.56937067772208,20
"397",1.32589866961676,-2.80746591581732,20
"398",1.67441566395363,-2.80746591581732,20
"399",2.02293265829049,-3.04556115391256,20
"400",2.37144965262735,-3.04556115391256,20
"401",-4.25037323977302,1.00205789370649,21
"402",-3.90185624543616,1.00205789370649,21
"403",-3.5533392510993,1.00205789370649,21
"404",-3.20482225676244,1.00205789370649,21
"405",-2.85630526242558,0.52586741751601,21
"406",-2.50778826808871,-1.37889448724589,21
"407",-2.15927127375185,-1.61698972534113,21
"408",-1.81075427941499,-1.85508496343637,21
"409",-1.46223728507813,-2.09318020153161,21
"410",-1.11372029074127,-2.09318020153161,21
"411",-0.765203296404406,-2.33127543962685,21
"412",-0.416686302067544,-2.33127543962685,21
"413",-0.0681693077306829,-2.33127543962685,21
"414",0.280347686606179,-2.33127543962685,21
"415",0.628864680943041,-2.56937067772208,21
"416",0.977381675279902,-2.56937067772208,21
"417",1.32589866961676,-2.56937067772208,21
"418",1.67441566395363,-2.56937067772208,21
"419",2.02293265829049,-2.56937067772208,21
"420",2.37144965262735,-2.56937067772208,21
"421",-4.25037323977302,1.00205789370649,22
"422",-3.90185624543616,1.00205789370649,22
"423",-3.5533392510993,1.00205789370649,22
"424",-3.20482225676244,1.00205789370649,22
"425",-2.85630526242558,0.287772179420772,22
"426",-2.50778826808871,-1.14079924915066,22
"427",-2.15927127375185,-1.85508496343637,22
"428",-1.81075427941499,-2.09318020153161,22
"429",-1.46223728507813,-2.33127543962685,22
"430",-1.11372029074127,-2.56937067772208,22
"431",-0.765203296404406,-2.56937067772208,22
"432",-0.416686302067544,-2.80746591581732,22
"433",-0.0681693077306829,-3.04556115391256,22
"434",0.280347686606179,-3.04556115391256,22
"435",0.628864680943041,-3.2836563920078,22
"436",0.977381675279902,-3.2836563920078,22
"437",1.32589866961676,-3.2836563920078,22
"438",1.67441566395363,-3.2836563920078,22
"439",2.02293265829049,-3.2836563920078,22
"440",2.37144965262735,-3.2836563920078,22
"441",-4.25037323977302,0.52586741751601,23
"442",-3.90185624543616,0.287772179420772,23
"443",-3.5533392510993,0.0496769413255338,23
"444",-3.20482225676244,-0.188418296769704,23
"445",-2.85630526242558,-0.188418296769704,23
"446",-2.50778826808871,-0.664608772960181,23
"447",-2.15927127375185,-1.85508496343637,23
"448",-1.81075427941499,-2.09318020153161,23
"449",-1.46223728507813,-2.33127543962685,23
"450",-1.11372029074127,-2.33127543962685,23
"451",-0.765203296404406,-2.56937067772208,23
"452",-0.416686302067544,-2.80746591581732,23
"453",-0.0681693077306829,-3.04556115391256,23
"454",0.280347686606179,-3.04556115391256,23
"455",0.628864680943041,-3.2836563920078,23
"456",0.977381675279902,-3.2836563920078,23
"457",1.32589866961676,-3.2836563920078,23
"458",1.67441566395363,-3.2836563920078,23
"459",2.02293265829049,-3.2836563920078,23
"460",2.37144965262735,-3.52175163010304,23
"461",-4.25037323977302,0.287772179420772,24
"462",-3.90185624543616,-0.188418296769704,24
"463",-3.5533392510993,-0.664608772960181,24
"464",-3.20482225676244,-0.902704011055419,24
"465",-2.85630526242558,-1.14079924915066,24
"466",-2.50778826808871,-1.37889448724589,24
"467",-2.15927127375185,-1.61698972534113,24
"468",-1.81075427941499,-1.85508496343637,24
"469",-1.46223728507813,-2.09318020153161,24
"470",-1.11372029074127,-2.33127543962685,24
"471",-0.765203296404406,-2.56937067772208,24
"472",-0.416686302067544,-2.80746591581732,24
"473",-0.0681693077306829,-3.04556115391256,24
"474",0.280347686606179,-3.04556115391256,24
"475",0.628864680943041,-3.2836563920078,24
"476",0.977381675279902,-3.2836563920078,24
"477",1.32589866961676,-3.2836563920078,24
"478",1.67441566395363,-3.2836563920078,24
"479",2.02293265829049,-3.2836563920078,24
"480",2.37144965262735,-3.2836563920078,24
"481",-4.25037323977302,1.00205789370649,25
"482",-3.90185624543616,1.00205789370649,25
"483",-3.5533392510993,1.00205789370649,25
"484",-3.20482225676244,1.00205789370649,25
"485",-2.85630526242558,0.52586741751601,25
"486",-2.50778826808871,-1.14079924915066,25
"487",-2.15927127375185,-1.85508496343637,25
"488",-1.81075427941499,-2.09318020153161,25
"489",-1.46223728507813,-2.09318020153161,25
"490",-1.11372029074127,-2.09318020153161,25
"491",-0.765203296404406,-2.33127543962685,25
"492",-0.416686302067544,-2.33127543962685,25
"493",-0.0681693077306829,-2.33127543962685,25
"494",0.280347686606179,-2.33127543962685,25
"495",0.628864680943041,-2.33127543962685,25
"496",0.977381675279902,-2.33127543962685,25
"497",1.32589866961676,-2.33127543962685,25
"498",1.67441566395363,-2.33127543962685,25
"499",2.02293265829049,-2.33127543962685,25
"500",2.37144965262735,-2.33127543962685,25
"501",-4.25037323977302,1.00205789370649,26
"502",-3.90185624543616,1.00205789370649,26
"503",-3.5533392510993,1.00205789370649,26
"504",-3.20482225676244,1.00205789370649,26
"505",-2.85630526242558,1.00205789370649,26
"506",-2.50778826808871,0.763962655611248,26
"507",-2.15927127375185,-1.85508496343637,26
"508",-1.81075427941499,-2.33127543962685,26
"509",-1.46223728507813,-2.56937067772208,26
"510",-1.11372029074127,-2.80746591581732,26
"511",-0.765203296404406,-3.04556115391256,26
"512",-0.416686302067544,-3.2836563920078,26
"513",-0.0681693077306829,-3.2836563920078,26
"514",0.280347686606179,-3.2836563920078,26
"515",0.628864680943041,-3.2836563920078,26
"516",0.977381675279902,-3.2836563920078,26
"517",1.32589866961676,-3.2836563920078,26
"518",1.67441566395363,-3.2836563920078,26
"519",2.02293265829049,-3.2836563920078,26
"520",2.37144965262735,-3.2836563920078,26
"521",-4.25037323977302,1.00205789370649,27
"522",-3.90185624543616,1.00205789370649,27
"523",-3.5533392510993,1.00205789370649,27
"524",-3.20482225676244,1.00205789370649,27
"525",-2.85630526242558,1.00205789370649,27
"526",-2.50778826808871,-1.14079924915066,27
"527",-2.15927127375185,-1.85508496343637,27
"528",-1.81075427941499,-1.85508496343637,27
"529",-1.46223728507813,-2.09318020153161,27
"530",-1.11372029074127,-2.09318020153161,27
"531",-0.765203296404406,-2.09318020153161,27
"532",-0.416686302067544,-2.09318020153161,27
"533",-0.0681693077306829,-2.09318020153161,27
"534",0.280347686606179,-2.09318020153161,27
"535",0.628864680943041,-2.09318020153161,27
"536",0.977381675279902,-2.09318020153161,27
"537",1.32589866961676,-2.09318020153161,27
"538",1.67441566395363,-2.33127543962685,27
"539",2.02293265829049,-2.33127543962685,27
"540",2.37144965262735,-2.33127543962685,27
"541",-4.25037323977302,0.287772179420772,28
"542",-3.90185624543616,0.287772179420772,28
"543",-3.5533392510993,0.0496769413255338,28
"544",-3.20482225676244,0.0496769413255338,28
"545",-2.85630526242558,-0.188418296769704,28
"546",-2.50778826808871,-1.37889448724589,28
"547",-2.15927127375185,-1.61698972534113,28
"548",-1.81075427941499,-1.85508496343637,28
"549",-1.46223728507813,-1.85508496343637,28
"550",-1.11372029074127,-2.09318020153161,28
"551",-0.765203296404406,-2.09318020153161,28
"552",-0.416686302067544,-2.33127543962685,28
"553",-0.0681693077306829,-2.33127543962685,28
"554",0.280347686606179,-2.33127543962685,28
"555",0.628864680943041,-2.56937067772208,28
"556",0.977381675279902,-2.56937067772208,28
"557",1.32589866961676,-2.56937067772208,28
"558",1.67441566395363,-2.56937067772208,28
"559",2.02293265829049,-2.56937067772208,28
"560",2.37144965262735,-2.56937067772208,28
"561",-4.25037323977302,1.00205789370649,29
"562",-3.90185624543616,1.00205789370649,29
"563",-3.5533392510993,1.00205789370649,29
"564",-3.20482225676244,1.00205789370649,29
"565",-2.85630526242558,-1.14079924915066,29
"566",-2.50778826808871,-1.61698972534113,29
"567",-2.15927127375185,-1.61698972534113,29
"568",-1.81075427941499,-2.09318020153161,29
"569",-1.46223728507813,-2.33127543962685,29
"570",-1.11372029074127,-2.56937067772208,29
"571",-0.765203296404406,-2.56937067772208,29
"572",-0.416686302067544,-2.56937067772208,29
"573",-0.0681693077306829,-2.56937067772208,29
"574",0.280347686606179,-2.56937067772208,29
"575",0.628864680943041,-2.56937067772208,29
"576",0.977381675279902,-2.56937067772208,29
"577",1.32589866961676,-2.56937067772208,29
"578",1.67441566395363,-2.56937067772208,29
"579",2.02293265829049,-2.56937067772208,29
"580",2.37144965262735,-2.56937067772208,29
"581",-4.25037323977302,1.00205789370649,30
"582",-3.90185624543616,1.00205789370649,30
"583",-3.5533392510993,1.00205789370649,30
"584",-3.20482225676244,1.00205789370649,30
"585",-2.85630526242558,-0.902704011055419,30
"586",-2.50778826808871,-1.37889448724589,30
"587",-2.15927127375185,-1.61698972534113,30
"588",-1.81075427941499,-2.33127543962685,30
"589",-1.46223728507813,-2.80746591581732,30
"590",-1.11372029074127,-3.04556115391256,30
"591",-0.765203296404406,-3.2836563920078,30
"592",-0.416686302067544,-3.52175163010304,30
"593",-0.0681693077306829,-3.52175163010304,30
"594",0.280347686606179,-3.75984686819828,30
"595",0.628864680943041,-3.75984686819828,30
"596",0.977381675279902,-3.75984686819828,30
"597",1.32589866961676,-3.75984686819828,30
"598",1.67441566395363,-3.75984686819828,30
"599",2.02293265829049,-3.75984686819828,30
"600",2.37144965262735,-3.75984686819828,30
"601",-4.25037323977302,1.00205789370649,31
"602",-3.90185624543616,1.00205789370649,31
"603",-3.5533392510993,1.00205789370649,31
"604",-3.20482225676244,1.00205789370649,31
"605",-2.85630526242558,1.00205789370649,31
"606",-2.50778826808871,-0.426513534864942,31
"607",-2.15927127375185,-2.09318020153161,31
"608",-1.81075427941499,-2.80746591581732,31
"609",-1.46223728507813,-3.04556115391256,31
"610",-1.11372029074127,-3.04556115391256,31
"611",-0.765203296404406,-3.04556115391256,31
"612",-0.416686302067544,-3.04556115391256,31
"613",-0.0681693077306829,-3.04556115391256,31
"614",0.280347686606179,-3.04556115391256,31
"615",0.628864680943041,-3.04556115391256,31
"616",0.977381675279902,-3.04556115391256,31
"617",1.32589866961676,-3.04556115391256,31
"618",1.67441566395363,-3.04556115391256,31
"619",2.02293265829049,-3.04556115391256,31
"620",2.37144965262735,-3.04556115391256,31
"621",-4.25037323977302,0.0496769413255338,32
"622",-3.90185624543616,-0.188418296769704,32
"623",-3.5533392510993,-0.188418296769704,32
"624",-3.20482225676244,-0.426513534864942,32
"625",-2.85630526242558,-1.14079924915066,32
"626",-2.50778826808871,-1.37889448724589,32
"627",-2.15927127375185,-1.61698972534113,32
"628",-1.81075427941499,-1.85508496343637,32
"629",-1.46223728507813,-2.09318020153161,32
"630",-1.11372029074127,-2.56937067772208,32
"631",-0.765203296404406,-3.04556115391256,32
"632",-0.416686302067544,-3.52175163010304,32
"633",-0.0681693077306829,-3.75984686819828,32
"634",0.280347686606179,-3.75984686819828,32
"635",0.628864680943041,-3.75984686819828,32
"636",0.977381675279902,-3.75984686819828,32
"637",1.32589866961676,-3.75984686819828,32
"638",1.67441566395363,-3.75984686819828,32
"639",2.02293265829049,-3.75984686819828,32
"640",2.37144965262735,-3.75984686819828,32
"641",-4.25037323977302,1.00205789370649,33
"642",-3.90185624543616,1.00205789370649,33
"643",-3.5533392510993,1.00205789370649,33
"644",-3.20482225676244,1.00205789370649,33
"645",-2.85630526242558,1.00205789370649,33
"646",-2.50778826808871,1.00205789370649,33
"647",-2.15927127375185,-2.09318020153161,33
"648",-1.81075427941499,-2.80746591581732,33
"649",-1.46223728507813,-3.04556115391256,33
"650",-1.11372029074127,-3.04556115391256,33
"651",-0.765203296404406,-3.04556115391256,33
"652",-0.416686302067544,-3.04556115391256,33
"653",-0.0681693077306829,-3.04556115391256,33
"654",0.280347686606179,-3.04556115391256,33
"655",0.628864680943041,-3.04556115391256,33
"656",0.977381675279902,-3.04556115391256,33
"657",1.32589866961676,-3.04556115391256,33
"658",1.67441566395363,-3.04556115391256,33
"659",2.02293265829049,-3.04556115391256,33
"660",2.37144965262735,-3.2836563920078,33
"661",-4.25037323977302,1.00205789370649,34
"662",-3.90185624543616,1.00205789370649,34
"663",-3.5533392510993,1.00205789370649,34
"664",-3.20482225676244,1.00205789370649,34
"665",-2.85630526242558,1.00205789370649,34
"666",-2.50778826808871,-0.902704011055419,34
"667",-2.15927127375185,-1.85508496343637,34
"668",-1.81075427941499,-2.33127543962685,34
"669",-1.46223728507813,-2.56937067772208,34
"670",-1.11372029074127,-2.56937067772208,34
"671",-0.765203296404406,-2.80746591581732,34
"672",-0.416686302067544,-2.80746591581732,34
"673",-0.0681693077306829,-2.80746591581732,34
"674",0.280347686606179,-2.80746591581732,34
"675",0.628864680943041,-2.80746591581732,34
"676",0.977381675279902,-2.80746591581732,34
"677",1.32589866961676,-2.80746591581732,34
"678",1.67441566395363,-2.80746591581732,34
"679",2.02293265829049,-2.80746591581732,34
"680",2.37144965262735,-2.80746591581732,34
"681",-4.25037323977302,1.00205789370649,35
"682",-3.90185624543616,1.00205789370649,35
"683",-3.5533392510993,1.00205789370649,35
"684",-3.20482225676244,1.00205789370649,35
"685",-2.85630526242558,1.00205789370649,35
"686",-2.50778826808871,1.00205789370649,35
"687",-2.15927127375185,-2.09318020153161,35
"688",-1.81075427941499,-2.56937067772208,35
"689",-1.46223728507813,-2.80746591581732,35
"690",-1.11372029074127,-3.04556115391256,35
"691",-0.765203296404406,-3.04556115391256,35
"692",-0.416686302067544,-3.04556115391256,35
"693",-0.0681693077306829,-3.04556115391256,35
"694",0.280347686606179,-3.04556115391256,35
"695",0.628864680943041,-3.04556115391256,35
"696",0.977381675279902,-3.04556115391256,35
"697",1.32589866961676,-3.04556115391256,35
"698",1.67441566395363,-3.04556115391256,35
"699",2.02293265829049,-3.04556115391256,35
"700",2.37144965262735,-3.04556115391256,35
"701",-4.25037323977302,1.00205789370649,36
"702",-3.90185624543616,1.00205789370649,36
"703",-3.5533392510993,1.00205789370649,36
"704",-3.20482225676244,1.00205789370649,36
"705",-2.85630526242558,1.00205789370649,36
"706",-2.50778826808871,-0.188418296769704,36
"707",-2.15927127375185,-1.85508496343637,36
"708",-1.81075427941499,-2.56937067772208,36
"709",-1.46223728507813,-2.80746591581732,36
"710",-1.11372029074127,-3.04556115391256,36
"711",-0.765203296404406,-3.04556115391256,36
"712",-0.416686302067544,-3.2836563920078,36
"713",-0.0681693077306829,-3.2836563920078,36
"714",0.280347686606179,-3.2836563920078,36
"715",0.628864680943041,-3.2836563920078,36
"716",0.977381675279902,-3.2836563920078,36
"717",1.32589866961676,-3.2836563920078,36
"718",1.67441566395363,-3.2836563920078,36
"719",2.02293265829049,-3.2836563920078,36
"720",2.37144965262735,-3.2836563920078,36
"721",-4.25037323977302,1.00205789370649,37
"722",-3.90185624543616,1.00205789370649,37
"723",-3.5533392510993,1.00205789370649,37
"724",-3.20482225676244,1.00205789370649,37
"725",-2.85630526242558,1.00205789370649,37
"726",-2.50778826808871,-1.14079924915066,37
"727",-2.15927127375185,-1.85508496343637,37
"728",-1.81075427941499,-2.09318020153161,37
"729",-1.46223728507813,-2.09318020153161,37
"730",-1.11372029074127,-2.33127543962685,37
"731",-0.765203296404406,-2.33127543962685,37
"732",-0.416686302067544,-2.33127543962685,37
"733",-0.0681693077306829,-2.33127543962685,37
"734",0.280347686606179,-2.33127543962685,37
"735",0.628864680943041,-2.56937067772208,37
"736",0.977381675279902,-2.56937067772208,37
"737",1.32589866961676,-2.80746591581732,37
"738",1.67441566395363,-2.80746591581732,37
"739",2.02293265829049,-3.04556115391256,37
"740",2.37144965262735,-3.04556115391256,37
"741",-4.25037323977302,1.00205789370649,38
"742",-3.90185624543616,1.00205789370649,38
"743",-3.5533392510993,0.287772179420772,38
"744",-3.20482225676244,-0.188418296769704,38
"745",-2.85630526242558,-0.664608772960181,38
"746",-2.50778826808871,-0.902704011055419,38
"747",-2.15927127375185,-2.09318020153161,38
"748",-1.81075427941499,-2.33127543962685,38
"749",-1.46223728507813,-2.33127543962685,38
"750",-1.11372029074127,-2.56937067772208,38
"751",-0.765203296404406,-2.56937067772208,38
"752",-0.416686302067544,-2.80746591581732,38
"753",-0.0681693077306829,-2.80746591581732,38
"754",0.280347686606179,-2.80746591581732,38
"755",0.628864680943041,-2.80746591581732,38
"756",0.977381675279902,-3.04556115391256,38
"757",1.32589866961676,-3.04556115391256,38
"758",1.67441566395363,-3.04556115391256,38
"759",2.02293265829049,-3.04556115391256,38
"760",2.37144965262735,-3.04556115391256,38
"761",-4.25037323977302,1.00205789370649,39
"762",-3.90185624543616,1.00205789370649,39
"763",-3.5533392510993,1.00205789370649,39
"764",-3.20482225676244,1.00205789370649,39
"765",-2.85630526242558,1.00205789370649,39
"766",-2.50778826808871,0.52586741751601,39
"767",-2.15927127375185,-1.85508496343637,39
"768",-1.81075427941499,-2.33127543962685,39
"769",-1.46223728507813,-2.56937067772208,39
"770",-1.11372029074127,-2.56937067772208,39
"771",-0.765203296404406,-2.56937067772208,39
"772",-0.416686302067544,-2.56937067772208,39
"773",-0.0681693077306829,-2.56937067772208,39
"774",0.280347686606179,-2.56937067772208,39
"775",0.628864680943041,-2.56937067772208,39
"776",0.977381675279902,-2.56937067772208,39
"777",1.32589866961676,-2.56937067772208,39
"778",1.67441566395363,-2.56937067772208,39
"779",2.02293265829049,-2.56937067772208,39
"780",2.37144965262735,-2.56937067772208,39
"781",-4.25037323977302,1.00205789370649,40
"782",-3.90185624543616,1.00205789370649,40
"783",-3.5533392510993,1.00205789370649,40
"784",-3.20482225676244,1.00205789370649,40
"785",-2.85630526242558,0.0496769413255338,40
"786",-2.50778826808871,-1.14079924915066,40
"787",-2.15927127375185,-1.61698972534113,40
"788",-1.81075427941499,-1.85508496343637,40
"789",-1.46223728507813,-2.09318020153161,40
"790",-1.11372029074127,-2.09318020153161,40
"791",-0.765203296404406,-2.33127543962685,40
"792",-0.416686302067544,-2.33127543962685,40
"793",-0.0681693077306829,-2.33127543962685,40
"794",0.280347686606179,-2.56937067772208,40
"795",0.628864680943041,-2.56937067772208,40
"796",0.977381675279902,-2.80746591581732,40
"797",1.32589866961676,-2.80746591581732,40
"798",1.67441566395363,-2.80746591581732,40
"799",2.02293265829049,-2.80746591581732,40
"800",2.37144965262735,-2.80746591581732,40
"801",-4.25037323977302,1.00205789370649,41
"802",-3.90185624543616,1.00205789370649,41
"803",-3.5533392510993,1.00205789370649,41
"804",-3.20482225676244,1.00205789370649,41
"805",-2.85630526242558,1.00205789370649,41
"806",-2.50778826808871,-1.14079924915066,41
"807",-2.15927127375185,-1.85508496343637,41
"808",-1.81075427941499,-2.09318020153161,41
"809",-1.46223728507813,-2.33127543962685,41
"810",-1.11372029074127,-2.33127543962685,41
"811",-0.765203296404406,-2.33127543962685,41
"812",-0.416686302067544,-2.33127543962685,41
"813",-0.0681693077306829,-2.33127543962685,41
"814",0.280347686606179,-2.56937067772208,41
"815",0.628864680943041,-2.56937067772208,41
"816",0.977381675279902,-2.56937067772208,41
"817",1.32589866961676,-2.56937067772208,41
"818",1.67441566395363,-2.56937067772208,41
"819",2.02293265829049,-2.56937067772208,41
"820",2.37144965262735,-2.56937067772208,41
"821",-4.25037323977302,0.763962655611248,42
"822",-3.90185624543616,0.287772179420772,42
"823",-3.5533392510993,0.0496769413255338,42
"824",-3.20482225676244,-0.426513534864942,42
"825",-2.85630526242558,-0.664608772960181,42
"826",-2.50778826808871,-1.14079924915066,42
"827",-2.15927127375185,-1.85508496343637,42
"828",-1.81075427941499,-2.09318020153161,42
"829",-1.46223728507813,-2.09318020153161,42
"830",-1.11372029074127,-2.33127543962685,42
"831",-0.765203296404406,-2.56937067772208,42
"832",-0.416686302067544,-2.56937067772208,42
"833",-0.0681693077306829,-2.56937067772208,42
"834",0.280347686606179,-2.80746591581732,42
"835",0.628864680943041,-2.80746591581732,42
"836",0.977381675279902,-2.80746591581732,42
"837",1.32589866961676,-3.04556115391256,42
"838",1.67441566395363,-3.04556115391256,42
"839",2.02293265829049,-3.04556115391256,42
"840",2.37144965262735,-3.04556115391256,42
"841",-4.25037323977302,1.00205789370649,43
"842",-3.90185624543616,1.00205789370649,43
"843",-3.5533392510993,1.00205789370649,43
"844",-3.20482225676244,1.00205789370649,43
"845",-2.85630526242558,1.00205789370649,43
"846",-2.50778826808871,-0.426513534864942,43
"847",-2.15927127375185,-1.85508496343637,43
"848",-1.81075427941499,-2.09318020153161,43
"849",-1.46223728507813,-2.33127543962685,43
"850",-1.11372029074127,-2.56937067772208,43
"851",-0.765203296404406,-2.56937067772208,43
"852",-0.416686302067544,-2.56937067772208,43
"853",-0.0681693077306829,-2.56937067772208,43
"854",0.280347686606179,-2.56937067772208,43
"855",0.628864680943041,-2.80746591581732,43
"856",0.977381675279902,-2.80746591581732,43
"857",1.32589866961676,-2.80746591581732,43
"858",1.67441566395363,-3.04556115391256,43
"859",2.02293265829049,-3.04556115391256,43
"860",2.37144965262735,-3.04556115391256,43
"861",-4.25037323977302,0.287772179420772,44
"862",-3.90185624543616,0.0496769413255338,44
"863",-3.5533392510993,0.0496769413255338,44
"864",-3.20482225676244,-0.188418296769704,44
"865",-2.85630526242558,-1.14079924915066,44
"866",-2.50778826808871,-1.37889448724589,44
"867",-2.15927127375185,-1.85508496343637,44
"868",-1.81075427941499,-3.04556115391256,44
"869",-1.46223728507813,-3.75984686819828,44
"870",-1.11372029074127,-3.75984686819828,44
"871",-0.765203296404406,-3.75984686819828,44
"872",-0.416686302067544,-3.75984686819828,44
"873",-0.0681693077306829,-3.75984686819828,44
"874",0.280347686606179,-3.75984686819828,44
"875",0.628864680943041,-3.75984686819828,44
"876",0.977381675279902,-3.75984686819828,44
"877",1.32589866961676,-3.75984686819828,44
"878",1.67441566395363,-3.75984686819828,44
"879",2.02293265829049,-3.75984686819828,44
"880",2.37144965262735,-3.75984686819828,44
"881",-4.25037323977302,1.00205789370649,45
"882",-3.90185624543616,1.00205789370649,45
"883",-3.5533392510993,1.00205789370649,45
"884",-3.20482225676244,1.00205789370649,45
"885",-2.85630526242558,1.00205789370649,45
"886",-2.50778826808871,-1.14079924915066,45
"887",-2.15927127375185,-1.85508496343637,45
"888",-1.81075427941499,-2.09318020153161,45
"889",-1.46223728507813,-2.33127543962685,45
"890",-1.11372029074127,-2.56937067772208,45
"891",-0.765203296404406,-2.56937067772208,45
"892",-0.416686302067544,-2.56937067772208,45
"893",-0.0681693077306829,-2.80746591581732,45
"894",0.280347686606179,-2.80746591581732,45
"895",0.628864680943041,-3.04556115391256,45
"896",0.977381675279902,-3.04556115391256,45
"897",1.32589866961676,-3.04556115391256,45
"898",1.67441566395363,-3.04556115391256,45
"899",2.02293265829049,-3.2836563920078,45
"900",2.37144965262735,-3.2836563920078,45
"901",-4.25037323977302,1.00205789370649,46
"902",-3.90185624543616,1.00205789370649,46
"903",-3.5533392510993,1.00205789370649,46
"904",-3.20482225676244,1.00205789370649,46
"905",-2.85630526242558,1.00205789370649,46
"906",-2.50778826808871,1.00205789370649,46
"907",-2.15927127375185,-1.85508496343637,46
"908",-1.81075427941499,-2.09318020153161,46
"909",-1.46223728507813,-2.33127543962685,46
"910",-1.11372029074127,-2.33127543962685,46
"911",-0.765203296404406,-2.33127543962685,46
"912",-0.416686302067544,-2.33127543962685,46
"913",-0.0681693077306829,-2.33127543962685,46
"914",0.280347686606179,-2.33127543962685,46
"915",0.628864680943041,-2.33127543962685,46
"916",0.977381675279902,-2.33127543962685,46
"917",1.32589866961676,-2.33127543962685,46
"918",1.67441566395363,-2.56937067772208,46
"919",2.02293265829049,-2.56937067772208,46
"920",2.37144965262735,-2.56937067772208,46
"921",-4.25037323977302,0.52586741751601,47
"922",-3.90185624543616,0.287772179420772,47
"923",-3.5533392510993,0.0496769413255338,47
"924",-3.20482225676244,-0.426513534864942,47
"925",-2.85630526242558,-0.664608772960181,47
"926",-2.50778826808871,-1.14079924915066,47
"927",-2.15927127375185,-1.85508496343637,47
"928",-1.81075427941499,-2.09318020153161,47
"929",-1.46223728507813,-2.33127543962685,47
"930",-1.11372029074127,-2.56937067772208,47
"931",-0.765203296404406,-2.56937067772208,47
"932",-0.416686302067544,-2.80746591581732,47
"933",-0.0681693077306829,-3.04556115391256,47
"934",0.280347686606179,-3.75984686819828,47
"935",0.628864680943041,-3.75984686819828,47
"936",0.977381675279902,-3.75984686819828,47
"937",1.32589866961676,-3.75984686819828,47
"938",1.67441566395363,-3.75984686819828,47
"939",2.02293265829049,-3.75984686819828,47
"940",2.37144965262735,-3.75984686819828,47
"941",-4.25037323977302,1.00205789370649,48
"942",-3.90185624543616,1.00205789370649,48
"943",-3.5533392510993,1.00205789370649,48
"944",-3.20482225676244,1.00205789370649,48
"945",-2.85630526242558,0.763962655611248,48
"946",-2.50778826808871,0.0496769413255338,48
"947",-2.15927127375185,-1.85508496343637,48
"948",-1.81075427941499,-2.56937067772208,48
"949",-1.46223728507813,-2.80746591581732,48
"950",-1.11372029074127,-3.04556115391256,48
"951",-0.765203296404406,-3.04556115391256,48
"952",-0.416686302067544,-3.04556115391256,48
"953",-0.0681693077306829,-3.04556115391256,48
"954",0.280347686606179,-3.04556115391256,48
"955",0.628864680943041,-3.2836563920078,48
"956",0.977381675279902,-3.2836563920078,48
"957",1.32589866961676,-3.2836563920078,48
"958",1.67441566395363,-3.2836563920078,48
"959",2.02293265829049,-3.2836563920078,48
"960",2.37144965262735,-3.2836563920078,48
"961",-4.25037323977302,1.00205789370649,49
"962",-3.90185624543616,1.00205789370649,49
"963",-3.5533392510993,0.52586741751601,49
"964",-3.20482225676244,-0.426513534864942,49
"965",-2.85630526242558,-0.902704011055419,49
"966",-2.50778826808871,-1.37889448724589,49
"967",-2.15927127375185,-1.85508496343637,49
"968",-1.81075427941499,-2.09318020153161,49
"969",-1.46223728507813,-2.33127543962685,49
"970",-1.11372029074127,-2.56937067772208,49
"971",-0.765203296404406,-2.80746591581732,49
"972",-0.416686302067544,-3.04556115391256,49
"973",-0.0681693077306829,-3.2836563920078,49
"974",0.280347686606179,-3.52175163010304,49
"975",0.628864680943041,-3.52175163010304,49
"976",0.977381675279902,-3.75984686819828,49
"977",1.32589866961676,-3.75984686819828,49
"978",1.67441566395363,-3.75984686819828,49
"979",2.02293265829049,-3.75984686819828,49
"980",2.37144965262735,-3.75984686819828,49
"981",-4.25037323977302,1.00205789370649,50
"982",-3.90185624543616,1.00205789370649,50
"983",-3.5533392510993,1.00205789370649,50
"984",-3.20482225676244,1.00205789370649,50
"985",-2.85630526242558,0.0496769413255338,50
"986",-2.50778826808871,-1.14079924915066,50
"987",-2.15927127375185,-1.85508496343637,50
"988",-1.81075427941499,-2.09318020153161,50
"989",-1.46223728507813,-2.33127543962685,50
"990",-1.11372029074127,-2.56937067772208,50
"991",-0.765203296404406,-2.56937067772208,50
"992",-0.416686302067544,-2.80746591581732,50
"993",-0.0681693077306829,-2.80746591581732,50
"994",0.280347686606179,-2.80746591581732,50
"995",0.628864680943041,-2.80746591581732,50
"996",0.977381675279902,-2.80746591581732,50
"997",1.32589866961676,-2.80746591581732,50
"998",1.67441566395363,-2.80746591581732,50
"999",2.02293265829049,-2.80746591581732,50
"1000",2.37144965262735,-2.80746591581732,50
"1001",-4.25037323977302,1.00205789370649,51
"1002",-3.90185624543616,1.00205789370649,51
"1003",-3.5533392510993,1.00205789370649,51
"1004",-3.20482225676244,1.00205789370649,51
"1005",-2.85630526242558,1.00205789370649,51
"1006",-2.50778826808871,1.00205789370649,51
"1007",-2.15927127375185,-2.09318020153161,51
"1008",-1.81075427941499,-2.56937067772208,51
"1009",-1.46223728507813,-2.80746591581732,51
"1010",-1.11372029074127,-2.80746591581732,51
"1011",-0.765203296404406,-2.80746591581732,51
"1012",-0.416686302067544,-2.80746591581732,51
"1013",-0.0681693077306829,-2.80746591581732,51
"1014",0.280347686606179,-2.80746591581732,51
"1015",0.628864680943041,-2.80746591581732,51
"1016",0.977381675279902,-2.80746591581732,51
"1017",1.32589866961676,-2.80746591581732,51
"1018",1.67441566395363,-2.80746591581732,51
"1019",2.02293265829049,-2.80746591581732,51
"1020",2.37144965262735,-3.04556115391256,51
"1021",-4.25037323977302,1.00205789370649,52
"1022",-3.90185624543616,1.00205789370649,52
"1023",-3.5533392510993,1.00205789370649,52
"1024",-3.20482225676244,0.287772179420772,52
"1025",-2.85630526242558,-1.37889448724589,52
"1026",-2.50778826808871,-1.61698972534113,52
"1027",-2.15927127375185,-1.61698972534113,52
"1028",-1.81075427941499,-1.61698972534113,52
"1029",-1.46223728507813,-1.85508496343637,52
"1030",-1.11372029074127,-1.85508496343637,52
"1031",-0.765203296404406,-2.09318020153161,52
"1032",-0.416686302067544,-2.09318020153161,52
"1033",-0.0681693077306829,-2.09318020153161,52
"1034",0.280347686606179,-2.09318020153161,52
"1035",0.628864680943041,-2.09318020153161,52
"1036",0.977381675279902,-2.09318020153161,52
"1037",1.32589866961676,-2.09318020153161,52
"1038",1.67441566395363,-2.09318020153161,52
"1039",2.02293265829049,-2.09318020153161,52
"1040",2.37144965262735,-2.09318020153161,52
"1041",-4.25037323977302,1.00205789370649,53
"1042",-3.90185624543616,1.00205789370649,53
"1043",-3.5533392510993,1.00205789370649,53
"1044",-3.20482225676244,1.00205789370649,53
"1045",-2.85630526242558,1.00205789370649,53
"1046",-2.50778826808871,-0.188418296769704,53
"1047",-2.15927127375185,-1.61698972534113,53
"1048",-1.81075427941499,-2.09318020153161,53
"1049",-1.46223728507813,-2.56937067772208,53
"1050",-1.11372029074127,-3.04556115391256,53
"1051",-0.765203296404406,-3.2836563920078,53
"1052",-0.416686302067544,-3.52175163010304,53
"1053",-0.0681693077306829,-3.75984686819828,53
"1054",0.280347686606179,-3.75984686819828,53
"1055",0.628864680943041,-3.75984686819828,53
"1056",0.977381675279902,-3.75984686819828,53
"1057",1.32589866961676,-3.75984686819828,53
"1058",1.67441566395363,-3.75984686819828,53
"1059",2.02293265829049,-3.75984686819828,53
"1060",2.37144965262735,-3.75984686819828,53
"1061",-4.25037323977302,1.00205789370649,54
"1062",-3.90185624543616,1.00205789370649,54
"1063",-3.5533392510993,1.00205789370649,54
"1064",-3.20482225676244,1.00205789370649,54
"1065",-2.85630526242558,1.00205789370649,54
"1066",-2.50778826808871,1.00205789370649,54
"1067",-2.15927127375185,-1.85508496343637,54
"1068",-1.81075427941499,-2.33127543962685,54
"1069",-1.46223728507813,-2.56937067772208,54
"1070",-1.11372029074127,-2.56937067772208,54
"1071",-0.765203296404406,-2.80746591581732,54
"1072",-0.416686302067544,-2.80746591581732,54
"1073",-0.0681693077306829,-2.80746591581732,54
"1074",0.280347686606179,-2.80746591581732,54
"1075",0.628864680943041,-2.80746591581732,54
"1076",0.977381675279902,-2.80746591581732,54
"1077",1.32589866961676,-3.04556115391256,54
"1078",1.67441566395363,-3.04556115391256,54
"1079",2.02293265829049,-3.04556115391256,54
"1080",2.37144965262735,-3.04556115391256,54
"1081",-4.25037323977302,1.00205789370649,55
"1082",-3.90185624543616,-0.902704011055419,55
"1083",-3.5533392510993,-0.902704011055419,55
"1084",-3.20482225676244,-0.902704011055419,55
"1085",-2.85630526242558,-0.902704011055419,55
"1086",-2.50778826808871,-1.14079924915066,55
"1087",-2.15927127375185,-1.85508496343637,55
"1088",-1.81075427941499,-2.56937067772208,55
"1089",-1.46223728507813,-2.80746591581732,55
"1090",-1.11372029074127,-3.04556115391256,55
"1091",-0.765203296404406,-3.04556115391256,55
"1092",-0.416686302067544,-3.04556115391256,55
"1093",-0.0681693077306829,-3.2836563920078,55
"1094",0.280347686606179,-3.2836563920078,55
"1095",0.628864680943041,-3.2836563920078,55
"1096",0.977381675279902,-3.2836563920078,55
"1097",1.32589866961676,-3.2836563920078,55
"1098",1.67441566395363,-3.2836563920078,55
"1099",2.02293265829049,-3.2836563920078,55
"1100",2.37144965262735,-3.2836563920078,55
"1101",-4.25037323977302,1.00205789370649,56
"1102",-3.90185624543616,1.00205789370649,56
"1103",-3.5533392510993,1.00205789370649,56
"1104",-3.20482225676244,1.00205789370649,56
"1105",-2.85630526242558,-1.14079924915066,56
"1106",-2.50778826808871,-1.37889448724589,56
"1107",-2.15927127375185,-1.61698972534113,56
"1108",-1.81075427941499,-2.09318020153161,56
"1109",-1.46223728507813,-2.33127543962685,56
"1110",-1.11372029074127,-2.56937067772208,56
"1111",-0.765203296404406,-2.80746591581732,56
"1112",-0.416686302067544,-2.80746591581732,56
"1113",-0.0681693077306829,-2.80746591581732,56
"1114",0.280347686606179,-2.80746591581732,56
"1115",0.628864680943041,-2.80746591581732,56
"1116",0.977381675279902,-2.80746591581732,56
"1117",1.32589866961676,-2.80746591581732,56
"1118",1.67441566395363,-2.80746591581732,56
"1119",2.02293265829049,-2.80746591581732,56
"1120",2.37144965262735,-2.80746591581732,56
"1121",-4.25037323977302,0.0496769413255338,57
"1122",-3.90185624543616,-0.188418296769704,57
"1123",-3.5533392510993,-0.426513534864942,57
"1124",-3.20482225676244,-0.664608772960181,57
"1125",-2.85630526242558,-0.664608772960181,57
"1126",-2.50778826808871,-1.14079924915066,57
"1127",-2.15927127375185,-1.85508496343637,57
"1128",-1.81075427941499,-2.56937067772208,57
"1129",-1.46223728507813,-3.52175163010304,57
"1130",-1.11372029074127,-3.75984686819828,57
"1131",-0.765203296404406,-3.75984686819828,57
"1132",-0.416686302067544,-3.75984686819828,57
"1133",-0.0681693077306829,-3.75984686819828,57
"1134",0.280347686606179,-3.75984686819828,57
"1135",0.628864680943041,-3.75984686819828,57
"1136",0.977381675279902,-3.75984686819828,57
"1137",1.32589866961676,-3.75984686819828,57
"1138",1.67441566395363,-3.75984686819828,57
"1139",2.02293265829049,-3.75984686819828,57
"1140",2.37144965262735,-3.75984686819828,57
"1141",-4.25037323977302,0.287772179420772,58
"1142",-3.90185624543616,0.0496769413255338,58
"1143",-3.5533392510993,-0.188418296769704,58
"1144",-3.20482225676244,-0.188418296769704,58
"1145",-2.85630526242558,-0.426513534864942,58
"1146",-2.50778826808871,-0.664608772960181,58
"1147",-2.15927127375185,-2.09318020153161,58
"1148",-1.81075427941499,-2.56937067772208,58
"1149",-1.46223728507813,-2.80746591581732,58
"1150",-1.11372029074127,-3.2836563920078,58
"1151",-0.765203296404406,-3.52175163010304,58
"1152",-0.416686302067544,-3.52175163010304,58
"1153",-0.0681693077306829,-3.52175163010304,58
"1154",0.280347686606179,-3.75984686819828,58
"1155",0.628864680943041,-3.75984686819828,58
"1156",0.977381675279902,-3.75984686819828,58
"1157",1.32589866961676,-3.75984686819828,58
"1158",1.67441566395363,-3.75984686819828,58
"1159",2.02293265829049,-3.75984686819828,58
"1160",2.37144965262735,-3.75984686819828,58
"1161",-4.25037323977302,1.00205789370649,59
"1162",-3.90185624543616,1.00205789370649,59
"1163",-3.5533392510993,1.00205789370649,59
"1164",-3.20482225676244,0.763962655611248,59
"1165",-2.85630526242558,-0.188418296769704,59
"1166",-2.50778826808871,-1.37889448724589,59
"1167",-2.15927127375185,-1.61698972534113,59
"1168",-1.81075427941499,-1.85508496343637,59
"1169",-1.46223728507813,-1.85508496343637,59
"1170",-1.11372029074127,-1.85508496343637,59
"1171",-0.765203296404406,-1.85508496343637,59
"1172",-0.416686302067544,-2.09318020153161,59
"1173",-0.0681693077306829,-2.09318020153161,59
"1174",0.280347686606179,-2.09318020153161,59
"1175",0.628864680943041,-2.09318020153161,59
"1176",0.977381675279902,-2.09318020153161,59
"1177",1.32589866961676,-2.33127543962685,59
"1178",1.67441566395363,-2.33127543962685,59
"1179",2.02293265829049,-2.56937067772208,59
"1180",2.37144965262735,-2.56937067772208,59
"1181",-4.25037323977302,1.00205789370649,60
"1182",-3.90185624543616,1.00205789370649,60
"1183",-3.5533392510993,1.00205789370649,60
"1184",-3.20482225676244,1.00205789370649,60
"1185",-2.85630526242558,0.763962655611248,60
"1186",-2.50778826808871,-1.14079924915066,60
"1187",-2.15927127375185,-1.85508496343637,60
"1188",-1.81075427941499,-2.33127543962685,60
"1189",-1.46223728507813,-2.56937067772208,60
"1190",-1.11372029074127,-3.04556115391256,60
"1191",-0.765203296404406,-3.04556115391256,60
"1192",-0.416686302067544,-3.2836563920078,60
"1193",-0.0681693077306829,-3.2836563920078,60
"1194",0.280347686606179,-3.52175163010304,60
"1195",0.628864680943041,-3.52175163010304,60
"1196",0.977381675279902,-3.52175163010304,60
"1197",1.32589866961676,-3.52175163010304,60
"1198",1.67441566395363,-3.52175163010304,60
"1199",2.02293265829049,-3.52175163010304,60
"1200",2.37144965262735,-3.52175163010304,60
"1201",-4.25037323977302,0.287772179420772,61
"1202",-3.90185624543616,0.0496769413255338,61
"1203",-3.5533392510993,-0.188418296769704,61
"1204",-3.20482225676244,-0.426513534864942,61
"1205",-2.85630526242558,-0.664608772960181,61
"1206",-2.50778826808871,-1.14079924915066,61
"1207",-2.15927127375185,-1.85508496343637,61
"1208",-1.81075427941499,-2.09318020153161,61
"1209",-1.46223728507813,-2.56937067772208,61
"1210",-1.11372029074127,-2.80746591581732,61
"1211",-0.765203296404406,-2.80746591581732,61
"1212",-0.416686302067544,-3.04556115391256,61
"1213",-0.0681693077306829,-3.04556115391256,61
"1214",0.280347686606179,-3.04556115391256,61
"1215",0.628864680943041,-3.04556115391256,61
"1216",0.977381675279902,-3.04556115391256,61
"1217",1.32589866961676,-3.2836563920078,61
"1218",1.67441566395363,-3.2836563920078,61
"1219",2.02293265829049,-3.2836563920078,61
"1220",2.37144965262735,-3.2836563920078,61
"1221",-4.25037323977302,1.00205789370649,62
"1222",-3.90185624543616,1.00205789370649,62
"1223",-3.5533392510993,1.00205789370649,62
"1224",-3.20482225676244,1.00205789370649,62
"1225",-2.85630526242558,1.00205789370649,62
"1226",-2.50778826808871,-0.426513534864942,62
"1227",-2.15927127375185,-1.85508496343637,62
"1228",-1.81075427941499,-2.56937067772208,62
"1229",-1.46223728507813,-2.80746591581732,62
"1230",-1.11372029074127,-3.04556115391256,62
"1231",-0.765203296404406,-3.04556115391256,62
"1232",-0.416686302067544,-3.04556115391256,62
"1233",-0.0681693077306829,-3.04556115391256,62
"1234",0.280347686606179,-3.04556115391256,62
"1235",0.628864680943041,-3.04556115391256,62
"1236",0.977381675279902,-3.04556115391256,62
"1237",1.32589866961676,-3.04556115391256,62
"1238",1.67441566395363,-3.04556115391256,62
"1239",2.02293265829049,-3.04556115391256,62
"1240",2.37144965262735,-3.04556115391256,62
"1241",-4.25037323977302,1.00205789370649,63
"1242",-3.90185624543616,1.00205789370649,63
"1243",-3.5533392510993,1.00205789370649,63
"1244",-3.20482225676244,1.00205789370649,63
"1245",-2.85630526242558,1.00205789370649,63
"1246",-2.50778826808871,1.00205789370649,63
"1247",-2.15927127375185,-1.85508496343637,63
"1248",-1.81075427941499,-2.33127543962685,63
"1249",-1.46223728507813,-2.56937067772208,63
"1250",-1.11372029074127,-2.56937067772208,63
"1251",-0.765203296404406,-2.56937067772208,63
"1252",-0.416686302067544,-2.56937067772208,63
"1253",-0.0681693077306829,-2.56937067772208,63
"1254",0.280347686606179,-2.56937067772208,63
"1255",0.628864680943041,-2.56937067772208,63
"1256",0.977381675279902,-2.56937067772208,63
"1257",1.32589866961676,-2.56937067772208,63
"1258",1.67441566395363,-2.80746591581732,63
"1259",2.02293265829049,-2.80746591581732,63
"1260",2.37144965262735,-2.80746591581732,63
"1261",-4.25037323977302,1.00205789370649,64
"1262",-3.90185624543616,1.00205789370649,64
"1263",-3.5533392510993,0.763962655611248,64
"1264",-3.20482225676244,0.287772179420772,64
"1265",-2.85630526242558,-0.188418296769704,64
"1266",-2.50778826808871,-0.902704011055419,64
"1267",-2.15927127375185,-1.85508496343637,64
"1268",-1.81075427941499,-2.33127543962685,64
"1269",-1.46223728507813,-2.56937067772208,64
"1270",-1.11372029074127,-2.56937067772208,64
"1271",-0.765203296404406,-2.56937067772208,64
"1272",-0.416686302067544,-2.80746591581732,64
"1273",-0.0681693077306829,-2.80746591581732,64
"1274",0.280347686606179,-3.04556115391256,64
"1275",0.628864680943041,-3.2836563920078,64
"1276",0.977381675279902,-3.2836563920078,64
"1277",1.32589866961676,-3.2836563920078,64
"1278",1.67441566395363,-3.2836563920078,64
"1279",2.02293265829049,-3.2836563920078,64
"1280",2.37144965262735,-3.2836563920078,64
"1281",-4.25037323977302,1.00205789370649,65
"1282",-3.90185624543616,1.00205789370649,65
"1283",-3.5533392510993,1.00205789370649,65
"1284",-3.20482225676244,1.00205789370649,65
"1285",-2.85630526242558,-0.664608772960181,65
"1286",-2.50778826808871,-1.37889448724589,65
"1287",-2.15927127375185,-1.85508496343637,65
"1288",-1.81075427941499,-2.33127543962685,65
"1289",-1.46223728507813,-2.80746591581732,65
"1290",-1.11372029074127,-2.80746591581732,65
"1291",-0.765203296404406,-2.80746591581732,65
"1292",-0.416686302067544,-3.04556115391256,65
"1293",-0.0681693077306829,-3.2836563920078,65
"1294",0.280347686606179,-3.52175163010304,65
"1295",0.628864680943041,-3.75984686819828,65
"1296",0.977381675279902,-3.75984686819828,65
"1297",1.32589866961676,-3.75984686819828,65
"1298",1.67441566395363,-3.75984686819828,65
"1299",2.02293265829049,-3.75984686819828,65
"1300",2.37144965262735,-3.75984686819828,65
"1301",-4.25037323977302,1.00205789370649,66
"1302",-3.90185624543616,1.00205789370649,66
"1303",-3.5533392510993,1.00205789370649,66
"1304",-3.20482225676244,1.00205789370649,66
"1305",-2.85630526242558,1.00205789370649,66
"1306",-2.50778826808871,0.287772179420772,66
"1307",-2.15927127375185,-1.61698972534113,66
"1308",-1.81075427941499,-1.85508496343637,66
"1309",-1.46223728507813,-2.09318020153161,66
"1310",-1.11372029074127,-2.09318020153161,66
"1311",-0.765203296404406,-2.33127543962685,66
"1312",-0.416686302067544,-2.33127543962685,66
"1313",-0.0681693077306829,-2.33127543962685,66
"1314",0.280347686606179,-2.33127543962685,66
"1315",0.628864680943041,-2.33127543962685,66
"1316",0.977381675279902,-2.33127543962685,66
"1317",1.32589866961676,-2.33127543962685,66
"1318",1.67441566395363,-2.33127543962685,66
"1319",2.02293265829049,-2.33127543962685,66
"1320",2.37144965262735,-2.33127543962685,66
"1321",-4.25037323977302,1.00205789370649,67
"1322",-3.90185624543616,1.00205789370649,67
"1323",-3.5533392510993,1.00205789370649,67
"1324",-3.20482225676244,1.00205789370649,67
"1325",-2.85630526242558,1.00205789370649,67
"1326",-2.50778826808871,-0.664608772960181,67
"1327",-2.15927127375185,-1.61698972534113,67
"1328",-1.81075427941499,-1.85508496343637,67
"1329",-1.46223728507813,-1.85508496343637,67
"1330",-1.11372029074127,-2.09318020153161,67
"1331",-0.765203296404406,-2.09318020153161,67
"1332",-0.416686302067544,-2.09318020153161,67
"1333",-0.0681693077306829,-2.09318020153161,67
"1334",0.280347686606179,-2.09318020153161,67
"1335",0.628864680943041,-2.09318020153161,67
"1336",0.977381675279902,-2.09318020153161,67
"1337",1.32589866961676,-2.09318020153161,67
"1338",1.67441566395363,-2.09318020153161,67
"1339",2.02293265829049,-2.09318020153161,67
"1340",2.37144965262735,-2.09318020153161,67
"1341",-4.25037323977302,1.00205789370649,68
"1342",-3.90185624543616,1.00205789370649,68
"1343",-3.5533392510993,1.00205789370649,68
"1344",-3.20482225676244,1.00205789370649,68
"1345",-2.85630526242558,1.00205789370649,68
"1346",-2.50778826808871,1.00205789370649,68
"1347",-2.15927127375185,-1.85508496343637,68
"1348",-1.81075427941499,-2.09318020153161,68
"1349",-1.46223728507813,-2.09318020153161,68
"1350",-1.11372029074127,-2.09318020153161,68
"1351",-0.765203296404406,-2.09318020153161,68
"1352",-0.416686302067544,-2.33127543962685,68
"1353",-0.0681693077306829,-2.33127543962685,68
"1354",0.280347686606179,-2.33127543962685,68
"1355",0.628864680943041,-2.33127543962685,68
"1356",0.977381675279902,-2.33127543962685,68
"1357",1.32589866961676,-2.33127543962685,68
"1358",1.67441566395363,-2.33127543962685,68
"1359",2.02293265829049,-2.33127543962685,68
"1360",2.37144965262735,-2.33127543962685,68
"1361",-4.25037323977302,1.00205789370649,69
"1362",-3.90185624543616,1.00205789370649,69
"1363",-3.5533392510993,1.00205789370649,69
"1364",-3.20482225676244,1.00205789370649,69
"1365",-2.85630526242558,0.763962655611248,69
"1366",-2.50778826808871,-0.664608772960181,69
"1367",-2.15927127375185,-1.85508496343637,69
"1368",-1.81075427941499,-2.33127543962685,69
"1369",-1.46223728507813,-2.56937067772208,69
"1370",-1.11372029074127,-2.56937067772208,69
"1371",-0.765203296404406,-2.56937067772208,69
"1372",-0.416686302067544,-2.56937067772208,69
"1373",-0.0681693077306829,-2.80746591581732,69
"1374",0.280347686606179,-2.80746591581732,69
"1375",0.628864680943041,-2.80746591581732,69
"1376",0.977381675279902,-2.80746591581732,69
"1377",1.32589866961676,-2.80746591581732,69
"1378",1.67441566395363,-2.80746591581732,69
"1379",2.02293265829049,-2.80746591581732,69
"1380",2.37144965262735,-2.80746591581732,69
"1381",-4.25037323977302,1.00205789370649,70
"1382",-3.90185624543616,1.00205789370649,70
"1383",-3.5533392510993,1.00205789370649,70
"1384",-3.20482225676244,1.00205789370649,70
"1385",-2.85630526242558,1.00205789370649,70
"1386",-2.50778826808871,-0.902704011055419,70
"1387",-2.15927127375185,-1.85508496343637,70
"1388",-1.81075427941499,-2.33127543962685,70
"1389",-1.46223728507813,-2.56937067772208,70
"1390",-1.11372029074127,-2.56937067772208,70
"1391",-0.765203296404406,-2.56937067772208,70
"1392",-0.416686302067544,-2.56937067772208,70
"1393",-0.0681693077306829,-2.56937067772208,70
"1394",0.280347686606179,-2.56937067772208,70
"1395",0.628864680943041,-2.56937067772208,70
"1396",0.977381675279902,-2.56937067772208,70
"1397",1.32589866961676,-2.56937067772208,70
"1398",1.67441566395363,-2.56937067772208,70
"1399",2.02293265829049,-2.56937067772208,70
"1400",2.37144965262735,-2.56937067772208,70
"1401",-4.25037323977302,1.00205789370649,71
"1402",-3.90185624543616,1.00205789370649,71
"1403",-3.5533392510993,1.00205789370649,71
"1404",-3.20482225676244,1.00205789370649,71
"1405",-2.85630526242558,0.763962655611248,71
"1406",-2.50778826808871,0.287772179420772,71
"1407",-2.15927127375185,-1.85508496343637,71
"1408",-1.81075427941499,-2.33127543962685,71
"1409",-1.46223728507813,-2.56937067772208,71
"1410",-1.11372029074127,-2.56937067772208,71
"1411",-0.765203296404406,-2.56937067772208,71
"1412",-0.416686302067544,-2.56937067772208,71
"1413",-0.0681693077306829,-2.56937067772208,71
"1414",0.280347686606179,-2.56937067772208,71
"1415",0.628864680943041,-2.56937067772208,71
"1416",0.977381675279902,-2.56937067772208,71
"1417",1.32589866961676,-2.56937067772208,71
"1418",1.67441566395363,-2.56937067772208,71
"1419",2.02293265829049,-2.56937067772208,71
"1420",2.37144965262735,-2.56937067772208,71
"1421",-4.25037323977302,1.00205789370649,72
"1422",-3.90185624543616,1.00205789370649,72
"1423",-3.5533392510993,0.0496769413255338,72
"1424",-3.20482225676244,-0.664608772960181,72
"1425",-2.85630526242558,-1.14079924915066,72
"1426",-2.50778826808871,-1.37889448724589,72
"1427",-2.15927127375185,-1.61698972534113,72
"1428",-1.81075427941499,-1.85508496343637,72
"1429",-1.46223728507813,-2.09318020153161,72
"1430",-1.11372029074127,-2.33127543962685,72
"1431",-0.765203296404406,-2.80746591581732,72
"1432",-0.416686302067544,-3.04556115391256,72
"1433",-0.0681693077306829,-3.04556115391256,72
"1434",0.280347686606179,-3.04556115391256,72
"1435",0.628864680943041,-3.04556115391256,72
"1436",0.977381675279902,-3.04556115391256,72
"1437",1.32589866961676,-3.04556115391256,72
"1438",1.67441566395363,-3.04556115391256,72
"1439",2.02293265829049,-3.04556115391256,72
"1440",2.37144965262735,-3.04556115391256,72
"1441",-4.25037323977302,1.00205789370649,73
"1442",-3.90185624543616,1.00205789370649,73
"1443",-3.5533392510993,1.00205789370649,73
"1444",-3.20482225676244,0.287772179420772,73
"1445",-2.85630526242558,-0.188418296769704,73
"1446",-2.50778826808871,-0.426513534864942,73
"1447",-2.15927127375185,-1.85508496343637,73
"1448",-1.81075427941499,-2.33127543962685,73
"1449",-1.46223728507813,-2.56937067772208,73
"1450",-1.11372029074127,-2.80746591581732,73
"1451",-0.765203296404406,-2.80746591581732,73
"1452",-0.416686302067544,-3.04556115391256,73
"1453",-0.0681693077306829,-3.04556115391256,73
"1454",0.280347686606179,-3.04556115391256,73
"1455",0.628864680943041,-3.04556115391256,73
"1456",0.977381675279902,-3.04556115391256,73
"1457",1.32589866961676,-3.04556115391256,73
"1458",1.67441566395363,-3.04556115391256,73
"1459",2.02293265829049,-3.04556115391256,73
"1460",2.37144965262735,-3.04556115391256,73
"1461",-4.25037323977302,0.52586741751601,74
"1462",-3.90185624543616,0.52586741751601,74
"1463",-3.5533392510993,0.287772179420772,74
"1464",-3.20482225676244,0.0496769413255338,74
"1465",-2.85630526242558,0.0496769413255338,74
"1466",-2.50778826808871,-0.426513534864942,74
"1467",-2.15927127375185,-2.09318020153161,74
"1468",-1.81075427941499,-3.04556115391256,74
"1469",-1.46223728507813,-3.2836563920078,74
"1470",-1.11372029074127,-3.52175163010304,74
"1471",-0.765203296404406,-3.75984686819828,74
"1472",-0.416686302067544,-3.75984686819828,74
"1473",-0.0681693077306829,-3.75984686819828,74
"1474",0.280347686606179,-3.75984686819828,74
"1475",0.628864680943041,-3.75984686819828,74
"1476",0.977381675279902,-3.75984686819828,74
"1477",1.32589866961676,-3.75984686819828,74
"1478",1.67441566395363,-3.75984686819828,74
"1479",2.02293265829049,-3.75984686819828,74
"1480",2.37144965262735,-3.75984686819828,74
"1481",-4.25037323977302,1.00205789370649,75
"1482",-3.90185624543616,1.00205789370649,75
"1483",-3.5533392510993,1.00205789370649,75
"1484",-3.20482225676244,1.00205789370649,75
"1485",-2.85630526242558,-0.902704011055419,75
"1486",-2.50778826808871,-1.37889448724589,75
"1487",-2.15927127375185,-1.61698972534113,75
"1488",-1.81075427941499,-1.85508496343637,75
"1489",-1.46223728507813,-2.09318020153161,75
"1490",-1.11372029074127,-2.33127543962685,75
"1491",-0.765203296404406,-2.33127543962685,75
"1492",-0.416686302067544,-2.56937067772208,75
"1493",-0.0681693077306829,-2.56937067772208,75
"1494",0.280347686606179,-2.80746591581732,75
"1495",0.628864680943041,-2.80746591581732,75
"1496",0.977381675279902,-3.04556115391256,75
"1497",1.32589866961676,-3.04556115391256,75
"1498",1.67441566395363,-3.04556115391256,75
"1499",2.02293265829049,-3.04556115391256,75
"1500",2.37144965262735,-3.04556115391256,75
"1501",-4.25037323977302,1.00205789370649,76
"1502",-3.90185624543616,1.00205789370649,76
"1503",-3.5533392510993,1.00205789370649,76
"1504",-3.20482225676244,-0.902704011055419,76
"1505",-2.85630526242558,-1.37889448724589,76
"1506",-2.50778826808871,-1.61698972534113,76
"1507",-2.15927127375185,-1.61698972534113,76
"1508",-1.81075427941499,-1.85508496343637,76
"1509",-1.46223728507813,-1.85508496343637,76
"1510",-1.11372029074127,-2.09318020153161,76
"1511",-0.765203296404406,-2.56937067772208,76
"1512",-0.416686302067544,-2.80746591581732,76
"1513",-0.0681693077306829,-3.52175163010304,76
"1514",0.280347686606179,-3.75984686819828,76
"1515",0.628864680943041,-3.75984686819828,76
"1516",0.977381675279902,-3.75984686819828,76
"1517",1.32589866961676,-3.75984686819828,76
"1518",1.67441566395363,-3.75984686819828,76
"1519",2.02293265829049,-3.75984686819828,76
"1520",2.37144965262735,-3.75984686819828,76
"1521",-4.25037323977302,1.00205789370649,77
"1522",-3.90185624543616,1.00205789370649,77
"1523",-3.5533392510993,1.00205789370649,77
"1524",-3.20482225676244,1.00205789370649,77
"1525",-2.85630526242558,1.00205789370649,77
"1526",-2.50778826808871,-1.37889448724589,77
"1527",-2.15927127375185,-1.61698972534113,77
"1528",-1.81075427941499,-1.85508496343637,77
"1529",-1.46223728507813,-1.85508496343637,77
"1530",-1.11372029074127,-3.04556115391256,77
"1531",-0.765203296404406,-3.04556115391256,77
"1532",-0.416686302067544,-3.04556115391256,77
"1533",-0.0681693077306829,-3.04556115391256,77
"1534",0.280347686606179,-3.04556115391256,77
"1535",0.628864680943041,-3.04556115391256,77
"1536",0.977381675279902,-3.2836563920078,77
"1537",1.32589866961676,-3.2836563920078,77
"1538",1.67441566395363,-3.2836563920078,77
"1539",2.02293265829049,-3.2836563920078,77
"1540",2.37144965262735,-3.2836563920078,77
"1541",-4.25037323977302,1.00205789370649,78
"1542",-3.90185624543616,1.00205789370649,78
"1543",-3.5533392510993,1.00205789370649,78
"1544",-3.20482225676244,1.00205789370649,78
"1545",-2.85630526242558,1.00205789370649,78
"1546",-2.50778826808871,-0.902704011055419,78
"1547",-2.15927127375185,-2.09318020153161,78
"1548",-1.81075427941499,-2.80746591581732,78
"1549",-1.46223728507813,-3.2836563920078,78
"1550",-1.11372029074127,-3.52175163010304,78
"1551",-0.765203296404406,-3.52175163010304,78
"1552",-0.416686302067544,-3.75984686819828,78
"1553",-0.0681693077306829,-3.75984686819828,78
"1554",0.280347686606179,-3.75984686819828,78
"1555",0.628864680943041,-3.75984686819828,78
"1556",0.977381675279902,-3.75984686819828,78
"1557",1.32589866961676,-3.75984686819828,78
"1558",1.67441566395363,-3.75984686819828,78
"1559",2.02293265829049,-3.75984686819828,78
"1560",2.37144965262735,-3.75984686819828,78
"1561",-4.25037323977302,1.00205789370649,79
"1562",-3.90185624543616,1.00205789370649,79
"1563",-3.5533392510993,1.00205789370649,79
"1564",-3.20482225676244,1.00205789370649,79
"1565",-2.85630526242558,1.00205789370649,79
"1566",-2.50778826808871,-0.902704011055419,79
"1567",-2.15927127375185,-1.85508496343637,79
"1568",-1.81075427941499,-2.33127543962685,79
"1569",-1.46223728507813,-2.56937067772208,79
"1570",-1.11372029074127,-2.56937067772208,79
"1571",-0.765203296404406,-2.80746591581732,79
"1572",-0.416686302067544,-2.80746591581732,79
"1573",-0.0681693077306829,-2.80746591581732,79
"1574",0.280347686606179,-2.80746591581732,79
"1575",0.628864680943041,-2.80746591581732,79
"1576",0.977381675279902,-2.80746591581732,79
"1577",1.32589866961676,-2.80746591581732,79
"1578",1.67441566395363,-2.80746591581732,79
"1579",2.02293265829049,-2.80746591581732,79
"1580",2.37144965262735,-2.80746591581732,79
"1581",-4.25037323977302,1.00205789370649,80
"1582",-3.90185624543616,1.00205789370649,80
"1583",-3.5533392510993,1.00205789370649,80
"1584",-3.20482225676244,1.00205789370649,80
"1585",-2.85630526242558,1.00205789370649,80
"1586",-2.50778826808871,1.00205789370649,80
"1587",-2.15927127375185,-2.09318020153161,80
"1588",-1.81075427941499,-2.80746591581732,80
"1589",-1.46223728507813,-3.2836563920078,80
"1590",-1.11372029074127,-3.2836563920078,80
"1591",-0.765203296404406,-3.52175163010304,80
"1592",-0.416686302067544,-3.52175163010304,80
"1593",-0.0681693077306829,-3.52175163010304,80
"1594",0.280347686606179,-3.52175163010304,80
"1595",0.628864680943041,-3.52175163010304,80
"1596",0.977381675279902,-3.52175163010304,80
"1597",1.32589866961676,-3.52175163010304,80
"1598",1.67441566395363,-3.52175163010304,80
"1599",2.02293265829049,-3.52175163010304,80
"1600",2.37144965262735,-3.52175163010304,80
"1601",-4.25037323977302,1.00205789370649,81
"1602",-3.90185624543616,1.00205789370649,81
"1603",-3.5533392510993,1.00205789370649,81
"1604",-3.20482225676244,1.00205789370649,81
"1605",-2.85630526242558,-0.664608772960181,81
"1606",-2.50778826808871,-1.37889448724589,81
"1607",-2.15927127375185,-1.61698972534113,81
"1608",-1.81075427941499,-1.85508496343637,81
"1609",-1.46223728507813,-2.09318020153161,81
"1610",-1.11372029074127,-2.09318020153161,81
"1611",-0.765203296404406,-2.09318020153161,81
"1612",-0.416686302067544,-2.33127543962685,81
"1613",-0.0681693077306829,-2.33127543962685,81
"1614",0.280347686606179,-2.33127543962685,81
"1615",0.628864680943041,-2.33127543962685,81
"1616",0.977381675279902,-2.33127543962685,81
"1617",1.32589866961676,-2.33127543962685,81
"1618",1.67441566395363,-2.33127543962685,81
"1619",2.02293265829049,-2.33127543962685,81
"1620",2.37144965262735,-2.33127543962685,81
"1621",-4.25037323977302,1.00205789370649,82
"1622",-3.90185624543616,1.00205789370649,82
"1623",-3.5533392510993,1.00205789370649,82
"1624",-3.20482225676244,1.00205789370649,82
"1625",-2.85630526242558,0.763962655611248,82
"1626",-2.50778826808871,-1.37889448724589,82
"1627",-2.15927127375185,-1.61698972534113,82
"1628",-1.81075427941499,-1.85508496343637,82
"1629",-1.46223728507813,-2.09318020153161,82
"1630",-1.11372029074127,-2.09318020153161,82
"1631",-0.765203296404406,-2.09318020153161,82
"1632",-0.416686302067544,-2.09318020153161,82
"1633",-0.0681693077306829,-2.33127543962685,82
"1634",0.280347686606179,-2.33127543962685,82
"1635",0.628864680943041,-2.33127543962685,82
"1636",0.977381675279902,-2.56937067772208,82
"1637",1.32589866961676,-2.56937067772208,82
"1638",1.67441566395363,-2.56937067772208,82
"1639",2.02293265829049,-2.80746591581732,82
"1640",2.37144965262735,-2.80746591581732,82
"1641",-4.25037323977302,1.00205789370649,83
"1642",-3.90185624543616,1.00205789370649,83
"1643",-3.5533392510993,0.763962655611248,83
"1644",-3.20482225676244,0.763962655611248,83
"1645",-2.85630526242558,0.52586741751601,83
"1646",-2.50778826808871,-1.14079924915066,83
"1647",-2.15927127375185,-1.85508496343637,83
"1648",-1.81075427941499,-2.56937067772208,83
"1649",-1.46223728507813,-3.2836563920078,83
"1650",-1.11372029074127,-3.75984686819828,83
"1651",-0.765203296404406,-3.75984686819828,83
"1652",-0.416686302067544,-3.75984686819828,83
"1653",-0.0681693077306829,-3.75984686819828,83
"1654",0.280347686606179,-3.75984686819828,83
"1655",0.628864680943041,-3.75984686819828,83
"1656",0.977381675279902,-3.75984686819828,83
"1657",1.32589866961676,-3.75984686819828,83
"1658",1.67441566395363,-3.75984686819828,83
"1659",2.02293265829049,-3.75984686819828,83
"1660",2.37144965262735,-3.75984686819828,83
"1661",-4.25037323977302,1.00205789370649,84
"1662",-3.90185624543616,1.00205789370649,84
"1663",-3.5533392510993,1.00205789370649,84
"1664",-3.20482225676244,1.00205789370649,84
"1665",-2.85630526242558,1.00205789370649,84
"1666",-2.50778826808871,1.00205789370649,84
"1667",-2.15927127375185,-1.85508496343637,84
"1668",-1.81075427941499,-2.33127543962685,84
"1669",-1.46223728507813,-2.33127543962685,84
"1670",-1.11372029074127,-2.56937067772208,84
"1671",-0.765203296404406,-2.56937067772208,84
"1672",-0.416686302067544,-2.56937067772208,84
"1673",-0.0681693077306829,-2.56937067772208,84
"1674",0.280347686606179,-2.56937067772208,84
"1675",0.628864680943041,-2.56937067772208,84
"1676",0.977381675279902,-2.56937067772208,84
"1677",1.32589866961676,-2.80746591581732,84
"1678",1.67441566395363,-2.80746591581732,84
"1679",2.02293265829049,-2.80746591581732,84
"1680",2.37144965262735,-2.80746591581732,84
"1681",-4.25037323977302,1.00205789370649,85
"1682",-3.90185624543616,1.00205789370649,85
"1683",-3.5533392510993,1.00205789370649,85
"1684",-3.20482225676244,1.00205789370649,85
"1685",-2.85630526242558,0.763962655611248,85
"1686",-2.50778826808871,0.52586741751601,85
"1687",-2.15927127375185,-1.85508496343637,85
"1688",-1.81075427941499,-2.33127543962685,85
"1689",-1.46223728507813,-2.33127543962685,85
"1690",-1.11372029074127,-2.33127543962685,85
"1691",-0.765203296404406,-2.56937067772208,85
"1692",-0.416686302067544,-2.56937067772208,85
"1693",-0.0681693077306829,-2.80746591581732,85
"1694",0.280347686606179,-2.80746591581732,85
"1695",0.628864680943041,-2.80746591581732,85
"1696",0.977381675279902,-2.80746591581732,85
"1697",1.32589866961676,-2.80746591581732,85
"1698",1.67441566395363,-2.80746591581732,85
"1699",2.02293265829049,-2.80746591581732,85
"1700",2.37144965262735,-2.80746591581732,85
"1701",-4.25037323977302,1.00205789370649,86
"1702",-3.90185624543616,1.00205789370649,86
"1703",-3.5533392510993,0.0496769413255338,86
"1704",-3.20482225676244,-1.14079924915066,86
"1705",-2.85630526242558,-1.37889448724589,86
"1706",-2.50778826808871,-1.37889448724589,86
"1707",-2.15927127375185,-1.85508496343637,86
"1708",-1.81075427941499,-2.33127543962685,86
"1709",-1.46223728507813,-2.80746591581732,86
"1710",-1.11372029074127,-3.04556115391256,86
"1711",-0.765203296404406,-3.04556115391256,86
"1712",-0.416686302067544,-3.2836563920078,86
"1713",-0.0681693077306829,-3.2836563920078,86
"1714",0.280347686606179,-3.2836563920078,86
"1715",0.628864680943041,-3.2836563920078,86
"1716",0.977381675279902,-3.2836563920078,86
"1717",1.32589866961676,-3.2836563920078,86
"1718",1.67441566395363,-3.2836563920078,86
"1719",2.02293265829049,-3.2836563920078,86
"1720",2.37144965262735,-3.2836563920078,86
"1721",-4.25037323977302,0.763962655611248,87
"1722",-3.90185624543616,0.52586741751601,87
"1723",-3.5533392510993,0.287772179420772,87
"1724",-3.20482225676244,0.287772179420772,87
"1725",-2.85630526242558,0.0496769413255338,87
"1726",-2.50778826808871,-0.664608772960181,87
"1727",-2.15927127375185,-1.85508496343637,87
"1728",-1.81075427941499,-2.33127543962685,87
"1729",-1.46223728507813,-2.33127543962685,87
"1730",-1.11372029074127,-2.56937067772208,87
"1731",-0.765203296404406,-2.56937067772208,87
"1732",-0.416686302067544,-2.56937067772208,87
"1733",-0.0681693077306829,-2.56937067772208,87
"1734",0.280347686606179,-2.56937067772208,87
"1735",0.628864680943041,-2.56937067772208,87
"1736",0.977381675279902,-2.56937067772208,87
"1737",1.32589866961676,-2.80746591581732,87
"1738",1.67441566395363,-2.80746591581732,87
"1739",2.02293265829049,-2.80746591581732,87
"1740",2.37144965262735,-2.80746591581732,87
"1741",-4.25037323977302,1.00205789370649,88
"1742",-3.90185624543616,1.00205789370649,88
"1743",-3.5533392510993,1.00205789370649,88
"1744",-3.20482225676244,1.00205789370649,88
"1745",-2.85630526242558,1.00205789370649,88
"1746",-2.50778826808871,-1.14079924915066,88
"1747",-2.15927127375185,-1.85508496343637,88
"1748",-1.81075427941499,-2.09318020153161,88
"1749",-1.46223728507813,-2.33127543962685,88
"1750",-1.11372029074127,-2.56937067772208,88
"1751",-0.765203296404406,-2.56937067772208,88
"1752",-0.416686302067544,-2.56937067772208,88
"1753",-0.0681693077306829,-2.56937067772208,88
"1754",0.280347686606179,-2.80746591581732,88
"1755",0.628864680943041,-2.80746591581732,88
"1756",0.977381675279902,-2.80746591581732,88
"1757",1.32589866961676,-2.80746591581732,88
"1758",1.67441566395363,-2.80746591581732,88
"1759",2.02293265829049,-2.80746591581732,88
"1760",2.37144965262735,-2.80746591581732,88
"1761",-4.25037323977302,1.00205789370649,89
"1762",-3.90185624543616,1.00205789370649,89
"1763",-3.5533392510993,1.00205789370649,89
"1764",-3.20482225676244,1.00205789370649,89
"1765",-2.85630526242558,-1.14079924915066,89
"1766",-2.50778826808871,-1.37889448724589,89
"1767",-2.15927127375185,-1.61698972534113,89
"1768",-1.81075427941499,-2.09318020153161,89
"1769",-1.46223728507813,-2.33127543962685,89
"1770",-1.11372029074127,-2.80746591581732,89
"1771",-0.765203296404406,-2.80746591581732,89
"1772",-0.416686302067544,-2.80746591581732,89
"1773",-0.0681693077306829,-2.80746591581732,89
"1774",0.280347686606179,-2.80746591581732,89
"1775",0.628864680943041,-2.80746591581732,89
"1776",0.977381675279902,-2.80746591581732,89
"1777",1.32589866961676,-2.80746591581732,89
"1778",1.67441566395363,-2.80746591581732,89
"1779",2.02293265829049,-2.80746591581732,89
"1780",2.37144965262735,-2.80746591581732,89
"1781",-4.25037323977302,1.00205789370649,90
"1782",-3.90185624543616,1.00205789370649,90
"1783",-3.5533392510993,1.00205789370649,90
"1784",-3.20482225676244,1.00205789370649,90
"1785",-2.85630526242558,-0.426513534864942,90
"1786",-2.50778826808871,-1.14079924915066,90
"1787",-2.15927127375185,-1.61698972534113,90
"1788",-1.81075427941499,-1.85508496343637,90
"1789",-1.46223728507813,-2.09318020153161,90
"1790",-1.11372029074127,-2.09318020153161,90
"1791",-0.765203296404406,-2.09318020153161,90
"1792",-0.416686302067544,-2.09318020153161,90
"1793",-0.0681693077306829,-2.09318020153161,90
"1794",0.280347686606179,-2.33127543962685,90
"1795",0.628864680943041,-2.33127543962685,90
"1796",0.977381675279902,-2.33127543962685,90
"1797",1.32589866961676,-2.33127543962685,90
"1798",1.67441566395363,-2.33127543962685,90
"1799",2.02293265829049,-2.33127543962685,90
"1800",2.37144965262735,-2.56937067772208,90
"1801",-4.25037323977302,1.00205789370649,91
"1802",-3.90185624543616,1.00205789370649,91
"1803",-3.5533392510993,1.00205789370649,91
"1804",-3.20482225676244,1.00205789370649,91
"1805",-2.85630526242558,-0.664608772960181,91
"1806",-2.50778826808871,-1.37889448724589,91
"1807",-2.15927127375185,-1.61698972534113,91
"1808",-1.81075427941499,-1.85508496343637,91
"1809",-1.46223728507813,-1.85508496343637,91
"1810",-1.11372029074127,-2.09318020153161,91
"1811",-0.765203296404406,-2.09318020153161,91
"1812",-0.416686302067544,-2.09318020153161,91
"1813",-0.0681693077306829,-2.09318020153161,91
"1814",0.280347686606179,-2.56937067772208,91
"1815",0.628864680943041,-2.80746591581732,91
"1816",0.977381675279902,-2.80746591581732,91
"1817",1.32589866961676,-2.80746591581732,91
"1818",1.67441566395363,-2.80746591581732,91
"1819",2.02293265829049,-2.80746591581732,91
"1820",2.37144965262735,-2.80746591581732,91
"1821",-4.25037323977302,1.00205789370649,92
"1822",-3.90185624543616,1.00205789370649,92
"1823",-3.5533392510993,1.00205789370649,92
"1824",-3.20482225676244,1.00205789370649,92
"1825",-2.85630526242558,1.00205789370649,92
"1826",-2.50778826808871,-0.902704011055419,92
"1827",-2.15927127375185,-1.85508496343637,92
"1828",-1.81075427941499,-2.33127543962685,92
"1829",-1.46223728507813,-2.56937067772208,92
"1830",-1.11372029074127,-2.80746591581732,92
"1831",-0.765203296404406,-3.04556115391256,92
"1832",-0.416686302067544,-3.2836563920078,92
"1833",-0.0681693077306829,-3.75984686819828,92
"1834",0.280347686606179,-3.75984686819828,92
"1835",0.628864680943041,-3.75984686819828,92
"1836",0.977381675279902,-3.75984686819828,92
"1837",1.32589866961676,-3.75984686819828,92
"1838",1.67441566395363,-3.75984686819828,92
"1839",2.02293265829049,-3.75984686819828,92
"1840",2.37144965262735,-3.75984686819828,92
"1841",-4.25037323977302,1.00205789370649,93
"1842",-3.90185624543616,1.00205789370649,93
"1843",-3.5533392510993,1.00205789370649,93
"1844",-3.20482225676244,1.00205789370649,93
"1845",-2.85630526242558,1.00205789370649,93
"1846",-2.50778826808871,-1.14079924915066,93
"1847",-2.15927127375185,-1.61698972534113,93
"1848",-1.81075427941499,-2.80746591581732,93
"1849",-1.46223728507813,-3.04556115391256,93
"1850",-1.11372029074127,-3.04556115391256,93
"1851",-0.765203296404406,-3.04556115391256,93
"1852",-0.416686302067544,-3.04556115391256,93
"1853",-0.0681693077306829,-3.04556115391256,93
"1854",0.280347686606179,-3.04556115391256,93
"1855",0.628864680943041,-3.04556115391256,93
"1856",0.977381675279902,-3.04556115391256,93
"1857",1.32589866961676,-3.04556115391256,93
"1858",1.67441566395363,-3.04556115391256,93
"1859",2.02293265829049,-3.04556115391256,93
"1860",2.37144965262735,-3.04556115391256,93
"1861",-4.25037323977302,1.00205789370649,94
"1862",-3.90185624543616,1.00205789370649,94
"1863",-3.5533392510993,1.00205789370649,94
"1864",-3.20482225676244,1.00205789370649,94
"1865",-2.85630526242558,1.00205789370649,94
"1866",-2.50778826808871,-1.37889448724589,94
"1867",-2.15927127375185,-1.61698972534113,94
"1868",-1.81075427941499,-1.85508496343637,94
"1869",-1.46223728507813,-1.85508496343637,94
"1870",-1.11372029074127,-1.85508496343637,94
"1871",-0.765203296404406,-2.09318020153161,94
"1872",-0.416686302067544,-2.09318020153161,94
"1873",-0.0681693077306829,-2.09318020153161,94
"1874",0.280347686606179,-2.09318020153161,94
"1875",0.628864680943041,-2.09318020153161,94
"1876",0.977381675279902,-2.09318020153161,94
"1877",1.32589866961676,-2.09318020153161,94
"1878",1.67441566395363,-2.09318020153161,94
"1879",2.02293265829049,-2.09318020153161,94
"1880",2.37144965262735,-2.09318020153161,94
"1881",-4.25037323977302,1.00205789370649,95
"1882",-3.90185624543616,1.00205789370649,95
"1883",-3.5533392510993,1.00205789370649,95
"1884",-3.20482225676244,1.00205789370649,95
"1885",-2.85630526242558,1.00205789370649,95
"1886",-2.50778826808871,-0.664608772960181,95
"1887",-2.15927127375185,-1.85508496343637,95
"1888",-1.81075427941499,-2.33127543962685,95
"1889",-1.46223728507813,-2.56937067772208,95
"1890",-1.11372029074127,-2.56937067772208,95
"1891",-0.765203296404406,-2.80746591581732,95
"1892",-0.416686302067544,-2.80746591581732,95
"1893",-0.0681693077306829,-2.80746591581732,95
"1894",0.280347686606179,-2.80746591581732,95
"1895",0.628864680943041,-2.80746591581732,95
"1896",0.977381675279902,-2.80746591581732,95
"1897",1.32589866961676,-2.80746591581732,95
"1898",1.67441566395363,-2.80746591581732,95
"1899",2.02293265829049,-2.80746591581732,95
"1900",2.37144965262735,-2.80746591581732,95
"1901",-4.25037323977302,1.00205789370649,96
"1902",-3.90185624543616,1.00205789370649,96
"1903",-3.5533392510993,1.00205789370649,96
"1904",-3.20482225676244,1.00205789370649,96
"1905",-2.85630526242558,0.287772179420772,96
"1906",-2.50778826808871,-1.14079924915066,96
"1907",-2.15927127375185,-1.61698972534113,96
"1908",-1.81075427941499,-1.85508496343637,96
"1909",-1.46223728507813,-1.85508496343637,96
"1910",-1.11372029074127,-2.09318020153161,96
"1911",-0.765203296404406,-2.09318020153161,96
"1912",-0.416686302067544,-2.09318020153161,96
"1913",-0.0681693077306829,-2.09318020153161,96
"1914",0.280347686606179,-2.09318020153161,96
"1915",0.628864680943041,-2.09318020153161,96
"1916",0.977381675279902,-2.09318020153161,96
"1917",1.32589866961676,-2.09318020153161,96
"1918",1.67441566395363,-2.09318020153161,96
"1919",2.02293265829049,-2.09318020153161,96
"1920",2.37144965262735,-2.09318020153161,96
"1921",-4.25037323977302,1.00205789370649,97
"1922",-3.90185624543616,1.00205789370649,97
"1923",-3.5533392510993,1.00205789370649,97
"1924",-3.20482225676244,1.00205789370649,97
"1925",-2.85630526242558,-1.14079924915066,97
"1926",-2.50778826808871,-1.37889448724589,97
"1927",-2.15927127375185,-1.61698972534113,97
"1928",-1.81075427941499,-1.85508496343637,97
"1929",-1.46223728507813,-1.85508496343637,97
"1930",-1.11372029074127,-1.85508496343637,97
"1931",-0.765203296404406,-1.85508496343637,97
"1932",-0.416686302067544,-1.85508496343637,97
"1933",-0.0681693077306829,-1.85508496343637,97
"1934",0.280347686606179,-1.85508496343637,97
"1935",0.628864680943041,-1.85508496343637,97
"1936",0.977381675279902,-1.85508496343637,97
"1937",1.32589866961676,-1.85508496343637,97
"1938",1.67441566395363,-1.85508496343637,97
"1939",2.02293265829049,-1.85508496343637,97
"1940",2.37144965262735,-1.85508496343637,97
"1941",-4.25037323977302,1.00205789370649,98
"1942",-3.90185624543616,-0.664608772960181,98
"1943",-3.5533392510993,-1.14079924915066,98
"1944",-3.20482225676244,-1.37889448724589,98
"1945",-2.85630526242558,-1.37889448724589,98
"1946",-2.50778826808871,-1.61698972534113,98
"1947",-2.15927127375185,-1.61698972534113,98
"1948",-1.81075427941499,-1.85508496343637,98
"1949",-1.46223728507813,-2.09318020153161,98
"1950",-1.11372029074127,-2.09318020153161,98
"1951",-0.765203296404406,-2.33127543962685,98
"1952",-0.416686302067544,-2.56937067772208,98
"1953",-0.0681693077306829,-2.56937067772208,98
"1954",0.280347686606179,-2.80746591581732,98
"1955",0.628864680943041,-3.04556115391256,98
"1956",0.977381675279902,-3.04556115391256,98
"1957",1.32589866961676,-3.04556115391256,98
"1958",1.67441566395363,-3.2836563920078,98
"1959",2.02293265829049,-3.2836563920078,98
"1960",2.37144965262735,-3.2836563920078,98
"1961",-4.25037323977302,1.00205789370649,99
"1962",-3.90185624543616,1.00205789370649,99
"1963",-3.5533392510993,1.00205789370649,99
"1964",-3.20482225676244,1.00205789370649,99
"1965",-2.85630526242558,0.763962655611248,99
"1966",-2.50778826808871,-0.426513534864942,99
"1967",-2.15927127375185,-1.85508496343637,99
"1968",-1.81075427941499,-2.56937067772208,99
"1969",-1.46223728507813,-3.52175163010304,99
"1970",-1.11372029074127,-3.75984686819828,99
"1971",-0.765203296404406,-3.75984686819828,99
"1972",-0.416686302067544,-3.75984686819828,99
"1973",-0.0681693077306829,-3.75984686819828,99
"1974",0.280347686606179,-3.75984686819828,99
"1975",0.628864680943041,-3.75984686819828,99
"1976",0.977381675279902,-3.75984686819828,99
"1977",1.32589866961676,-3.75984686819828,99
"1978",1.67441566395363,-3.75984686819828,99
"1979",2.02293265829049,-3.75984686819828,99
"1980",2.37144965262735,-3.75984686819828,99
"1981",-4.25037323977302,1.00205789370649,100
"1982",-3.90185624543616,1.00205789370649,100
"1983",-3.5533392510993,1.00205789370649,100
"1984",-3.20482225676244,0.52586741751601,100
"1985",-2.85630526242558,-0.188418296769704,100
"1986",-2.50778826808871,-1.14079924915066,100
"1987",-2.15927127375185,-1.85508496343637,100
"1988",-1.81075427941499,-2.09318020153161,100
"1989",-1.46223728507813,-2.33127543962685,100
"1990",-1.11372029074127,-2.33127543962685,100
"1991",-0.765203296404406,-2.33127543962685,100
"1992",-0.416686302067544,-2.33127543962685,100
"1993",-0.0681693077306829,-2.33127543962685,100
"1994",0.280347686606179,-2.33127543962685,100
"1995",0.628864680943041,-2.33127543962685,100
"1996",0.977381675279902,-2.33127543962685,100
"1997",1.32589866961676,-2.56937067772208,100
"1998",1.67441566395363,-2.56937067772208,100
"1999",2.02293265829049,-2.56937067772208,100
"2000",2.37144965262735,-2.56937067772208,100
