"","x","y","sample"
"1",-4.69700839088292,0.109037203444348,1
"2",-4.33924891022037,0.109037203444348,1
"3",-3.98148942955781,0.109037203444348,1
"4",-3.62372994889525,0.109037203444348,1
"5",-3.2659704682327,0.109037203444348,1
"6",-2.90821098757014,0.109037203444348,1
"7",-2.55045150690758,0.109037203444348,1
"8",-2.19269202624503,0.109037203444348,1
"9",-1.83493254558247,0.109037203444348,1
"10",-1.47717306491991,0.109037203444348,1
"11",-1.11941358425736,0.109037203444348,1
"12",-0.761654103594802,0.109037203444348,1
"13",-0.403894622932246,-0.482608724466366,1
"14",-0.046135142269689,-0.679824033769938,1
"15",0.311624338392868,-0.87703934307351,1
"16",0.669383819055424,-0.87703934307351,1
"17",1.02714329971798,-0.87703934307351,1
"18",1.38490278038054,-0.87703934307351,1
"19",1.74266226104309,-0.87703934307351,1
"20",2.10042174170565,-0.87703934307351,1
"21",-4.69700839088292,0.109037203444348,2
"22",-4.33924891022037,0.109037203444348,2
"23",-3.98148942955781,0.109037203444348,2
"24",-3.62372994889525,0.109037203444348,2
"25",-3.2659704682327,0.109037203444348,2
"26",-2.90821098757014,0.109037203444348,2
"27",-2.55045150690758,0.109037203444348,2
"28",-2.19269202624503,0.109037203444348,2
"29",-1.83493254558247,0.109037203444348,2
"30",-1.47717306491991,0.109037203444348,2
"31",-1.11941358425736,0.109037203444348,2
"32",-0.761654103594802,0.109037203444348,2
"33",-0.403894622932246,-0.285393415162795,2
"34",-0.046135142269689,-0.87703934307351,2
"35",0.311624338392868,-1.07425465237708,2
"36",0.669383819055424,-1.07425465237708,2
"37",1.02714329971798,-1.07425465237708,2
"38",1.38490278038054,-1.07425465237708,2
"39",1.74266226104309,-1.07425465237708,2
"40",2.10042174170565,-1.07425465237708,2
"41",-4.69700839088292,0.109037203444348,3
"42",-4.33924891022037,0.109037203444348,3
"43",-3.98148942955781,0.109037203444348,3
"44",-3.62372994889525,0.109037203444348,3
"45",-3.2659704682327,0.109037203444348,3
"46",-2.90821098757014,0.109037203444348,3
"47",-2.55045150690758,0.109037203444348,3
"48",-2.19269202624503,0.109037203444348,3
"49",-1.83493254558247,0.109037203444348,3
"50",-1.47717306491991,0.109037203444348,3
"51",-1.11941358425736,0.109037203444348,3
"52",-0.761654103594802,-0.0881781058592233,3
"53",-0.403894622932246,-0.482608724466366,3
"54",-0.046135142269689,-0.679824033769938,3
"55",0.311624338392868,-0.87703934307351,3
"56",0.669383819055424,-0.87703934307351,3
"57",1.02714329971798,-1.07425465237708,3
"58",1.38490278038054,-1.07425465237708,3
"59",1.74266226104309,-1.07425465237708,3
"60",2.10042174170565,-1.07425465237708,3
"61",-4.69700839088292,0.109037203444348,4
"62",-4.33924891022037,0.109037203444348,4
"63",-3.98148942955781,0.109037203444348,4
"64",-3.62372994889525,0.109037203444348,4
"65",-3.2659704682327,0.109037203444348,4
"66",-2.90821098757014,0.109037203444348,4
"67",-2.55045150690758,0.109037203444348,4
"68",-2.19269202624503,0.109037203444348,4
"69",-1.83493254558247,0.109037203444348,4
"70",-1.47717306491991,0.109037203444348,4
"71",-1.11941358425736,0.109037203444348,4
"72",-0.761654103594802,-0.285393415162795,4
"73",-0.403894622932246,-0.482608724466366,4
"74",-0.046135142269689,-0.679824033769938,4
"75",0.311624338392868,-0.87703934307351,4
"76",0.669383819055424,-0.87703934307351,4
"77",1.02714329971798,-0.87703934307351,4
"78",1.38490278038054,-0.87703934307351,4
"79",1.74266226104309,-0.87703934307351,4
"80",2.10042174170565,-0.87703934307351,4
"81",-4.69700839088292,0.109037203444348,5
"82",-4.33924891022037,0.109037203444348,5
"83",-3.98148942955781,0.109037203444348,5
"84",-3.62372994889525,0.109037203444348,5
"85",-3.2659704682327,0.109037203444348,5
"86",-2.90821098757014,0.109037203444348,5
"87",-2.55045150690758,0.109037203444348,5
"88",-2.19269202624503,0.109037203444348,5
"89",-1.83493254558247,0.109037203444348,5
"90",-1.47717306491991,0.109037203444348,5
"91",-1.11941358425736,0.109037203444348,5
"92",-0.761654103594802,0.109037203444348,5
"93",-0.403894622932246,-0.482608724466366,5
"94",-0.046135142269689,-0.679824033769938,5
"95",0.311624338392868,-0.87703934307351,5
"96",0.669383819055424,-0.87703934307351,5
"97",1.02714329971798,-0.87703934307351,5
"98",1.38490278038054,-0.87703934307351,5
"99",1.74266226104309,-0.87703934307351,5
"100",2.10042174170565,-0.87703934307351,5
"101",-4.69700839088292,0.109037203444348,6
"102",-4.33924891022037,0.109037203444348,6
"103",-3.98148942955781,0.109037203444348,6
"104",-3.62372994889525,0.109037203444348,6
"105",-3.2659704682327,0.109037203444348,6
"106",-2.90821098757014,0.109037203444348,6
"107",-2.55045150690758,0.109037203444348,6
"108",-2.19269202624503,0.109037203444348,6
"109",-1.83493254558247,0.109037203444348,6
"110",-1.47717306491991,0.109037203444348,6
"111",-1.11941358425736,0.109037203444348,6
"112",-0.761654103594802,-0.0881781058592233,6
"113",-0.403894622932246,-0.482608724466366,6
"114",-0.046135142269689,-0.679824033769938,6
"115",0.311624338392868,-0.679824033769938,6
"116",0.669383819055424,-0.679824033769938,6
"117",1.02714329971798,-0.679824033769938,6
"118",1.38490278038054,-0.679824033769938,6
"119",1.74266226104309,-0.679824033769938,6
"120",2.10042174170565,-0.679824033769938,6
"121",-4.69700839088292,0.109037203444348,7
"122",-4.33924891022037,0.109037203444348,7
"123",-3.98148942955781,0.109037203444348,7
"124",-3.62372994889525,0.109037203444348,7
"125",-3.2659704682327,0.109037203444348,7
"126",-2.90821098757014,0.109037203444348,7
"127",-2.55045150690758,0.109037203444348,7
"128",-2.19269202624503,0.109037203444348,7
"129",-1.83493254558247,0.109037203444348,7
"130",-1.47717306491991,0.109037203444348,7
"131",-1.11941358425736,0.109037203444348,7
"132",-0.761654103594802,0.109037203444348,7
"133",-0.403894622932246,-0.482608724466366,7
"134",-0.046135142269689,-0.87703934307351,7
"135",0.311624338392868,-1.07425465237708,7
"136",0.669383819055424,-1.27146996168065,7
"137",1.02714329971798,-1.27146996168065,7
"138",1.38490278038054,-1.27146996168065,7
"139",1.74266226104309,-1.27146996168065,7
"140",2.10042174170565,-1.27146996168065,7
"141",-4.69700839088292,0.109037203444348,8
"142",-4.33924891022037,0.109037203444348,8
"143",-3.98148942955781,0.109037203444348,8
"144",-3.62372994889525,0.109037203444348,8
"145",-3.2659704682327,0.109037203444348,8
"146",-2.90821098757014,0.109037203444348,8
"147",-2.55045150690758,0.109037203444348,8
"148",-2.19269202624503,0.109037203444348,8
"149",-1.83493254558247,0.109037203444348,8
"150",-1.47717306491991,0.109037203444348,8
"151",-1.11941358425736,0.109037203444348,8
"152",-0.761654103594802,0.109037203444348,8
"153",-0.403894622932246,-0.482608724466366,8
"154",-0.046135142269689,-0.87703934307351,8
"155",0.311624338392868,-1.07425465237708,8
"156",0.669383819055424,-1.07425465237708,8
"157",1.02714329971798,-1.07425465237708,8
"158",1.38490278038054,-1.07425465237708,8
"159",1.74266226104309,-1.07425465237708,8
"160",2.10042174170565,-1.07425465237708,8
"161",-4.69700839088292,0.109037203444348,9
"162",-4.33924891022037,0.109037203444348,9
"163",-3.98148942955781,0.109037203444348,9
"164",-3.62372994889525,0.109037203444348,9
"165",-3.2659704682327,0.109037203444348,9
"166",-2.90821098757014,0.109037203444348,9
"167",-2.55045150690758,0.109037203444348,9
"168",-2.19269202624503,0.109037203444348,9
"169",-1.83493254558247,0.109037203444348,9
"170",-1.47717306491991,0.109037203444348,9
"171",-1.11941358425736,0.109037203444348,9
"172",-0.761654103594802,0.109037203444348,9
"173",-0.403894622932246,-0.482608724466366,9
"174",-0.046135142269689,-0.679824033769938,9
"175",0.311624338392868,-0.87703934307351,9
"176",0.669383819055424,-0.87703934307351,9
"177",1.02714329971798,-0.87703934307351,9
"178",1.38490278038054,-0.87703934307351,9
"179",1.74266226104309,-0.87703934307351,9
"180",2.10042174170565,-0.87703934307351,9
"181",-4.69700839088292,0.109037203444348,10
"182",-4.33924891022037,0.109037203444348,10
"183",-3.98148942955781,0.109037203444348,10
"184",-3.62372994889525,0.109037203444348,10
"185",-3.2659704682327,0.109037203444348,10
"186",-2.90821098757014,0.109037203444348,10
"187",-2.55045150690758,0.109037203444348,10
"188",-2.19269202624503,0.109037203444348,10
"189",-1.83493254558247,0.109037203444348,10
"190",-1.47717306491991,0.109037203444348,10
"191",-1.11941358425736,0.109037203444348,10
"192",-0.761654103594802,0.109037203444348,10
"193",-0.403894622932246,-0.482608724466366,10
"194",-0.046135142269689,-0.87703934307351,10
"195",0.311624338392868,-1.07425465237708,10
"196",0.669383819055424,-1.07425465237708,10
"197",1.02714329971798,-1.07425465237708,10
"198",1.38490278038054,-1.07425465237708,10
"199",1.74266226104309,-1.07425465237708,10
"200",2.10042174170565,-1.07425465237708,10
"201",-4.69700839088292,0.109037203444348,11
"202",-4.33924891022037,0.109037203444348,11
"203",-3.98148942955781,0.109037203444348,11
"204",-3.62372994889525,0.109037203444348,11
"205",-3.2659704682327,0.109037203444348,11
"206",-2.90821098757014,0.109037203444348,11
"207",-2.55045150690758,0.109037203444348,11
"208",-2.19269202624503,0.109037203444348,11
"209",-1.83493254558247,0.109037203444348,11
"210",-1.47717306491991,0.109037203444348,11
"211",-1.11941358425736,0.109037203444348,11
"212",-0.761654103594802,0.109037203444348,11
"213",-0.403894622932246,-0.482608724466366,11
"214",-0.046135142269689,-0.679824033769938,11
"215",0.311624338392868,-0.87703934307351,11
"216",0.669383819055424,-0.87703934307351,11
"217",1.02714329971798,-0.87703934307351,11
"218",1.38490278038054,-0.87703934307351,11
"219",1.74266226104309,-0.87703934307351,11
"220",2.10042174170565,-0.87703934307351,11
"221",-4.69700839088292,0.109037203444348,12
"222",-4.33924891022037,0.109037203444348,12
"223",-3.98148942955781,0.109037203444348,12
"224",-3.62372994889525,0.109037203444348,12
"225",-3.2659704682327,0.109037203444348,12
"226",-2.90821098757014,0.109037203444348,12
"227",-2.55045150690758,0.109037203444348,12
"228",-2.19269202624503,0.109037203444348,12
"229",-1.83493254558247,0.109037203444348,12
"230",-1.47717306491991,0.109037203444348,12
"231",-1.11941358425736,0.109037203444348,12
"232",-0.761654103594802,0.109037203444348,12
"233",-0.403894622932246,-0.482608724466366,12
"234",-0.046135142269689,-0.87703934307351,12
"235",0.311624338392868,-1.07425465237708,12
"236",0.669383819055424,-1.07425465237708,12
"237",1.02714329971798,-1.07425465237708,12
"238",1.38490278038054,-1.07425465237708,12
"239",1.74266226104309,-1.07425465237708,12
"240",2.10042174170565,-1.07425465237708,12
"241",-4.69700839088292,0.109037203444348,13
"242",-4.33924891022037,0.109037203444348,13
"243",-3.98148942955781,0.109037203444348,13
"244",-3.62372994889525,0.109037203444348,13
"245",-3.2659704682327,0.109037203444348,13
"246",-2.90821098757014,0.109037203444348,13
"247",-2.55045150690758,0.109037203444348,13
"248",-2.19269202624503,0.109037203444348,13
"249",-1.83493254558247,0.109037203444348,13
"250",-1.47717306491991,0.109037203444348,13
"251",-1.11941358425736,0.109037203444348,13
"252",-0.761654103594802,-0.0881781058592233,13
"253",-0.403894622932246,-0.482608724466366,13
"254",-0.046135142269689,-0.679824033769938,13
"255",0.311624338392868,-0.87703934307351,13
"256",0.669383819055424,-0.87703934307351,13
"257",1.02714329971798,-1.07425465237708,13
"258",1.38490278038054,-1.07425465237708,13
"259",1.74266226104309,-1.07425465237708,13
"260",2.10042174170565,-1.07425465237708,13
"261",-4.69700839088292,0.109037203444348,14
"262",-4.33924891022037,0.109037203444348,14
"263",-3.98148942955781,0.109037203444348,14
"264",-3.62372994889525,0.109037203444348,14
"265",-3.2659704682327,0.109037203444348,14
"266",-2.90821098757014,0.109037203444348,14
"267",-2.55045150690758,0.109037203444348,14
"268",-2.19269202624503,0.109037203444348,14
"269",-1.83493254558247,0.109037203444348,14
"270",-1.47717306491991,0.109037203444348,14
"271",-1.11941358425736,0.109037203444348,14
"272",-0.761654103594802,0.109037203444348,14
"273",-0.403894622932246,-0.482608724466366,14
"274",-0.046135142269689,-0.87703934307351,14
"275",0.311624338392868,-1.07425465237708,14
"276",0.669383819055424,-1.07425465237708,14
"277",1.02714329971798,-1.07425465237708,14
"278",1.38490278038054,-1.07425465237708,14
"279",1.74266226104309,-1.07425465237708,14
"280",2.10042174170565,-1.07425465237708,14
"281",-4.69700839088292,0.109037203444348,15
"282",-4.33924891022037,0.109037203444348,15
"283",-3.98148942955781,0.109037203444348,15
"284",-3.62372994889525,0.109037203444348,15
"285",-3.2659704682327,0.109037203444348,15
"286",-2.90821098757014,0.109037203444348,15
"287",-2.55045150690758,0.109037203444348,15
"288",-2.19269202624503,0.109037203444348,15
"289",-1.83493254558247,0.109037203444348,15
"290",-1.47717306491991,0.109037203444348,15
"291",-1.11941358425736,0.109037203444348,15
"292",-0.761654103594802,0.109037203444348,15
"293",-0.403894622932246,-0.482608724466366,15
"294",-0.046135142269689,-0.87703934307351,15
"295",0.311624338392868,-0.87703934307351,15
"296",0.669383819055424,-1.07425465237708,15
"297",1.02714329971798,-1.07425465237708,15
"298",1.38490278038054,-1.07425465237708,15
"299",1.74266226104309,-1.07425465237708,15
"300",2.10042174170565,-1.07425465237708,15
"301",-4.69700839088292,0.109037203444348,16
"302",-4.33924891022037,0.109037203444348,16
"303",-3.98148942955781,0.109037203444348,16
"304",-3.62372994889525,0.109037203444348,16
"305",-3.2659704682327,0.109037203444348,16
"306",-2.90821098757014,0.109037203444348,16
"307",-2.55045150690758,0.109037203444348,16
"308",-2.19269202624503,0.109037203444348,16
"309",-1.83493254558247,0.109037203444348,16
"310",-1.47717306491991,0.109037203444348,16
"311",-1.11941358425736,0.109037203444348,16
"312",-0.761654103594802,0.109037203444348,16
"313",-0.403894622932246,-0.482608724466366,16
"314",-0.046135142269689,-0.87703934307351,16
"315",0.311624338392868,-1.07425465237708,16
"316",0.669383819055424,-1.07425465237708,16
"317",1.02714329971798,-1.07425465237708,16
"318",1.38490278038054,-1.07425465237708,16
"319",1.74266226104309,-1.07425465237708,16
"320",2.10042174170565,-1.07425465237708,16
"321",-4.69700839088292,0.109037203444348,17
"322",-4.33924891022037,0.109037203444348,17
"323",-3.98148942955781,0.109037203444348,17
"324",-3.62372994889525,0.109037203444348,17
"325",-3.2659704682327,0.109037203444348,17
"326",-2.90821098757014,0.109037203444348,17
"327",-2.55045150690758,0.109037203444348,17
"328",-2.19269202624503,0.109037203444348,17
"329",-1.83493254558247,0.109037203444348,17
"330",-1.47717306491991,0.109037203444348,17
"331",-1.11941358425736,0.109037203444348,17
"332",-0.761654103594802,-0.0881781058592233,17
"333",-0.403894622932246,-0.482608724466366,17
"334",-0.046135142269689,-0.679824033769938,17
"335",0.311624338392868,-0.679824033769938,17
"336",0.669383819055424,-0.87703934307351,17
"337",1.02714329971798,-0.87703934307351,17
"338",1.38490278038054,-0.87703934307351,17
"339",1.74266226104309,-0.87703934307351,17
"340",2.10042174170565,-0.87703934307351,17
"341",-4.69700839088292,0.109037203444348,18
"342",-4.33924891022037,0.109037203444348,18
"343",-3.98148942955781,0.109037203444348,18
"344",-3.62372994889525,0.109037203444348,18
"345",-3.2659704682327,0.109037203444348,18
"346",-2.90821098757014,0.109037203444348,18
"347",-2.55045150690758,0.109037203444348,18
"348",-2.19269202624503,0.109037203444348,18
"349",-1.83493254558247,0.109037203444348,18
"350",-1.47717306491991,0.109037203444348,18
"351",-1.11941358425736,0.109037203444348,18
"352",-0.761654103594802,-0.0881781058592233,18
"353",-0.403894622932246,-0.482608724466366,18
"354",-0.046135142269689,-0.679824033769938,18
"355",0.311624338392868,-0.87703934307351,18
"356",0.669383819055424,-0.87703934307351,18
"357",1.02714329971798,-0.87703934307351,18
"358",1.38490278038054,-0.87703934307351,18
"359",1.74266226104309,-1.07425465237708,18
"360",2.10042174170565,-1.07425465237708,18
"361",-4.69700839088292,0.109037203444348,19
"362",-4.33924891022037,0.109037203444348,19
"363",-3.98148942955781,0.109037203444348,19
"364",-3.62372994889525,0.109037203444348,19
"365",-3.2659704682327,0.109037203444348,19
"366",-2.90821098757014,0.109037203444348,19
"367",-2.55045150690758,0.109037203444348,19
"368",-2.19269202624503,0.109037203444348,19
"369",-1.83493254558247,0.109037203444348,19
"370",-1.47717306491991,0.109037203444348,19
"371",-1.11941358425736,0.109037203444348,19
"372",-0.761654103594802,0.109037203444348,19
"373",-0.403894622932246,-0.482608724466366,19
"374",-0.046135142269689,-0.87703934307351,19
"375",0.311624338392868,-1.07425465237708,19
"376",0.669383819055424,-1.07425465237708,19
"377",1.02714329971798,-1.07425465237708,19
"378",1.38490278038054,-1.07425465237708,19
"379",1.74266226104309,-1.07425465237708,19
"380",2.10042174170565,-1.07425465237708,19
"381",-4.69700839088292,0.109037203444348,20
"382",-4.33924891022037,0.109037203444348,20
"383",-3.98148942955781,0.109037203444348,20
"384",-3.62372994889525,0.109037203444348,20
"385",-3.2659704682327,0.109037203444348,20
"386",-2.90821098757014,0.109037203444348,20
"387",-2.55045150690758,0.109037203444348,20
"388",-2.19269202624503,0.109037203444348,20
"389",-1.83493254558247,0.109037203444348,20
"390",-1.47717306491991,0.109037203444348,20
"391",-1.11941358425736,0.109037203444348,20
"392",-0.761654103594802,0.109037203444348,20
"393",-0.403894622932246,-0.482608724466366,20
"394",-0.046135142269689,-0.87703934307351,20
"395",0.311624338392868,-1.07425465237708,20
"396",0.669383819055424,-1.07425465237708,20
"397",1.02714329971798,-1.07425465237708,20
"398",1.38490278038054,-1.07425465237708,20
"399",1.74266226104309,-1.07425465237708,20
"400",2.10042174170565,-1.07425465237708,20
"401",-4.69700839088292,0.109037203444348,21
"402",-4.33924891022037,0.109037203444348,21
"403",-3.98148942955781,0.109037203444348,21
"404",-3.62372994889525,0.109037203444348,21
"405",-3.2659704682327,0.109037203444348,21
"406",-2.90821098757014,0.109037203444348,21
"407",-2.55045150690758,0.109037203444348,21
"408",-2.19269202624503,0.109037203444348,21
"409",-1.83493254558247,0.109037203444348,21
"410",-1.47717306491991,0.109037203444348,21
"411",-1.11941358425736,0.109037203444348,21
"412",-0.761654103594802,0.109037203444348,21
"413",-0.403894622932246,-0.482608724466366,21
"414",-0.046135142269689,-0.87703934307351,21
"415",0.311624338392868,-0.87703934307351,21
"416",0.669383819055424,-1.07425465237708,21
"417",1.02714329971798,-1.07425465237708,21
"418",1.38490278038054,-1.07425465237708,21
"419",1.74266226104309,-1.07425465237708,21
"420",2.10042174170565,-1.07425465237708,21
"421",-4.69700839088292,0.109037203444348,22
"422",-4.33924891022037,0.109037203444348,22
"423",-3.98148942955781,0.109037203444348,22
"424",-3.62372994889525,0.109037203444348,22
"425",-3.2659704682327,0.109037203444348,22
"426",-2.90821098757014,0.109037203444348,22
"427",-2.55045150690758,0.109037203444348,22
"428",-2.19269202624503,0.109037203444348,22
"429",-1.83493254558247,0.109037203444348,22
"430",-1.47717306491991,0.109037203444348,22
"431",-1.11941358425736,0.109037203444348,22
"432",-0.761654103594802,0.109037203444348,22
"433",-0.403894622932246,-0.482608724466366,22
"434",-0.046135142269689,-0.679824033769938,22
"435",0.311624338392868,-0.87703934307351,22
"436",0.669383819055424,-0.87703934307351,22
"437",1.02714329971798,-0.87703934307351,22
"438",1.38490278038054,-0.87703934307351,22
"439",1.74266226104309,-0.87703934307351,22
"440",2.10042174170565,-0.87703934307351,22
"441",-4.69700839088292,0.109037203444348,23
"442",-4.33924891022037,0.109037203444348,23
"443",-3.98148942955781,0.109037203444348,23
"444",-3.62372994889525,0.109037203444348,23
"445",-3.2659704682327,0.109037203444348,23
"446",-2.90821098757014,0.109037203444348,23
"447",-2.55045150690758,0.109037203444348,23
"448",-2.19269202624503,0.109037203444348,23
"449",-1.83493254558247,0.109037203444348,23
"450",-1.47717306491991,0.109037203444348,23
"451",-1.11941358425736,0.109037203444348,23
"452",-0.761654103594802,0.109037203444348,23
"453",-0.403894622932246,-0.482608724466366,23
"454",-0.046135142269689,-0.87703934307351,23
"455",0.311624338392868,-0.87703934307351,23
"456",0.669383819055424,-1.07425465237708,23
"457",1.02714329971798,-1.07425465237708,23
"458",1.38490278038054,-1.07425465237708,23
"459",1.74266226104309,-1.07425465237708,23
"460",2.10042174170565,-1.07425465237708,23
"461",-4.69700839088292,0.109037203444348,24
"462",-4.33924891022037,0.109037203444348,24
"463",-3.98148942955781,0.109037203444348,24
"464",-3.62372994889525,0.109037203444348,24
"465",-3.2659704682327,0.109037203444348,24
"466",-2.90821098757014,0.109037203444348,24
"467",-2.55045150690758,0.109037203444348,24
"468",-2.19269202624503,0.109037203444348,24
"469",-1.83493254558247,0.109037203444348,24
"470",-1.47717306491991,0.109037203444348,24
"471",-1.11941358425736,0.109037203444348,24
"472",-0.761654103594802,-0.285393415162795,24
"473",-0.403894622932246,-0.482608724466366,24
"474",-0.046135142269689,-0.679824033769938,24
"475",0.311624338392868,-0.87703934307351,24
"476",0.669383819055424,-0.87703934307351,24
"477",1.02714329971798,-0.87703934307351,24
"478",1.38490278038054,-1.07425465237708,24
"479",1.74266226104309,-1.07425465237708,24
"480",2.10042174170565,-1.07425465237708,24
"481",-4.69700839088292,0.109037203444348,25
"482",-4.33924891022037,0.109037203444348,25
"483",-3.98148942955781,0.109037203444348,25
"484",-3.62372994889525,0.109037203444348,25
"485",-3.2659704682327,0.109037203444348,25
"486",-2.90821098757014,0.109037203444348,25
"487",-2.55045150690758,0.109037203444348,25
"488",-2.19269202624503,0.109037203444348,25
"489",-1.83493254558247,0.109037203444348,25
"490",-1.47717306491991,0.109037203444348,25
"491",-1.11941358425736,0.109037203444348,25
"492",-0.761654103594802,-0.0881781058592233,25
"493",-0.403894622932246,-0.482608724466366,25
"494",-0.046135142269689,-0.87703934307351,25
"495",0.311624338392868,-1.07425465237708,25
"496",0.669383819055424,-1.07425465237708,25
"497",1.02714329971798,-1.27146996168065,25
"498",1.38490278038054,-1.27146996168065,25
"499",1.74266226104309,-1.27146996168065,25
"500",2.10042174170565,-1.27146996168065,25
"501",-4.69700839088292,0.109037203444348,26
"502",-4.33924891022037,0.109037203444348,26
"503",-3.98148942955781,0.109037203444348,26
"504",-3.62372994889525,0.109037203444348,26
"505",-3.2659704682327,0.109037203444348,26
"506",-2.90821098757014,0.109037203444348,26
"507",-2.55045150690758,0.109037203444348,26
"508",-2.19269202624503,0.109037203444348,26
"509",-1.83493254558247,0.109037203444348,26
"510",-1.47717306491991,0.109037203444348,26
"511",-1.11941358425736,0.109037203444348,26
"512",-0.761654103594802,-0.0881781058592233,26
"513",-0.403894622932246,-0.482608724466366,26
"514",-0.046135142269689,-0.87703934307351,26
"515",0.311624338392868,-1.07425465237708,26
"516",0.669383819055424,-1.07425465237708,26
"517",1.02714329971798,-1.07425465237708,26
"518",1.38490278038054,-1.27146996168065,26
"519",1.74266226104309,-1.27146996168065,26
"520",2.10042174170565,-1.27146996168065,26
"521",-4.69700839088292,0.109037203444348,27
"522",-4.33924891022037,0.109037203444348,27
"523",-3.98148942955781,0.109037203444348,27
"524",-3.62372994889525,0.109037203444348,27
"525",-3.2659704682327,0.109037203444348,27
"526",-2.90821098757014,0.109037203444348,27
"527",-2.55045150690758,0.109037203444348,27
"528",-2.19269202624503,0.109037203444348,27
"529",-1.83493254558247,0.109037203444348,27
"530",-1.47717306491991,0.109037203444348,27
"531",-1.11941358425736,0.109037203444348,27
"532",-0.761654103594802,-0.0881781058592233,27
"533",-0.403894622932246,-0.482608724466366,27
"534",-0.046135142269689,-0.679824033769938,27
"535",0.311624338392868,-0.87703934307351,27
"536",0.669383819055424,-0.87703934307351,27
"537",1.02714329971798,-0.87703934307351,27
"538",1.38490278038054,-1.07425465237708,27
"539",1.74266226104309,-1.07425465237708,27
"540",2.10042174170565,-1.07425465237708,27
"541",-4.69700839088292,0.109037203444348,28
"542",-4.33924891022037,0.109037203444348,28
"543",-3.98148942955781,0.109037203444348,28
"544",-3.62372994889525,0.109037203444348,28
"545",-3.2659704682327,0.109037203444348,28
"546",-2.90821098757014,0.109037203444348,28
"547",-2.55045150690758,0.109037203444348,28
"548",-2.19269202624503,0.109037203444348,28
"549",-1.83493254558247,0.109037203444348,28
"550",-1.47717306491991,0.109037203444348,28
"551",-1.11941358425736,0.109037203444348,28
"552",-0.761654103594802,0.109037203444348,28
"553",-0.403894622932246,-0.482608724466366,28
"554",-0.046135142269689,-0.87703934307351,28
"555",0.311624338392868,-0.87703934307351,28
"556",0.669383819055424,-0.87703934307351,28
"557",1.02714329971798,-0.87703934307351,28
"558",1.38490278038054,-1.07425465237708,28
"559",1.74266226104309,-1.07425465237708,28
"560",2.10042174170565,-1.07425465237708,28
"561",-4.69700839088292,0.109037203444348,29
"562",-4.33924891022037,0.109037203444348,29
"563",-3.98148942955781,0.109037203444348,29
"564",-3.62372994889525,0.109037203444348,29
"565",-3.2659704682327,0.109037203444348,29
"566",-2.90821098757014,0.109037203444348,29
"567",-2.55045150690758,0.109037203444348,29
"568",-2.19269202624503,0.109037203444348,29
"569",-1.83493254558247,0.109037203444348,29
"570",-1.47717306491991,0.109037203444348,29
"571",-1.11941358425736,0.109037203444348,29
"572",-0.761654103594802,-0.0881781058592233,29
"573",-0.403894622932246,-0.482608724466366,29
"574",-0.046135142269689,-0.679824033769938,29
"575",0.311624338392868,-0.87703934307351,29
"576",0.669383819055424,-0.87703934307351,29
"577",1.02714329971798,-0.87703934307351,29
"578",1.38490278038054,-1.07425465237708,29
"579",1.74266226104309,-1.07425465237708,29
"580",2.10042174170565,-1.07425465237708,29
"581",-4.69700839088292,0.109037203444348,30
"582",-4.33924891022037,0.109037203444348,30
"583",-3.98148942955781,0.109037203444348,30
"584",-3.62372994889525,0.109037203444348,30
"585",-3.2659704682327,0.109037203444348,30
"586",-2.90821098757014,0.109037203444348,30
"587",-2.55045150690758,0.109037203444348,30
"588",-2.19269202624503,0.109037203444348,30
"589",-1.83493254558247,0.109037203444348,30
"590",-1.47717306491991,0.109037203444348,30
"591",-1.11941358425736,0.109037203444348,30
"592",-0.761654103594802,0.109037203444348,30
"593",-0.403894622932246,-0.482608724466366,30
"594",-0.046135142269689,-0.87703934307351,30
"595",0.311624338392868,-0.87703934307351,30
"596",0.669383819055424,-1.07425465237708,30
"597",1.02714329971798,-1.07425465237708,30
"598",1.38490278038054,-1.07425465237708,30
"599",1.74266226104309,-1.07425465237708,30
"600",2.10042174170565,-1.07425465237708,30
"601",-4.69700839088292,0.109037203444348,31
"602",-4.33924891022037,0.109037203444348,31
"603",-3.98148942955781,0.109037203444348,31
"604",-3.62372994889525,0.109037203444348,31
"605",-3.2659704682327,0.109037203444348,31
"606",-2.90821098757014,0.109037203444348,31
"607",-2.55045150690758,0.109037203444348,31
"608",-2.19269202624503,0.109037203444348,31
"609",-1.83493254558247,0.109037203444348,31
"610",-1.47717306491991,0.109037203444348,31
"611",-1.11941358425736,0.109037203444348,31
"612",-0.761654103594802,-0.0881781058592233,31
"613",-0.403894622932246,-0.482608724466366,31
"614",-0.046135142269689,-0.679824033769938,31
"615",0.311624338392868,-0.87703934307351,31
"616",0.669383819055424,-0.87703934307351,31
"617",1.02714329971798,-0.87703934307351,31
"618",1.38490278038054,-0.87703934307351,31
"619",1.74266226104309,-0.87703934307351,31
"620",2.10042174170565,-0.87703934307351,31
"621",-4.69700839088292,0.109037203444348,32
"622",-4.33924891022037,0.109037203444348,32
"623",-3.98148942955781,0.109037203444348,32
"624",-3.62372994889525,0.109037203444348,32
"625",-3.2659704682327,0.109037203444348,32
"626",-2.90821098757014,0.109037203444348,32
"627",-2.55045150690758,0.109037203444348,32
"628",-2.19269202624503,0.109037203444348,32
"629",-1.83493254558247,0.109037203444348,32
"630",-1.47717306491991,0.109037203444348,32
"631",-1.11941358425736,0.109037203444348,32
"632",-0.761654103594802,0.109037203444348,32
"633",-0.403894622932246,-0.482608724466366,32
"634",-0.046135142269689,-0.87703934307351,32
"635",0.311624338392868,-1.07425465237708,32
"636",0.669383819055424,-1.07425465237708,32
"637",1.02714329971798,-1.07425465237708,32
"638",1.38490278038054,-1.07425465237708,32
"639",1.74266226104309,-1.07425465237708,32
"640",2.10042174170565,-1.07425465237708,32
"641",-4.69700839088292,0.109037203444348,33
"642",-4.33924891022037,0.109037203444348,33
"643",-3.98148942955781,0.109037203444348,33
"644",-3.62372994889525,0.109037203444348,33
"645",-3.2659704682327,0.109037203444348,33
"646",-2.90821098757014,0.109037203444348,33
"647",-2.55045150690758,0.109037203444348,33
"648",-2.19269202624503,0.109037203444348,33
"649",-1.83493254558247,0.109037203444348,33
"650",-1.47717306491991,0.109037203444348,33
"651",-1.11941358425736,0.109037203444348,33
"652",-0.761654103594802,-0.0881781058592233,33
"653",-0.403894622932246,-0.482608724466366,33
"654",-0.046135142269689,-0.679824033769938,33
"655",0.311624338392868,-0.87703934307351,33
"656",0.669383819055424,-0.87703934307351,33
"657",1.02714329971798,-0.87703934307351,33
"658",1.38490278038054,-0.87703934307351,33
"659",1.74266226104309,-0.87703934307351,33
"660",2.10042174170565,-0.87703934307351,33
"661",-4.69700839088292,0.109037203444348,34
"662",-4.33924891022037,0.109037203444348,34
"663",-3.98148942955781,0.109037203444348,34
"664",-3.62372994889525,0.109037203444348,34
"665",-3.2659704682327,0.109037203444348,34
"666",-2.90821098757014,0.109037203444348,34
"667",-2.55045150690758,0.109037203444348,34
"668",-2.19269202624503,0.109037203444348,34
"669",-1.83493254558247,0.109037203444348,34
"670",-1.47717306491991,0.109037203444348,34
"671",-1.11941358425736,0.109037203444348,34
"672",-0.761654103594802,0.109037203444348,34
"673",-0.403894622932246,-0.482608724466366,34
"674",-0.046135142269689,-0.87703934307351,34
"675",0.311624338392868,-0.87703934307351,34
"676",0.669383819055424,-1.07425465237708,34
"677",1.02714329971798,-1.07425465237708,34
"678",1.38490278038054,-1.07425465237708,34
"679",1.74266226104309,-1.07425465237708,34
"680",2.10042174170565,-1.07425465237708,34
"681",-4.69700839088292,0.109037203444348,35
"682",-4.33924891022037,0.109037203444348,35
"683",-3.98148942955781,0.109037203444348,35
"684",-3.62372994889525,0.109037203444348,35
"685",-3.2659704682327,0.109037203444348,35
"686",-2.90821098757014,0.109037203444348,35
"687",-2.55045150690758,0.109037203444348,35
"688",-2.19269202624503,0.109037203444348,35
"689",-1.83493254558247,0.109037203444348,35
"690",-1.47717306491991,0.109037203444348,35
"691",-1.11941358425736,0.109037203444348,35
"692",-0.761654103594802,0.109037203444348,35
"693",-0.403894622932246,-0.482608724466366,35
"694",-0.046135142269689,-0.679824033769938,35
"695",0.311624338392868,-0.87703934307351,35
"696",0.669383819055424,-0.87703934307351,35
"697",1.02714329971798,-0.87703934307351,35
"698",1.38490278038054,-0.87703934307351,35
"699",1.74266226104309,-0.87703934307351,35
"700",2.10042174170565,-0.87703934307351,35
"701",-4.69700839088292,0.109037203444348,36
"702",-4.33924891022037,0.109037203444348,36
"703",-3.98148942955781,0.109037203444348,36
"704",-3.62372994889525,0.109037203444348,36
"705",-3.2659704682327,0.109037203444348,36
"706",-2.90821098757014,0.109037203444348,36
"707",-2.55045150690758,0.109037203444348,36
"708",-2.19269202624503,0.109037203444348,36
"709",-1.83493254558247,0.109037203444348,36
"710",-1.47717306491991,0.109037203444348,36
"711",-1.11941358425736,0.109037203444348,36
"712",-0.761654103594802,0.109037203444348,36
"713",-0.403894622932246,-0.482608724466366,36
"714",-0.046135142269689,-0.87703934307351,36
"715",0.311624338392868,-0.87703934307351,36
"716",0.669383819055424,-0.87703934307351,36
"717",1.02714329971798,-0.87703934307351,36
"718",1.38490278038054,-0.87703934307351,36
"719",1.74266226104309,-0.87703934307351,36
"720",2.10042174170565,-0.87703934307351,36
"721",-4.69700839088292,0.109037203444348,37
"722",-4.33924891022037,0.109037203444348,37
"723",-3.98148942955781,0.109037203444348,37
"724",-3.62372994889525,0.109037203444348,37
"725",-3.2659704682327,0.109037203444348,37
"726",-2.90821098757014,0.109037203444348,37
"727",-2.55045150690758,0.109037203444348,37
"728",-2.19269202624503,0.109037203444348,37
"729",-1.83493254558247,0.109037203444348,37
"730",-1.47717306491991,0.109037203444348,37
"731",-1.11941358425736,0.109037203444348,37
"732",-0.761654103594802,-0.0881781058592233,37
"733",-0.403894622932246,-0.482608724466366,37
"734",-0.046135142269689,-0.679824033769938,37
"735",0.311624338392868,-0.87703934307351,37
"736",0.669383819055424,-0.87703934307351,37
"737",1.02714329971798,-0.87703934307351,37
"738",1.38490278038054,-0.87703934307351,37
"739",1.74266226104309,-0.87703934307351,37
"740",2.10042174170565,-0.87703934307351,37
"741",-4.69700839088292,0.109037203444348,38
"742",-4.33924891022037,0.109037203444348,38
"743",-3.98148942955781,0.109037203444348,38
"744",-3.62372994889525,0.109037203444348,38
"745",-3.2659704682327,0.109037203444348,38
"746",-2.90821098757014,0.109037203444348,38
"747",-2.55045150690758,0.109037203444348,38
"748",-2.19269202624503,0.109037203444348,38
"749",-1.83493254558247,0.109037203444348,38
"750",-1.47717306491991,0.109037203444348,38
"751",-1.11941358425736,0.109037203444348,38
"752",-0.761654103594802,0.109037203444348,38
"753",-0.403894622932246,-0.482608724466366,38
"754",-0.046135142269689,-0.679824033769938,38
"755",0.311624338392868,-0.87703934307351,38
"756",0.669383819055424,-0.87703934307351,38
"757",1.02714329971798,-0.87703934307351,38
"758",1.38490278038054,-0.87703934307351,38
"759",1.74266226104309,-0.87703934307351,38
"760",2.10042174170565,-0.87703934307351,38
"761",-4.69700839088292,0.109037203444348,39
"762",-4.33924891022037,0.109037203444348,39
"763",-3.98148942955781,0.109037203444348,39
"764",-3.62372994889525,0.109037203444348,39
"765",-3.2659704682327,0.109037203444348,39
"766",-2.90821098757014,0.109037203444348,39
"767",-2.55045150690758,0.109037203444348,39
"768",-2.19269202624503,0.109037203444348,39
"769",-1.83493254558247,0.109037203444348,39
"770",-1.47717306491991,0.109037203444348,39
"771",-1.11941358425736,0.109037203444348,39
"772",-0.761654103594802,0.109037203444348,39
"773",-0.403894622932246,-0.482608724466366,39
"774",-0.046135142269689,-0.87703934307351,39
"775",0.311624338392868,-0.87703934307351,39
"776",0.669383819055424,-1.07425465237708,39
"777",1.02714329971798,-1.07425465237708,39
"778",1.38490278038054,-1.07425465237708,39
"779",1.74266226104309,-1.07425465237708,39
"780",2.10042174170565,-1.07425465237708,39
"781",-4.69700839088292,0.109037203444348,40
"782",-4.33924891022037,0.109037203444348,40
"783",-3.98148942955781,0.109037203444348,40
"784",-3.62372994889525,0.109037203444348,40
"785",-3.2659704682327,0.109037203444348,40
"786",-2.90821098757014,0.109037203444348,40
"787",-2.55045150690758,0.109037203444348,40
"788",-2.19269202624503,0.109037203444348,40
"789",-1.83493254558247,0.109037203444348,40
"790",-1.47717306491991,0.109037203444348,40
"791",-1.11941358425736,0.109037203444348,40
"792",-0.761654103594802,-0.0881781058592233,40
"793",-0.403894622932246,-0.482608724466366,40
"794",-0.046135142269689,-0.679824033769938,40
"795",0.311624338392868,-0.87703934307351,40
"796",0.669383819055424,-0.87703934307351,40
"797",1.02714329971798,-0.87703934307351,40
"798",1.38490278038054,-0.87703934307351,40
"799",1.74266226104309,-0.87703934307351,40
"800",2.10042174170565,-0.87703934307351,40
"801",-4.69700839088292,0.109037203444348,41
"802",-4.33924891022037,0.109037203444348,41
"803",-3.98148942955781,0.109037203444348,41
"804",-3.62372994889525,0.109037203444348,41
"805",-3.2659704682327,0.109037203444348,41
"806",-2.90821098757014,0.109037203444348,41
"807",-2.55045150690758,0.109037203444348,41
"808",-2.19269202624503,0.109037203444348,41
"809",-1.83493254558247,0.109037203444348,41
"810",-1.47717306491991,0.109037203444348,41
"811",-1.11941358425736,0.109037203444348,41
"812",-0.761654103594802,0.109037203444348,41
"813",-0.403894622932246,-0.482608724466366,41
"814",-0.046135142269689,-0.87703934307351,41
"815",0.311624338392868,-1.07425465237708,41
"816",0.669383819055424,-1.07425465237708,41
"817",1.02714329971798,-1.07425465237708,41
"818",1.38490278038054,-1.07425465237708,41
"819",1.74266226104309,-1.07425465237708,41
"820",2.10042174170565,-1.07425465237708,41
"821",-4.69700839088292,0.109037203444348,42
"822",-4.33924891022037,0.109037203444348,42
"823",-3.98148942955781,0.109037203444348,42
"824",-3.62372994889525,0.109037203444348,42
"825",-3.2659704682327,0.109037203444348,42
"826",-2.90821098757014,0.109037203444348,42
"827",-2.55045150690758,0.109037203444348,42
"828",-2.19269202624503,0.109037203444348,42
"829",-1.83493254558247,0.109037203444348,42
"830",-1.47717306491991,0.109037203444348,42
"831",-1.11941358425736,0.109037203444348,42
"832",-0.761654103594802,-0.0881781058592233,42
"833",-0.403894622932246,-0.482608724466366,42
"834",-0.046135142269689,-0.679824033769938,42
"835",0.311624338392868,-0.87703934307351,42
"836",0.669383819055424,-0.87703934307351,42
"837",1.02714329971798,-0.87703934307351,42
"838",1.38490278038054,-1.07425465237708,42
"839",1.74266226104309,-1.07425465237708,42
"840",2.10042174170565,-1.07425465237708,42
"841",-4.69700839088292,0.109037203444348,43
"842",-4.33924891022037,0.109037203444348,43
"843",-3.98148942955781,0.109037203444348,43
"844",-3.62372994889525,0.109037203444348,43
"845",-3.2659704682327,0.109037203444348,43
"846",-2.90821098757014,0.109037203444348,43
"847",-2.55045150690758,0.109037203444348,43
"848",-2.19269202624503,0.109037203444348,43
"849",-1.83493254558247,0.109037203444348,43
"850",-1.47717306491991,0.109037203444348,43
"851",-1.11941358425736,0.109037203444348,43
"852",-0.761654103594802,-0.0881781058592233,43
"853",-0.403894622932246,-0.482608724466366,43
"854",-0.046135142269689,-0.679824033769938,43
"855",0.311624338392868,-0.87703934307351,43
"856",0.669383819055424,-0.87703934307351,43
"857",1.02714329971798,-1.07425465237708,43
"858",1.38490278038054,-1.07425465237708,43
"859",1.74266226104309,-1.07425465237708,43
"860",2.10042174170565,-1.07425465237708,43
"861",-4.69700839088292,0.109037203444348,44
"862",-4.33924891022037,0.109037203444348,44
"863",-3.98148942955781,0.109037203444348,44
"864",-3.62372994889525,0.109037203444348,44
"865",-3.2659704682327,0.109037203444348,44
"866",-2.90821098757014,0.109037203444348,44
"867",-2.55045150690758,0.109037203444348,44
"868",-2.19269202624503,0.109037203444348,44
"869",-1.83493254558247,0.109037203444348,44
"870",-1.47717306491991,0.109037203444348,44
"871",-1.11941358425736,0.109037203444348,44
"872",-0.761654103594802,0.109037203444348,44
"873",-0.403894622932246,-0.482608724466366,44
"874",-0.046135142269689,-0.87703934307351,44
"875",0.311624338392868,-1.07425465237708,44
"876",0.669383819055424,-1.07425465237708,44
"877",1.02714329971798,-1.27146996168065,44
"878",1.38490278038054,-1.27146996168065,44
"879",1.74266226104309,-1.27146996168065,44
"880",2.10042174170565,-1.27146996168065,44
"881",-4.69700839088292,0.109037203444348,45
"882",-4.33924891022037,0.109037203444348,45
"883",-3.98148942955781,0.109037203444348,45
"884",-3.62372994889525,0.109037203444348,45
"885",-3.2659704682327,0.109037203444348,45
"886",-2.90821098757014,0.109037203444348,45
"887",-2.55045150690758,0.109037203444348,45
"888",-2.19269202624503,0.109037203444348,45
"889",-1.83493254558247,0.109037203444348,45
"890",-1.47717306491991,0.109037203444348,45
"891",-1.11941358425736,0.109037203444348,45
"892",-0.761654103594802,-0.0881781058592233,45
"893",-0.403894622932246,-0.482608724466366,45
"894",-0.046135142269689,-0.679824033769938,45
"895",0.311624338392868,-0.87703934307351,45
"896",0.669383819055424,-0.87703934307351,45
"897",1.02714329971798,-0.87703934307351,45
"898",1.38490278038054,-0.87703934307351,45
"899",1.74266226104309,-0.87703934307351,45
"900",2.10042174170565,-0.87703934307351,45
"901",-4.69700839088292,0.109037203444348,46
"902",-4.33924891022037,0.109037203444348,46
"903",-3.98148942955781,0.109037203444348,46
"904",-3.62372994889525,0.109037203444348,46
"905",-3.2659704682327,0.109037203444348,46
"906",-2.90821098757014,0.109037203444348,46
"907",-2.55045150690758,0.109037203444348,46
"908",-2.19269202624503,0.109037203444348,46
"909",-1.83493254558247,0.109037203444348,46
"910",-1.47717306491991,0.109037203444348,46
"911",-1.11941358425736,0.109037203444348,46
"912",-0.761654103594802,0.109037203444348,46
"913",-0.403894622932246,-0.482608724466366,46
"914",-0.046135142269689,-0.679824033769938,46
"915",0.311624338392868,-0.87703934307351,46
"916",0.669383819055424,-0.87703934307351,46
"917",1.02714329971798,-0.87703934307351,46
"918",1.38490278038054,-0.87703934307351,46
"919",1.74266226104309,-0.87703934307351,46
"920",2.10042174170565,-0.87703934307351,46
"921",-4.69700839088292,0.109037203444348,47
"922",-4.33924891022037,0.109037203444348,47
"923",-3.98148942955781,0.109037203444348,47
"924",-3.62372994889525,0.109037203444348,47
"925",-3.2659704682327,0.109037203444348,47
"926",-2.90821098757014,0.109037203444348,47
"927",-2.55045150690758,0.109037203444348,47
"928",-2.19269202624503,0.109037203444348,47
"929",-1.83493254558247,0.109037203444348,47
"930",-1.47717306491991,0.109037203444348,47
"931",-1.11941358425736,0.109037203444348,47
"932",-0.761654103594802,-0.0881781058592233,47
"933",-0.403894622932246,-0.482608724466366,47
"934",-0.046135142269689,-0.679824033769938,47
"935",0.311624338392868,-0.87703934307351,47
"936",0.669383819055424,-0.87703934307351,47
"937",1.02714329971798,-1.07425465237708,47
"938",1.38490278038054,-1.07425465237708,47
"939",1.74266226104309,-1.07425465237708,47
"940",2.10042174170565,-1.07425465237708,47
"941",-4.69700839088292,0.109037203444348,48
"942",-4.33924891022037,0.109037203444348,48
"943",-3.98148942955781,0.109037203444348,48
"944",-3.62372994889525,0.109037203444348,48
"945",-3.2659704682327,0.109037203444348,48
"946",-2.90821098757014,0.109037203444348,48
"947",-2.55045150690758,0.109037203444348,48
"948",-2.19269202624503,0.109037203444348,48
"949",-1.83493254558247,0.109037203444348,48
"950",-1.47717306491991,0.109037203444348,48
"951",-1.11941358425736,0.109037203444348,48
"952",-0.761654103594802,-0.0881781058592233,48
"953",-0.403894622932246,-0.482608724466366,48
"954",-0.046135142269689,-0.679824033769938,48
"955",0.311624338392868,-0.87703934307351,48
"956",0.669383819055424,-1.07425465237708,48
"957",1.02714329971798,-1.07425465237708,48
"958",1.38490278038054,-1.07425465237708,48
"959",1.74266226104309,-1.07425465237708,48
"960",2.10042174170565,-1.07425465237708,48
"961",-4.69700839088292,0.109037203444348,49
"962",-4.33924891022037,0.109037203444348,49
"963",-3.98148942955781,0.109037203444348,49
"964",-3.62372994889525,0.109037203444348,49
"965",-3.2659704682327,0.109037203444348,49
"966",-2.90821098757014,0.109037203444348,49
"967",-2.55045150690758,0.109037203444348,49
"968",-2.19269202624503,0.109037203444348,49
"969",-1.83493254558247,0.109037203444348,49
"970",-1.47717306491991,0.109037203444348,49
"971",-1.11941358425736,0.109037203444348,49
"972",-0.761654103594802,0.109037203444348,49
"973",-0.403894622932246,-0.482608724466366,49
"974",-0.046135142269689,-0.679824033769938,49
"975",0.311624338392868,-0.87703934307351,49
"976",0.669383819055424,-0.87703934307351,49
"977",1.02714329971798,-0.87703934307351,49
"978",1.38490278038054,-0.87703934307351,49
"979",1.74266226104309,-0.87703934307351,49
"980",2.10042174170565,-0.87703934307351,49
"981",-4.69700839088292,0.109037203444348,50
"982",-4.33924891022037,0.109037203444348,50
"983",-3.98148942955781,0.109037203444348,50
"984",-3.62372994889525,0.109037203444348,50
"985",-3.2659704682327,0.109037203444348,50
"986",-2.90821098757014,0.109037203444348,50
"987",-2.55045150690758,0.109037203444348,50
"988",-2.19269202624503,0.109037203444348,50
"989",-1.83493254558247,0.109037203444348,50
"990",-1.47717306491991,0.109037203444348,50
"991",-1.11941358425736,0.109037203444348,50
"992",-0.761654103594802,0.109037203444348,50
"993",-0.403894622932246,-0.482608724466366,50
"994",-0.046135142269689,-0.679824033769938,50
"995",0.311624338392868,-0.87703934307351,50
"996",0.669383819055424,-0.87703934307351,50
"997",1.02714329971798,-0.87703934307351,50
"998",1.38490278038054,-0.87703934307351,50
"999",1.74266226104309,-0.87703934307351,50
"1000",2.10042174170565,-0.87703934307351,50
"1001",-4.69700839088292,0.109037203444348,51
"1002",-4.33924891022037,0.109037203444348,51
"1003",-3.98148942955781,0.109037203444348,51
"1004",-3.62372994889525,0.109037203444348,51
"1005",-3.2659704682327,0.109037203444348,51
"1006",-2.90821098757014,0.109037203444348,51
"1007",-2.55045150690758,0.109037203444348,51
"1008",-2.19269202624503,0.109037203444348,51
"1009",-1.83493254558247,0.109037203444348,51
"1010",-1.47717306491991,0.109037203444348,51
"1011",-1.11941358425736,0.109037203444348,51
"1012",-0.761654103594802,0.109037203444348,51
"1013",-0.403894622932246,-0.482608724466366,51
"1014",-0.046135142269689,-0.87703934307351,51
"1015",0.311624338392868,-0.87703934307351,51
"1016",0.669383819055424,-1.07425465237708,51
"1017",1.02714329971798,-1.07425465237708,51
"1018",1.38490278038054,-1.07425465237708,51
"1019",1.74266226104309,-1.07425465237708,51
"1020",2.10042174170565,-1.07425465237708,51
"1021",-4.69700839088292,0.109037203444348,52
"1022",-4.33924891022037,0.109037203444348,52
"1023",-3.98148942955781,0.109037203444348,52
"1024",-3.62372994889525,0.109037203444348,52
"1025",-3.2659704682327,0.109037203444348,52
"1026",-2.90821098757014,0.109037203444348,52
"1027",-2.55045150690758,0.109037203444348,52
"1028",-2.19269202624503,0.109037203444348,52
"1029",-1.83493254558247,0.109037203444348,52
"1030",-1.47717306491991,0.109037203444348,52
"1031",-1.11941358425736,0.109037203444348,52
"1032",-0.761654103594802,0.109037203444348,52
"1033",-0.403894622932246,-0.482608724466366,52
"1034",-0.046135142269689,-0.679824033769938,52
"1035",0.311624338392868,-0.87703934307351,52
"1036",0.669383819055424,-0.87703934307351,52
"1037",1.02714329971798,-0.87703934307351,52
"1038",1.38490278038054,-0.87703934307351,52
"1039",1.74266226104309,-0.87703934307351,52
"1040",2.10042174170565,-0.87703934307351,52
"1041",-4.69700839088292,0.109037203444348,53
"1042",-4.33924891022037,0.109037203444348,53
"1043",-3.98148942955781,0.109037203444348,53
"1044",-3.62372994889525,0.109037203444348,53
"1045",-3.2659704682327,0.109037203444348,53
"1046",-2.90821098757014,0.109037203444348,53
"1047",-2.55045150690758,0.109037203444348,53
"1048",-2.19269202624503,0.109037203444348,53
"1049",-1.83493254558247,0.109037203444348,53
"1050",-1.47717306491991,0.109037203444348,53
"1051",-1.11941358425736,0.109037203444348,53
"1052",-0.761654103594802,0.109037203444348,53
"1053",-0.403894622932246,-0.482608724466366,53
"1054",-0.046135142269689,-0.679824033769938,53
"1055",0.311624338392868,-0.87703934307351,53
"1056",0.669383819055424,-0.87703934307351,53
"1057",1.02714329971798,-0.87703934307351,53
"1058",1.38490278038054,-0.87703934307351,53
"1059",1.74266226104309,-0.87703934307351,53
"1060",2.10042174170565,-0.87703934307351,53
"1061",-4.69700839088292,0.109037203444348,54
"1062",-4.33924891022037,0.109037203444348,54
"1063",-3.98148942955781,0.109037203444348,54
"1064",-3.62372994889525,0.109037203444348,54
"1065",-3.2659704682327,0.109037203444348,54
"1066",-2.90821098757014,0.109037203444348,54
"1067",-2.55045150690758,0.109037203444348,54
"1068",-2.19269202624503,0.109037203444348,54
"1069",-1.83493254558247,0.109037203444348,54
"1070",-1.47717306491991,0.109037203444348,54
"1071",-1.11941358425736,0.109037203444348,54
"1072",-0.761654103594802,0.109037203444348,54
"1073",-0.403894622932246,-0.482608724466366,54
"1074",-0.046135142269689,-0.87703934307351,54
"1075",0.311624338392868,-0.87703934307351,54
"1076",0.669383819055424,-0.87703934307351,54
"1077",1.02714329971798,-0.87703934307351,54
"1078",1.38490278038054,-0.87703934307351,54
"1079",1.74266226104309,-0.87703934307351,54
"1080",2.10042174170565,-0.87703934307351,54
"1081",-4.69700839088292,0.109037203444348,55
"1082",-4.33924891022037,0.109037203444348,55
"1083",-3.98148942955781,0.109037203444348,55
"1084",-3.62372994889525,0.109037203444348,55
"1085",-3.2659704682327,0.109037203444348,55
"1086",-2.90821098757014,0.109037203444348,55
"1087",-2.55045150690758,0.109037203444348,55
"1088",-2.19269202624503,0.109037203444348,55
"1089",-1.83493254558247,0.109037203444348,55
"1090",-1.47717306491991,0.109037203444348,55
"1091",-1.11941358425736,0.109037203444348,55
"1092",-0.761654103594802,-0.0881781058592233,55
"1093",-0.403894622932246,-0.482608724466366,55
"1094",-0.046135142269689,-0.87703934307351,55
"1095",0.311624338392868,-1.07425465237708,55
"1096",0.669383819055424,-1.07425465237708,55
"1097",1.02714329971798,-1.07425465237708,55
"1098",1.38490278038054,-1.07425465237708,55
"1099",1.74266226104309,-1.07425465237708,55
"1100",2.10042174170565,-1.07425465237708,55
"1101",-4.69700839088292,0.109037203444348,56
"1102",-4.33924891022037,0.109037203444348,56
"1103",-3.98148942955781,0.109037203444348,56
"1104",-3.62372994889525,0.109037203444348,56
"1105",-3.2659704682327,0.109037203444348,56
"1106",-2.90821098757014,0.109037203444348,56
"1107",-2.55045150690758,0.109037203444348,56
"1108",-2.19269202624503,0.109037203444348,56
"1109",-1.83493254558247,0.109037203444348,56
"1110",-1.47717306491991,0.109037203444348,56
"1111",-1.11941358425736,0.109037203444348,56
"1112",-0.761654103594802,0.109037203444348,56
"1113",-0.403894622932246,-0.482608724466366,56
"1114",-0.046135142269689,-0.679824033769938,56
"1115",0.311624338392868,-0.87703934307351,56
"1116",0.669383819055424,-0.87703934307351,56
"1117",1.02714329971798,-0.87703934307351,56
"1118",1.38490278038054,-0.87703934307351,56
"1119",1.74266226104309,-0.87703934307351,56
"1120",2.10042174170565,-0.87703934307351,56
"1121",-4.69700839088292,0.109037203444348,57
"1122",-4.33924891022037,0.109037203444348,57
"1123",-3.98148942955781,0.109037203444348,57
"1124",-3.62372994889525,0.109037203444348,57
"1125",-3.2659704682327,0.109037203444348,57
"1126",-2.90821098757014,0.109037203444348,57
"1127",-2.55045150690758,0.109037203444348,57
"1128",-2.19269202624503,0.109037203444348,57
"1129",-1.83493254558247,0.109037203444348,57
"1130",-1.47717306491991,0.109037203444348,57
"1131",-1.11941358425736,0.109037203444348,57
"1132",-0.761654103594802,0.109037203444348,57
"1133",-0.403894622932246,-0.482608724466366,57
"1134",-0.046135142269689,-0.87703934307351,57
"1135",0.311624338392868,-1.07425465237708,57
"1136",0.669383819055424,-1.07425465237708,57
"1137",1.02714329971798,-1.27146996168065,57
"1138",1.38490278038054,-1.27146996168065,57
"1139",1.74266226104309,-1.27146996168065,57
"1140",2.10042174170565,-1.27146996168065,57
"1141",-4.69700839088292,0.109037203444348,58
"1142",-4.33924891022037,0.109037203444348,58
"1143",-3.98148942955781,0.109037203444348,58
"1144",-3.62372994889525,0.109037203444348,58
"1145",-3.2659704682327,0.109037203444348,58
"1146",-2.90821098757014,0.109037203444348,58
"1147",-2.55045150690758,0.109037203444348,58
"1148",-2.19269202624503,0.109037203444348,58
"1149",-1.83493254558247,0.109037203444348,58
"1150",-1.47717306491991,0.109037203444348,58
"1151",-1.11941358425736,0.109037203444348,58
"1152",-0.761654103594802,0.109037203444348,58
"1153",-0.403894622932246,-0.482608724466366,58
"1154",-0.046135142269689,-0.679824033769938,58
"1155",0.311624338392868,-0.87703934307351,58
"1156",0.669383819055424,-0.87703934307351,58
"1157",1.02714329971798,-0.87703934307351,58
"1158",1.38490278038054,-0.87703934307351,58
"1159",1.74266226104309,-0.87703934307351,58
"1160",2.10042174170565,-0.87703934307351,58
"1161",-4.69700839088292,0.109037203444348,59
"1162",-4.33924891022037,0.109037203444348,59
"1163",-3.98148942955781,0.109037203444348,59
"1164",-3.62372994889525,0.109037203444348,59
"1165",-3.2659704682327,0.109037203444348,59
"1166",-2.90821098757014,0.109037203444348,59
"1167",-2.55045150690758,0.109037203444348,59
"1168",-2.19269202624503,0.109037203444348,59
"1169",-1.83493254558247,0.109037203444348,59
"1170",-1.47717306491991,0.109037203444348,59
"1171",-1.11941358425736,0.109037203444348,59
"1172",-0.761654103594802,0.109037203444348,59
"1173",-0.403894622932246,-0.482608724466366,59
"1174",-0.046135142269689,-0.87703934307351,59
"1175",0.311624338392868,-0.87703934307351,59
"1176",0.669383819055424,-1.07425465237708,59
"1177",1.02714329971798,-1.07425465237708,59
"1178",1.38490278038054,-1.07425465237708,59
"1179",1.74266226104309,-1.07425465237708,59
"1180",2.10042174170565,-1.07425465237708,59
"1181",-4.69700839088292,0.109037203444348,60
"1182",-4.33924891022037,0.109037203444348,60
"1183",-3.98148942955781,0.109037203444348,60
"1184",-3.62372994889525,0.109037203444348,60
"1185",-3.2659704682327,0.109037203444348,60
"1186",-2.90821098757014,0.109037203444348,60
"1187",-2.55045150690758,0.109037203444348,60
"1188",-2.19269202624503,0.109037203444348,60
"1189",-1.83493254558247,0.109037203444348,60
"1190",-1.47717306491991,0.109037203444348,60
"1191",-1.11941358425736,0.109037203444348,60
"1192",-0.761654103594802,0.109037203444348,60
"1193",-0.403894622932246,-0.482608724466366,60
"1194",-0.046135142269689,-0.87703934307351,60
"1195",0.311624338392868,-0.87703934307351,60
"1196",0.669383819055424,-1.07425465237708,60
"1197",1.02714329971798,-1.07425465237708,60
"1198",1.38490278038054,-1.07425465237708,60
"1199",1.74266226104309,-1.07425465237708,60
"1200",2.10042174170565,-1.07425465237708,60
"1201",-4.69700839088292,0.109037203444348,61
"1202",-4.33924891022037,0.109037203444348,61
"1203",-3.98148942955781,0.109037203444348,61
"1204",-3.62372994889525,0.109037203444348,61
"1205",-3.2659704682327,0.109037203444348,61
"1206",-2.90821098757014,0.109037203444348,61
"1207",-2.55045150690758,0.109037203444348,61
"1208",-2.19269202624503,0.109037203444348,61
"1209",-1.83493254558247,0.109037203444348,61
"1210",-1.47717306491991,0.109037203444348,61
"1211",-1.11941358425736,0.109037203444348,61
"1212",-0.761654103594802,0.109037203444348,61
"1213",-0.403894622932246,-0.482608724466366,61
"1214",-0.046135142269689,-0.87703934307351,61
"1215",0.311624338392868,-1.07425465237708,61
"1216",0.669383819055424,-1.07425465237708,61
"1217",1.02714329971798,-1.07425465237708,61
"1218",1.38490278038054,-1.07425465237708,61
"1219",1.74266226104309,-1.07425465237708,61
"1220",2.10042174170565,-1.07425465237708,61
"1221",-4.69700839088292,0.109037203444348,62
"1222",-4.33924891022037,0.109037203444348,62
"1223",-3.98148942955781,0.109037203444348,62
"1224",-3.62372994889525,0.109037203444348,62
"1225",-3.2659704682327,0.109037203444348,62
"1226",-2.90821098757014,0.109037203444348,62
"1227",-2.55045150690758,0.109037203444348,62
"1228",-2.19269202624503,0.109037203444348,62
"1229",-1.83493254558247,0.109037203444348,62
"1230",-1.47717306491991,0.109037203444348,62
"1231",-1.11941358425736,0.109037203444348,62
"1232",-0.761654103594802,0.109037203444348,62
"1233",-0.403894622932246,-0.482608724466366,62
"1234",-0.046135142269689,-0.87703934307351,62
"1235",0.311624338392868,-1.07425465237708,62
"1236",0.669383819055424,-1.07425465237708,62
"1237",1.02714329971798,-1.07425465237708,62
"1238",1.38490278038054,-1.07425465237708,62
"1239",1.74266226104309,-1.07425465237708,62
"1240",2.10042174170565,-1.07425465237708,62
"1241",-4.69700839088292,0.109037203444348,63
"1242",-4.33924891022037,0.109037203444348,63
"1243",-3.98148942955781,0.109037203444348,63
"1244",-3.62372994889525,0.109037203444348,63
"1245",-3.2659704682327,0.109037203444348,63
"1246",-2.90821098757014,0.109037203444348,63
"1247",-2.55045150690758,0.109037203444348,63
"1248",-2.19269202624503,0.109037203444348,63
"1249",-1.83493254558247,0.109037203444348,63
"1250",-1.47717306491991,0.109037203444348,63
"1251",-1.11941358425736,0.109037203444348,63
"1252",-0.761654103594802,0.109037203444348,63
"1253",-0.403894622932246,-0.482608724466366,63
"1254",-0.046135142269689,-0.87703934307351,63
"1255",0.311624338392868,-0.87703934307351,63
"1256",0.669383819055424,-1.07425465237708,63
"1257",1.02714329971798,-1.07425465237708,63
"1258",1.38490278038054,-1.07425465237708,63
"1259",1.74266226104309,-1.07425465237708,63
"1260",2.10042174170565,-1.07425465237708,63
"1261",-4.69700839088292,0.109037203444348,64
"1262",-4.33924891022037,0.109037203444348,64
"1263",-3.98148942955781,0.109037203444348,64
"1264",-3.62372994889525,0.109037203444348,64
"1265",-3.2659704682327,0.109037203444348,64
"1266",-2.90821098757014,0.109037203444348,64
"1267",-2.55045150690758,0.109037203444348,64
"1268",-2.19269202624503,0.109037203444348,64
"1269",-1.83493254558247,0.109037203444348,64
"1270",-1.47717306491991,0.109037203444348,64
"1271",-1.11941358425736,0.109037203444348,64
"1272",-0.761654103594802,0.109037203444348,64
"1273",-0.403894622932246,-0.482608724466366,64
"1274",-0.046135142269689,-0.87703934307351,64
"1275",0.311624338392868,-0.87703934307351,64
"1276",0.669383819055424,-1.07425465237708,64
"1277",1.02714329971798,-1.07425465237708,64
"1278",1.38490278038054,-1.07425465237708,64
"1279",1.74266226104309,-1.07425465237708,64
"1280",2.10042174170565,-1.07425465237708,64
"1281",-4.69700839088292,0.109037203444348,65
"1282",-4.33924891022037,0.109037203444348,65
"1283",-3.98148942955781,0.109037203444348,65
"1284",-3.62372994889525,0.109037203444348,65
"1285",-3.2659704682327,0.109037203444348,65
"1286",-2.90821098757014,0.109037203444348,65
"1287",-2.55045150690758,0.109037203444348,65
"1288",-2.19269202624503,0.109037203444348,65
"1289",-1.83493254558247,0.109037203444348,65
"1290",-1.47717306491991,0.109037203444348,65
"1291",-1.11941358425736,0.109037203444348,65
"1292",-0.761654103594802,-0.0881781058592233,65
"1293",-0.403894622932246,-0.482608724466366,65
"1294",-0.046135142269689,-0.679824033769938,65
"1295",0.311624338392868,-0.87703934307351,65
"1296",0.669383819055424,-1.07425465237708,65
"1297",1.02714329971798,-1.07425465237708,65
"1298",1.38490278038054,-1.07425465237708,65
"1299",1.74266226104309,-1.07425465237708,65
"1300",2.10042174170565,-1.07425465237708,65
"1301",-4.69700839088292,0.109037203444348,66
"1302",-4.33924891022037,0.109037203444348,66
"1303",-3.98148942955781,0.109037203444348,66
"1304",-3.62372994889525,0.109037203444348,66
"1305",-3.2659704682327,0.109037203444348,66
"1306",-2.90821098757014,0.109037203444348,66
"1307",-2.55045150690758,0.109037203444348,66
"1308",-2.19269202624503,0.109037203444348,66
"1309",-1.83493254558247,0.109037203444348,66
"1310",-1.47717306491991,0.109037203444348,66
"1311",-1.11941358425736,0.109037203444348,66
"1312",-0.761654103594802,-0.0881781058592233,66
"1313",-0.403894622932246,-0.482608724466366,66
"1314",-0.046135142269689,-0.679824033769938,66
"1315",0.311624338392868,-0.87703934307351,66
"1316",0.669383819055424,-0.87703934307351,66
"1317",1.02714329971798,-1.07425465237708,66
"1318",1.38490278038054,-1.07425465237708,66
"1319",1.74266226104309,-1.07425465237708,66
"1320",2.10042174170565,-1.07425465237708,66
"1321",-4.69700839088292,0.109037203444348,67
"1322",-4.33924891022037,0.109037203444348,67
"1323",-3.98148942955781,0.109037203444348,67
"1324",-3.62372994889525,0.109037203444348,67
"1325",-3.2659704682327,0.109037203444348,67
"1326",-2.90821098757014,0.109037203444348,67
"1327",-2.55045150690758,0.109037203444348,67
"1328",-2.19269202624503,0.109037203444348,67
"1329",-1.83493254558247,0.109037203444348,67
"1330",-1.47717306491991,0.109037203444348,67
"1331",-1.11941358425736,0.109037203444348,67
"1332",-0.761654103594802,0.109037203444348,67
"1333",-0.403894622932246,-0.482608724466366,67
"1334",-0.046135142269689,-0.87703934307351,67
"1335",0.311624338392868,-0.87703934307351,67
"1336",0.669383819055424,-1.07425465237708,67
"1337",1.02714329971798,-1.07425465237708,67
"1338",1.38490278038054,-1.07425465237708,67
"1339",1.74266226104309,-1.07425465237708,67
"1340",2.10042174170565,-1.07425465237708,67
"1341",-4.69700839088292,0.109037203444348,68
"1342",-4.33924891022037,0.109037203444348,68
"1343",-3.98148942955781,0.109037203444348,68
"1344",-3.62372994889525,0.109037203444348,68
"1345",-3.2659704682327,0.109037203444348,68
"1346",-2.90821098757014,0.109037203444348,68
"1347",-2.55045150690758,0.109037203444348,68
"1348",-2.19269202624503,0.109037203444348,68
"1349",-1.83493254558247,0.109037203444348,68
"1350",-1.47717306491991,0.109037203444348,68
"1351",-1.11941358425736,0.109037203444348,68
"1352",-0.761654103594802,-0.0881781058592233,68
"1353",-0.403894622932246,-0.482608724466366,68
"1354",-0.046135142269689,-0.679824033769938,68
"1355",0.311624338392868,-0.87703934307351,68
"1356",0.669383819055424,-0.87703934307351,68
"1357",1.02714329971798,-0.87703934307351,68
"1358",1.38490278038054,-0.87703934307351,68
"1359",1.74266226104309,-0.87703934307351,68
"1360",2.10042174170565,-0.87703934307351,68
"1361",-4.69700839088292,0.109037203444348,69
"1362",-4.33924891022037,0.109037203444348,69
"1363",-3.98148942955781,0.109037203444348,69
"1364",-3.62372994889525,0.109037203444348,69
"1365",-3.2659704682327,0.109037203444348,69
"1366",-2.90821098757014,0.109037203444348,69
"1367",-2.55045150690758,0.109037203444348,69
"1368",-2.19269202624503,0.109037203444348,69
"1369",-1.83493254558247,0.109037203444348,69
"1370",-1.47717306491991,0.109037203444348,69
"1371",-1.11941358425736,0.109037203444348,69
"1372",-0.761654103594802,-0.0881781058592233,69
"1373",-0.403894622932246,-0.482608724466366,69
"1374",-0.046135142269689,-0.679824033769938,69
"1375",0.311624338392868,-0.87703934307351,69
"1376",0.669383819055424,-1.07425465237708,69
"1377",1.02714329971798,-1.07425465237708,69
"1378",1.38490278038054,-1.07425465237708,69
"1379",1.74266226104309,-1.07425465237708,69
"1380",2.10042174170565,-1.07425465237708,69
"1381",-4.69700839088292,0.109037203444348,70
"1382",-4.33924891022037,0.109037203444348,70
"1383",-3.98148942955781,0.109037203444348,70
"1384",-3.62372994889525,0.109037203444348,70
"1385",-3.2659704682327,0.109037203444348,70
"1386",-2.90821098757014,0.109037203444348,70
"1387",-2.55045150690758,0.109037203444348,70
"1388",-2.19269202624503,0.109037203444348,70
"1389",-1.83493254558247,0.109037203444348,70
"1390",-1.47717306491991,0.109037203444348,70
"1391",-1.11941358425736,0.109037203444348,70
"1392",-0.761654103594802,-0.0881781058592233,70
"1393",-0.403894622932246,-0.482608724466366,70
"1394",-0.046135142269689,-0.679824033769938,70
"1395",0.311624338392868,-0.87703934307351,70
"1396",0.669383819055424,-0.87703934307351,70
"1397",1.02714329971798,-0.87703934307351,70
"1398",1.38490278038054,-0.87703934307351,70
"1399",1.74266226104309,-0.87703934307351,70
"1400",2.10042174170565,-0.87703934307351,70
"1401",-4.69700839088292,0.109037203444348,71
"1402",-4.33924891022037,0.109037203444348,71
"1403",-3.98148942955781,0.109037203444348,71
"1404",-3.62372994889525,0.109037203444348,71
"1405",-3.2659704682327,0.109037203444348,71
"1406",-2.90821098757014,0.109037203444348,71
"1407",-2.55045150690758,0.109037203444348,71
"1408",-2.19269202624503,0.109037203444348,71
"1409",-1.83493254558247,0.109037203444348,71
"1410",-1.47717306491991,0.109037203444348,71
"1411",-1.11941358425736,0.109037203444348,71
"1412",-0.761654103594802,-0.0881781058592233,71
"1413",-0.403894622932246,-0.482608724466366,71
"1414",-0.046135142269689,-0.679824033769938,71
"1415",0.311624338392868,-0.87703934307351,71
"1416",0.669383819055424,-1.07425465237708,71
"1417",1.02714329971798,-1.07425465237708,71
"1418",1.38490278038054,-1.07425465237708,71
"1419",1.74266226104309,-1.07425465237708,71
"1420",2.10042174170565,-1.07425465237708,71
"1421",-4.69700839088292,0.109037203444348,72
"1422",-4.33924891022037,0.109037203444348,72
"1423",-3.98148942955781,0.109037203444348,72
"1424",-3.62372994889525,0.109037203444348,72
"1425",-3.2659704682327,0.109037203444348,72
"1426",-2.90821098757014,0.109037203444348,72
"1427",-2.55045150690758,0.109037203444348,72
"1428",-2.19269202624503,0.109037203444348,72
"1429",-1.83493254558247,0.109037203444348,72
"1430",-1.47717306491991,0.109037203444348,72
"1431",-1.11941358425736,0.109037203444348,72
"1432",-0.761654103594802,-0.285393415162795,72
"1433",-0.403894622932246,-0.482608724466366,72
"1434",-0.046135142269689,-0.679824033769938,72
"1435",0.311624338392868,-0.87703934307351,72
"1436",0.669383819055424,-0.87703934307351,72
"1437",1.02714329971798,-0.87703934307351,72
"1438",1.38490278038054,-0.87703934307351,72
"1439",1.74266226104309,-0.87703934307351,72
"1440",2.10042174170565,-0.87703934307351,72
"1441",-4.69700839088292,0.109037203444348,73
"1442",-4.33924891022037,0.109037203444348,73
"1443",-3.98148942955781,0.109037203444348,73
"1444",-3.62372994889525,0.109037203444348,73
"1445",-3.2659704682327,0.109037203444348,73
"1446",-2.90821098757014,0.109037203444348,73
"1447",-2.55045150690758,0.109037203444348,73
"1448",-2.19269202624503,0.109037203444348,73
"1449",-1.83493254558247,0.109037203444348,73
"1450",-1.47717306491991,0.109037203444348,73
"1451",-1.11941358425736,0.109037203444348,73
"1452",-0.761654103594802,-0.0881781058592233,73
"1453",-0.403894622932246,-0.482608724466366,73
"1454",-0.046135142269689,-0.679824033769938,73
"1455",0.311624338392868,-0.87703934307351,73
"1456",0.669383819055424,-0.87703934307351,73
"1457",1.02714329971798,-0.87703934307351,73
"1458",1.38490278038054,-1.07425465237708,73
"1459",1.74266226104309,-1.07425465237708,73
"1460",2.10042174170565,-1.07425465237708,73
"1461",-4.69700839088292,0.109037203444348,74
"1462",-4.33924891022037,0.109037203444348,74
"1463",-3.98148942955781,0.109037203444348,74
"1464",-3.62372994889525,0.109037203444348,74
"1465",-3.2659704682327,0.109037203444348,74
"1466",-2.90821098757014,0.109037203444348,74
"1467",-2.55045150690758,0.109037203444348,74
"1468",-2.19269202624503,0.109037203444348,74
"1469",-1.83493254558247,0.109037203444348,74
"1470",-1.47717306491991,0.109037203444348,74
"1471",-1.11941358425736,0.109037203444348,74
"1472",-0.761654103594802,0.109037203444348,74
"1473",-0.403894622932246,-0.482608724466366,74
"1474",-0.046135142269689,-0.679824033769938,74
"1475",0.311624338392868,-0.87703934307351,74
"1476",0.669383819055424,-0.87703934307351,74
"1477",1.02714329971798,-0.87703934307351,74
"1478",1.38490278038054,-0.87703934307351,74
"1479",1.74266226104309,-0.87703934307351,74
"1480",2.10042174170565,-0.87703934307351,74
"1481",-4.69700839088292,0.109037203444348,75
"1482",-4.33924891022037,0.109037203444348,75
"1483",-3.98148942955781,0.109037203444348,75
"1484",-3.62372994889525,0.109037203444348,75
"1485",-3.2659704682327,0.109037203444348,75
"1486",-2.90821098757014,0.109037203444348,75
"1487",-2.55045150690758,0.109037203444348,75
"1488",-2.19269202624503,0.109037203444348,75
"1489",-1.83493254558247,0.109037203444348,75
"1490",-1.47717306491991,0.109037203444348,75
"1491",-1.11941358425736,0.109037203444348,75
"1492",-0.761654103594802,0.109037203444348,75
"1493",-0.403894622932246,-0.482608724466366,75
"1494",-0.046135142269689,-0.679824033769938,75
"1495",0.311624338392868,-0.87703934307351,75
"1496",0.669383819055424,-0.87703934307351,75
"1497",1.02714329971798,-1.07425465237708,75
"1498",1.38490278038054,-1.07425465237708,75
"1499",1.74266226104309,-1.07425465237708,75
"1500",2.10042174170565,-1.07425465237708,75
"1501",-4.69700839088292,0.109037203444348,76
"1502",-4.33924891022037,0.109037203444348,76
"1503",-3.98148942955781,0.109037203444348,76
"1504",-3.62372994889525,0.109037203444348,76
"1505",-3.2659704682327,0.109037203444348,76
"1506",-2.90821098757014,0.109037203444348,76
"1507",-2.55045150690758,0.109037203444348,76
"1508",-2.19269202624503,0.109037203444348,76
"1509",-1.83493254558247,0.109037203444348,76
"1510",-1.47717306491991,0.109037203444348,76
"1511",-1.11941358425736,0.109037203444348,76
"1512",-0.761654103594802,-0.0881781058592233,76
"1513",-0.403894622932246,-0.482608724466366,76
"1514",-0.046135142269689,-0.679824033769938,76
"1515",0.311624338392868,-0.87703934307351,76
"1516",0.669383819055424,-0.87703934307351,76
"1517",1.02714329971798,-0.87703934307351,76
"1518",1.38490278038054,-0.87703934307351,76
"1519",1.74266226104309,-0.87703934307351,76
"1520",2.10042174170565,-0.87703934307351,76
"1521",-4.69700839088292,0.109037203444348,77
"1522",-4.33924891022037,0.109037203444348,77
"1523",-3.98148942955781,0.109037203444348,77
"1524",-3.62372994889525,0.109037203444348,77
"1525",-3.2659704682327,0.109037203444348,77
"1526",-2.90821098757014,0.109037203444348,77
"1527",-2.55045150690758,0.109037203444348,77
"1528",-2.19269202624503,0.109037203444348,77
"1529",-1.83493254558247,0.109037203444348,77
"1530",-1.47717306491991,0.109037203444348,77
"1531",-1.11941358425736,0.109037203444348,77
"1532",-0.761654103594802,0.109037203444348,77
"1533",-0.403894622932246,-0.482608724466366,77
"1534",-0.046135142269689,-0.87703934307351,77
"1535",0.311624338392868,-0.87703934307351,77
"1536",0.669383819055424,-1.07425465237708,77
"1537",1.02714329971798,-1.07425465237708,77
"1538",1.38490278038054,-1.07425465237708,77
"1539",1.74266226104309,-1.07425465237708,77
"1540",2.10042174170565,-1.07425465237708,77
"1541",-4.69700839088292,0.109037203444348,78
"1542",-4.33924891022037,0.109037203444348,78
"1543",-3.98148942955781,0.109037203444348,78
"1544",-3.62372994889525,0.109037203444348,78
"1545",-3.2659704682327,0.109037203444348,78
"1546",-2.90821098757014,0.109037203444348,78
"1547",-2.55045150690758,0.109037203444348,78
"1548",-2.19269202624503,0.109037203444348,78
"1549",-1.83493254558247,0.109037203444348,78
"1550",-1.47717306491991,0.109037203444348,78
"1551",-1.11941358425736,0.109037203444348,78
"1552",-0.761654103594802,0.109037203444348,78
"1553",-0.403894622932246,-0.482608724466366,78
"1554",-0.046135142269689,-0.679824033769938,78
"1555",0.311624338392868,-0.87703934307351,78
"1556",0.669383819055424,-0.87703934307351,78
"1557",1.02714329971798,-0.87703934307351,78
"1558",1.38490278038054,-0.87703934307351,78
"1559",1.74266226104309,-0.87703934307351,78
"1560",2.10042174170565,-0.87703934307351,78
"1561",-4.69700839088292,0.109037203444348,79
"1562",-4.33924891022037,0.109037203444348,79
"1563",-3.98148942955781,0.109037203444348,79
"1564",-3.62372994889525,0.109037203444348,79
"1565",-3.2659704682327,0.109037203444348,79
"1566",-2.90821098757014,0.109037203444348,79
"1567",-2.55045150690758,0.109037203444348,79
"1568",-2.19269202624503,0.109037203444348,79
"1569",-1.83493254558247,0.109037203444348,79
"1570",-1.47717306491991,0.109037203444348,79
"1571",-1.11941358425736,0.109037203444348,79
"1572",-0.761654103594802,0.109037203444348,79
"1573",-0.403894622932246,-0.482608724466366,79
"1574",-0.046135142269689,-0.87703934307351,79
"1575",0.311624338392868,-1.07425465237708,79
"1576",0.669383819055424,-1.07425465237708,79
"1577",1.02714329971798,-1.07425465237708,79
"1578",1.38490278038054,-1.07425465237708,79
"1579",1.74266226104309,-1.07425465237708,79
"1580",2.10042174170565,-1.07425465237708,79
"1581",-4.69700839088292,0.109037203444348,80
"1582",-4.33924891022037,0.109037203444348,80
"1583",-3.98148942955781,0.109037203444348,80
"1584",-3.62372994889525,0.109037203444348,80
"1585",-3.2659704682327,0.109037203444348,80
"1586",-2.90821098757014,0.109037203444348,80
"1587",-2.55045150690758,0.109037203444348,80
"1588",-2.19269202624503,0.109037203444348,80
"1589",-1.83493254558247,0.109037203444348,80
"1590",-1.47717306491991,0.109037203444348,80
"1591",-1.11941358425736,0.109037203444348,80
"1592",-0.761654103594802,0.109037203444348,80
"1593",-0.403894622932246,-0.482608724466366,80
"1594",-0.046135142269689,-0.679824033769938,80
"1595",0.311624338392868,-0.87703934307351,80
"1596",0.669383819055424,-0.87703934307351,80
"1597",1.02714329971798,-0.87703934307351,80
"1598",1.38490278038054,-0.87703934307351,80
"1599",1.74266226104309,-0.87703934307351,80
"1600",2.10042174170565,-0.87703934307351,80
"1601",-4.69700839088292,0.109037203444348,81
"1602",-4.33924891022037,0.109037203444348,81
"1603",-3.98148942955781,0.109037203444348,81
"1604",-3.62372994889525,0.109037203444348,81
"1605",-3.2659704682327,0.109037203444348,81
"1606",-2.90821098757014,0.109037203444348,81
"1607",-2.55045150690758,0.109037203444348,81
"1608",-2.19269202624503,0.109037203444348,81
"1609",-1.83493254558247,0.109037203444348,81
"1610",-1.47717306491991,0.109037203444348,81
"1611",-1.11941358425736,0.109037203444348,81
"1612",-0.761654103594802,0.109037203444348,81
"1613",-0.403894622932246,-0.482608724466366,81
"1614",-0.046135142269689,-0.87703934307351,81
"1615",0.311624338392868,-1.07425465237708,81
"1616",0.669383819055424,-1.27146996168065,81
"1617",1.02714329971798,-1.27146996168065,81
"1618",1.38490278038054,-1.27146996168065,81
"1619",1.74266226104309,-1.27146996168065,81
"1620",2.10042174170565,-1.27146996168065,81
"1621",-4.69700839088292,0.109037203444348,82
"1622",-4.33924891022037,0.109037203444348,82
"1623",-3.98148942955781,0.109037203444348,82
"1624",-3.62372994889525,0.109037203444348,82
"1625",-3.2659704682327,0.109037203444348,82
"1626",-2.90821098757014,0.109037203444348,82
"1627",-2.55045150690758,0.109037203444348,82
"1628",-2.19269202624503,0.109037203444348,82
"1629",-1.83493254558247,0.109037203444348,82
"1630",-1.47717306491991,0.109037203444348,82
"1631",-1.11941358425736,0.109037203444348,82
"1632",-0.761654103594802,0.109037203444348,82
"1633",-0.403894622932246,-0.482608724466366,82
"1634",-0.046135142269689,-0.679824033769938,82
"1635",0.311624338392868,-0.87703934307351,82
"1636",0.669383819055424,-0.87703934307351,82
"1637",1.02714329971798,-0.87703934307351,82
"1638",1.38490278038054,-0.87703934307351,82
"1639",1.74266226104309,-0.87703934307351,82
"1640",2.10042174170565,-0.87703934307351,82
"1641",-4.69700839088292,0.109037203444348,83
"1642",-4.33924891022037,0.109037203444348,83
"1643",-3.98148942955781,0.109037203444348,83
"1644",-3.62372994889525,0.109037203444348,83
"1645",-3.2659704682327,0.109037203444348,83
"1646",-2.90821098757014,0.109037203444348,83
"1647",-2.55045150690758,0.109037203444348,83
"1648",-2.19269202624503,0.109037203444348,83
"1649",-1.83493254558247,0.109037203444348,83
"1650",-1.47717306491991,0.109037203444348,83
"1651",-1.11941358425736,0.109037203444348,83
"1652",-0.761654103594802,0.109037203444348,83
"1653",-0.403894622932246,-0.482608724466366,83
"1654",-0.046135142269689,-0.87703934307351,83
"1655",0.311624338392868,-1.07425465237708,83
"1656",0.669383819055424,-1.07425465237708,83
"1657",1.02714329971798,-1.07425465237708,83
"1658",1.38490278038054,-1.27146996168065,83
"1659",1.74266226104309,-1.27146996168065,83
"1660",2.10042174170565,-1.27146996168065,83
"1661",-4.69700839088292,0.109037203444348,84
"1662",-4.33924891022037,0.109037203444348,84
"1663",-3.98148942955781,0.109037203444348,84
"1664",-3.62372994889525,0.109037203444348,84
"1665",-3.2659704682327,0.109037203444348,84
"1666",-2.90821098757014,0.109037203444348,84
"1667",-2.55045150690758,0.109037203444348,84
"1668",-2.19269202624503,0.109037203444348,84
"1669",-1.83493254558247,0.109037203444348,84
"1670",-1.47717306491991,0.109037203444348,84
"1671",-1.11941358425736,0.109037203444348,84
"1672",-0.761654103594802,-0.0881781058592233,84
"1673",-0.403894622932246,-0.482608724466366,84
"1674",-0.046135142269689,-0.679824033769938,84
"1675",0.311624338392868,-0.87703934307351,84
"1676",0.669383819055424,-1.07425465237708,84
"1677",1.02714329971798,-1.07425465237708,84
"1678",1.38490278038054,-1.07425465237708,84
"1679",1.74266226104309,-1.07425465237708,84
"1680",2.10042174170565,-1.07425465237708,84
"1681",-4.69700839088292,0.109037203444348,85
"1682",-4.33924891022037,0.109037203444348,85
"1683",-3.98148942955781,0.109037203444348,85
"1684",-3.62372994889525,0.109037203444348,85
"1685",-3.2659704682327,0.109037203444348,85
"1686",-2.90821098757014,0.109037203444348,85
"1687",-2.55045150690758,0.109037203444348,85
"1688",-2.19269202624503,0.109037203444348,85
"1689",-1.83493254558247,0.109037203444348,85
"1690",-1.47717306491991,0.109037203444348,85
"1691",-1.11941358425736,0.109037203444348,85
"1692",-0.761654103594802,0.109037203444348,85
"1693",-0.403894622932246,-0.482608724466366,85
"1694",-0.046135142269689,-0.679824033769938,85
"1695",0.311624338392868,-0.87703934307351,85
"1696",0.669383819055424,-1.07425465237708,85
"1697",1.02714329971798,-1.07425465237708,85
"1698",1.38490278038054,-1.07425465237708,85
"1699",1.74266226104309,-1.07425465237708,85
"1700",2.10042174170565,-1.07425465237708,85
"1701",-4.69700839088292,0.109037203444348,86
"1702",-4.33924891022037,0.109037203444348,86
"1703",-3.98148942955781,0.109037203444348,86
"1704",-3.62372994889525,0.109037203444348,86
"1705",-3.2659704682327,0.109037203444348,86
"1706",-2.90821098757014,0.109037203444348,86
"1707",-2.55045150690758,0.109037203444348,86
"1708",-2.19269202624503,0.109037203444348,86
"1709",-1.83493254558247,0.109037203444348,86
"1710",-1.47717306491991,0.109037203444348,86
"1711",-1.11941358425736,0.109037203444348,86
"1712",-0.761654103594802,-0.285393415162795,86
"1713",-0.403894622932246,-0.482608724466366,86
"1714",-0.046135142269689,-0.679824033769938,86
"1715",0.311624338392868,-0.87703934307351,86
"1716",0.669383819055424,-0.87703934307351,86
"1717",1.02714329971798,-0.87703934307351,86
"1718",1.38490278038054,-0.87703934307351,86
"1719",1.74266226104309,-0.87703934307351,86
"1720",2.10042174170565,-0.87703934307351,86
"1721",-4.69700839088292,0.109037203444348,87
"1722",-4.33924891022037,0.109037203444348,87
"1723",-3.98148942955781,0.109037203444348,87
"1724",-3.62372994889525,0.109037203444348,87
"1725",-3.2659704682327,0.109037203444348,87
"1726",-2.90821098757014,0.109037203444348,87
"1727",-2.55045150690758,0.109037203444348,87
"1728",-2.19269202624503,0.109037203444348,87
"1729",-1.83493254558247,0.109037203444348,87
"1730",-1.47717306491991,0.109037203444348,87
"1731",-1.11941358425736,0.109037203444348,87
"1732",-0.761654103594802,-0.0881781058592233,87
"1733",-0.403894622932246,-0.482608724466366,87
"1734",-0.046135142269689,-0.679824033769938,87
"1735",0.311624338392868,-0.87703934307351,87
"1736",0.669383819055424,-0.87703934307351,87
"1737",1.02714329971798,-0.87703934307351,87
"1738",1.38490278038054,-0.87703934307351,87
"1739",1.74266226104309,-0.87703934307351,87
"1740",2.10042174170565,-1.07425465237708,87
"1741",-4.69700839088292,0.109037203444348,88
"1742",-4.33924891022037,0.109037203444348,88
"1743",-3.98148942955781,0.109037203444348,88
"1744",-3.62372994889525,0.109037203444348,88
"1745",-3.2659704682327,0.109037203444348,88
"1746",-2.90821098757014,0.109037203444348,88
"1747",-2.55045150690758,0.109037203444348,88
"1748",-2.19269202624503,0.109037203444348,88
"1749",-1.83493254558247,0.109037203444348,88
"1750",-1.47717306491991,0.109037203444348,88
"1751",-1.11941358425736,0.109037203444348,88
"1752",-0.761654103594802,0.109037203444348,88
"1753",-0.403894622932246,-0.482608724466366,88
"1754",-0.046135142269689,-0.679824033769938,88
"1755",0.311624338392868,-0.87703934307351,88
"1756",0.669383819055424,-0.87703934307351,88
"1757",1.02714329971798,-0.87703934307351,88
"1758",1.38490278038054,-0.87703934307351,88
"1759",1.74266226104309,-0.87703934307351,88
"1760",2.10042174170565,-0.87703934307351,88
"1761",-4.69700839088292,0.109037203444348,89
"1762",-4.33924891022037,0.109037203444348,89
"1763",-3.98148942955781,0.109037203444348,89
"1764",-3.62372994889525,0.109037203444348,89
"1765",-3.2659704682327,0.109037203444348,89
"1766",-2.90821098757014,0.109037203444348,89
"1767",-2.55045150690758,0.109037203444348,89
"1768",-2.19269202624503,0.109037203444348,89
"1769",-1.83493254558247,0.109037203444348,89
"1770",-1.47717306491991,0.109037203444348,89
"1771",-1.11941358425736,0.109037203444348,89
"1772",-0.761654103594802,0.109037203444348,89
"1773",-0.403894622932246,-0.482608724466366,89
"1774",-0.046135142269689,-0.679824033769938,89
"1775",0.311624338392868,-0.87703934307351,89
"1776",0.669383819055424,-0.87703934307351,89
"1777",1.02714329971798,-0.87703934307351,89
"1778",1.38490278038054,-0.87703934307351,89
"1779",1.74266226104309,-0.87703934307351,89
"1780",2.10042174170565,-0.87703934307351,89
"1781",-4.69700839088292,0.109037203444348,90
"1782",-4.33924891022037,0.109037203444348,90
"1783",-3.98148942955781,0.109037203444348,90
"1784",-3.62372994889525,0.109037203444348,90
"1785",-3.2659704682327,0.109037203444348,90
"1786",-2.90821098757014,0.109037203444348,90
"1787",-2.55045150690758,0.109037203444348,90
"1788",-2.19269202624503,0.109037203444348,90
"1789",-1.83493254558247,0.109037203444348,90
"1790",-1.47717306491991,0.109037203444348,90
"1791",-1.11941358425736,0.109037203444348,90
"1792",-0.761654103594802,-0.285393415162795,90
"1793",-0.403894622932246,-0.482608724466366,90
"1794",-0.046135142269689,-0.679824033769938,90
"1795",0.311624338392868,-0.87703934307351,90
"1796",0.669383819055424,-0.87703934307351,90
"1797",1.02714329971798,-0.87703934307351,90
"1798",1.38490278038054,-0.87703934307351,90
"1799",1.74266226104309,-1.07425465237708,90
"1800",2.10042174170565,-1.07425465237708,90
"1801",-4.69700839088292,0.109037203444348,91
"1802",-4.33924891022037,0.109037203444348,91
"1803",-3.98148942955781,0.109037203444348,91
"1804",-3.62372994889525,0.109037203444348,91
"1805",-3.2659704682327,0.109037203444348,91
"1806",-2.90821098757014,0.109037203444348,91
"1807",-2.55045150690758,0.109037203444348,91
"1808",-2.19269202624503,0.109037203444348,91
"1809",-1.83493254558247,0.109037203444348,91
"1810",-1.47717306491991,0.109037203444348,91
"1811",-1.11941358425736,0.109037203444348,91
"1812",-0.761654103594802,-0.0881781058592233,91
"1813",-0.403894622932246,-0.482608724466366,91
"1814",-0.046135142269689,-0.679824033769938,91
"1815",0.311624338392868,-0.87703934307351,91
"1816",0.669383819055424,-0.87703934307351,91
"1817",1.02714329971798,-1.07425465237708,91
"1818",1.38490278038054,-1.07425465237708,91
"1819",1.74266226104309,-1.07425465237708,91
"1820",2.10042174170565,-1.07425465237708,91
"1821",-4.69700839088292,0.109037203444348,92
"1822",-4.33924891022037,0.109037203444348,92
"1823",-3.98148942955781,0.109037203444348,92
"1824",-3.62372994889525,0.109037203444348,92
"1825",-3.2659704682327,0.109037203444348,92
"1826",-2.90821098757014,0.109037203444348,92
"1827",-2.55045150690758,0.109037203444348,92
"1828",-2.19269202624503,0.109037203444348,92
"1829",-1.83493254558247,0.109037203444348,92
"1830",-1.47717306491991,0.109037203444348,92
"1831",-1.11941358425736,0.109037203444348,92
"1832",-0.761654103594802,-0.0881781058592233,92
"1833",-0.403894622932246,-0.482608724466366,92
"1834",-0.046135142269689,-0.679824033769938,92
"1835",0.311624338392868,-0.87703934307351,92
"1836",0.669383819055424,-1.07425465237708,92
"1837",1.02714329971798,-1.07425465237708,92
"1838",1.38490278038054,-1.07425465237708,92
"1839",1.74266226104309,-1.07425465237708,92
"1840",2.10042174170565,-1.07425465237708,92
"1841",-4.69700839088292,0.109037203444348,93
"1842",-4.33924891022037,0.109037203444348,93
"1843",-3.98148942955781,0.109037203444348,93
"1844",-3.62372994889525,0.109037203444348,93
"1845",-3.2659704682327,0.109037203444348,93
"1846",-2.90821098757014,0.109037203444348,93
"1847",-2.55045150690758,0.109037203444348,93
"1848",-2.19269202624503,0.109037203444348,93
"1849",-1.83493254558247,0.109037203444348,93
"1850",-1.47717306491991,0.109037203444348,93
"1851",-1.11941358425736,0.109037203444348,93
"1852",-0.761654103594802,-0.0881781058592233,93
"1853",-0.403894622932246,-0.482608724466366,93
"1854",-0.046135142269689,-0.679824033769938,93
"1855",0.311624338392868,-0.87703934307351,93
"1856",0.669383819055424,-0.87703934307351,93
"1857",1.02714329971798,-1.07425465237708,93
"1858",1.38490278038054,-1.07425465237708,93
"1859",1.74266226104309,-1.07425465237708,93
"1860",2.10042174170565,-1.07425465237708,93
"1861",-4.69700839088292,0.109037203444348,94
"1862",-4.33924891022037,0.109037203444348,94
"1863",-3.98148942955781,0.109037203444348,94
"1864",-3.62372994889525,0.109037203444348,94
"1865",-3.2659704682327,0.109037203444348,94
"1866",-2.90821098757014,0.109037203444348,94
"1867",-2.55045150690758,0.109037203444348,94
"1868",-2.19269202624503,0.109037203444348,94
"1869",-1.83493254558247,0.109037203444348,94
"1870",-1.47717306491991,0.109037203444348,94
"1871",-1.11941358425736,0.109037203444348,94
"1872",-0.761654103594802,-0.285393415162795,94
"1873",-0.403894622932246,-0.482608724466366,94
"1874",-0.046135142269689,-0.679824033769938,94
"1875",0.311624338392868,-0.87703934307351,94
"1876",0.669383819055424,-0.87703934307351,94
"1877",1.02714329971798,-0.87703934307351,94
"1878",1.38490278038054,-1.07425465237708,94
"1879",1.74266226104309,-1.07425465237708,94
"1880",2.10042174170565,-1.07425465237708,94
"1881",-4.69700839088292,0.109037203444348,95
"1882",-4.33924891022037,0.109037203444348,95
"1883",-3.98148942955781,0.109037203444348,95
"1884",-3.62372994889525,0.109037203444348,95
"1885",-3.2659704682327,0.109037203444348,95
"1886",-2.90821098757014,0.109037203444348,95
"1887",-2.55045150690758,0.109037203444348,95
"1888",-2.19269202624503,0.109037203444348,95
"1889",-1.83493254558247,0.109037203444348,95
"1890",-1.47717306491991,0.109037203444348,95
"1891",-1.11941358425736,0.109037203444348,95
"1892",-0.761654103594802,-0.0881781058592233,95
"1893",-0.403894622932246,-0.482608724466366,95
"1894",-0.046135142269689,-0.679824033769938,95
"1895",0.311624338392868,-0.87703934307351,95
"1896",0.669383819055424,-1.07425465237708,95
"1897",1.02714329971798,-1.07425465237708,95
"1898",1.38490278038054,-1.07425465237708,95
"1899",1.74266226104309,-1.07425465237708,95
"1900",2.10042174170565,-1.07425465237708,95
"1901",-4.69700839088292,0.109037203444348,96
"1902",-4.33924891022037,0.109037203444348,96
"1903",-3.98148942955781,0.109037203444348,96
"1904",-3.62372994889525,0.109037203444348,96
"1905",-3.2659704682327,0.109037203444348,96
"1906",-2.90821098757014,0.109037203444348,96
"1907",-2.55045150690758,0.109037203444348,96
"1908",-2.19269202624503,0.109037203444348,96
"1909",-1.83493254558247,0.109037203444348,96
"1910",-1.47717306491991,0.109037203444348,96
"1911",-1.11941358425736,0.109037203444348,96
"1912",-0.761654103594802,0.109037203444348,96
"1913",-0.403894622932246,-0.482608724466366,96
"1914",-0.046135142269689,-0.87703934307351,96
"1915",0.311624338392868,-0.87703934307351,96
"1916",0.669383819055424,-1.07425465237708,96
"1917",1.02714329971798,-1.07425465237708,96
"1918",1.38490278038054,-1.07425465237708,96
"1919",1.74266226104309,-1.07425465237708,96
"1920",2.10042174170565,-1.07425465237708,96
"1921",-4.69700839088292,0.109037203444348,97
"1922",-4.33924891022037,0.109037203444348,97
"1923",-3.98148942955781,0.109037203444348,97
"1924",-3.62372994889525,0.109037203444348,97
"1925",-3.2659704682327,0.109037203444348,97
"1926",-2.90821098757014,0.109037203444348,97
"1927",-2.55045150690758,0.109037203444348,97
"1928",-2.19269202624503,0.109037203444348,97
"1929",-1.83493254558247,0.109037203444348,97
"1930",-1.47717306491991,0.109037203444348,97
"1931",-1.11941358425736,0.109037203444348,97
"1932",-0.761654103594802,0.109037203444348,97
"1933",-0.403894622932246,-0.482608724466366,97
"1934",-0.046135142269689,-0.679824033769938,97
"1935",0.311624338392868,-0.87703934307351,97
"1936",0.669383819055424,-0.87703934307351,97
"1937",1.02714329971798,-1.07425465237708,97
"1938",1.38490278038054,-1.07425465237708,97
"1939",1.74266226104309,-1.07425465237708,97
"1940",2.10042174170565,-1.07425465237708,97
"1941",-4.69700839088292,0.109037203444348,98
"1942",-4.33924891022037,0.109037203444348,98
"1943",-3.98148942955781,0.109037203444348,98
"1944",-3.62372994889525,0.109037203444348,98
"1945",-3.2659704682327,0.109037203444348,98
"1946",-2.90821098757014,0.109037203444348,98
"1947",-2.55045150690758,0.109037203444348,98
"1948",-2.19269202624503,0.109037203444348,98
"1949",-1.83493254558247,0.109037203444348,98
"1950",-1.47717306491991,0.109037203444348,98
"1951",-1.11941358425736,0.109037203444348,98
"1952",-0.761654103594802,0.109037203444348,98
"1953",-0.403894622932246,-0.482608724466366,98
"1954",-0.046135142269689,-0.679824033769938,98
"1955",0.311624338392868,-0.87703934307351,98
"1956",0.669383819055424,-0.87703934307351,98
"1957",1.02714329971798,-1.07425465237708,98
"1958",1.38490278038054,-1.07425465237708,98
"1959",1.74266226104309,-1.07425465237708,98
"1960",2.10042174170565,-1.07425465237708,98
"1961",-4.69700839088292,0.109037203444348,99
"1962",-4.33924891022037,0.109037203444348,99
"1963",-3.98148942955781,0.109037203444348,99
"1964",-3.62372994889525,0.109037203444348,99
"1965",-3.2659704682327,0.109037203444348,99
"1966",-2.90821098757014,0.109037203444348,99
"1967",-2.55045150690758,0.109037203444348,99
"1968",-2.19269202624503,0.109037203444348,99
"1969",-1.83493254558247,0.109037203444348,99
"1970",-1.47717306491991,0.109037203444348,99
"1971",-1.11941358425736,0.109037203444348,99
"1972",-0.761654103594802,0.109037203444348,99
"1973",-0.403894622932246,-0.482608724466366,99
"1974",-0.046135142269689,-0.679824033769938,99
"1975",0.311624338392868,-0.87703934307351,99
"1976",0.669383819055424,-0.87703934307351,99
"1977",1.02714329971798,-1.07425465237708,99
"1978",1.38490278038054,-1.07425465237708,99
"1979",1.74266226104309,-1.07425465237708,99
"1980",2.10042174170565,-1.07425465237708,99
"1981",-4.69700839088292,0.109037203444348,100
"1982",-4.33924891022037,0.109037203444348,100
"1983",-3.98148942955781,0.109037203444348,100
"1984",-3.62372994889525,0.109037203444348,100
"1985",-3.2659704682327,0.109037203444348,100
"1986",-2.90821098757014,0.109037203444348,100
"1987",-2.55045150690758,0.109037203444348,100
"1988",-2.19269202624503,0.109037203444348,100
"1989",-1.83493254558247,0.109037203444348,100
"1990",-1.47717306491991,0.109037203444348,100
"1991",-1.11941358425736,0.109037203444348,100
"1992",-0.761654103594802,0.109037203444348,100
"1993",-0.403894622932246,-0.482608724466366,100
"1994",-0.046135142269689,-0.87703934307351,100
"1995",0.311624338392868,-0.87703934307351,100
"1996",0.669383819055424,-0.87703934307351,100
"1997",1.02714329971798,-0.87703934307351,100
"1998",1.38490278038054,-1.07425465237708,100
"1999",1.74266226104309,-1.07425465237708,100
"2000",2.10042174170565,-1.07425465237708,100
