"","x","y","sample"
"1",-6.36379740225004,-4.80341226045241,1
"2",-5.90783854732649,-4.80341226045241,1
"3",-5.45187969240294,-4.80341226045241,1
"4",-4.99592083747939,-5.04150749854764,1
"5",-4.53996198255584,-5.27960273664288,1
"6",-4.0840031276323,-5.75579321283336,1
"7",-3.62804427270875,-6.23198368902383,1
"8",-3.1720854177852,-6.47007892711907,1
"9",-2.71612656286165,-6.70817416521431,1
"10",-2.2601677079381,-6.94626940330955,1
"11",-1.80420885301455,-7.18436464140479,1
"12",-1.348249998091,-7.18436464140479,1
"13",-0.892291143167456,-7.42245987950002,1
"14",-0.436332288243907,-7.42245987950002,1
"15",0.0196265666796416,-7.66055511759526,1
"16",0.47558542160319,-7.66055511759526,1
"17",0.931544276526739,-7.66055511759526,1
"18",1.38750313145029,-7.66055511759526,1
"19",1.84346198637384,-7.66055511759526,1
"20",2.29942084129739,-7.66055511759526,1
"21",-6.36379740225004,-5.51769797473812,2
"22",-5.90783854732649,-5.51769797473812,2
"23",-5.45187969240294,-5.51769797473812,2
"24",-4.99592083747939,-5.51769797473812,2
"25",-4.53996198255584,-5.51769797473812,2
"26",-4.0840031276323,-5.51769797473812,2
"27",-3.62804427270875,-5.51769797473812,2
"28",-3.1720854177852,-5.51769797473812,2
"29",-2.71612656286165,-5.51769797473812,2
"30",-2.2601677079381,-5.51769797473812,2
"31",-1.80420885301455,-5.51769797473812,2
"32",-1.348249998091,-5.51769797473812,2
"33",-0.892291143167456,-5.51769797473812,2
"34",-0.436332288243907,-5.51769797473812,2
"35",0.0196265666796416,-5.51769797473812,2
"36",0.47558542160319,-5.51769797473812,2
"37",0.931544276526739,-5.75579321283336,2
"38",1.38750313145029,-5.75579321283336,2
"39",1.84346198637384,-5.75579321283336,2
"40",2.29942084129739,-5.9938884509286,2
"41",-6.36379740225004,-2.8986503556905,3
"42",-5.90783854732649,-2.8986503556905,3
"43",-5.45187969240294,-4.56531702235717,3
"44",-4.99592083747939,-5.27960273664288,3
"45",-4.53996198255584,-5.51769797473812,3
"46",-4.0840031276323,-5.51769797473812,3
"47",-3.62804427270875,-5.51769797473812,3
"48",-3.1720854177852,-5.75579321283336,3
"49",-2.71612656286165,-5.75579321283336,3
"50",-2.2601677079381,-5.75579321283336,3
"51",-1.80420885301455,-5.75579321283336,3
"52",-1.348249998091,-5.75579321283336,3
"53",-0.892291143167456,-5.75579321283336,3
"54",-0.436332288243907,-5.75579321283336,3
"55",0.0196265666796416,-5.75579321283336,3
"56",0.47558542160319,-5.75579321283336,3
"57",0.931544276526739,-5.75579321283336,3
"58",1.38750313145029,-5.75579321283336,3
"59",1.84346198637384,-5.75579321283336,3
"60",2.29942084129739,-5.75579321283336,3
"61",-6.36379740225004,-2.8986503556905,4
"62",-5.90783854732649,-2.8986503556905,4
"63",-5.45187969240294,-2.8986503556905,4
"64",-4.99592083747939,-2.8986503556905,4
"65",-4.53996198255584,-4.32722178426193,4
"66",-4.0840031276323,-6.23198368902383,4
"67",-3.62804427270875,-6.47007892711907,4
"68",-3.1720854177852,-6.47007892711907,4
"69",-2.71612656286165,-6.47007892711907,4
"70",-2.2601677079381,-6.47007892711907,4
"71",-1.80420885301455,-6.47007892711907,4
"72",-1.348249998091,-6.47007892711907,4
"73",-0.892291143167456,-6.47007892711907,4
"74",-0.436332288243907,-6.47007892711907,4
"75",0.0196265666796416,-6.47007892711907,4
"76",0.47558542160319,-6.47007892711907,4
"77",0.931544276526739,-6.47007892711907,4
"78",1.38750313145029,-6.47007892711907,4
"79",1.84346198637384,-6.47007892711907,4
"80",2.29942084129739,-6.47007892711907,4
"81",-6.36379740225004,-2.8986503556905,5
"82",-5.90783854732649,-2.8986503556905,5
"83",-5.45187969240294,-2.8986503556905,5
"84",-4.99592083747939,-2.8986503556905,5
"85",-4.53996198255584,-5.51769797473812,5
"86",-4.0840031276323,-5.51769797473812,5
"87",-3.62804427270875,-5.51769797473812,5
"88",-3.1720854177852,-5.51769797473812,5
"89",-2.71612656286165,-5.51769797473812,5
"90",-2.2601677079381,-5.51769797473812,5
"91",-1.80420885301455,-5.51769797473812,5
"92",-1.348249998091,-5.51769797473812,5
"93",-0.892291143167456,-5.51769797473812,5
"94",-0.436332288243907,-5.51769797473812,5
"95",0.0196265666796416,-5.51769797473812,5
"96",0.47558542160319,-5.51769797473812,5
"97",0.931544276526739,-5.51769797473812,5
"98",1.38750313145029,-5.51769797473812,5
"99",1.84346198637384,-5.51769797473812,5
"100",2.29942084129739,-5.51769797473812,5
"101",-6.36379740225004,-2.8986503556905,6
"102",-5.90783854732649,-4.08912654616669,6
"103",-5.45187969240294,-5.04150749854764,6
"104",-4.99592083747939,-5.27960273664288,6
"105",-4.53996198255584,-5.51769797473812,6
"106",-4.0840031276323,-5.51769797473812,6
"107",-3.62804427270875,-5.75579321283336,6
"108",-3.1720854177852,-5.75579321283336,6
"109",-2.71612656286165,-5.75579321283336,6
"110",-2.2601677079381,-5.75579321283336,6
"111",-1.80420885301455,-5.75579321283336,6
"112",-1.348249998091,-5.75579321283336,6
"113",-0.892291143167456,-5.75579321283336,6
"114",-0.436332288243907,-5.75579321283336,6
"115",0.0196265666796416,-5.75579321283336,6
"116",0.47558542160319,-5.75579321283336,6
"117",0.931544276526739,-5.75579321283336,6
"118",1.38750313145029,-5.75579321283336,6
"119",1.84346198637384,-5.75579321283336,6
"120",2.29942084129739,-5.75579321283336,6
"121",-6.36379740225004,-2.8986503556905,7
"122",-5.90783854732649,-2.8986503556905,7
"123",-5.45187969240294,-2.8986503556905,7
"124",-4.99592083747939,-2.8986503556905,7
"125",-4.53996198255584,-5.27960273664288,7
"126",-4.0840031276323,-5.75579321283336,7
"127",-3.62804427270875,-5.75579321283336,7
"128",-3.1720854177852,-5.9938884509286,7
"129",-2.71612656286165,-5.9938884509286,7
"130",-2.2601677079381,-5.9938884509286,7
"131",-1.80420885301455,-5.9938884509286,7
"132",-1.348249998091,-5.9938884509286,7
"133",-0.892291143167456,-5.9938884509286,7
"134",-0.436332288243907,-5.9938884509286,7
"135",0.0196265666796416,-5.9938884509286,7
"136",0.47558542160319,-5.9938884509286,7
"137",0.931544276526739,-5.9938884509286,7
"138",1.38750313145029,-6.23198368902383,7
"139",1.84346198637384,-6.47007892711907,7
"140",2.29942084129739,-6.47007892711907,7
"141",-6.36379740225004,-2.8986503556905,8
"142",-5.90783854732649,-2.8986503556905,8
"143",-5.45187969240294,-2.8986503556905,8
"144",-4.99592083747939,-2.8986503556905,8
"145",-4.53996198255584,-5.27960273664288,8
"146",-4.0840031276323,-5.9938884509286,8
"147",-3.62804427270875,-6.47007892711907,8
"148",-3.1720854177852,-6.70817416521431,8
"149",-2.71612656286165,-6.70817416521431,8
"150",-2.2601677079381,-6.94626940330955,8
"151",-1.80420885301455,-6.94626940330955,8
"152",-1.348249998091,-6.94626940330955,8
"153",-0.892291143167456,-6.94626940330955,8
"154",-0.436332288243907,-6.94626940330955,8
"155",0.0196265666796416,-6.94626940330955,8
"156",0.47558542160319,-6.94626940330955,8
"157",0.931544276526739,-6.94626940330955,8
"158",1.38750313145029,-6.94626940330955,8
"159",1.84346198637384,-6.94626940330955,8
"160",2.29942084129739,-6.94626940330955,8
"161",-6.36379740225004,-3.85103130807145,9
"162",-5.90783854732649,-4.32722178426193,9
"163",-5.45187969240294,-4.80341226045241,9
"164",-4.99592083747939,-5.27960273664288,9
"165",-4.53996198255584,-5.51769797473812,9
"166",-4.0840031276323,-5.75579321283336,9
"167",-3.62804427270875,-5.75579321283336,9
"168",-3.1720854177852,-5.9938884509286,9
"169",-2.71612656286165,-5.9938884509286,9
"170",-2.2601677079381,-6.23198368902383,9
"171",-1.80420885301455,-6.23198368902383,9
"172",-1.348249998091,-6.23198368902383,9
"173",-0.892291143167456,-6.23198368902383,9
"174",-0.436332288243907,-6.47007892711907,9
"175",0.0196265666796416,-6.47007892711907,9
"176",0.47558542160319,-6.47007892711907,9
"177",0.931544276526739,-6.47007892711907,9
"178",1.38750313145029,-6.47007892711907,9
"179",1.84346198637384,-6.47007892711907,9
"180",2.29942084129739,-6.47007892711907,9
"181",-6.36379740225004,-2.8986503556905,10
"182",-5.90783854732649,-2.8986503556905,10
"183",-5.45187969240294,-2.8986503556905,10
"184",-4.99592083747939,-2.8986503556905,10
"185",-4.53996198255584,-3.37484083188098,10
"186",-4.0840031276323,-6.23198368902383,10
"187",-3.62804427270875,-6.94626940330955,10
"188",-3.1720854177852,-7.18436464140479,10
"189",-2.71612656286165,-7.18436464140479,10
"190",-2.2601677079381,-7.18436464140479,10
"191",-1.80420885301455,-7.18436464140479,10
"192",-1.348249998091,-7.18436464140479,10
"193",-0.892291143167456,-7.18436464140479,10
"194",-0.436332288243907,-7.18436464140479,10
"195",0.0196265666796416,-7.18436464140479,10
"196",0.47558542160319,-7.18436464140479,10
"197",0.931544276526739,-7.18436464140479,10
"198",1.38750313145029,-7.18436464140479,10
"199",1.84346198637384,-7.18436464140479,10
"200",2.29942084129739,-7.18436464140479,10
"201",-6.36379740225004,-2.8986503556905,11
"202",-5.90783854732649,-2.8986503556905,11
"203",-5.45187969240294,-2.8986503556905,11
"204",-4.99592083747939,-2.8986503556905,11
"205",-4.53996198255584,-2.8986503556905,11
"206",-4.0840031276323,-6.70817416521431,11
"207",-3.62804427270875,-7.42245987950002,11
"208",-3.1720854177852,-7.66055511759526,11
"209",-2.71612656286165,-7.66055511759526,11
"210",-2.2601677079381,-7.66055511759526,11
"211",-1.80420885301455,-7.66055511759526,11
"212",-1.348249998091,-7.66055511759526,11
"213",-0.892291143167456,-7.66055511759526,11
"214",-0.436332288243907,-7.66055511759526,11
"215",0.0196265666796416,-7.66055511759526,11
"216",0.47558542160319,-7.66055511759526,11
"217",0.931544276526739,-7.66055511759526,11
"218",1.38750313145029,-7.66055511759526,11
"219",1.84346198637384,-7.66055511759526,11
"220",2.29942084129739,-7.66055511759526,11
"221",-6.36379740225004,-2.8986503556905,12
"222",-5.90783854732649,-2.8986503556905,12
"223",-5.45187969240294,-2.8986503556905,12
"224",-4.99592083747939,-5.27960273664288,12
"225",-4.53996198255584,-5.51769797473812,12
"226",-4.0840031276323,-5.51769797473812,12
"227",-3.62804427270875,-5.51769797473812,12
"228",-3.1720854177852,-5.51769797473812,12
"229",-2.71612656286165,-5.51769797473812,12
"230",-2.2601677079381,-5.51769797473812,12
"231",-1.80420885301455,-5.51769797473812,12
"232",-1.348249998091,-5.51769797473812,12
"233",-0.892291143167456,-5.51769797473812,12
"234",-0.436332288243907,-5.51769797473812,12
"235",0.0196265666796416,-5.51769797473812,12
"236",0.47558542160319,-5.51769797473812,12
"237",0.931544276526739,-5.51769797473812,12
"238",1.38750313145029,-5.51769797473812,12
"239",1.84346198637384,-5.51769797473812,12
"240",2.29942084129739,-5.9938884509286,12
"241",-6.36379740225004,-2.8986503556905,13
"242",-5.90783854732649,-2.8986503556905,13
"243",-5.45187969240294,-2.8986503556905,13
"244",-4.99592083747939,-4.56531702235717,13
"245",-4.53996198255584,-5.27960273664288,13
"246",-4.0840031276323,-5.75579321283336,13
"247",-3.62804427270875,-5.9938884509286,13
"248",-3.1720854177852,-6.23198368902383,13
"249",-2.71612656286165,-6.23198368902383,13
"250",-2.2601677079381,-6.23198368902383,13
"251",-1.80420885301455,-6.23198368902383,13
"252",-1.348249998091,-6.23198368902383,13
"253",-0.892291143167456,-6.23198368902383,13
"254",-0.436332288243907,-6.23198368902383,13
"255",0.0196265666796416,-6.23198368902383,13
"256",0.47558542160319,-6.23198368902383,13
"257",0.931544276526739,-6.23198368902383,13
"258",1.38750313145029,-6.23198368902383,13
"259",1.84346198637384,-6.23198368902383,13
"260",2.29942084129739,-6.23198368902383,13
"261",-6.36379740225004,-2.8986503556905,14
"262",-5.90783854732649,-2.8986503556905,14
"263",-5.45187969240294,-2.8986503556905,14
"264",-4.99592083747939,-2.8986503556905,14
"265",-4.53996198255584,-3.37484083188098,14
"266",-4.0840031276323,-7.42245987950002,14
"267",-3.62804427270875,-7.66055511759526,14
"268",-3.1720854177852,-7.66055511759526,14
"269",-2.71612656286165,-7.66055511759526,14
"270",-2.2601677079381,-7.66055511759526,14
"271",-1.80420885301455,-7.66055511759526,14
"272",-1.348249998091,-7.66055511759526,14
"273",-0.892291143167456,-7.66055511759526,14
"274",-0.436332288243907,-7.66055511759526,14
"275",0.0196265666796416,-7.66055511759526,14
"276",0.47558542160319,-7.66055511759526,14
"277",0.931544276526739,-7.66055511759526,14
"278",1.38750313145029,-7.66055511759526,14
"279",1.84346198637384,-7.66055511759526,14
"280",2.29942084129739,-7.66055511759526,14
"281",-6.36379740225004,-4.08912654616669,15
"282",-5.90783854732649,-4.56531702235717,15
"283",-5.45187969240294,-4.80341226045241,15
"284",-4.99592083747939,-5.27960273664288,15
"285",-4.53996198255584,-5.51769797473812,15
"286",-4.0840031276323,-5.75579321283336,15
"287",-3.62804427270875,-5.9938884509286,15
"288",-3.1720854177852,-5.9938884509286,15
"289",-2.71612656286165,-6.23198368902383,15
"290",-2.2601677079381,-6.47007892711907,15
"291",-1.80420885301455,-6.47007892711907,15
"292",-1.348249998091,-6.70817416521431,15
"293",-0.892291143167456,-6.70817416521431,15
"294",-0.436332288243907,-6.70817416521431,15
"295",0.0196265666796416,-6.94626940330955,15
"296",0.47558542160319,-6.94626940330955,15
"297",0.931544276526739,-6.94626940330955,15
"298",1.38750313145029,-6.94626940330955,15
"299",1.84346198637384,-6.94626940330955,15
"300",2.29942084129739,-6.94626940330955,15
"301",-6.36379740225004,-2.8986503556905,16
"302",-5.90783854732649,-3.37484083188098,16
"303",-5.45187969240294,-4.32722178426193,16
"304",-4.99592083747939,-4.80341226045241,16
"305",-4.53996198255584,-5.27960273664288,16
"306",-4.0840031276323,-5.75579321283336,16
"307",-3.62804427270875,-5.9938884509286,16
"308",-3.1720854177852,-6.47007892711907,16
"309",-2.71612656286165,-6.47007892711907,16
"310",-2.2601677079381,-6.70817416521431,16
"311",-1.80420885301455,-6.94626940330955,16
"312",-1.348249998091,-6.94626940330955,16
"313",-0.892291143167456,-6.94626940330955,16
"314",-0.436332288243907,-7.18436464140479,16
"315",0.0196265666796416,-7.18436464140479,16
"316",0.47558542160319,-7.18436464140479,16
"317",0.931544276526739,-7.18436464140479,16
"318",1.38750313145029,-7.18436464140479,16
"319",1.84346198637384,-7.18436464140479,16
"320",2.29942084129739,-7.18436464140479,16
"321",-6.36379740225004,-2.8986503556905,17
"322",-5.90783854732649,-2.8986503556905,17
"323",-5.45187969240294,-3.85103130807145,17
"324",-4.99592083747939,-4.80341226045241,17
"325",-4.53996198255584,-5.27960273664288,17
"326",-4.0840031276323,-5.75579321283336,17
"327",-3.62804427270875,-6.23198368902383,17
"328",-3.1720854177852,-6.47007892711907,17
"329",-2.71612656286165,-6.70817416521431,17
"330",-2.2601677079381,-6.94626940330955,17
"331",-1.80420885301455,-6.94626940330955,17
"332",-1.348249998091,-6.94626940330955,17
"333",-0.892291143167456,-7.18436464140479,17
"334",-0.436332288243907,-7.18436464140479,17
"335",0.0196265666796416,-7.18436464140479,17
"336",0.47558542160319,-7.18436464140479,17
"337",0.931544276526739,-7.18436464140479,17
"338",1.38750313145029,-7.18436464140479,17
"339",1.84346198637384,-7.18436464140479,17
"340",2.29942084129739,-7.18436464140479,17
"341",-6.36379740225004,-2.8986503556905,18
"342",-5.90783854732649,-4.08912654616669,18
"343",-5.45187969240294,-4.80341226045241,18
"344",-4.99592083747939,-5.27960273664288,18
"345",-4.53996198255584,-5.51769797473812,18
"346",-4.0840031276323,-5.51769797473812,18
"347",-3.62804427270875,-5.75579321283336,18
"348",-3.1720854177852,-5.75579321283336,18
"349",-2.71612656286165,-5.75579321283336,18
"350",-2.2601677079381,-5.75579321283336,18
"351",-1.80420885301455,-5.75579321283336,18
"352",-1.348249998091,-5.75579321283336,18
"353",-0.892291143167456,-5.75579321283336,18
"354",-0.436332288243907,-5.75579321283336,18
"355",0.0196265666796416,-5.75579321283336,18
"356",0.47558542160319,-5.75579321283336,18
"357",0.931544276526739,-5.75579321283336,18
"358",1.38750313145029,-5.75579321283336,18
"359",1.84346198637384,-5.75579321283336,18
"360",2.29942084129739,-5.75579321283336,18
"361",-6.36379740225004,-3.85103130807145,19
"362",-5.90783854732649,-4.56531702235717,19
"363",-5.45187969240294,-5.04150749854764,19
"364",-4.99592083747939,-5.27960273664288,19
"365",-4.53996198255584,-5.51769797473812,19
"366",-4.0840031276323,-5.51769797473812,19
"367",-3.62804427270875,-5.75579321283336,19
"368",-3.1720854177852,-5.75579321283336,19
"369",-2.71612656286165,-5.75579321283336,19
"370",-2.2601677079381,-5.75579321283336,19
"371",-1.80420885301455,-5.75579321283336,19
"372",-1.348249998091,-5.75579321283336,19
"373",-0.892291143167456,-5.75579321283336,19
"374",-0.436332288243907,-5.75579321283336,19
"375",0.0196265666796416,-5.75579321283336,19
"376",0.47558542160319,-5.75579321283336,19
"377",0.931544276526739,-5.75579321283336,19
"378",1.38750313145029,-5.9938884509286,19
"379",1.84346198637384,-5.9938884509286,19
"380",2.29942084129739,-6.23198368902383,19
"381",-6.36379740225004,-2.8986503556905,20
"382",-5.90783854732649,-4.56531702235717,20
"383",-5.45187969240294,-5.04150749854764,20
"384",-4.99592083747939,-5.27960273664288,20
"385",-4.53996198255584,-5.51769797473812,20
"386",-4.0840031276323,-5.51769797473812,20
"387",-3.62804427270875,-5.51769797473812,20
"388",-3.1720854177852,-5.51769797473812,20
"389",-2.71612656286165,-5.51769797473812,20
"390",-2.2601677079381,-5.51769797473812,20
"391",-1.80420885301455,-5.51769797473812,20
"392",-1.348249998091,-5.51769797473812,20
"393",-0.892291143167456,-5.51769797473812,20
"394",-0.436332288243907,-5.51769797473812,20
"395",0.0196265666796416,-5.75579321283336,20
"396",0.47558542160319,-6.23198368902383,20
"397",0.931544276526739,-6.94626940330955,20
"398",1.38750313145029,-7.66055511759526,20
"399",1.84346198637384,-7.66055511759526,20
"400",2.29942084129739,-7.66055511759526,20
"401",-6.36379740225004,-3.85103130807145,21
"402",-5.90783854732649,-4.56531702235717,21
"403",-5.45187969240294,-5.04150749854764,21
"404",-4.99592083747939,-5.27960273664288,21
"405",-4.53996198255584,-5.51769797473812,21
"406",-4.0840031276323,-5.51769797473812,21
"407",-3.62804427270875,-5.75579321283336,21
"408",-3.1720854177852,-5.75579321283336,21
"409",-2.71612656286165,-5.75579321283336,21
"410",-2.2601677079381,-5.9938884509286,21
"411",-1.80420885301455,-5.9938884509286,21
"412",-1.348249998091,-5.9938884509286,21
"413",-0.892291143167456,-5.9938884509286,21
"414",-0.436332288243907,-5.9938884509286,21
"415",0.0196265666796416,-5.9938884509286,21
"416",0.47558542160319,-5.9938884509286,21
"417",0.931544276526739,-5.9938884509286,21
"418",1.38750313145029,-5.9938884509286,21
"419",1.84346198637384,-5.9938884509286,21
"420",2.29942084129739,-5.9938884509286,21
"421",-6.36379740225004,-4.08912654616669,22
"422",-5.90783854732649,-4.56531702235717,22
"423",-5.45187969240294,-4.80341226045241,22
"424",-4.99592083747939,-5.27960273664288,22
"425",-4.53996198255584,-5.51769797473812,22
"426",-4.0840031276323,-5.75579321283336,22
"427",-3.62804427270875,-5.75579321283336,22
"428",-3.1720854177852,-5.9938884509286,22
"429",-2.71612656286165,-5.9938884509286,22
"430",-2.2601677079381,-6.23198368902383,22
"431",-1.80420885301455,-6.23198368902383,22
"432",-1.348249998091,-6.23198368902383,22
"433",-0.892291143167456,-6.47007892711907,22
"434",-0.436332288243907,-6.47007892711907,22
"435",0.0196265666796416,-6.47007892711907,22
"436",0.47558542160319,-6.47007892711907,22
"437",0.931544276526739,-6.47007892711907,22
"438",1.38750313145029,-6.47007892711907,22
"439",1.84346198637384,-6.47007892711907,22
"440",2.29942084129739,-6.47007892711907,22
"441",-6.36379740225004,-2.8986503556905,23
"442",-5.90783854732649,-3.61293606997622,23
"443",-5.45187969240294,-4.32722178426193,23
"444",-4.99592083747939,-5.04150749854764,23
"445",-4.53996198255584,-5.27960273664288,23
"446",-4.0840031276323,-5.75579321283336,23
"447",-3.62804427270875,-5.9938884509286,23
"448",-3.1720854177852,-6.23198368902383,23
"449",-2.71612656286165,-6.47007892711907,23
"450",-2.2601677079381,-6.70817416521431,23
"451",-1.80420885301455,-6.94626940330955,23
"452",-1.348249998091,-6.94626940330955,23
"453",-0.892291143167456,-6.94626940330955,23
"454",-0.436332288243907,-7.18436464140479,23
"455",0.0196265666796416,-7.18436464140479,23
"456",0.47558542160319,-7.18436464140479,23
"457",0.931544276526739,-7.18436464140479,23
"458",1.38750313145029,-7.18436464140479,23
"459",1.84346198637384,-7.18436464140479,23
"460",2.29942084129739,-7.18436464140479,23
"461",-6.36379740225004,-3.61293606997622,24
"462",-5.90783854732649,-4.32722178426193,24
"463",-5.45187969240294,-4.80341226045241,24
"464",-4.99592083747939,-5.04150749854764,24
"465",-4.53996198255584,-5.51769797473812,24
"466",-4.0840031276323,-5.75579321283336,24
"467",-3.62804427270875,-5.9938884509286,24
"468",-3.1720854177852,-6.23198368902383,24
"469",-2.71612656286165,-6.23198368902383,24
"470",-2.2601677079381,-6.47007892711907,24
"471",-1.80420885301455,-6.47007892711907,24
"472",-1.348249998091,-6.70817416521431,24
"473",-0.892291143167456,-6.70817416521431,24
"474",-0.436332288243907,-6.70817416521431,24
"475",0.0196265666796416,-6.70817416521431,24
"476",0.47558542160319,-6.70817416521431,24
"477",0.931544276526739,-6.70817416521431,24
"478",1.38750313145029,-6.70817416521431,24
"479",1.84346198637384,-6.70817416521431,24
"480",2.29942084129739,-6.70817416521431,24
"481",-6.36379740225004,-3.61293606997622,25
"482",-5.90783854732649,-4.32722178426193,25
"483",-5.45187969240294,-4.80341226045241,25
"484",-4.99592083747939,-5.04150749854764,25
"485",-4.53996198255584,-5.51769797473812,25
"486",-4.0840031276323,-5.75579321283336,25
"487",-3.62804427270875,-5.9938884509286,25
"488",-3.1720854177852,-6.23198368902383,25
"489",-2.71612656286165,-6.23198368902383,25
"490",-2.2601677079381,-6.47007892711907,25
"491",-1.80420885301455,-6.47007892711907,25
"492",-1.348249998091,-6.70817416521431,25
"493",-0.892291143167456,-6.70817416521431,25
"494",-0.436332288243907,-6.70817416521431,25
"495",0.0196265666796416,-6.70817416521431,25
"496",0.47558542160319,-6.70817416521431,25
"497",0.931544276526739,-6.70817416521431,25
"498",1.38750313145029,-6.94626940330955,25
"499",1.84346198637384,-6.94626940330955,25
"500",2.29942084129739,-6.94626940330955,25
"501",-6.36379740225004,-2.8986503556905,26
"502",-5.90783854732649,-2.8986503556905,26
"503",-5.45187969240294,-3.85103130807145,26
"504",-4.99592083747939,-4.80341226045241,26
"505",-4.53996198255584,-5.27960273664288,26
"506",-4.0840031276323,-5.75579321283336,26
"507",-3.62804427270875,-6.23198368902383,26
"508",-3.1720854177852,-6.47007892711907,26
"509",-2.71612656286165,-6.47007892711907,26
"510",-2.2601677079381,-6.70817416521431,26
"511",-1.80420885301455,-6.70817416521431,26
"512",-1.348249998091,-6.70817416521431,26
"513",-0.892291143167456,-6.70817416521431,26
"514",-0.436332288243907,-6.70817416521431,26
"515",0.0196265666796416,-6.70817416521431,26
"516",0.47558542160319,-6.70817416521431,26
"517",0.931544276526739,-6.70817416521431,26
"518",1.38750313145029,-6.70817416521431,26
"519",1.84346198637384,-6.70817416521431,26
"520",2.29942084129739,-6.70817416521431,26
"521",-6.36379740225004,-2.8986503556905,27
"522",-5.90783854732649,-2.8986503556905,27
"523",-5.45187969240294,-2.8986503556905,27
"524",-4.99592083747939,-4.32722178426193,27
"525",-4.53996198255584,-5.51769797473812,27
"526",-4.0840031276323,-5.51769797473812,27
"527",-3.62804427270875,-5.75579321283336,27
"528",-3.1720854177852,-5.75579321283336,27
"529",-2.71612656286165,-5.75579321283336,27
"530",-2.2601677079381,-5.75579321283336,27
"531",-1.80420885301455,-5.75579321283336,27
"532",-1.348249998091,-5.75579321283336,27
"533",-0.892291143167456,-5.75579321283336,27
"534",-0.436332288243907,-6.47007892711907,27
"535",0.0196265666796416,-6.70817416521431,27
"536",0.47558542160319,-6.70817416521431,27
"537",0.931544276526739,-6.70817416521431,27
"538",1.38750313145029,-6.70817416521431,27
"539",1.84346198637384,-6.70817416521431,27
"540",2.29942084129739,-6.70817416521431,27
"541",-6.36379740225004,-2.8986503556905,28
"542",-5.90783854732649,-2.8986503556905,28
"543",-5.45187969240294,-2.8986503556905,28
"544",-4.99592083747939,-5.04150749854764,28
"545",-4.53996198255584,-5.51769797473812,28
"546",-4.0840031276323,-5.51769797473812,28
"547",-3.62804427270875,-5.51769797473812,28
"548",-3.1720854177852,-5.51769797473812,28
"549",-2.71612656286165,-5.51769797473812,28
"550",-2.2601677079381,-5.51769797473812,28
"551",-1.80420885301455,-5.51769797473812,28
"552",-1.348249998091,-5.51769797473812,28
"553",-0.892291143167456,-5.51769797473812,28
"554",-0.436332288243907,-5.51769797473812,28
"555",0.0196265666796416,-5.51769797473812,28
"556",0.47558542160319,-5.51769797473812,28
"557",0.931544276526739,-5.51769797473812,28
"558",1.38750313145029,-5.51769797473812,28
"559",1.84346198637384,-5.51769797473812,28
"560",2.29942084129739,-5.51769797473812,28
"561",-6.36379740225004,-2.8986503556905,29
"562",-5.90783854732649,-2.8986503556905,29
"563",-5.45187969240294,-2.8986503556905,29
"564",-4.99592083747939,-4.56531702235717,29
"565",-4.53996198255584,-5.27960273664288,29
"566",-4.0840031276323,-5.75579321283336,29
"567",-3.62804427270875,-5.9938884509286,29
"568",-3.1720854177852,-5.9938884509286,29
"569",-2.71612656286165,-5.9938884509286,29
"570",-2.2601677079381,-5.9938884509286,29
"571",-1.80420885301455,-5.9938884509286,29
"572",-1.348249998091,-5.9938884509286,29
"573",-0.892291143167456,-5.9938884509286,29
"574",-0.436332288243907,-5.9938884509286,29
"575",0.0196265666796416,-5.9938884509286,29
"576",0.47558542160319,-5.9938884509286,29
"577",0.931544276526739,-5.9938884509286,29
"578",1.38750313145029,-5.9938884509286,29
"579",1.84346198637384,-5.9938884509286,29
"580",2.29942084129739,-5.9938884509286,29
"581",-6.36379740225004,-3.85103130807145,30
"582",-5.90783854732649,-4.32722178426193,30
"583",-5.45187969240294,-4.80341226045241,30
"584",-4.99592083747939,-5.04150749854764,30
"585",-4.53996198255584,-5.51769797473812,30
"586",-4.0840031276323,-5.75579321283336,30
"587",-3.62804427270875,-5.9938884509286,30
"588",-3.1720854177852,-6.23198368902383,30
"589",-2.71612656286165,-6.47007892711907,30
"590",-2.2601677079381,-6.47007892711907,30
"591",-1.80420885301455,-6.70817416521431,30
"592",-1.348249998091,-6.70817416521431,30
"593",-0.892291143167456,-6.94626940330955,30
"594",-0.436332288243907,-6.94626940330955,30
"595",0.0196265666796416,-6.94626940330955,30
"596",0.47558542160319,-6.94626940330955,30
"597",0.931544276526739,-7.18436464140479,30
"598",1.38750313145029,-7.18436464140479,30
"599",1.84346198637384,-7.18436464140479,30
"600",2.29942084129739,-7.18436464140479,30
"601",-6.36379740225004,-2.8986503556905,31
"602",-5.90783854732649,-2.8986503556905,31
"603",-5.45187969240294,-2.8986503556905,31
"604",-4.99592083747939,-2.8986503556905,31
"605",-4.53996198255584,-2.8986503556905,31
"606",-4.0840031276323,-6.23198368902383,31
"607",-3.62804427270875,-6.70817416521431,31
"608",-3.1720854177852,-6.94626940330955,31
"609",-2.71612656286165,-6.94626940330955,31
"610",-2.2601677079381,-6.94626940330955,31
"611",-1.80420885301455,-6.94626940330955,31
"612",-1.348249998091,-6.94626940330955,31
"613",-0.892291143167456,-6.94626940330955,31
"614",-0.436332288243907,-6.94626940330955,31
"615",0.0196265666796416,-6.94626940330955,31
"616",0.47558542160319,-6.94626940330955,31
"617",0.931544276526739,-6.94626940330955,31
"618",1.38750313145029,-6.94626940330955,31
"619",1.84346198637384,-6.94626940330955,31
"620",2.29942084129739,-6.94626940330955,31
"621",-6.36379740225004,-2.8986503556905,32
"622",-5.90783854732649,-3.37484083188098,32
"623",-5.45187969240294,-4.32722178426193,32
"624",-4.99592083747939,-5.04150749854764,32
"625",-4.53996198255584,-5.51769797473812,32
"626",-4.0840031276323,-5.75579321283336,32
"627",-3.62804427270875,-5.9938884509286,32
"628",-3.1720854177852,-6.23198368902383,32
"629",-2.71612656286165,-6.47007892711907,32
"630",-2.2601677079381,-6.47007892711907,32
"631",-1.80420885301455,-6.47007892711907,32
"632",-1.348249998091,-6.70817416521431,32
"633",-0.892291143167456,-6.70817416521431,32
"634",-0.436332288243907,-6.70817416521431,32
"635",0.0196265666796416,-6.70817416521431,32
"636",0.47558542160319,-6.70817416521431,32
"637",0.931544276526739,-6.70817416521431,32
"638",1.38750313145029,-6.70817416521431,32
"639",1.84346198637384,-6.70817416521431,32
"640",2.29942084129739,-6.70817416521431,32
"641",-6.36379740225004,-2.8986503556905,33
"642",-5.90783854732649,-2.8986503556905,33
"643",-5.45187969240294,-3.61293606997622,33
"644",-4.99592083747939,-4.56531702235717,33
"645",-4.53996198255584,-5.27960273664288,33
"646",-4.0840031276323,-5.75579321283336,33
"647",-3.62804427270875,-6.23198368902383,33
"648",-3.1720854177852,-6.70817416521431,33
"649",-2.71612656286165,-6.94626940330955,33
"650",-2.2601677079381,-7.18436464140479,33
"651",-1.80420885301455,-7.18436464140479,33
"652",-1.348249998091,-7.42245987950002,33
"653",-0.892291143167456,-7.42245987950002,33
"654",-0.436332288243907,-7.42245987950002,33
"655",0.0196265666796416,-7.66055511759526,33
"656",0.47558542160319,-7.66055511759526,33
"657",0.931544276526739,-7.66055511759526,33
"658",1.38750313145029,-7.66055511759526,33
"659",1.84346198637384,-7.66055511759526,33
"660",2.29942084129739,-7.66055511759526,33
"661",-6.36379740225004,-2.8986503556905,34
"662",-5.90783854732649,-2.8986503556905,34
"663",-5.45187969240294,-3.61293606997622,34
"664",-4.99592083747939,-4.56531702235717,34
"665",-4.53996198255584,-5.27960273664288,34
"666",-4.0840031276323,-5.75579321283336,34
"667",-3.62804427270875,-6.23198368902383,34
"668",-3.1720854177852,-6.47007892711907,34
"669",-2.71612656286165,-6.70817416521431,34
"670",-2.2601677079381,-6.94626940330955,34
"671",-1.80420885301455,-7.18436464140479,34
"672",-1.348249998091,-7.18436464140479,34
"673",-0.892291143167456,-7.18436464140479,34
"674",-0.436332288243907,-7.42245987950002,34
"675",0.0196265666796416,-7.42245987950002,34
"676",0.47558542160319,-7.42245987950002,34
"677",0.931544276526739,-7.42245987950002,34
"678",1.38750313145029,-7.42245987950002,34
"679",1.84346198637384,-7.42245987950002,34
"680",2.29942084129739,-7.42245987950002,34
"681",-6.36379740225004,-5.51769797473812,35
"682",-5.90783854732649,-5.51769797473812,35
"683",-5.45187969240294,-5.51769797473812,35
"684",-4.99592083747939,-5.51769797473812,35
"685",-4.53996198255584,-5.51769797473812,35
"686",-4.0840031276323,-5.51769797473812,35
"687",-3.62804427270875,-5.51769797473812,35
"688",-3.1720854177852,-5.51769797473812,35
"689",-2.71612656286165,-5.51769797473812,35
"690",-2.2601677079381,-5.51769797473812,35
"691",-1.80420885301455,-5.51769797473812,35
"692",-1.348249998091,-5.51769797473812,35
"693",-0.892291143167456,-5.51769797473812,35
"694",-0.436332288243907,-5.51769797473812,35
"695",0.0196265666796416,-5.51769797473812,35
"696",0.47558542160319,-5.51769797473812,35
"697",0.931544276526739,-5.51769797473812,35
"698",1.38750313145029,-5.51769797473812,35
"699",1.84346198637384,-5.51769797473812,35
"700",2.29942084129739,-5.51769797473812,35
"701",-6.36379740225004,-2.8986503556905,36
"702",-5.90783854732649,-2.8986503556905,36
"703",-5.45187969240294,-2.8986503556905,36
"704",-4.99592083747939,-4.56531702235717,36
"705",-4.53996198255584,-5.27960273664288,36
"706",-4.0840031276323,-5.75579321283336,36
"707",-3.62804427270875,-5.9938884509286,36
"708",-3.1720854177852,-6.23198368902383,36
"709",-2.71612656286165,-6.23198368902383,36
"710",-2.2601677079381,-6.47007892711907,36
"711",-1.80420885301455,-6.47007892711907,36
"712",-1.348249998091,-6.47007892711907,36
"713",-0.892291143167456,-6.47007892711907,36
"714",-0.436332288243907,-6.47007892711907,36
"715",0.0196265666796416,-6.47007892711907,36
"716",0.47558542160319,-6.47007892711907,36
"717",0.931544276526739,-6.47007892711907,36
"718",1.38750313145029,-6.47007892711907,36
"719",1.84346198637384,-6.47007892711907,36
"720",2.29942084129739,-6.47007892711907,36
"721",-6.36379740225004,-5.51769797473812,37
"722",-5.90783854732649,-5.51769797473812,37
"723",-5.45187969240294,-5.51769797473812,37
"724",-4.99592083747939,-5.51769797473812,37
"725",-4.53996198255584,-5.51769797473812,37
"726",-4.0840031276323,-5.51769797473812,37
"727",-3.62804427270875,-5.51769797473812,37
"728",-3.1720854177852,-5.51769797473812,37
"729",-2.71612656286165,-5.51769797473812,37
"730",-2.2601677079381,-5.51769797473812,37
"731",-1.80420885301455,-5.51769797473812,37
"732",-1.348249998091,-5.51769797473812,37
"733",-0.892291143167456,-5.51769797473812,37
"734",-0.436332288243907,-5.51769797473812,37
"735",0.0196265666796416,-5.51769797473812,37
"736",0.47558542160319,-5.51769797473812,37
"737",0.931544276526739,-5.51769797473812,37
"738",1.38750313145029,-5.51769797473812,37
"739",1.84346198637384,-5.51769797473812,37
"740",2.29942084129739,-5.51769797473812,37
"741",-6.36379740225004,-2.8986503556905,38
"742",-5.90783854732649,-3.37484083188098,38
"743",-5.45187969240294,-4.32722178426193,38
"744",-4.99592083747939,-5.04150749854764,38
"745",-4.53996198255584,-5.51769797473812,38
"746",-4.0840031276323,-5.75579321283336,38
"747",-3.62804427270875,-5.9938884509286,38
"748",-3.1720854177852,-6.23198368902383,38
"749",-2.71612656286165,-6.23198368902383,38
"750",-2.2601677079381,-6.47007892711907,38
"751",-1.80420885301455,-6.47007892711907,38
"752",-1.348249998091,-6.47007892711907,38
"753",-0.892291143167456,-6.47007892711907,38
"754",-0.436332288243907,-6.47007892711907,38
"755",0.0196265666796416,-6.47007892711907,38
"756",0.47558542160319,-6.47007892711907,38
"757",0.931544276526739,-6.47007892711907,38
"758",1.38750313145029,-6.47007892711907,38
"759",1.84346198637384,-6.47007892711907,38
"760",2.29942084129739,-6.47007892711907,38
"761",-6.36379740225004,-2.8986503556905,39
"762",-5.90783854732649,-2.8986503556905,39
"763",-5.45187969240294,-2.8986503556905,39
"764",-4.99592083747939,-5.27960273664288,39
"765",-4.53996198255584,-5.51769797473812,39
"766",-4.0840031276323,-5.51769797473812,39
"767",-3.62804427270875,-5.51769797473812,39
"768",-3.1720854177852,-5.51769797473812,39
"769",-2.71612656286165,-5.51769797473812,39
"770",-2.2601677079381,-5.51769797473812,39
"771",-1.80420885301455,-5.51769797473812,39
"772",-1.348249998091,-5.51769797473812,39
"773",-0.892291143167456,-5.51769797473812,39
"774",-0.436332288243907,-5.51769797473812,39
"775",0.0196265666796416,-5.51769797473812,39
"776",0.47558542160319,-5.51769797473812,39
"777",0.931544276526739,-5.51769797473812,39
"778",1.38750313145029,-5.51769797473812,39
"779",1.84346198637384,-5.51769797473812,39
"780",2.29942084129739,-5.51769797473812,39
"781",-6.36379740225004,-4.32722178426193,40
"782",-5.90783854732649,-4.80341226045241,40
"783",-5.45187969240294,-5.04150749854764,40
"784",-4.99592083747939,-5.27960273664288,40
"785",-4.53996198255584,-5.51769797473812,40
"786",-4.0840031276323,-5.51769797473812,40
"787",-3.62804427270875,-5.75579321283336,40
"788",-3.1720854177852,-5.75579321283336,40
"789",-2.71612656286165,-5.9938884509286,40
"790",-2.2601677079381,-5.9938884509286,40
"791",-1.80420885301455,-5.9938884509286,40
"792",-1.348249998091,-5.9938884509286,40
"793",-0.892291143167456,-5.9938884509286,40
"794",-0.436332288243907,-5.9938884509286,40
"795",0.0196265666796416,-5.9938884509286,40
"796",0.47558542160319,-5.9938884509286,40
"797",0.931544276526739,-5.9938884509286,40
"798",1.38750313145029,-5.9938884509286,40
"799",1.84346198637384,-5.9938884509286,40
"800",2.29942084129739,-5.9938884509286,40
"801",-6.36379740225004,-3.61293606997622,41
"802",-5.90783854732649,-4.08912654616669,41
"803",-5.45187969240294,-4.56531702235717,41
"804",-4.99592083747939,-5.04150749854764,41
"805",-4.53996198255584,-5.51769797473812,41
"806",-4.0840031276323,-5.75579321283336,41
"807",-3.62804427270875,-5.9938884509286,41
"808",-3.1720854177852,-6.23198368902383,41
"809",-2.71612656286165,-6.47007892711907,41
"810",-2.2601677079381,-6.70817416521431,41
"811",-1.80420885301455,-6.94626940330955,41
"812",-1.348249998091,-7.18436464140479,41
"813",-0.892291143167456,-7.18436464140479,41
"814",-0.436332288243907,-7.42245987950002,41
"815",0.0196265666796416,-7.42245987950002,41
"816",0.47558542160319,-7.66055511759526,41
"817",0.931544276526739,-7.66055511759526,41
"818",1.38750313145029,-7.66055511759526,41
"819",1.84346198637384,-7.66055511759526,41
"820",2.29942084129739,-7.66055511759526,41
"821",-6.36379740225004,-2.8986503556905,42
"822",-5.90783854732649,-2.8986503556905,42
"823",-5.45187969240294,-2.8986503556905,42
"824",-4.99592083747939,-4.32722178426193,42
"825",-4.53996198255584,-5.27960273664288,42
"826",-4.0840031276323,-5.75579321283336,42
"827",-3.62804427270875,-5.9938884509286,42
"828",-3.1720854177852,-6.23198368902383,42
"829",-2.71612656286165,-6.23198368902383,42
"830",-2.2601677079381,-6.23198368902383,42
"831",-1.80420885301455,-6.23198368902383,42
"832",-1.348249998091,-6.23198368902383,42
"833",-0.892291143167456,-6.23198368902383,42
"834",-0.436332288243907,-6.23198368902383,42
"835",0.0196265666796416,-6.23198368902383,42
"836",0.47558542160319,-6.23198368902383,42
"837",0.931544276526739,-6.23198368902383,42
"838",1.38750313145029,-6.23198368902383,42
"839",1.84346198637384,-6.23198368902383,42
"840",2.29942084129739,-6.23198368902383,42
"841",-6.36379740225004,-5.51769797473812,43
"842",-5.90783854732649,-5.51769797473812,43
"843",-5.45187969240294,-5.51769797473812,43
"844",-4.99592083747939,-5.51769797473812,43
"845",-4.53996198255584,-5.51769797473812,43
"846",-4.0840031276323,-5.51769797473812,43
"847",-3.62804427270875,-5.51769797473812,43
"848",-3.1720854177852,-5.51769797473812,43
"849",-2.71612656286165,-5.51769797473812,43
"850",-2.2601677079381,-5.51769797473812,43
"851",-1.80420885301455,-5.51769797473812,43
"852",-1.348249998091,-5.51769797473812,43
"853",-0.892291143167456,-5.51769797473812,43
"854",-0.436332288243907,-5.51769797473812,43
"855",0.0196265666796416,-5.51769797473812,43
"856",0.47558542160319,-5.51769797473812,43
"857",0.931544276526739,-5.51769797473812,43
"858",1.38750313145029,-5.51769797473812,43
"859",1.84346198637384,-5.51769797473812,43
"860",2.29942084129739,-5.51769797473812,43
"861",-6.36379740225004,-2.8986503556905,44
"862",-5.90783854732649,-2.8986503556905,44
"863",-5.45187969240294,-2.8986503556905,44
"864",-4.99592083747939,-2.8986503556905,44
"865",-4.53996198255584,-2.8986503556905,44
"866",-4.0840031276323,-5.9938884509286,44
"867",-3.62804427270875,-6.23198368902383,44
"868",-3.1720854177852,-6.23198368902383,44
"869",-2.71612656286165,-6.23198368902383,44
"870",-2.2601677079381,-6.23198368902383,44
"871",-1.80420885301455,-6.23198368902383,44
"872",-1.348249998091,-6.23198368902383,44
"873",-0.892291143167456,-6.23198368902383,44
"874",-0.436332288243907,-6.23198368902383,44
"875",0.0196265666796416,-6.23198368902383,44
"876",0.47558542160319,-6.23198368902383,44
"877",0.931544276526739,-6.23198368902383,44
"878",1.38750313145029,-6.23198368902383,44
"879",1.84346198637384,-6.23198368902383,44
"880",2.29942084129739,-6.23198368902383,44
"881",-6.36379740225004,-4.80341226045241,45
"882",-5.90783854732649,-5.51769797473812,45
"883",-5.45187969240294,-5.51769797473812,45
"884",-4.99592083747939,-5.51769797473812,45
"885",-4.53996198255584,-5.51769797473812,45
"886",-4.0840031276323,-5.51769797473812,45
"887",-3.62804427270875,-5.51769797473812,45
"888",-3.1720854177852,-5.51769797473812,45
"889",-2.71612656286165,-5.51769797473812,45
"890",-2.2601677079381,-5.51769797473812,45
"891",-1.80420885301455,-5.51769797473812,45
"892",-1.348249998091,-5.51769797473812,45
"893",-0.892291143167456,-5.75579321283336,45
"894",-0.436332288243907,-6.23198368902383,45
"895",0.0196265666796416,-6.47007892711907,45
"896",0.47558542160319,-6.94626940330955,45
"897",0.931544276526739,-7.42245987950002,45
"898",1.38750313145029,-7.66055511759526,45
"899",1.84346198637384,-7.66055511759526,45
"900",2.29942084129739,-7.66055511759526,45
"901",-6.36379740225004,-4.80341226045241,46
"902",-5.90783854732649,-5.04150749854764,46
"903",-5.45187969240294,-5.27960273664288,46
"904",-4.99592083747939,-5.51769797473812,46
"905",-4.53996198255584,-5.51769797473812,46
"906",-4.0840031276323,-5.51769797473812,46
"907",-3.62804427270875,-5.51769797473812,46
"908",-3.1720854177852,-5.51769797473812,46
"909",-2.71612656286165,-5.51769797473812,46
"910",-2.2601677079381,-5.51769797473812,46
"911",-1.80420885301455,-5.51769797473812,46
"912",-1.348249998091,-5.51769797473812,46
"913",-0.892291143167456,-5.51769797473812,46
"914",-0.436332288243907,-5.51769797473812,46
"915",0.0196265666796416,-5.51769797473812,46
"916",0.47558542160319,-5.51769797473812,46
"917",0.931544276526739,-5.51769797473812,46
"918",1.38750313145029,-5.51769797473812,46
"919",1.84346198637384,-5.51769797473812,46
"920",2.29942084129739,-5.51769797473812,46
"921",-6.36379740225004,-3.37484083188098,47
"922",-5.90783854732649,-4.08912654616669,47
"923",-5.45187969240294,-4.56531702235717,47
"924",-4.99592083747939,-5.04150749854764,47
"925",-4.53996198255584,-5.51769797473812,47
"926",-4.0840031276323,-5.75579321283336,47
"927",-3.62804427270875,-5.9938884509286,47
"928",-3.1720854177852,-6.23198368902383,47
"929",-2.71612656286165,-6.47007892711907,47
"930",-2.2601677079381,-6.47007892711907,47
"931",-1.80420885301455,-6.70817416521431,47
"932",-1.348249998091,-6.70817416521431,47
"933",-0.892291143167456,-6.70817416521431,47
"934",-0.436332288243907,-6.94626940330955,47
"935",0.0196265666796416,-6.94626940330955,47
"936",0.47558542160319,-6.94626940330955,47
"937",0.931544276526739,-6.94626940330955,47
"938",1.38750313145029,-6.94626940330955,47
"939",1.84346198637384,-6.94626940330955,47
"940",2.29942084129739,-6.94626940330955,47
"941",-6.36379740225004,-2.8986503556905,48
"942",-5.90783854732649,-3.61293606997622,48
"943",-5.45187969240294,-4.32722178426193,48
"944",-4.99592083747939,-4.80341226045241,48
"945",-4.53996198255584,-5.27960273664288,48
"946",-4.0840031276323,-5.75579321283336,48
"947",-3.62804427270875,-6.23198368902383,48
"948",-3.1720854177852,-6.47007892711907,48
"949",-2.71612656286165,-6.70817416521431,48
"950",-2.2601677079381,-6.70817416521431,48
"951",-1.80420885301455,-6.94626940330955,48
"952",-1.348249998091,-7.18436464140479,48
"953",-0.892291143167456,-7.18436464140479,48
"954",-0.436332288243907,-7.18436464140479,48
"955",0.0196265666796416,-7.18436464140479,48
"956",0.47558542160319,-7.18436464140479,48
"957",0.931544276526739,-7.18436464140479,48
"958",1.38750313145029,-7.42245987950002,48
"959",1.84346198637384,-7.42245987950002,48
"960",2.29942084129739,-7.42245987950002,48
"961",-6.36379740225004,-2.8986503556905,49
"962",-5.90783854732649,-3.61293606997622,49
"963",-5.45187969240294,-4.56531702235717,49
"964",-4.99592083747939,-5.04150749854764,49
"965",-4.53996198255584,-5.51769797473812,49
"966",-4.0840031276323,-5.75579321283336,49
"967",-3.62804427270875,-5.9938884509286,49
"968",-3.1720854177852,-6.23198368902383,49
"969",-2.71612656286165,-6.23198368902383,49
"970",-2.2601677079381,-6.23198368902383,49
"971",-1.80420885301455,-6.47007892711907,49
"972",-1.348249998091,-6.47007892711907,49
"973",-0.892291143167456,-6.47007892711907,49
"974",-0.436332288243907,-6.47007892711907,49
"975",0.0196265666796416,-6.47007892711907,49
"976",0.47558542160319,-6.47007892711907,49
"977",0.931544276526739,-6.47007892711907,49
"978",1.38750313145029,-6.47007892711907,49
"979",1.84346198637384,-6.47007892711907,49
"980",2.29942084129739,-6.47007892711907,49
"981",-6.36379740225004,-3.61293606997622,50
"982",-5.90783854732649,-4.32722178426193,50
"983",-5.45187969240294,-4.80341226045241,50
"984",-4.99592083747939,-5.04150749854764,50
"985",-4.53996198255584,-5.51769797473812,50
"986",-4.0840031276323,-5.75579321283336,50
"987",-3.62804427270875,-5.9938884509286,50
"988",-3.1720854177852,-6.23198368902383,50
"989",-2.71612656286165,-6.23198368902383,50
"990",-2.2601677079381,-6.47007892711907,50
"991",-1.80420885301455,-6.47007892711907,50
"992",-1.348249998091,-6.70817416521431,50
"993",-0.892291143167456,-6.70817416521431,50
"994",-0.436332288243907,-6.70817416521431,50
"995",0.0196265666796416,-6.70817416521431,50
"996",0.47558542160319,-6.94626940330955,50
"997",0.931544276526739,-6.94626940330955,50
"998",1.38750313145029,-6.94626940330955,50
"999",1.84346198637384,-6.94626940330955,50
"1000",2.29942084129739,-6.94626940330955,50
"1001",-6.36379740225004,-4.56531702235717,51
"1002",-5.90783854732649,-4.80341226045241,51
"1003",-5.45187969240294,-5.04150749854764,51
"1004",-4.99592083747939,-5.27960273664288,51
"1005",-4.53996198255584,-5.51769797473812,51
"1006",-4.0840031276323,-5.51769797473812,51
"1007",-3.62804427270875,-5.75579321283336,51
"1008",-3.1720854177852,-5.75579321283336,51
"1009",-2.71612656286165,-5.75579321283336,51
"1010",-2.2601677079381,-5.75579321283336,51
"1011",-1.80420885301455,-5.9938884509286,51
"1012",-1.348249998091,-5.9938884509286,51
"1013",-0.892291143167456,-5.9938884509286,51
"1014",-0.436332288243907,-5.9938884509286,51
"1015",0.0196265666796416,-5.9938884509286,51
"1016",0.47558542160319,-5.9938884509286,51
"1017",0.931544276526739,-6.23198368902383,51
"1018",1.38750313145029,-6.23198368902383,51
"1019",1.84346198637384,-6.23198368902383,51
"1020",2.29942084129739,-6.23198368902383,51
"1021",-6.36379740225004,-3.37484083188098,52
"1022",-5.90783854732649,-4.08912654616669,52
"1023",-5.45187969240294,-4.80341226045241,52
"1024",-4.99592083747939,-5.27960273664288,52
"1025",-4.53996198255584,-5.51769797473812,52
"1026",-4.0840031276323,-5.51769797473812,52
"1027",-3.62804427270875,-5.75579321283336,52
"1028",-3.1720854177852,-5.75579321283336,52
"1029",-2.71612656286165,-5.75579321283336,52
"1030",-2.2601677079381,-5.75579321283336,52
"1031",-1.80420885301455,-5.75579321283336,52
"1032",-1.348249998091,-5.9938884509286,52
"1033",-0.892291143167456,-5.9938884509286,52
"1034",-0.436332288243907,-5.9938884509286,52
"1035",0.0196265666796416,-5.9938884509286,52
"1036",0.47558542160319,-5.9938884509286,52
"1037",0.931544276526739,-5.9938884509286,52
"1038",1.38750313145029,-5.9938884509286,52
"1039",1.84346198637384,-5.9938884509286,52
"1040",2.29942084129739,-5.9938884509286,52
"1041",-6.36379740225004,-2.8986503556905,53
"1042",-5.90783854732649,-3.37484083188098,53
"1043",-5.45187969240294,-4.08912654616669,53
"1044",-4.99592083747939,-4.32722178426193,53
"1045",-4.53996198255584,-5.51769797473812,53
"1046",-4.0840031276323,-5.51769797473812,53
"1047",-3.62804427270875,-5.75579321283336,53
"1048",-3.1720854177852,-5.75579321283336,53
"1049",-2.71612656286165,-5.75579321283336,53
"1050",-2.2601677079381,-5.75579321283336,53
"1051",-1.80420885301455,-5.75579321283336,53
"1052",-1.348249998091,-5.75579321283336,53
"1053",-0.892291143167456,-5.75579321283336,53
"1054",-0.436332288243907,-5.75579321283336,53
"1055",0.0196265666796416,-5.75579321283336,53
"1056",0.47558542160319,-5.75579321283336,53
"1057",0.931544276526739,-5.75579321283336,53
"1058",1.38750313145029,-5.75579321283336,53
"1059",1.84346198637384,-5.75579321283336,53
"1060",2.29942084129739,-5.75579321283336,53
"1061",-6.36379740225004,-2.8986503556905,54
"1062",-5.90783854732649,-2.8986503556905,54
"1063",-5.45187969240294,-2.8986503556905,54
"1064",-4.99592083747939,-2.8986503556905,54
"1065",-4.53996198255584,-5.27960273664288,54
"1066",-4.0840031276323,-5.75579321283336,54
"1067",-3.62804427270875,-6.23198368902383,54
"1068",-3.1720854177852,-6.23198368902383,54
"1069",-2.71612656286165,-6.47007892711907,54
"1070",-2.2601677079381,-6.47007892711907,54
"1071",-1.80420885301455,-6.47007892711907,54
"1072",-1.348249998091,-6.47007892711907,54
"1073",-0.892291143167456,-6.47007892711907,54
"1074",-0.436332288243907,-6.47007892711907,54
"1075",0.0196265666796416,-6.47007892711907,54
"1076",0.47558542160319,-6.47007892711907,54
"1077",0.931544276526739,-6.47007892711907,54
"1078",1.38750313145029,-6.47007892711907,54
"1079",1.84346198637384,-6.70817416521431,54
"1080",2.29942084129739,-6.70817416521431,54
"1081",-6.36379740225004,-2.8986503556905,55
"1082",-5.90783854732649,-2.8986503556905,55
"1083",-5.45187969240294,-2.8986503556905,55
"1084",-4.99592083747939,-4.56531702235717,55
"1085",-4.53996198255584,-5.27960273664288,55
"1086",-4.0840031276323,-5.75579321283336,55
"1087",-3.62804427270875,-5.9938884509286,55
"1088",-3.1720854177852,-5.9938884509286,55
"1089",-2.71612656286165,-5.9938884509286,55
"1090",-2.2601677079381,-5.9938884509286,55
"1091",-1.80420885301455,-5.9938884509286,55
"1092",-1.348249998091,-5.9938884509286,55
"1093",-0.892291143167456,-5.9938884509286,55
"1094",-0.436332288243907,-5.9938884509286,55
"1095",0.0196265666796416,-6.23198368902383,55
"1096",0.47558542160319,-6.23198368902383,55
"1097",0.931544276526739,-6.47007892711907,55
"1098",1.38750313145029,-6.70817416521431,55
"1099",1.84346198637384,-6.94626940330955,55
"1100",2.29942084129739,-7.18436464140479,55
"1101",-6.36379740225004,-2.8986503556905,56
"1102",-5.90783854732649,-5.51769797473812,56
"1103",-5.45187969240294,-5.51769797473812,56
"1104",-4.99592083747939,-5.51769797473812,56
"1105",-4.53996198255584,-5.51769797473812,56
"1106",-4.0840031276323,-5.51769797473812,56
"1107",-3.62804427270875,-5.51769797473812,56
"1108",-3.1720854177852,-5.51769797473812,56
"1109",-2.71612656286165,-5.75579321283336,56
"1110",-2.2601677079381,-6.23198368902383,56
"1111",-1.80420885301455,-6.47007892711907,56
"1112",-1.348249998091,-6.70817416521431,56
"1113",-0.892291143167456,-6.94626940330955,56
"1114",-0.436332288243907,-7.18436464140479,56
"1115",0.0196265666796416,-7.18436464140479,56
"1116",0.47558542160319,-7.18436464140479,56
"1117",0.931544276526739,-7.18436464140479,56
"1118",1.38750313145029,-7.18436464140479,56
"1119",1.84346198637384,-7.18436464140479,56
"1120",2.29942084129739,-7.18436464140479,56
"1121",-6.36379740225004,-4.80341226045241,57
"1122",-5.90783854732649,-5.04150749854764,57
"1123",-5.45187969240294,-5.27960273664288,57
"1124",-4.99592083747939,-5.51769797473812,57
"1125",-4.53996198255584,-5.51769797473812,57
"1126",-4.0840031276323,-5.51769797473812,57
"1127",-3.62804427270875,-5.75579321283336,57
"1128",-3.1720854177852,-7.66055511759526,57
"1129",-2.71612656286165,-7.66055511759526,57
"1130",-2.2601677079381,-7.66055511759526,57
"1131",-1.80420885301455,-7.66055511759526,57
"1132",-1.348249998091,-7.66055511759526,57
"1133",-0.892291143167456,-7.66055511759526,57
"1134",-0.436332288243907,-7.66055511759526,57
"1135",0.0196265666796416,-7.66055511759526,57
"1136",0.47558542160319,-7.66055511759526,57
"1137",0.931544276526739,-7.66055511759526,57
"1138",1.38750313145029,-7.66055511759526,57
"1139",1.84346198637384,-7.66055511759526,57
"1140",2.29942084129739,-7.66055511759526,57
"1141",-6.36379740225004,-2.8986503556905,58
"1142",-5.90783854732649,-2.8986503556905,58
"1143",-5.45187969240294,-2.8986503556905,58
"1144",-4.99592083747939,-4.80341226045241,58
"1145",-4.53996198255584,-5.27960273664288,58
"1146",-4.0840031276323,-5.75579321283336,58
"1147",-3.62804427270875,-5.9938884509286,58
"1148",-3.1720854177852,-5.9938884509286,58
"1149",-2.71612656286165,-5.9938884509286,58
"1150",-2.2601677079381,-5.9938884509286,58
"1151",-1.80420885301455,-5.9938884509286,58
"1152",-1.348249998091,-5.9938884509286,58
"1153",-0.892291143167456,-5.9938884509286,58
"1154",-0.436332288243907,-5.9938884509286,58
"1155",0.0196265666796416,-5.9938884509286,58
"1156",0.47558542160319,-5.9938884509286,58
"1157",0.931544276526739,-5.9938884509286,58
"1158",1.38750313145029,-5.9938884509286,58
"1159",1.84346198637384,-5.9938884509286,58
"1160",2.29942084129739,-5.9938884509286,58
"1161",-6.36379740225004,-3.37484083188098,59
"1162",-5.90783854732649,-3.37484083188098,59
"1163",-5.45187969240294,-3.37484083188098,59
"1164",-4.99592083747939,-4.56531702235717,59
"1165",-4.53996198255584,-5.27960273664288,59
"1166",-4.0840031276323,-5.75579321283336,59
"1167",-3.62804427270875,-6.23198368902383,59
"1168",-3.1720854177852,-6.47007892711907,59
"1169",-2.71612656286165,-6.70817416521431,59
"1170",-2.2601677079381,-6.70817416521431,59
"1171",-1.80420885301455,-6.94626940330955,59
"1172",-1.348249998091,-6.94626940330955,59
"1173",-0.892291143167456,-6.94626940330955,59
"1174",-0.436332288243907,-6.94626940330955,59
"1175",0.0196265666796416,-6.94626940330955,59
"1176",0.47558542160319,-6.94626940330955,59
"1177",0.931544276526739,-6.94626940330955,59
"1178",1.38750313145029,-6.94626940330955,59
"1179",1.84346198637384,-6.94626940330955,59
"1180",2.29942084129739,-6.94626940330955,59
"1181",-6.36379740225004,-3.61293606997622,60
"1182",-5.90783854732649,-4.08912654616669,60
"1183",-5.45187969240294,-4.56531702235717,60
"1184",-4.99592083747939,-5.04150749854764,60
"1185",-4.53996198255584,-5.51769797473812,60
"1186",-4.0840031276323,-5.75579321283336,60
"1187",-3.62804427270875,-5.9938884509286,60
"1188",-3.1720854177852,-6.23198368902383,60
"1189",-2.71612656286165,-6.47007892711907,60
"1190",-2.2601677079381,-6.47007892711907,60
"1191",-1.80420885301455,-6.70817416521431,60
"1192",-1.348249998091,-6.70817416521431,60
"1193",-0.892291143167456,-6.70817416521431,60
"1194",-0.436332288243907,-6.94626940330955,60
"1195",0.0196265666796416,-6.94626940330955,60
"1196",0.47558542160319,-6.94626940330955,60
"1197",0.931544276526739,-6.94626940330955,60
"1198",1.38750313145029,-6.94626940330955,60
"1199",1.84346198637384,-6.94626940330955,60
"1200",2.29942084129739,-6.94626940330955,60
"1201",-6.36379740225004,-2.8986503556905,61
"1202",-5.90783854732649,-3.61293606997622,61
"1203",-5.45187969240294,-4.32722178426193,61
"1204",-4.99592083747939,-5.04150749854764,61
"1205",-4.53996198255584,-5.51769797473812,61
"1206",-4.0840031276323,-5.75579321283336,61
"1207",-3.62804427270875,-5.9938884509286,61
"1208",-3.1720854177852,-6.23198368902383,61
"1209",-2.71612656286165,-6.47007892711907,61
"1210",-2.2601677079381,-6.47007892711907,61
"1211",-1.80420885301455,-6.70817416521431,61
"1212",-1.348249998091,-6.70817416521431,61
"1213",-0.892291143167456,-6.70817416521431,61
"1214",-0.436332288243907,-6.70817416521431,61
"1215",0.0196265666796416,-6.70817416521431,61
"1216",0.47558542160319,-6.70817416521431,61
"1217",0.931544276526739,-6.70817416521431,61
"1218",1.38750313145029,-6.70817416521431,61
"1219",1.84346198637384,-6.70817416521431,61
"1220",2.29942084129739,-6.70817416521431,61
"1221",-6.36379740225004,-5.51769797473812,62
"1222",-5.90783854732649,-5.51769797473812,62
"1223",-5.45187969240294,-5.51769797473812,62
"1224",-4.99592083747939,-5.51769797473812,62
"1225",-4.53996198255584,-5.51769797473812,62
"1226",-4.0840031276323,-5.51769797473812,62
"1227",-3.62804427270875,-5.51769797473812,62
"1228",-3.1720854177852,-5.75579321283336,62
"1229",-2.71612656286165,-5.75579321283336,62
"1230",-2.2601677079381,-6.23198368902383,62
"1231",-1.80420885301455,-6.47007892711907,62
"1232",-1.348249998091,-6.47007892711907,62
"1233",-0.892291143167456,-6.70817416521431,62
"1234",-0.436332288243907,-6.94626940330955,62
"1235",0.0196265666796416,-7.18436464140479,62
"1236",0.47558542160319,-7.18436464140479,62
"1237",0.931544276526739,-7.18436464140479,62
"1238",1.38750313145029,-7.18436464140479,62
"1239",1.84346198637384,-7.18436464140479,62
"1240",2.29942084129739,-7.18436464140479,62
"1241",-6.36379740225004,-2.8986503556905,63
"1242",-5.90783854732649,-2.8986503556905,63
"1243",-5.45187969240294,-2.8986503556905,63
"1244",-4.99592083747939,-2.8986503556905,63
"1245",-4.53996198255584,-4.80341226045241,63
"1246",-4.0840031276323,-6.23198368902383,63
"1247",-3.62804427270875,-6.94626940330955,63
"1248",-3.1720854177852,-7.18436464140479,63
"1249",-2.71612656286165,-7.42245987950002,63
"1250",-2.2601677079381,-7.42245987950002,63
"1251",-1.80420885301455,-7.66055511759526,63
"1252",-1.348249998091,-7.66055511759526,63
"1253",-0.892291143167456,-7.66055511759526,63
"1254",-0.436332288243907,-7.66055511759526,63
"1255",0.0196265666796416,-7.66055511759526,63
"1256",0.47558542160319,-7.66055511759526,63
"1257",0.931544276526739,-7.66055511759526,63
"1258",1.38750313145029,-7.66055511759526,63
"1259",1.84346198637384,-7.66055511759526,63
"1260",2.29942084129739,-7.66055511759526,63
"1261",-6.36379740225004,-5.51769797473812,64
"1262",-5.90783854732649,-5.51769797473812,64
"1263",-5.45187969240294,-5.51769797473812,64
"1264",-4.99592083747939,-5.51769797473812,64
"1265",-4.53996198255584,-5.51769797473812,64
"1266",-4.0840031276323,-5.51769797473812,64
"1267",-3.62804427270875,-5.51769797473812,64
"1268",-3.1720854177852,-5.51769797473812,64
"1269",-2.71612656286165,-5.51769797473812,64
"1270",-2.2601677079381,-5.51769797473812,64
"1271",-1.80420885301455,-5.51769797473812,64
"1272",-1.348249998091,-5.51769797473812,64
"1273",-0.892291143167456,-5.51769797473812,64
"1274",-0.436332288243907,-5.51769797473812,64
"1275",0.0196265666796416,-5.51769797473812,64
"1276",0.47558542160319,-5.51769797473812,64
"1277",0.931544276526739,-5.51769797473812,64
"1278",1.38750313145029,-5.51769797473812,64
"1279",1.84346198637384,-5.51769797473812,64
"1280",2.29942084129739,-5.51769797473812,64
"1281",-6.36379740225004,-2.8986503556905,65
"1282",-5.90783854732649,-3.85103130807145,65
"1283",-5.45187969240294,-4.56531702235717,65
"1284",-4.99592083747939,-5.04150749854764,65
"1285",-4.53996198255584,-5.51769797473812,65
"1286",-4.0840031276323,-5.75579321283336,65
"1287",-3.62804427270875,-5.9938884509286,65
"1288",-3.1720854177852,-5.9938884509286,65
"1289",-2.71612656286165,-6.23198368902383,65
"1290",-2.2601677079381,-6.23198368902383,65
"1291",-1.80420885301455,-6.23198368902383,65
"1292",-1.348249998091,-6.23198368902383,65
"1293",-0.892291143167456,-6.47007892711907,65
"1294",-0.436332288243907,-6.47007892711907,65
"1295",0.0196265666796416,-6.70817416521431,65
"1296",0.47558542160319,-7.18436464140479,65
"1297",0.931544276526739,-7.42245987950002,65
"1298",1.38750313145029,-7.42245987950002,65
"1299",1.84346198637384,-7.66055511759526,65
"1300",2.29942084129739,-7.66055511759526,65
"1301",-6.36379740225004,-2.8986503556905,66
"1302",-5.90783854732649,-2.8986503556905,66
"1303",-5.45187969240294,-2.8986503556905,66
"1304",-4.99592083747939,-2.8986503556905,66
"1305",-4.53996198255584,-5.04150749854764,66
"1306",-4.0840031276323,-5.9938884509286,66
"1307",-3.62804427270875,-6.47007892711907,66
"1308",-3.1720854177852,-6.70817416521431,66
"1309",-2.71612656286165,-6.70817416521431,66
"1310",-2.2601677079381,-6.70817416521431,66
"1311",-1.80420885301455,-6.70817416521431,66
"1312",-1.348249998091,-6.70817416521431,66
"1313",-0.892291143167456,-6.70817416521431,66
"1314",-0.436332288243907,-6.70817416521431,66
"1315",0.0196265666796416,-6.70817416521431,66
"1316",0.47558542160319,-6.70817416521431,66
"1317",0.931544276526739,-6.70817416521431,66
"1318",1.38750313145029,-6.70817416521431,66
"1319",1.84346198637384,-6.70817416521431,66
"1320",2.29942084129739,-6.70817416521431,66
"1321",-6.36379740225004,-2.8986503556905,67
"1322",-5.90783854732649,-2.8986503556905,67
"1323",-5.45187969240294,-2.8986503556905,67
"1324",-4.99592083747939,-2.8986503556905,67
"1325",-4.53996198255584,-3.61293606997622,67
"1326",-4.0840031276323,-7.66055511759526,67
"1327",-3.62804427270875,-7.66055511759526,67
"1328",-3.1720854177852,-7.66055511759526,67
"1329",-2.71612656286165,-7.66055511759526,67
"1330",-2.2601677079381,-7.66055511759526,67
"1331",-1.80420885301455,-7.66055511759526,67
"1332",-1.348249998091,-7.66055511759526,67
"1333",-0.892291143167456,-7.66055511759526,67
"1334",-0.436332288243907,-7.66055511759526,67
"1335",0.0196265666796416,-7.66055511759526,67
"1336",0.47558542160319,-7.66055511759526,67
"1337",0.931544276526739,-7.66055511759526,67
"1338",1.38750313145029,-7.66055511759526,67
"1339",1.84346198637384,-7.66055511759526,67
"1340",2.29942084129739,-7.66055511759526,67
"1341",-6.36379740225004,-2.8986503556905,68
"1342",-5.90783854732649,-2.8986503556905,68
"1343",-5.45187969240294,-2.8986503556905,68
"1344",-4.99592083747939,-2.8986503556905,68
"1345",-4.53996198255584,-5.04150749854764,68
"1346",-4.0840031276323,-5.9938884509286,68
"1347",-3.62804427270875,-6.70817416521431,68
"1348",-3.1720854177852,-6.94626940330955,68
"1349",-2.71612656286165,-7.18436464140479,68
"1350",-2.2601677079381,-7.18436464140479,68
"1351",-1.80420885301455,-7.42245987950002,68
"1352",-1.348249998091,-7.42245987950002,68
"1353",-0.892291143167456,-7.42245987950002,68
"1354",-0.436332288243907,-7.42245987950002,68
"1355",0.0196265666796416,-7.42245987950002,68
"1356",0.47558542160319,-7.42245987950002,68
"1357",0.931544276526739,-7.42245987950002,68
"1358",1.38750313145029,-7.42245987950002,68
"1359",1.84346198637384,-7.42245987950002,68
"1360",2.29942084129739,-7.42245987950002,68
"1361",-6.36379740225004,-2.8986503556905,69
"1362",-5.90783854732649,-2.8986503556905,69
"1363",-5.45187969240294,-2.8986503556905,69
"1364",-4.99592083747939,-3.61293606997622,69
"1365",-4.53996198255584,-5.04150749854764,69
"1366",-4.0840031276323,-5.9938884509286,69
"1367",-3.62804427270875,-6.70817416521431,69
"1368",-3.1720854177852,-7.18436464140479,69
"1369",-2.71612656286165,-7.42245987950002,69
"1370",-2.2601677079381,-7.66055511759526,69
"1371",-1.80420885301455,-7.66055511759526,69
"1372",-1.348249998091,-7.66055511759526,69
"1373",-0.892291143167456,-7.66055511759526,69
"1374",-0.436332288243907,-7.66055511759526,69
"1375",0.0196265666796416,-7.66055511759526,69
"1376",0.47558542160319,-7.66055511759526,69
"1377",0.931544276526739,-7.66055511759526,69
"1378",1.38750313145029,-7.66055511759526,69
"1379",1.84346198637384,-7.66055511759526,69
"1380",2.29942084129739,-7.66055511759526,69
"1381",-6.36379740225004,-2.8986503556905,70
"1382",-5.90783854732649,-2.8986503556905,70
"1383",-5.45187969240294,-2.8986503556905,70
"1384",-4.99592083747939,-4.56531702235717,70
"1385",-4.53996198255584,-5.27960273664288,70
"1386",-4.0840031276323,-5.75579321283336,70
"1387",-3.62804427270875,-5.9938884509286,70
"1388",-3.1720854177852,-6.23198368902383,70
"1389",-2.71612656286165,-6.47007892711907,70
"1390",-2.2601677079381,-6.47007892711907,70
"1391",-1.80420885301455,-6.70817416521431,70
"1392",-1.348249998091,-6.70817416521431,70
"1393",-0.892291143167456,-6.70817416521431,70
"1394",-0.436332288243907,-6.70817416521431,70
"1395",0.0196265666796416,-6.70817416521431,70
"1396",0.47558542160319,-6.70817416521431,70
"1397",0.931544276526739,-6.70817416521431,70
"1398",1.38750313145029,-6.70817416521431,70
"1399",1.84346198637384,-6.70817416521431,70
"1400",2.29942084129739,-6.70817416521431,70
"1401",-6.36379740225004,-2.8986503556905,71
"1402",-5.90783854732649,-4.80341226045241,71
"1403",-5.45187969240294,-5.27960273664288,71
"1404",-4.99592083747939,-5.51769797473812,71
"1405",-4.53996198255584,-5.51769797473812,71
"1406",-4.0840031276323,-5.51769797473812,71
"1407",-3.62804427270875,-5.51769797473812,71
"1408",-3.1720854177852,-5.51769797473812,71
"1409",-2.71612656286165,-5.51769797473812,71
"1410",-2.2601677079381,-5.51769797473812,71
"1411",-1.80420885301455,-5.51769797473812,71
"1412",-1.348249998091,-5.51769797473812,71
"1413",-0.892291143167456,-5.51769797473812,71
"1414",-0.436332288243907,-5.51769797473812,71
"1415",0.0196265666796416,-5.51769797473812,71
"1416",0.47558542160319,-5.51769797473812,71
"1417",0.931544276526739,-5.51769797473812,71
"1418",1.38750313145029,-5.51769797473812,71
"1419",1.84346198637384,-5.51769797473812,71
"1420",2.29942084129739,-5.51769797473812,71
"1421",-6.36379740225004,-2.8986503556905,72
"1422",-5.90783854732649,-2.8986503556905,72
"1423",-5.45187969240294,-2.8986503556905,72
"1424",-4.99592083747939,-2.8986503556905,72
"1425",-4.53996198255584,-5.04150749854764,72
"1426",-4.0840031276323,-5.75579321283336,72
"1427",-3.62804427270875,-5.9938884509286,72
"1428",-3.1720854177852,-5.9938884509286,72
"1429",-2.71612656286165,-5.9938884509286,72
"1430",-2.2601677079381,-5.9938884509286,72
"1431",-1.80420885301455,-5.9938884509286,72
"1432",-1.348249998091,-5.9938884509286,72
"1433",-0.892291143167456,-5.9938884509286,72
"1434",-0.436332288243907,-5.9938884509286,72
"1435",0.0196265666796416,-5.9938884509286,72
"1436",0.47558542160319,-5.9938884509286,72
"1437",0.931544276526739,-5.9938884509286,72
"1438",1.38750313145029,-5.9938884509286,72
"1439",1.84346198637384,-5.9938884509286,72
"1440",2.29942084129739,-5.9938884509286,72
"1441",-6.36379740225004,-4.56531702235717,73
"1442",-5.90783854732649,-4.80341226045241,73
"1443",-5.45187969240294,-5.04150749854764,73
"1444",-4.99592083747939,-5.27960273664288,73
"1445",-4.53996198255584,-5.51769797473812,73
"1446",-4.0840031276323,-5.51769797473812,73
"1447",-3.62804427270875,-5.75579321283336,73
"1448",-3.1720854177852,-5.75579321283336,73
"1449",-2.71612656286165,-5.75579321283336,73
"1450",-2.2601677079381,-5.75579321283336,73
"1451",-1.80420885301455,-5.75579321283336,73
"1452",-1.348249998091,-5.75579321283336,73
"1453",-0.892291143167456,-5.75579321283336,73
"1454",-0.436332288243907,-5.75579321283336,73
"1455",0.0196265666796416,-5.75579321283336,73
"1456",0.47558542160319,-5.75579321283336,73
"1457",0.931544276526739,-5.75579321283336,73
"1458",1.38750313145029,-5.75579321283336,73
"1459",1.84346198637384,-5.75579321283336,73
"1460",2.29942084129739,-5.75579321283336,73
"1461",-6.36379740225004,-4.56531702235717,74
"1462",-5.90783854732649,-5.04150749854764,74
"1463",-5.45187969240294,-5.27960273664288,74
"1464",-4.99592083747939,-5.51769797473812,74
"1465",-4.53996198255584,-5.51769797473812,74
"1466",-4.0840031276323,-5.51769797473812,74
"1467",-3.62804427270875,-5.75579321283336,74
"1468",-3.1720854177852,-5.75579321283336,74
"1469",-2.71612656286165,-5.75579321283336,74
"1470",-2.2601677079381,-5.75579321283336,74
"1471",-1.80420885301455,-5.75579321283336,74
"1472",-1.348249998091,-5.75579321283336,74
"1473",-0.892291143167456,-5.75579321283336,74
"1474",-0.436332288243907,-5.75579321283336,74
"1475",0.0196265666796416,-5.75579321283336,74
"1476",0.47558542160319,-5.75579321283336,74
"1477",0.931544276526739,-5.75579321283336,74
"1478",1.38750313145029,-5.75579321283336,74
"1479",1.84346198637384,-5.75579321283336,74
"1480",2.29942084129739,-5.75579321283336,74
"1481",-6.36379740225004,-2.8986503556905,75
"1482",-5.90783854732649,-2.8986503556905,75
"1483",-5.45187969240294,-2.8986503556905,75
"1484",-4.99592083747939,-4.32722178426193,75
"1485",-4.53996198255584,-5.27960273664288,75
"1486",-4.0840031276323,-5.75579321283336,75
"1487",-3.62804427270875,-6.23198368902383,75
"1488",-3.1720854177852,-6.47007892711907,75
"1489",-2.71612656286165,-6.70817416521431,75
"1490",-2.2601677079381,-6.70817416521431,75
"1491",-1.80420885301455,-6.70817416521431,75
"1492",-1.348249998091,-6.70817416521431,75
"1493",-0.892291143167456,-6.70817416521431,75
"1494",-0.436332288243907,-6.70817416521431,75
"1495",0.0196265666796416,-6.70817416521431,75
"1496",0.47558542160319,-6.70817416521431,75
"1497",0.931544276526739,-6.70817416521431,75
"1498",1.38750313145029,-6.70817416521431,75
"1499",1.84346198637384,-6.70817416521431,75
"1500",2.29942084129739,-6.70817416521431,75
"1501",-6.36379740225004,-2.8986503556905,76
"1502",-5.90783854732649,-2.8986503556905,76
"1503",-5.45187969240294,-2.8986503556905,76
"1504",-4.99592083747939,-2.8986503556905,76
"1505",-4.53996198255584,-5.04150749854764,76
"1506",-4.0840031276323,-5.9938884509286,76
"1507",-3.62804427270875,-6.23198368902383,76
"1508",-3.1720854177852,-6.23198368902383,76
"1509",-2.71612656286165,-6.23198368902383,76
"1510",-2.2601677079381,-6.23198368902383,76
"1511",-1.80420885301455,-6.23198368902383,76
"1512",-1.348249998091,-6.23198368902383,76
"1513",-0.892291143167456,-6.23198368902383,76
"1514",-0.436332288243907,-6.23198368902383,76
"1515",0.0196265666796416,-6.23198368902383,76
"1516",0.47558542160319,-6.23198368902383,76
"1517",0.931544276526739,-6.23198368902383,76
"1518",1.38750313145029,-6.23198368902383,76
"1519",1.84346198637384,-6.23198368902383,76
"1520",2.29942084129739,-6.23198368902383,76
"1521",-6.36379740225004,-3.37484083188098,77
"1522",-5.90783854732649,-4.08912654616669,77
"1523",-5.45187969240294,-4.80341226045241,77
"1524",-4.99592083747939,-5.04150749854764,77
"1525",-4.53996198255584,-5.51769797473812,77
"1526",-4.0840031276323,-5.75579321283336,77
"1527",-3.62804427270875,-5.75579321283336,77
"1528",-3.1720854177852,-5.9938884509286,77
"1529",-2.71612656286165,-5.9938884509286,77
"1530",-2.2601677079381,-6.23198368902383,77
"1531",-1.80420885301455,-6.23198368902383,77
"1532",-1.348249998091,-6.23198368902383,77
"1533",-0.892291143167456,-6.23198368902383,77
"1534",-0.436332288243907,-6.23198368902383,77
"1535",0.0196265666796416,-6.23198368902383,77
"1536",0.47558542160319,-6.23198368902383,77
"1537",0.931544276526739,-6.23198368902383,77
"1538",1.38750313145029,-6.23198368902383,77
"1539",1.84346198637384,-6.47007892711907,77
"1540",2.29942084129739,-6.70817416521431,77
"1541",-6.36379740225004,-5.04150749854764,78
"1542",-5.90783854732649,-5.27960273664288,78
"1543",-5.45187969240294,-5.27960273664288,78
"1544",-4.99592083747939,-5.51769797473812,78
"1545",-4.53996198255584,-5.51769797473812,78
"1546",-4.0840031276323,-5.51769797473812,78
"1547",-3.62804427270875,-5.51769797473812,78
"1548",-3.1720854177852,-5.51769797473812,78
"1549",-2.71612656286165,-5.51769797473812,78
"1550",-2.2601677079381,-5.51769797473812,78
"1551",-1.80420885301455,-5.51769797473812,78
"1552",-1.348249998091,-5.51769797473812,78
"1553",-0.892291143167456,-5.51769797473812,78
"1554",-0.436332288243907,-5.51769797473812,78
"1555",0.0196265666796416,-5.51769797473812,78
"1556",0.47558542160319,-5.51769797473812,78
"1557",0.931544276526739,-5.51769797473812,78
"1558",1.38750313145029,-5.75579321283336,78
"1559",1.84346198637384,-5.75579321283336,78
"1560",2.29942084129739,-5.9938884509286,78
"1561",-6.36379740225004,-2.8986503556905,79
"1562",-5.90783854732649,-2.8986503556905,79
"1563",-5.45187969240294,-2.8986503556905,79
"1564",-4.99592083747939,-5.04150749854764,79
"1565",-4.53996198255584,-5.51769797473812,79
"1566",-4.0840031276323,-5.51769797473812,79
"1567",-3.62804427270875,-5.75579321283336,79
"1568",-3.1720854177852,-5.75579321283336,79
"1569",-2.71612656286165,-5.75579321283336,79
"1570",-2.2601677079381,-5.75579321283336,79
"1571",-1.80420885301455,-5.75579321283336,79
"1572",-1.348249998091,-5.75579321283336,79
"1573",-0.892291143167456,-5.75579321283336,79
"1574",-0.436332288243907,-5.75579321283336,79
"1575",0.0196265666796416,-5.75579321283336,79
"1576",0.47558542160319,-5.75579321283336,79
"1577",0.931544276526739,-5.75579321283336,79
"1578",1.38750313145029,-5.75579321283336,79
"1579",1.84346198637384,-5.75579321283336,79
"1580",2.29942084129739,-5.75579321283336,79
"1581",-6.36379740225004,-2.8986503556905,80
"1582",-5.90783854732649,-2.8986503556905,80
"1583",-5.45187969240294,-2.8986503556905,80
"1584",-4.99592083747939,-2.8986503556905,80
"1585",-4.53996198255584,-4.08912654616669,80
"1586",-4.0840031276323,-5.9938884509286,80
"1587",-3.62804427270875,-6.47007892711907,80
"1588",-3.1720854177852,-6.47007892711907,80
"1589",-2.71612656286165,-6.47007892711907,80
"1590",-2.2601677079381,-6.47007892711907,80
"1591",-1.80420885301455,-6.47007892711907,80
"1592",-1.348249998091,-6.47007892711907,80
"1593",-0.892291143167456,-6.47007892711907,80
"1594",-0.436332288243907,-6.47007892711907,80
"1595",0.0196265666796416,-6.47007892711907,80
"1596",0.47558542160319,-6.47007892711907,80
"1597",0.931544276526739,-6.47007892711907,80
"1598",1.38750313145029,-6.47007892711907,80
"1599",1.84346198637384,-6.47007892711907,80
"1600",2.29942084129739,-6.47007892711907,80
"1601",-6.36379740225004,-2.8986503556905,81
"1602",-5.90783854732649,-2.8986503556905,81
"1603",-5.45187969240294,-2.8986503556905,81
"1604",-4.99592083747939,-2.8986503556905,81
"1605",-4.53996198255584,-2.8986503556905,81
"1606",-4.0840031276323,-6.23198368902383,81
"1607",-3.62804427270875,-6.23198368902383,81
"1608",-3.1720854177852,-6.23198368902383,81
"1609",-2.71612656286165,-6.23198368902383,81
"1610",-2.2601677079381,-6.23198368902383,81
"1611",-1.80420885301455,-6.23198368902383,81
"1612",-1.348249998091,-6.23198368902383,81
"1613",-0.892291143167456,-6.23198368902383,81
"1614",-0.436332288243907,-6.23198368902383,81
"1615",0.0196265666796416,-6.23198368902383,81
"1616",0.47558542160319,-6.23198368902383,81
"1617",0.931544276526739,-6.23198368902383,81
"1618",1.38750313145029,-6.23198368902383,81
"1619",1.84346198637384,-6.23198368902383,81
"1620",2.29942084129739,-6.23198368902383,81
"1621",-6.36379740225004,-2.8986503556905,82
"1622",-5.90783854732649,-3.37484083188098,82
"1623",-5.45187969240294,-4.80341226045241,82
"1624",-4.99592083747939,-5.27960273664288,82
"1625",-4.53996198255584,-5.51769797473812,82
"1626",-4.0840031276323,-5.51769797473812,82
"1627",-3.62804427270875,-5.75579321283336,82
"1628",-3.1720854177852,-5.75579321283336,82
"1629",-2.71612656286165,-5.75579321283336,82
"1630",-2.2601677079381,-5.9938884509286,82
"1631",-1.80420885301455,-6.23198368902383,82
"1632",-1.348249998091,-6.23198368902383,82
"1633",-0.892291143167456,-6.47007892711907,82
"1634",-0.436332288243907,-6.47007892711907,82
"1635",0.0196265666796416,-6.47007892711907,82
"1636",0.47558542160319,-6.47007892711907,82
"1637",0.931544276526739,-6.70817416521431,82
"1638",1.38750313145029,-6.70817416521431,82
"1639",1.84346198637384,-6.70817416521431,82
"1640",2.29942084129739,-6.70817416521431,82
"1641",-6.36379740225004,-2.8986503556905,83
"1642",-5.90783854732649,-3.85103130807145,83
"1643",-5.45187969240294,-4.80341226045241,83
"1644",-4.99592083747939,-5.04150749854764,83
"1645",-4.53996198255584,-5.51769797473812,83
"1646",-4.0840031276323,-5.75579321283336,83
"1647",-3.62804427270875,-6.23198368902383,83
"1648",-3.1720854177852,-6.47007892711907,83
"1649",-2.71612656286165,-6.70817416521431,83
"1650",-2.2601677079381,-6.94626940330955,83
"1651",-1.80420885301455,-7.18436464140479,83
"1652",-1.348249998091,-7.18436464140479,83
"1653",-0.892291143167456,-7.18436464140479,83
"1654",-0.436332288243907,-7.18436464140479,83
"1655",0.0196265666796416,-7.18436464140479,83
"1656",0.47558542160319,-7.18436464140479,83
"1657",0.931544276526739,-7.18436464140479,83
"1658",1.38750313145029,-7.18436464140479,83
"1659",1.84346198637384,-7.18436464140479,83
"1660",2.29942084129739,-7.18436464140479,83
"1661",-6.36379740225004,-4.32722178426193,84
"1662",-5.90783854732649,-4.80341226045241,84
"1663",-5.45187969240294,-5.04150749854764,84
"1664",-4.99592083747939,-5.27960273664288,84
"1665",-4.53996198255584,-5.51769797473812,84
"1666",-4.0840031276323,-5.51769797473812,84
"1667",-3.62804427270875,-5.75579321283336,84
"1668",-3.1720854177852,-5.75579321283336,84
"1669",-2.71612656286165,-5.75579321283336,84
"1670",-2.2601677079381,-5.75579321283336,84
"1671",-1.80420885301455,-5.9938884509286,84
"1672",-1.348249998091,-6.47007892711907,84
"1673",-0.892291143167456,-6.70817416521431,84
"1674",-0.436332288243907,-6.94626940330955,84
"1675",0.0196265666796416,-7.18436464140479,84
"1676",0.47558542160319,-7.18436464140479,84
"1677",0.931544276526739,-7.18436464140479,84
"1678",1.38750313145029,-7.42245987950002,84
"1679",1.84346198637384,-7.42245987950002,84
"1680",2.29942084129739,-7.42245987950002,84
"1681",-6.36379740225004,-3.85103130807145,85
"1682",-5.90783854732649,-3.85103130807145,85
"1683",-5.45187969240294,-4.08912654616669,85
"1684",-4.99592083747939,-4.80341226045241,85
"1685",-4.53996198255584,-5.51769797473812,85
"1686",-4.0840031276323,-5.75579321283336,85
"1687",-3.62804427270875,-5.75579321283336,85
"1688",-3.1720854177852,-5.9938884509286,85
"1689",-2.71612656286165,-6.23198368902383,85
"1690",-2.2601677079381,-6.47007892711907,85
"1691",-1.80420885301455,-6.47007892711907,85
"1692",-1.348249998091,-6.47007892711907,85
"1693",-0.892291143167456,-6.47007892711907,85
"1694",-0.436332288243907,-6.47007892711907,85
"1695",0.0196265666796416,-6.47007892711907,85
"1696",0.47558542160319,-6.47007892711907,85
"1697",0.931544276526739,-6.47007892711907,85
"1698",1.38750313145029,-6.47007892711907,85
"1699",1.84346198637384,-6.70817416521431,85
"1700",2.29942084129739,-6.70817416521431,85
"1701",-6.36379740225004,-2.8986503556905,86
"1702",-5.90783854732649,-2.8986503556905,86
"1703",-5.45187969240294,-2.8986503556905,86
"1704",-4.99592083747939,-4.80341226045241,86
"1705",-4.53996198255584,-5.51769797473812,86
"1706",-4.0840031276323,-5.75579321283336,86
"1707",-3.62804427270875,-5.75579321283336,86
"1708",-3.1720854177852,-5.75579321283336,86
"1709",-2.71612656286165,-5.75579321283336,86
"1710",-2.2601677079381,-5.75579321283336,86
"1711",-1.80420885301455,-5.75579321283336,86
"1712",-1.348249998091,-5.75579321283336,86
"1713",-0.892291143167456,-5.75579321283336,86
"1714",-0.436332288243907,-5.75579321283336,86
"1715",0.0196265666796416,-5.75579321283336,86
"1716",0.47558542160319,-5.75579321283336,86
"1717",0.931544276526739,-5.75579321283336,86
"1718",1.38750313145029,-5.75579321283336,86
"1719",1.84346198637384,-5.9938884509286,86
"1720",2.29942084129739,-6.47007892711907,86
"1721",-6.36379740225004,-2.8986503556905,87
"1722",-5.90783854732649,-3.13674559378574,87
"1723",-5.45187969240294,-4.08912654616669,87
"1724",-4.99592083747939,-5.27960273664288,87
"1725",-4.53996198255584,-5.51769797473812,87
"1726",-4.0840031276323,-5.51769797473812,87
"1727",-3.62804427270875,-5.51769797473812,87
"1728",-3.1720854177852,-5.51769797473812,87
"1729",-2.71612656286165,-5.51769797473812,87
"1730",-2.2601677079381,-5.51769797473812,87
"1731",-1.80420885301455,-5.51769797473812,87
"1732",-1.348249998091,-5.51769797473812,87
"1733",-0.892291143167456,-5.51769797473812,87
"1734",-0.436332288243907,-5.51769797473812,87
"1735",0.0196265666796416,-5.51769797473812,87
"1736",0.47558542160319,-5.51769797473812,87
"1737",0.931544276526739,-5.51769797473812,87
"1738",1.38750313145029,-5.51769797473812,87
"1739",1.84346198637384,-5.51769797473812,87
"1740",2.29942084129739,-5.51769797473812,87
"1741",-6.36379740225004,-4.32722178426193,88
"1742",-5.90783854732649,-4.80341226045241,88
"1743",-5.45187969240294,-5.04150749854764,88
"1744",-4.99592083747939,-5.27960273664288,88
"1745",-4.53996198255584,-5.51769797473812,88
"1746",-4.0840031276323,-5.51769797473812,88
"1747",-3.62804427270875,-5.75579321283336,88
"1748",-3.1720854177852,-5.75579321283336,88
"1749",-2.71612656286165,-5.75579321283336,88
"1750",-2.2601677079381,-5.75579321283336,88
"1751",-1.80420885301455,-5.75579321283336,88
"1752",-1.348249998091,-5.75579321283336,88
"1753",-0.892291143167456,-5.75579321283336,88
"1754",-0.436332288243907,-5.75579321283336,88
"1755",0.0196265666796416,-5.75579321283336,88
"1756",0.47558542160319,-5.75579321283336,88
"1757",0.931544276526739,-5.75579321283336,88
"1758",1.38750313145029,-5.75579321283336,88
"1759",1.84346198637384,-5.75579321283336,88
"1760",2.29942084129739,-5.75579321283336,88
"1761",-6.36379740225004,-2.8986503556905,89
"1762",-5.90783854732649,-2.8986503556905,89
"1763",-5.45187969240294,-4.08912654616669,89
"1764",-4.99592083747939,-4.80341226045241,89
"1765",-4.53996198255584,-5.27960273664288,89
"1766",-4.0840031276323,-5.75579321283336,89
"1767",-3.62804427270875,-5.9938884509286,89
"1768",-3.1720854177852,-6.23198368902383,89
"1769",-2.71612656286165,-6.47007892711907,89
"1770",-2.2601677079381,-6.70817416521431,89
"1771",-1.80420885301455,-6.70817416521431,89
"1772",-1.348249998091,-6.70817416521431,89
"1773",-0.892291143167456,-6.70817416521431,89
"1774",-0.436332288243907,-6.70817416521431,89
"1775",0.0196265666796416,-6.70817416521431,89
"1776",0.47558542160319,-6.70817416521431,89
"1777",0.931544276526739,-6.70817416521431,89
"1778",1.38750313145029,-6.70817416521431,89
"1779",1.84346198637384,-6.70817416521431,89
"1780",2.29942084129739,-6.94626940330955,89
"1781",-6.36379740225004,-2.8986503556905,90
"1782",-5.90783854732649,-2.8986503556905,90
"1783",-5.45187969240294,-3.85103130807145,90
"1784",-4.99592083747939,-4.80341226045241,90
"1785",-4.53996198255584,-5.27960273664288,90
"1786",-4.0840031276323,-5.75579321283336,90
"1787",-3.62804427270875,-6.23198368902383,90
"1788",-3.1720854177852,-6.47007892711907,90
"1789",-2.71612656286165,-6.70817416521431,90
"1790",-2.2601677079381,-6.70817416521431,90
"1791",-1.80420885301455,-6.94626940330955,90
"1792",-1.348249998091,-6.94626940330955,90
"1793",-0.892291143167456,-6.94626940330955,90
"1794",-0.436332288243907,-6.94626940330955,90
"1795",0.0196265666796416,-7.18436464140479,90
"1796",0.47558542160319,-7.18436464140479,90
"1797",0.931544276526739,-7.42245987950002,90
"1798",1.38750313145029,-7.66055511759526,90
"1799",1.84346198637384,-7.66055511759526,90
"1800",2.29942084129739,-7.66055511759526,90
"1801",-6.36379740225004,-2.8986503556905,91
"1802",-5.90783854732649,-2.8986503556905,91
"1803",-5.45187969240294,-2.8986503556905,91
"1804",-4.99592083747939,-2.8986503556905,91
"1805",-4.53996198255584,-5.04150749854764,91
"1806",-4.0840031276323,-5.9938884509286,91
"1807",-3.62804427270875,-6.23198368902383,91
"1808",-3.1720854177852,-6.23198368902383,91
"1809",-2.71612656286165,-6.23198368902383,91
"1810",-2.2601677079381,-6.23198368902383,91
"1811",-1.80420885301455,-6.23198368902383,91
"1812",-1.348249998091,-6.23198368902383,91
"1813",-0.892291143167456,-6.23198368902383,91
"1814",-0.436332288243907,-6.23198368902383,91
"1815",0.0196265666796416,-6.23198368902383,91
"1816",0.47558542160319,-6.23198368902383,91
"1817",0.931544276526739,-6.23198368902383,91
"1818",1.38750313145029,-6.23198368902383,91
"1819",1.84346198637384,-6.47007892711907,91
"1820",2.29942084129739,-6.47007892711907,91
"1821",-6.36379740225004,-2.8986503556905,92
"1822",-5.90783854732649,-2.8986503556905,92
"1823",-5.45187969240294,-2.8986503556905,92
"1824",-4.99592083747939,-5.27960273664288,92
"1825",-4.53996198255584,-5.51769797473812,92
"1826",-4.0840031276323,-5.51769797473812,92
"1827",-3.62804427270875,-5.51769797473812,92
"1828",-3.1720854177852,-5.51769797473812,92
"1829",-2.71612656286165,-5.51769797473812,92
"1830",-2.2601677079381,-5.51769797473812,92
"1831",-1.80420885301455,-5.51769797473812,92
"1832",-1.348249998091,-5.51769797473812,92
"1833",-0.892291143167456,-5.51769797473812,92
"1834",-0.436332288243907,-5.51769797473812,92
"1835",0.0196265666796416,-5.51769797473812,92
"1836",0.47558542160319,-5.51769797473812,92
"1837",0.931544276526739,-5.51769797473812,92
"1838",1.38750313145029,-5.51769797473812,92
"1839",1.84346198637384,-5.51769797473812,92
"1840",2.29942084129739,-5.51769797473812,92
"1841",-6.36379740225004,-3.13674559378574,93
"1842",-5.90783854732649,-4.32722178426193,93
"1843",-5.45187969240294,-5.04150749854764,93
"1844",-4.99592083747939,-5.27960273664288,93
"1845",-4.53996198255584,-5.51769797473812,93
"1846",-4.0840031276323,-5.51769797473812,93
"1847",-3.62804427270875,-5.75579321283336,93
"1848",-3.1720854177852,-5.75579321283336,93
"1849",-2.71612656286165,-5.75579321283336,93
"1850",-2.2601677079381,-5.75579321283336,93
"1851",-1.80420885301455,-5.75579321283336,93
"1852",-1.348249998091,-5.75579321283336,93
"1853",-0.892291143167456,-5.75579321283336,93
"1854",-0.436332288243907,-5.75579321283336,93
"1855",0.0196265666796416,-5.75579321283336,93
"1856",0.47558542160319,-5.75579321283336,93
"1857",0.931544276526739,-5.75579321283336,93
"1858",1.38750313145029,-5.75579321283336,93
"1859",1.84346198637384,-5.75579321283336,93
"1860",2.29942084129739,-5.75579321283336,93
"1861",-6.36379740225004,-2.8986503556905,94
"1862",-5.90783854732649,-2.8986503556905,94
"1863",-5.45187969240294,-2.8986503556905,94
"1864",-4.99592083747939,-2.8986503556905,94
"1865",-4.53996198255584,-2.8986503556905,94
"1866",-4.0840031276323,-6.23198368902383,94
"1867",-3.62804427270875,-6.23198368902383,94
"1868",-3.1720854177852,-6.23198368902383,94
"1869",-2.71612656286165,-6.23198368902383,94
"1870",-2.2601677079381,-6.23198368902383,94
"1871",-1.80420885301455,-6.23198368902383,94
"1872",-1.348249998091,-6.23198368902383,94
"1873",-0.892291143167456,-6.23198368902383,94
"1874",-0.436332288243907,-6.23198368902383,94
"1875",0.0196265666796416,-6.23198368902383,94
"1876",0.47558542160319,-6.23198368902383,94
"1877",0.931544276526739,-6.23198368902383,94
"1878",1.38750313145029,-6.23198368902383,94
"1879",1.84346198637384,-6.23198368902383,94
"1880",2.29942084129739,-6.23198368902383,94
"1881",-6.36379740225004,-2.8986503556905,95
"1882",-5.90783854732649,-2.8986503556905,95
"1883",-5.45187969240294,-2.8986503556905,95
"1884",-4.99592083747939,-2.8986503556905,95
"1885",-4.53996198255584,-5.51769797473812,95
"1886",-4.0840031276323,-5.51769797473812,95
"1887",-3.62804427270875,-5.51769797473812,95
"1888",-3.1720854177852,-5.51769797473812,95
"1889",-2.71612656286165,-5.51769797473812,95
"1890",-2.2601677079381,-5.51769797473812,95
"1891",-1.80420885301455,-5.51769797473812,95
"1892",-1.348249998091,-5.51769797473812,95
"1893",-0.892291143167456,-5.51769797473812,95
"1894",-0.436332288243907,-5.51769797473812,95
"1895",0.0196265666796416,-5.51769797473812,95
"1896",0.47558542160319,-5.51769797473812,95
"1897",0.931544276526739,-5.51769797473812,95
"1898",1.38750313145029,-5.51769797473812,95
"1899",1.84346198637384,-5.51769797473812,95
"1900",2.29942084129739,-5.51769797473812,95
"1901",-6.36379740225004,-2.8986503556905,96
"1902",-5.90783854732649,-2.8986503556905,96
"1903",-5.45187969240294,-2.8986503556905,96
"1904",-4.99592083747939,-2.8986503556905,96
"1905",-4.53996198255584,-4.80341226045241,96
"1906",-4.0840031276323,-6.23198368902383,96
"1907",-3.62804427270875,-6.94626940330955,96
"1908",-3.1720854177852,-7.18436464140479,96
"1909",-2.71612656286165,-7.42245987950002,96
"1910",-2.2601677079381,-7.42245987950002,96
"1911",-1.80420885301455,-7.42245987950002,96
"1912",-1.348249998091,-7.42245987950002,96
"1913",-0.892291143167456,-7.42245987950002,96
"1914",-0.436332288243907,-7.42245987950002,96
"1915",0.0196265666796416,-7.42245987950002,96
"1916",0.47558542160319,-7.42245987950002,96
"1917",0.931544276526739,-7.42245987950002,96
"1918",1.38750313145029,-7.42245987950002,96
"1919",1.84346198637384,-7.42245987950002,96
"1920",2.29942084129739,-7.42245987950002,96
"1921",-6.36379740225004,-2.8986503556905,97
"1922",-5.90783854732649,-2.8986503556905,97
"1923",-5.45187969240294,-2.8986503556905,97
"1924",-4.99592083747939,-2.8986503556905,97
"1925",-4.53996198255584,-5.04150749854764,97
"1926",-4.0840031276323,-5.9938884509286,97
"1927",-3.62804427270875,-6.23198368902383,97
"1928",-3.1720854177852,-6.23198368902383,97
"1929",-2.71612656286165,-6.23198368902383,97
"1930",-2.2601677079381,-6.23198368902383,97
"1931",-1.80420885301455,-6.23198368902383,97
"1932",-1.348249998091,-6.23198368902383,97
"1933",-0.892291143167456,-6.23198368902383,97
"1934",-0.436332288243907,-6.23198368902383,97
"1935",0.0196265666796416,-6.23198368902383,97
"1936",0.47558542160319,-6.23198368902383,97
"1937",0.931544276526739,-6.23198368902383,97
"1938",1.38750313145029,-6.23198368902383,97
"1939",1.84346198637384,-6.23198368902383,97
"1940",2.29942084129739,-6.23198368902383,97
"1941",-6.36379740225004,-2.8986503556905,98
"1942",-5.90783854732649,-2.8986503556905,98
"1943",-5.45187969240294,-2.8986503556905,98
"1944",-4.99592083747939,-4.56531702235717,98
"1945",-4.53996198255584,-5.27960273664288,98
"1946",-4.0840031276323,-5.75579321283336,98
"1947",-3.62804427270875,-5.75579321283336,98
"1948",-3.1720854177852,-5.9938884509286,98
"1949",-2.71612656286165,-5.9938884509286,98
"1950",-2.2601677079381,-5.9938884509286,98
"1951",-1.80420885301455,-5.9938884509286,98
"1952",-1.348249998091,-5.9938884509286,98
"1953",-0.892291143167456,-5.9938884509286,98
"1954",-0.436332288243907,-5.9938884509286,98
"1955",0.0196265666796416,-5.9938884509286,98
"1956",0.47558542160319,-5.9938884509286,98
"1957",0.931544276526739,-5.9938884509286,98
"1958",1.38750313145029,-6.23198368902383,98
"1959",1.84346198637384,-6.47007892711907,98
"1960",2.29942084129739,-6.70817416521431,98
"1961",-6.36379740225004,-5.27960273664288,99
"1962",-5.90783854732649,-5.51769797473812,99
"1963",-5.45187969240294,-5.51769797473812,99
"1964",-4.99592083747939,-5.51769797473812,99
"1965",-4.53996198255584,-5.51769797473812,99
"1966",-4.0840031276323,-5.51769797473812,99
"1967",-3.62804427270875,-5.51769797473812,99
"1968",-3.1720854177852,-5.51769797473812,99
"1969",-2.71612656286165,-5.51769797473812,99
"1970",-2.2601677079381,-5.51769797473812,99
"1971",-1.80420885301455,-5.51769797473812,99
"1972",-1.348249998091,-5.51769797473812,99
"1973",-0.892291143167456,-5.51769797473812,99
"1974",-0.436332288243907,-5.51769797473812,99
"1975",0.0196265666796416,-5.51769797473812,99
"1976",0.47558542160319,-5.51769797473812,99
"1977",0.931544276526739,-5.51769797473812,99
"1978",1.38750313145029,-5.51769797473812,99
"1979",1.84346198637384,-5.51769797473812,99
"1980",2.29942084129739,-5.51769797473812,99
"1981",-6.36379740225004,-2.8986503556905,100
"1982",-5.90783854732649,-2.8986503556905,100
"1983",-5.45187969240294,-2.8986503556905,100
"1984",-4.99592083747939,-2.8986503556905,100
"1985",-4.53996198255584,-4.80341226045241,100
"1986",-4.0840031276323,-5.9938884509286,100
"1987",-3.62804427270875,-6.23198368902383,100
"1988",-3.1720854177852,-6.47007892711907,100
"1989",-2.71612656286165,-6.47007892711907,100
"1990",-2.2601677079381,-6.47007892711907,100
"1991",-1.80420885301455,-6.47007892711907,100
"1992",-1.348249998091,-6.47007892711907,100
"1993",-0.892291143167456,-6.47007892711907,100
"1994",-0.436332288243907,-6.47007892711907,100
"1995",0.0196265666796416,-6.47007892711907,100
"1996",0.47558542160319,-6.47007892711907,100
"1997",0.931544276526739,-6.47007892711907,100
"1998",1.38750313145029,-6.47007892711907,100
"1999",1.84346198637384,-6.47007892711907,100
"2000",2.29942084129739,-6.47007892711907,100
