"","x","y","sample"
"1",-6.94755823540838,-2.43686317053751,1
"2",-6.47645825120253,-2.43686317053751,1
"3",-6.00535826699668,-2.43686317053751,1
"4",-5.53425828279082,-2.43686317053751,1
"5",-5.06315829858497,-2.7225774562518,1
"6",-4.59205831437912,-4.00829174196608,1
"7",-4.12095833017327,-4.57972031339465,1
"8",-3.64985834596742,-5.00829174196608,1
"9",-3.17875836176157,-5.15114888482323,1
"10",-2.70765837755572,-5.29400602768037,1
"11",-2.23655839334986,-5.29400602768037,1
"12",-1.76545840914401,-5.29400602768037,1
"13",-1.29435842493816,-5.29400602768037,1
"14",-0.823258440732308,-5.29400602768037,1
"15",-0.352158456526457,-5.29400602768037,1
"16",0.118941527679395,-5.29400602768037,1
"17",0.590041511885246,-5.29400602768037,1
"18",1.0611414960911,-5.29400602768037,1
"19",1.53224148029695,-5.29400602768037,1
"20",2.0033414645028,-5.29400602768037,1
"21",-6.94755823540838,-2.43686317053751,2
"22",-6.47645825120253,-2.43686317053751,2
"23",-6.00535826699668,-2.43686317053751,2
"24",-5.53425828279082,-2.57972031339465,2
"25",-5.06315829858497,-3.15114888482323,2
"26",-4.59205831437912,-3.43686317053751,2
"27",-4.12095833017327,-3.86543459910894,2
"28",-3.64985834596742,-5.15114888482323,2
"29",-3.17875836176157,-5.29400602768037,2
"30",-2.70765837755572,-5.29400602768037,2
"31",-2.23655839334986,-5.29400602768037,2
"32",-1.76545840914401,-5.29400602768037,2
"33",-1.29435842493816,-5.29400602768037,2
"34",-0.823258440732308,-5.29400602768037,2
"35",-0.352158456526457,-5.29400602768037,2
"36",0.118941527679395,-5.29400602768037,2
"37",0.590041511885246,-5.29400602768037,2
"38",1.0611414960911,-5.29400602768037,2
"39",1.53224148029695,-5.29400602768037,2
"40",2.0033414645028,-5.29400602768037,2
"41",-6.94755823540838,-2.43686317053751,3
"42",-6.47645825120253,-2.43686317053751,3
"43",-6.00535826699668,-2.43686317053751,3
"44",-5.53425828279082,-2.43686317053751,3
"45",-5.06315829858497,-2.7225774562518,3
"46",-4.59205831437912,-4.00829174196608,3
"47",-4.12095833017327,-4.57972031339465,3
"48",-3.64985834596742,-4.86543459910894,3
"49",-3.17875836176157,-5.00829174196608,3
"50",-2.70765837755572,-5.15114888482323,3
"51",-2.23655839334986,-5.15114888482323,3
"52",-1.76545840914401,-5.29400602768037,3
"53",-1.29435842493816,-5.29400602768037,3
"54",-0.823258440732308,-5.29400602768037,3
"55",-0.352158456526457,-5.29400602768037,3
"56",0.118941527679395,-5.29400602768037,3
"57",0.590041511885246,-5.29400602768037,3
"58",1.0611414960911,-5.29400602768037,3
"59",1.53224148029695,-5.29400602768037,3
"60",2.0033414645028,-5.29400602768037,3
"61",-6.94755823540838,-2.43686317053751,4
"62",-6.47645825120253,-2.43686317053751,4
"63",-6.00535826699668,-2.43686317053751,4
"64",-5.53425828279082,-2.43686317053751,4
"65",-5.06315829858497,-2.7225774562518,4
"66",-4.59205831437912,-4.00829174196608,4
"67",-4.12095833017327,-4.7225774562518,4
"68",-3.64985834596742,-5.15114888482323,4
"69",-3.17875836176157,-5.29400602768037,4
"70",-2.70765837755572,-5.29400602768037,4
"71",-2.23655839334986,-5.29400602768037,4
"72",-1.76545840914401,-5.29400602768037,4
"73",-1.29435842493816,-5.29400602768037,4
"74",-0.823258440732308,-5.29400602768037,4
"75",-0.352158456526457,-5.29400602768037,4
"76",0.118941527679395,-5.29400602768037,4
"77",0.590041511885246,-5.29400602768037,4
"78",1.0611414960911,-5.29400602768037,4
"79",1.53224148029695,-5.29400602768037,4
"80",2.0033414645028,-5.29400602768037,4
"81",-6.94755823540838,-2.43686317053751,5
"82",-6.47645825120253,-2.43686317053751,5
"83",-6.00535826699668,-2.43686317053751,5
"84",-5.53425828279082,-2.43686317053751,5
"85",-5.06315829858497,-2.43686317053751,5
"86",-4.59205831437912,-4.57972031339465,5
"87",-4.12095833017327,-5.29400602768037,5
"88",-3.64985834596742,-5.29400602768037,5
"89",-3.17875836176157,-5.29400602768037,5
"90",-2.70765837755572,-5.29400602768037,5
"91",-2.23655839334986,-5.29400602768037,5
"92",-1.76545840914401,-5.29400602768037,5
"93",-1.29435842493816,-5.29400602768037,5
"94",-0.823258440732308,-5.29400602768037,5
"95",-0.352158456526457,-5.29400602768037,5
"96",0.118941527679395,-5.29400602768037,5
"97",0.590041511885246,-5.29400602768037,5
"98",1.0611414960911,-5.29400602768037,5
"99",1.53224148029695,-5.29400602768037,5
"100",2.0033414645028,-5.29400602768037,5
"101",-6.94755823540838,-2.43686317053751,6
"102",-6.47645825120253,-2.43686317053751,6
"103",-6.00535826699668,-2.43686317053751,6
"104",-5.53425828279082,-2.43686317053751,6
"105",-5.06315829858497,-2.43686317053751,6
"106",-4.59205831437912,-4.7225774562518,6
"107",-4.12095833017327,-5.29400602768037,6
"108",-3.64985834596742,-5.29400602768037,6
"109",-3.17875836176157,-5.29400602768037,6
"110",-2.70765837755572,-5.29400602768037,6
"111",-2.23655839334986,-5.29400602768037,6
"112",-1.76545840914401,-5.29400602768037,6
"113",-1.29435842493816,-5.29400602768037,6
"114",-0.823258440732308,-5.29400602768037,6
"115",-0.352158456526457,-5.29400602768037,6
"116",0.118941527679395,-5.29400602768037,6
"117",0.590041511885246,-5.29400602768037,6
"118",1.0611414960911,-5.29400602768037,6
"119",1.53224148029695,-5.29400602768037,6
"120",2.0033414645028,-5.29400602768037,6
"121",-6.94755823540838,-2.43686317053751,7
"122",-6.47645825120253,-2.43686317053751,7
"123",-6.00535826699668,-2.43686317053751,7
"124",-5.53425828279082,-2.43686317053751,7
"125",-5.06315829858497,-3.15114888482323,7
"126",-4.59205831437912,-3.57972031339465,7
"127",-4.12095833017327,-4.00829174196608,7
"128",-3.64985834596742,-4.29400602768037,7
"129",-3.17875836176157,-4.43686317053751,7
"130",-2.70765837755572,-4.7225774562518,7
"131",-2.23655839334986,-4.7225774562518,7
"132",-1.76545840914401,-4.86543459910894,7
"133",-1.29435842493816,-5.00829174196608,7
"134",-0.823258440732308,-5.00829174196608,7
"135",-0.352158456526457,-5.00829174196608,7
"136",0.118941527679395,-5.00829174196608,7
"137",0.590041511885246,-5.00829174196608,7
"138",1.0611414960911,-5.00829174196608,7
"139",1.53224148029695,-5.00829174196608,7
"140",2.0033414645028,-5.00829174196608,7
"141",-6.94755823540838,-2.43686317053751,8
"142",-6.47645825120253,-2.43686317053751,8
"143",-6.00535826699668,-2.43686317053751,8
"144",-5.53425828279082,-2.43686317053751,8
"145",-5.06315829858497,-3.15114888482323,8
"146",-4.59205831437912,-3.57972031339465,8
"147",-4.12095833017327,-3.7225774562518,8
"148",-3.64985834596742,-4.00829174196608,8
"149",-3.17875836176157,-4.15114888482323,8
"150",-2.70765837755572,-4.15114888482323,8
"151",-2.23655839334986,-4.29400602768037,8
"152",-1.76545840914401,-4.29400602768037,8
"153",-1.29435842493816,-4.29400602768037,8
"154",-0.823258440732308,-4.43686317053751,8
"155",-0.352158456526457,-4.43686317053751,8
"156",0.118941527679395,-4.43686317053751,8
"157",0.590041511885246,-4.43686317053751,8
"158",1.0611414960911,-4.43686317053751,8
"159",1.53224148029695,-4.43686317053751,8
"160",2.0033414645028,-4.43686317053751,8
"161",-6.94755823540838,-2.43686317053751,9
"162",-6.47645825120253,-2.43686317053751,9
"163",-6.00535826699668,-2.43686317053751,9
"164",-5.53425828279082,-2.43686317053751,9
"165",-5.06315829858497,-3.00829174196608,9
"166",-4.59205831437912,-3.86543459910894,9
"167",-4.12095833017327,-4.29400602768037,9
"168",-3.64985834596742,-4.7225774562518,9
"169",-3.17875836176157,-5.15114888482323,9
"170",-2.70765837755572,-5.29400602768037,9
"171",-2.23655839334986,-5.29400602768037,9
"172",-1.76545840914401,-5.29400602768037,9
"173",-1.29435842493816,-5.29400602768037,9
"174",-0.823258440732308,-5.29400602768037,9
"175",-0.352158456526457,-5.29400602768037,9
"176",0.118941527679395,-5.29400602768037,9
"177",0.590041511885246,-5.29400602768037,9
"178",1.0611414960911,-5.29400602768037,9
"179",1.53224148029695,-5.29400602768037,9
"180",2.0033414645028,-5.29400602768037,9
"181",-6.94755823540838,-2.43686317053751,10
"182",-6.47645825120253,-2.43686317053751,10
"183",-6.00535826699668,-2.43686317053751,10
"184",-5.53425828279082,-2.43686317053751,10
"185",-5.06315829858497,-2.43686317053751,10
"186",-4.59205831437912,-4.29400602768037,10
"187",-4.12095833017327,-4.86543459910894,10
"188",-3.64985834596742,-5.29400602768037,10
"189",-3.17875836176157,-5.29400602768037,10
"190",-2.70765837755572,-5.29400602768037,10
"191",-2.23655839334986,-5.29400602768037,10
"192",-1.76545840914401,-5.29400602768037,10
"193",-1.29435842493816,-5.29400602768037,10
"194",-0.823258440732308,-5.29400602768037,10
"195",-0.352158456526457,-5.29400602768037,10
"196",0.118941527679395,-5.29400602768037,10
"197",0.590041511885246,-5.29400602768037,10
"198",1.0611414960911,-5.29400602768037,10
"199",1.53224148029695,-5.29400602768037,10
"200",2.0033414645028,-5.29400602768037,10
"201",-6.94755823540838,-2.43686317053751,11
"202",-6.47645825120253,-2.43686317053751,11
"203",-6.00535826699668,-2.43686317053751,11
"204",-5.53425828279082,-2.43686317053751,11
"205",-5.06315829858497,-2.43686317053751,11
"206",-4.59205831437912,-5.29400602768037,11
"207",-4.12095833017327,-5.29400602768037,11
"208",-3.64985834596742,-5.29400602768037,11
"209",-3.17875836176157,-5.29400602768037,11
"210",-2.70765837755572,-5.29400602768037,11
"211",-2.23655839334986,-5.29400602768037,11
"212",-1.76545840914401,-5.29400602768037,11
"213",-1.29435842493816,-5.29400602768037,11
"214",-0.823258440732308,-5.29400602768037,11
"215",-0.352158456526457,-5.29400602768037,11
"216",0.118941527679395,-5.29400602768037,11
"217",0.590041511885246,-5.29400602768037,11
"218",1.0611414960911,-5.29400602768037,11
"219",1.53224148029695,-5.29400602768037,11
"220",2.0033414645028,-5.29400602768037,11
"221",-6.94755823540838,-2.43686317053751,12
"222",-6.47645825120253,-2.43686317053751,12
"223",-6.00535826699668,-2.43686317053751,12
"224",-5.53425828279082,-2.43686317053751,12
"225",-5.06315829858497,-2.43686317053751,12
"226",-4.59205831437912,-4.43686317053751,12
"227",-4.12095833017327,-4.57972031339465,12
"228",-3.64985834596742,-4.7225774562518,12
"229",-3.17875836176157,-4.7225774562518,12
"230",-2.70765837755572,-4.7225774562518,12
"231",-2.23655839334986,-4.7225774562518,12
"232",-1.76545840914401,-4.86543459910894,12
"233",-1.29435842493816,-5.29400602768037,12
"234",-0.823258440732308,-5.29400602768037,12
"235",-0.352158456526457,-5.29400602768037,12
"236",0.118941527679395,-5.29400602768037,12
"237",0.590041511885246,-5.29400602768037,12
"238",1.0611414960911,-5.29400602768037,12
"239",1.53224148029695,-5.29400602768037,12
"240",2.0033414645028,-5.29400602768037,12
"241",-6.94755823540838,-2.43686317053751,13
"242",-6.47645825120253,-2.43686317053751,13
"243",-6.00535826699668,-2.43686317053751,13
"244",-5.53425828279082,-2.43686317053751,13
"245",-5.06315829858497,-2.43686317053751,13
"246",-4.59205831437912,-4.00829174196608,13
"247",-4.12095833017327,-4.15114888482323,13
"248",-3.64985834596742,-4.29400602768037,13
"249",-3.17875836176157,-4.29400602768037,13
"250",-2.70765837755572,-4.29400602768037,13
"251",-2.23655839334986,-4.29400602768037,13
"252",-1.76545840914401,-4.29400602768037,13
"253",-1.29435842493816,-4.29400602768037,13
"254",-0.823258440732308,-4.57972031339465,13
"255",-0.352158456526457,-5.00829174196608,13
"256",0.118941527679395,-5.00829174196608,13
"257",0.590041511885246,-5.00829174196608,13
"258",1.0611414960911,-5.00829174196608,13
"259",1.53224148029695,-5.00829174196608,13
"260",2.0033414645028,-5.00829174196608,13
"261",-6.94755823540838,-2.43686317053751,14
"262",-6.47645825120253,-2.43686317053751,14
"263",-6.00535826699668,-2.7225774562518,14
"264",-5.53425828279082,-2.86543459910894,14
"265",-5.06315829858497,-3.00829174196608,14
"266",-4.59205831437912,-3.7225774562518,14
"267",-4.12095833017327,-4.29400602768037,14
"268",-3.64985834596742,-4.86543459910894,14
"269",-3.17875836176157,-5.29400602768037,14
"270",-2.70765837755572,-5.29400602768037,14
"271",-2.23655839334986,-5.29400602768037,14
"272",-1.76545840914401,-5.29400602768037,14
"273",-1.29435842493816,-5.29400602768037,14
"274",-0.823258440732308,-5.29400602768037,14
"275",-0.352158456526457,-5.29400602768037,14
"276",0.118941527679395,-5.29400602768037,14
"277",0.590041511885246,-5.29400602768037,14
"278",1.0611414960911,-5.29400602768037,14
"279",1.53224148029695,-5.29400602768037,14
"280",2.0033414645028,-5.29400602768037,14
"281",-6.94755823540838,-2.43686317053751,15
"282",-6.47645825120253,-2.43686317053751,15
"283",-6.00535826699668,-2.43686317053751,15
"284",-5.53425828279082,-2.43686317053751,15
"285",-5.06315829858497,-3.15114888482323,15
"286",-4.59205831437912,-3.43686317053751,15
"287",-4.12095833017327,-5.29400602768037,15
"288",-3.64985834596742,-5.29400602768037,15
"289",-3.17875836176157,-5.29400602768037,15
"290",-2.70765837755572,-5.29400602768037,15
"291",-2.23655839334986,-5.29400602768037,15
"292",-1.76545840914401,-5.29400602768037,15
"293",-1.29435842493816,-5.29400602768037,15
"294",-0.823258440732308,-5.29400602768037,15
"295",-0.352158456526457,-5.29400602768037,15
"296",0.118941527679395,-5.29400602768037,15
"297",0.590041511885246,-5.29400602768037,15
"298",1.0611414960911,-5.29400602768037,15
"299",1.53224148029695,-5.29400602768037,15
"300",2.0033414645028,-5.29400602768037,15
"301",-6.94755823540838,-2.43686317053751,16
"302",-6.47645825120253,-2.43686317053751,16
"303",-6.00535826699668,-2.43686317053751,16
"304",-5.53425828279082,-2.43686317053751,16
"305",-5.06315829858497,-3.00829174196608,16
"306",-4.59205831437912,-3.7225774562518,16
"307",-4.12095833017327,-4.29400602768037,16
"308",-3.64985834596742,-4.86543459910894,16
"309",-3.17875836176157,-5.29400602768037,16
"310",-2.70765837755572,-5.29400602768037,16
"311",-2.23655839334986,-5.29400602768037,16
"312",-1.76545840914401,-5.29400602768037,16
"313",-1.29435842493816,-5.29400602768037,16
"314",-0.823258440732308,-5.29400602768037,16
"315",-0.352158456526457,-5.29400602768037,16
"316",0.118941527679395,-5.29400602768037,16
"317",0.590041511885246,-5.29400602768037,16
"318",1.0611414960911,-5.29400602768037,16
"319",1.53224148029695,-5.29400602768037,16
"320",2.0033414645028,-5.29400602768037,16
"321",-6.94755823540838,-2.43686317053751,17
"322",-6.47645825120253,-2.43686317053751,17
"323",-6.00535826699668,-2.86543459910894,17
"324",-5.53425828279082,-3.15114888482323,17
"325",-5.06315829858497,-3.15114888482323,17
"326",-4.59205831437912,-3.29400602768037,17
"327",-4.12095833017327,-3.43686317053751,17
"328",-3.64985834596742,-4.15114888482323,17
"329",-3.17875836176157,-4.86543459910894,17
"330",-2.70765837755572,-5.29400602768037,17
"331",-2.23655839334986,-5.29400602768037,17
"332",-1.76545840914401,-5.29400602768037,17
"333",-1.29435842493816,-5.29400602768037,17
"334",-0.823258440732308,-5.29400602768037,17
"335",-0.352158456526457,-5.29400602768037,17
"336",0.118941527679395,-5.29400602768037,17
"337",0.590041511885246,-5.29400602768037,17
"338",1.0611414960911,-5.29400602768037,17
"339",1.53224148029695,-5.29400602768037,17
"340",2.0033414645028,-5.29400602768037,17
"341",-6.94755823540838,-2.43686317053751,18
"342",-6.47645825120253,-2.43686317053751,18
"343",-6.00535826699668,-2.43686317053751,18
"344",-5.53425828279082,-2.43686317053751,18
"345",-5.06315829858497,-2.43686317053751,18
"346",-4.59205831437912,-5.29400602768037,18
"347",-4.12095833017327,-5.29400602768037,18
"348",-3.64985834596742,-5.29400602768037,18
"349",-3.17875836176157,-5.29400602768037,18
"350",-2.70765837755572,-5.29400602768037,18
"351",-2.23655839334986,-5.29400602768037,18
"352",-1.76545840914401,-5.29400602768037,18
"353",-1.29435842493816,-5.29400602768037,18
"354",-0.823258440732308,-5.29400602768037,18
"355",-0.352158456526457,-5.29400602768037,18
"356",0.118941527679395,-5.29400602768037,18
"357",0.590041511885246,-5.29400602768037,18
"358",1.0611414960911,-5.29400602768037,18
"359",1.53224148029695,-5.29400602768037,18
"360",2.0033414645028,-5.29400602768037,18
"361",-6.94755823540838,-2.43686317053751,19
"362",-6.47645825120253,-2.43686317053751,19
"363",-6.00535826699668,-2.43686317053751,19
"364",-5.53425828279082,-2.43686317053751,19
"365",-5.06315829858497,-3.00829174196608,19
"366",-4.59205831437912,-3.43686317053751,19
"367",-4.12095833017327,-3.57972031339465,19
"368",-3.64985834596742,-5.29400602768037,19
"369",-3.17875836176157,-5.29400602768037,19
"370",-2.70765837755572,-5.29400602768037,19
"371",-2.23655839334986,-5.29400602768037,19
"372",-1.76545840914401,-5.29400602768037,19
"373",-1.29435842493816,-5.29400602768037,19
"374",-0.823258440732308,-5.29400602768037,19
"375",-0.352158456526457,-5.29400602768037,19
"376",0.118941527679395,-5.29400602768037,19
"377",0.590041511885246,-5.29400602768037,19
"378",1.0611414960911,-5.29400602768037,19
"379",1.53224148029695,-5.29400602768037,19
"380",2.0033414645028,-5.29400602768037,19
"381",-6.94755823540838,-2.43686317053751,20
"382",-6.47645825120253,-2.43686317053751,20
"383",-6.00535826699668,-2.7225774562518,20
"384",-5.53425828279082,-3.00829174196608,20
"385",-5.06315829858497,-3.15114888482323,20
"386",-4.59205831437912,-3.29400602768037,20
"387",-4.12095833017327,-3.7225774562518,20
"388",-3.64985834596742,-5.00829174196608,20
"389",-3.17875836176157,-5.29400602768037,20
"390",-2.70765837755572,-5.29400602768037,20
"391",-2.23655839334986,-5.29400602768037,20
"392",-1.76545840914401,-5.29400602768037,20
"393",-1.29435842493816,-5.29400602768037,20
"394",-0.823258440732308,-5.29400602768037,20
"395",-0.352158456526457,-5.29400602768037,20
"396",0.118941527679395,-5.29400602768037,20
"397",0.590041511885246,-5.29400602768037,20
"398",1.0611414960911,-5.29400602768037,20
"399",1.53224148029695,-5.29400602768037,20
"400",2.0033414645028,-5.29400602768037,20
"401",-6.94755823540838,-2.43686317053751,21
"402",-6.47645825120253,-2.43686317053751,21
"403",-6.00535826699668,-2.43686317053751,21
"404",-5.53425828279082,-2.43686317053751,21
"405",-5.06315829858497,-3.00829174196608,21
"406",-4.59205831437912,-3.7225774562518,21
"407",-4.12095833017327,-4.43686317053751,21
"408",-3.64985834596742,-5.00829174196608,21
"409",-3.17875836176157,-5.29400602768037,21
"410",-2.70765837755572,-5.29400602768037,21
"411",-2.23655839334986,-5.29400602768037,21
"412",-1.76545840914401,-5.29400602768037,21
"413",-1.29435842493816,-5.29400602768037,21
"414",-0.823258440732308,-5.29400602768037,21
"415",-0.352158456526457,-5.29400602768037,21
"416",0.118941527679395,-5.29400602768037,21
"417",0.590041511885246,-5.29400602768037,21
"418",1.0611414960911,-5.29400602768037,21
"419",1.53224148029695,-5.29400602768037,21
"420",2.0033414645028,-5.29400602768037,21
"421",-6.94755823540838,-2.43686317053751,22
"422",-6.47645825120253,-2.43686317053751,22
"423",-6.00535826699668,-2.43686317053751,22
"424",-5.53425828279082,-2.43686317053751,22
"425",-5.06315829858497,-2.86543459910894,22
"426",-4.59205831437912,-4.00829174196608,22
"427",-4.12095833017327,-4.7225774562518,22
"428",-3.64985834596742,-5.15114888482323,22
"429",-3.17875836176157,-5.29400602768037,22
"430",-2.70765837755572,-5.29400602768037,22
"431",-2.23655839334986,-5.29400602768037,22
"432",-1.76545840914401,-5.29400602768037,22
"433",-1.29435842493816,-5.29400602768037,22
"434",-0.823258440732308,-5.29400602768037,22
"435",-0.352158456526457,-5.29400602768037,22
"436",0.118941527679395,-5.29400602768037,22
"437",0.590041511885246,-5.29400602768037,22
"438",1.0611414960911,-5.29400602768037,22
"439",1.53224148029695,-5.29400602768037,22
"440",2.0033414645028,-5.29400602768037,22
"441",-6.94755823540838,-2.43686317053751,23
"442",-6.47645825120253,-2.43686317053751,23
"443",-6.00535826699668,-2.43686317053751,23
"444",-5.53425828279082,-2.43686317053751,23
"445",-5.06315829858497,-2.86543459910894,23
"446",-4.59205831437912,-4.15114888482323,23
"447",-4.12095833017327,-4.86543459910894,23
"448",-3.64985834596742,-5.29400602768037,23
"449",-3.17875836176157,-5.29400602768037,23
"450",-2.70765837755572,-5.29400602768037,23
"451",-2.23655839334986,-5.29400602768037,23
"452",-1.76545840914401,-5.29400602768037,23
"453",-1.29435842493816,-5.29400602768037,23
"454",-0.823258440732308,-5.29400602768037,23
"455",-0.352158456526457,-5.29400602768037,23
"456",0.118941527679395,-5.29400602768037,23
"457",0.590041511885246,-5.29400602768037,23
"458",1.0611414960911,-5.29400602768037,23
"459",1.53224148029695,-5.29400602768037,23
"460",2.0033414645028,-5.29400602768037,23
"461",-6.94755823540838,-2.43686317053751,24
"462",-6.47645825120253,-2.43686317053751,24
"463",-6.00535826699668,-2.43686317053751,24
"464",-5.53425828279082,-2.43686317053751,24
"465",-5.06315829858497,-2.43686317053751,24
"466",-4.59205831437912,-5.29400602768037,24
"467",-4.12095833017327,-5.29400602768037,24
"468",-3.64985834596742,-5.29400602768037,24
"469",-3.17875836176157,-5.29400602768037,24
"470",-2.70765837755572,-5.29400602768037,24
"471",-2.23655839334986,-5.29400602768037,24
"472",-1.76545840914401,-5.29400602768037,24
"473",-1.29435842493816,-5.29400602768037,24
"474",-0.823258440732308,-5.29400602768037,24
"475",-0.352158456526457,-5.29400602768037,24
"476",0.118941527679395,-5.29400602768037,24
"477",0.590041511885246,-5.29400602768037,24
"478",1.0611414960911,-5.29400602768037,24
"479",1.53224148029695,-5.29400602768037,24
"480",2.0033414645028,-5.29400602768037,24
"481",-6.94755823540838,-2.43686317053751,25
"482",-6.47645825120253,-2.43686317053751,25
"483",-6.00535826699668,-2.43686317053751,25
"484",-5.53425828279082,-2.43686317053751,25
"485",-5.06315829858497,-2.86543459910894,25
"486",-4.59205831437912,-4.00829174196608,25
"487",-4.12095833017327,-4.57972031339465,25
"488",-3.64985834596742,-5.00829174196608,25
"489",-3.17875836176157,-5.29400602768037,25
"490",-2.70765837755572,-5.29400602768037,25
"491",-2.23655839334986,-5.29400602768037,25
"492",-1.76545840914401,-5.29400602768037,25
"493",-1.29435842493816,-5.29400602768037,25
"494",-0.823258440732308,-5.29400602768037,25
"495",-0.352158456526457,-5.29400602768037,25
"496",0.118941527679395,-5.29400602768037,25
"497",0.590041511885246,-5.29400602768037,25
"498",1.0611414960911,-5.29400602768037,25
"499",1.53224148029695,-5.29400602768037,25
"500",2.0033414645028,-5.29400602768037,25
"501",-6.94755823540838,-2.43686317053751,26
"502",-6.47645825120253,-2.43686317053751,26
"503",-6.00535826699668,-2.43686317053751,26
"504",-5.53425828279082,-2.43686317053751,26
"505",-5.06315829858497,-3.00829174196608,26
"506",-4.59205831437912,-3.7225774562518,26
"507",-4.12095833017327,-4.29400602768037,26
"508",-3.64985834596742,-4.57972031339465,26
"509",-3.17875836176157,-4.86543459910894,26
"510",-2.70765837755572,-5.00829174196608,26
"511",-2.23655839334986,-5.29400602768037,26
"512",-1.76545840914401,-5.29400602768037,26
"513",-1.29435842493816,-5.29400602768037,26
"514",-0.823258440732308,-5.29400602768037,26
"515",-0.352158456526457,-5.29400602768037,26
"516",0.118941527679395,-5.29400602768037,26
"517",0.590041511885246,-5.29400602768037,26
"518",1.0611414960911,-5.29400602768037,26
"519",1.53224148029695,-5.29400602768037,26
"520",2.0033414645028,-5.29400602768037,26
"521",-6.94755823540838,-2.43686317053751,27
"522",-6.47645825120253,-2.43686317053751,27
"523",-6.00535826699668,-2.43686317053751,27
"524",-5.53425828279082,-2.43686317053751,27
"525",-5.06315829858497,-3.00829174196608,27
"526",-4.59205831437912,-3.86543459910894,27
"527",-4.12095833017327,-4.43686317053751,27
"528",-3.64985834596742,-4.7225774562518,27
"529",-3.17875836176157,-5.15114888482323,27
"530",-2.70765837755572,-5.29400602768037,27
"531",-2.23655839334986,-5.29400602768037,27
"532",-1.76545840914401,-5.29400602768037,27
"533",-1.29435842493816,-5.29400602768037,27
"534",-0.823258440732308,-5.29400602768037,27
"535",-0.352158456526457,-5.29400602768037,27
"536",0.118941527679395,-5.29400602768037,27
"537",0.590041511885246,-5.29400602768037,27
"538",1.0611414960911,-5.29400602768037,27
"539",1.53224148029695,-5.29400602768037,27
"540",2.0033414645028,-5.29400602768037,27
"541",-6.94755823540838,-2.43686317053751,28
"542",-6.47645825120253,-2.43686317053751,28
"543",-6.00535826699668,-2.43686317053751,28
"544",-5.53425828279082,-2.57972031339465,28
"545",-5.06315829858497,-3.15114888482323,28
"546",-4.59205831437912,-3.43686317053751,28
"547",-4.12095833017327,-3.86543459910894,28
"548",-3.64985834596742,-5.15114888482323,28
"549",-3.17875836176157,-5.29400602768037,28
"550",-2.70765837755572,-5.29400602768037,28
"551",-2.23655839334986,-5.29400602768037,28
"552",-1.76545840914401,-5.29400602768037,28
"553",-1.29435842493816,-5.29400602768037,28
"554",-0.823258440732308,-5.29400602768037,28
"555",-0.352158456526457,-5.29400602768037,28
"556",0.118941527679395,-5.29400602768037,28
"557",0.590041511885246,-5.29400602768037,28
"558",1.0611414960911,-5.29400602768037,28
"559",1.53224148029695,-5.29400602768037,28
"560",2.0033414645028,-5.29400602768037,28
"561",-6.94755823540838,-2.43686317053751,29
"562",-6.47645825120253,-2.43686317053751,29
"563",-6.00535826699668,-2.43686317053751,29
"564",-5.53425828279082,-2.43686317053751,29
"565",-5.06315829858497,-3.15114888482323,29
"566",-4.59205831437912,-3.57972031339465,29
"567",-4.12095833017327,-4.00829174196608,29
"568",-3.64985834596742,-4.29400602768037,29
"569",-3.17875836176157,-4.57972031339465,29
"570",-2.70765837755572,-4.7225774562518,29
"571",-2.23655839334986,-4.86543459910894,29
"572",-1.76545840914401,-5.00829174196608,29
"573",-1.29435842493816,-5.15114888482323,29
"574",-0.823258440732308,-5.15114888482323,29
"575",-0.352158456526457,-5.15114888482323,29
"576",0.118941527679395,-5.29400602768037,29
"577",0.590041511885246,-5.29400602768037,29
"578",1.0611414960911,-5.29400602768037,29
"579",1.53224148029695,-5.29400602768037,29
"580",2.0033414645028,-5.29400602768037,29
"581",-6.94755823540838,-2.43686317053751,30
"582",-6.47645825120253,-2.43686317053751,30
"583",-6.00535826699668,-2.57972031339465,30
"584",-5.53425828279082,-2.7225774562518,30
"585",-5.06315829858497,-2.86543459910894,30
"586",-4.59205831437912,-5.29400602768037,30
"587",-4.12095833017327,-5.29400602768037,30
"588",-3.64985834596742,-5.29400602768037,30
"589",-3.17875836176157,-5.29400602768037,30
"590",-2.70765837755572,-5.29400602768037,30
"591",-2.23655839334986,-5.29400602768037,30
"592",-1.76545840914401,-5.29400602768037,30
"593",-1.29435842493816,-5.29400602768037,30
"594",-0.823258440732308,-5.29400602768037,30
"595",-0.352158456526457,-5.29400602768037,30
"596",0.118941527679395,-5.29400602768037,30
"597",0.590041511885246,-5.29400602768037,30
"598",1.0611414960911,-5.29400602768037,30
"599",1.53224148029695,-5.29400602768037,30
"600",2.0033414645028,-5.29400602768037,30
"601",-6.94755823540838,-2.43686317053751,31
"602",-6.47645825120253,-2.43686317053751,31
"603",-6.00535826699668,-2.43686317053751,31
"604",-5.53425828279082,-2.43686317053751,31
"605",-5.06315829858497,-2.7225774562518,31
"606",-4.59205831437912,-4.15114888482323,31
"607",-4.12095833017327,-4.7225774562518,31
"608",-3.64985834596742,-5.15114888482323,31
"609",-3.17875836176157,-5.29400602768037,31
"610",-2.70765837755572,-5.29400602768037,31
"611",-2.23655839334986,-5.29400602768037,31
"612",-1.76545840914401,-5.29400602768037,31
"613",-1.29435842493816,-5.29400602768037,31
"614",-0.823258440732308,-5.29400602768037,31
"615",-0.352158456526457,-5.29400602768037,31
"616",0.118941527679395,-5.29400602768037,31
"617",0.590041511885246,-5.29400602768037,31
"618",1.0611414960911,-5.29400602768037,31
"619",1.53224148029695,-5.29400602768037,31
"620",2.0033414645028,-5.29400602768037,31
"621",-6.94755823540838,-2.43686317053751,32
"622",-6.47645825120253,-2.43686317053751,32
"623",-6.00535826699668,-2.43686317053751,32
"624",-5.53425828279082,-2.43686317053751,32
"625",-5.06315829858497,-2.86543459910894,32
"626",-4.59205831437912,-4.15114888482323,32
"627",-4.12095833017327,-5.00829174196608,32
"628",-3.64985834596742,-5.29400602768037,32
"629",-3.17875836176157,-5.29400602768037,32
"630",-2.70765837755572,-5.29400602768037,32
"631",-2.23655839334986,-5.29400602768037,32
"632",-1.76545840914401,-5.29400602768037,32
"633",-1.29435842493816,-5.29400602768037,32
"634",-0.823258440732308,-5.29400602768037,32
"635",-0.352158456526457,-5.29400602768037,32
"636",0.118941527679395,-5.29400602768037,32
"637",0.590041511885246,-5.29400602768037,32
"638",1.0611414960911,-5.29400602768037,32
"639",1.53224148029695,-5.29400602768037,32
"640",2.0033414645028,-5.29400602768037,32
"641",-6.94755823540838,-2.43686317053751,33
"642",-6.47645825120253,-2.43686317053751,33
"643",-6.00535826699668,-2.43686317053751,33
"644",-5.53425828279082,-2.43686317053751,33
"645",-5.06315829858497,-2.43686317053751,33
"646",-4.59205831437912,-3.7225774562518,33
"647",-4.12095833017327,-3.86543459910894,33
"648",-3.64985834596742,-4.00829174196608,33
"649",-3.17875836176157,-4.00829174196608,33
"650",-2.70765837755572,-4.00829174196608,33
"651",-2.23655839334986,-4.00829174196608,33
"652",-1.76545840914401,-5.00829174196608,33
"653",-1.29435842493816,-5.29400602768037,33
"654",-0.823258440732308,-5.29400602768037,33
"655",-0.352158456526457,-5.29400602768037,33
"656",0.118941527679395,-5.29400602768037,33
"657",0.590041511885246,-5.29400602768037,33
"658",1.0611414960911,-5.29400602768037,33
"659",1.53224148029695,-5.29400602768037,33
"660",2.0033414645028,-5.29400602768037,33
"661",-6.94755823540838,-2.7225774562518,34
"662",-6.47645825120253,-3.00829174196608,34
"663",-6.00535826699668,-3.00829174196608,34
"664",-5.53425828279082,-3.15114888482323,34
"665",-5.06315829858497,-3.15114888482323,34
"666",-4.59205831437912,-3.29400602768037,34
"667",-4.12095833017327,-3.29400602768037,34
"668",-3.64985834596742,-3.43686317053751,34
"669",-3.17875836176157,-3.86543459910894,34
"670",-2.70765837755572,-4.57972031339465,34
"671",-2.23655839334986,-5.00829174196608,34
"672",-1.76545840914401,-5.29400602768037,34
"673",-1.29435842493816,-5.29400602768037,34
"674",-0.823258440732308,-5.29400602768037,34
"675",-0.352158456526457,-5.29400602768037,34
"676",0.118941527679395,-5.29400602768037,34
"677",0.590041511885246,-5.29400602768037,34
"678",1.0611414960911,-5.29400602768037,34
"679",1.53224148029695,-5.29400602768037,34
"680",2.0033414645028,-5.29400602768037,34
"681",-6.94755823540838,-2.43686317053751,35
"682",-6.47645825120253,-2.43686317053751,35
"683",-6.00535826699668,-2.7225774562518,35
"684",-5.53425828279082,-3.00829174196608,35
"685",-5.06315829858497,-3.15114888482323,35
"686",-4.59205831437912,-3.29400602768037,35
"687",-4.12095833017327,-3.86543459910894,35
"688",-3.64985834596742,-4.57972031339465,35
"689",-3.17875836176157,-5.29400602768037,35
"690",-2.70765837755572,-5.29400602768037,35
"691",-2.23655839334986,-5.29400602768037,35
"692",-1.76545840914401,-5.29400602768037,35
"693",-1.29435842493816,-5.29400602768037,35
"694",-0.823258440732308,-5.29400602768037,35
"695",-0.352158456526457,-5.29400602768037,35
"696",0.118941527679395,-5.29400602768037,35
"697",0.590041511885246,-5.29400602768037,35
"698",1.0611414960911,-5.29400602768037,35
"699",1.53224148029695,-5.29400602768037,35
"700",2.0033414645028,-5.29400602768037,35
"701",-6.94755823540838,-2.43686317053751,36
"702",-6.47645825120253,-2.43686317053751,36
"703",-6.00535826699668,-2.43686317053751,36
"704",-5.53425828279082,-2.43686317053751,36
"705",-5.06315829858497,-2.7225774562518,36
"706",-4.59205831437912,-4.43686317053751,36
"707",-4.12095833017327,-5.29400602768037,36
"708",-3.64985834596742,-5.29400602768037,36
"709",-3.17875836176157,-5.29400602768037,36
"710",-2.70765837755572,-5.29400602768037,36
"711",-2.23655839334986,-5.29400602768037,36
"712",-1.76545840914401,-5.29400602768037,36
"713",-1.29435842493816,-5.29400602768037,36
"714",-0.823258440732308,-5.29400602768037,36
"715",-0.352158456526457,-5.29400602768037,36
"716",0.118941527679395,-5.29400602768037,36
"717",0.590041511885246,-5.29400602768037,36
"718",1.0611414960911,-5.29400602768037,36
"719",1.53224148029695,-5.29400602768037,36
"720",2.0033414645028,-5.29400602768037,36
"721",-6.94755823540838,-2.43686317053751,37
"722",-6.47645825120253,-2.43686317053751,37
"723",-6.00535826699668,-2.43686317053751,37
"724",-5.53425828279082,-2.43686317053751,37
"725",-5.06315829858497,-2.7225774562518,37
"726",-4.59205831437912,-5.00829174196608,37
"727",-4.12095833017327,-5.29400602768037,37
"728",-3.64985834596742,-5.29400602768037,37
"729",-3.17875836176157,-5.29400602768037,37
"730",-2.70765837755572,-5.29400602768037,37
"731",-2.23655839334986,-5.29400602768037,37
"732",-1.76545840914401,-5.29400602768037,37
"733",-1.29435842493816,-5.29400602768037,37
"734",-0.823258440732308,-5.29400602768037,37
"735",-0.352158456526457,-5.29400602768037,37
"736",0.118941527679395,-5.29400602768037,37
"737",0.590041511885246,-5.29400602768037,37
"738",1.0611414960911,-5.29400602768037,37
"739",1.53224148029695,-5.29400602768037,37
"740",2.0033414645028,-5.29400602768037,37
"741",-6.94755823540838,-2.43686317053751,38
"742",-6.47645825120253,-2.43686317053751,38
"743",-6.00535826699668,-2.43686317053751,38
"744",-5.53425828279082,-2.43686317053751,38
"745",-5.06315829858497,-2.86543459910894,38
"746",-4.59205831437912,-4.15114888482323,38
"747",-4.12095833017327,-5.00829174196608,38
"748",-3.64985834596742,-5.29400602768037,38
"749",-3.17875836176157,-5.29400602768037,38
"750",-2.70765837755572,-5.29400602768037,38
"751",-2.23655839334986,-5.29400602768037,38
"752",-1.76545840914401,-5.29400602768037,38
"753",-1.29435842493816,-5.29400602768037,38
"754",-0.823258440732308,-5.29400602768037,38
"755",-0.352158456526457,-5.29400602768037,38
"756",0.118941527679395,-5.29400602768037,38
"757",0.590041511885246,-5.29400602768037,38
"758",1.0611414960911,-5.29400602768037,38
"759",1.53224148029695,-5.29400602768037,38
"760",2.0033414645028,-5.29400602768037,38
"761",-6.94755823540838,-2.43686317053751,39
"762",-6.47645825120253,-2.43686317053751,39
"763",-6.00535826699668,-2.43686317053751,39
"764",-5.53425828279082,-2.43686317053751,39
"765",-5.06315829858497,-3.00829174196608,39
"766",-4.59205831437912,-3.7225774562518,39
"767",-4.12095833017327,-4.15114888482323,39
"768",-3.64985834596742,-4.43686317053751,39
"769",-3.17875836176157,-4.7225774562518,39
"770",-2.70765837755572,-5.00829174196608,39
"771",-2.23655839334986,-5.15114888482323,39
"772",-1.76545840914401,-5.29400602768037,39
"773",-1.29435842493816,-5.29400602768037,39
"774",-0.823258440732308,-5.29400602768037,39
"775",-0.352158456526457,-5.29400602768037,39
"776",0.118941527679395,-5.29400602768037,39
"777",0.590041511885246,-5.29400602768037,39
"778",1.0611414960911,-5.29400602768037,39
"779",1.53224148029695,-5.29400602768037,39
"780",2.0033414645028,-5.29400602768037,39
"781",-6.94755823540838,-2.43686317053751,40
"782",-6.47645825120253,-2.43686317053751,40
"783",-6.00535826699668,-2.43686317053751,40
"784",-5.53425828279082,-2.43686317053751,40
"785",-5.06315829858497,-3.00829174196608,40
"786",-4.59205831437912,-3.7225774562518,40
"787",-4.12095833017327,-4.15114888482323,40
"788",-3.64985834596742,-4.43686317053751,40
"789",-3.17875836176157,-4.57972031339465,40
"790",-2.70765837755572,-4.7225774562518,40
"791",-2.23655839334986,-4.86543459910894,40
"792",-1.76545840914401,-4.86543459910894,40
"793",-1.29435842493816,-4.86543459910894,40
"794",-0.823258440732308,-5.00829174196608,40
"795",-0.352158456526457,-5.29400602768037,40
"796",0.118941527679395,-5.29400602768037,40
"797",0.590041511885246,-5.29400602768037,40
"798",1.0611414960911,-5.29400602768037,40
"799",1.53224148029695,-5.29400602768037,40
"800",2.0033414645028,-5.29400602768037,40
"801",-6.94755823540838,-2.43686317053751,41
"802",-6.47645825120253,-2.43686317053751,41
"803",-6.00535826699668,-2.43686317053751,41
"804",-5.53425828279082,-2.57972031339465,41
"805",-5.06315829858497,-2.86543459910894,41
"806",-4.59205831437912,-5.15114888482323,41
"807",-4.12095833017327,-5.29400602768037,41
"808",-3.64985834596742,-5.29400602768037,41
"809",-3.17875836176157,-5.29400602768037,41
"810",-2.70765837755572,-5.29400602768037,41
"811",-2.23655839334986,-5.29400602768037,41
"812",-1.76545840914401,-5.29400602768037,41
"813",-1.29435842493816,-5.29400602768037,41
"814",-0.823258440732308,-5.29400602768037,41
"815",-0.352158456526457,-5.29400602768037,41
"816",0.118941527679395,-5.29400602768037,41
"817",0.590041511885246,-5.29400602768037,41
"818",1.0611414960911,-5.29400602768037,41
"819",1.53224148029695,-5.29400602768037,41
"820",2.0033414645028,-5.29400602768037,41
"821",-6.94755823540838,-2.43686317053751,42
"822",-6.47645825120253,-2.43686317053751,42
"823",-6.00535826699668,-2.43686317053751,42
"824",-5.53425828279082,-2.43686317053751,42
"825",-5.06315829858497,-3.00829174196608,42
"826",-4.59205831437912,-3.7225774562518,42
"827",-4.12095833017327,-4.15114888482323,42
"828",-3.64985834596742,-4.57972031339465,42
"829",-3.17875836176157,-4.7225774562518,42
"830",-2.70765837755572,-4.86543459910894,42
"831",-2.23655839334986,-5.15114888482323,42
"832",-1.76545840914401,-5.29400602768037,42
"833",-1.29435842493816,-5.29400602768037,42
"834",-0.823258440732308,-5.29400602768037,42
"835",-0.352158456526457,-5.29400602768037,42
"836",0.118941527679395,-5.29400602768037,42
"837",0.590041511885246,-5.29400602768037,42
"838",1.0611414960911,-5.29400602768037,42
"839",1.53224148029695,-5.29400602768037,42
"840",2.0033414645028,-5.29400602768037,42
"841",-6.94755823540838,-2.43686317053751,43
"842",-6.47645825120253,-2.43686317053751,43
"843",-6.00535826699668,-2.43686317053751,43
"844",-5.53425828279082,-2.43686317053751,43
"845",-5.06315829858497,-2.7225774562518,43
"846",-4.59205831437912,-3.57972031339465,43
"847",-4.12095833017327,-3.86543459910894,43
"848",-3.64985834596742,-4.00829174196608,43
"849",-3.17875836176157,-4.15114888482323,43
"850",-2.70765837755572,-4.15114888482323,43
"851",-2.23655839334986,-4.29400602768037,43
"852",-1.76545840914401,-4.43686317053751,43
"853",-1.29435842493816,-4.43686317053751,43
"854",-0.823258440732308,-4.43686317053751,43
"855",-0.352158456526457,-4.57972031339465,43
"856",0.118941527679395,-4.57972031339465,43
"857",0.590041511885246,-4.57972031339465,43
"858",1.0611414960911,-4.57972031339465,43
"859",1.53224148029695,-4.57972031339465,43
"860",2.0033414645028,-4.57972031339465,43
"861",-6.94755823540838,-2.43686317053751,44
"862",-6.47645825120253,-2.43686317053751,44
"863",-6.00535826699668,-2.43686317053751,44
"864",-5.53425828279082,-2.43686317053751,44
"865",-5.06315829858497,-2.86543459910894,44
"866",-4.59205831437912,-3.86543459910894,44
"867",-4.12095833017327,-4.57972031339465,44
"868",-3.64985834596742,-5.15114888482323,44
"869",-3.17875836176157,-5.29400602768037,44
"870",-2.70765837755572,-5.29400602768037,44
"871",-2.23655839334986,-5.29400602768037,44
"872",-1.76545840914401,-5.29400602768037,44
"873",-1.29435842493816,-5.29400602768037,44
"874",-0.823258440732308,-5.29400602768037,44
"875",-0.352158456526457,-5.29400602768037,44
"876",0.118941527679395,-5.29400602768037,44
"877",0.590041511885246,-5.29400602768037,44
"878",1.0611414960911,-5.29400602768037,44
"879",1.53224148029695,-5.29400602768037,44
"880",2.0033414645028,-5.29400602768037,44
"881",-6.94755823540838,-2.43686317053751,45
"882",-6.47645825120253,-2.43686317053751,45
"883",-6.00535826699668,-2.43686317053751,45
"884",-5.53425828279082,-2.43686317053751,45
"885",-5.06315829858497,-3.00829174196608,45
"886",-4.59205831437912,-3.86543459910894,45
"887",-4.12095833017327,-4.43686317053751,45
"888",-3.64985834596742,-4.86543459910894,45
"889",-3.17875836176157,-5.15114888482323,45
"890",-2.70765837755572,-5.29400602768037,45
"891",-2.23655839334986,-5.29400602768037,45
"892",-1.76545840914401,-5.29400602768037,45
"893",-1.29435842493816,-5.29400602768037,45
"894",-0.823258440732308,-5.29400602768037,45
"895",-0.352158456526457,-5.29400602768037,45
"896",0.118941527679395,-5.29400602768037,45
"897",0.590041511885246,-5.29400602768037,45
"898",1.0611414960911,-5.29400602768037,45
"899",1.53224148029695,-5.29400602768037,45
"900",2.0033414645028,-5.29400602768037,45
"901",-6.94755823540838,-2.43686317053751,46
"902",-6.47645825120253,-2.43686317053751,46
"903",-6.00535826699668,-2.43686317053751,46
"904",-5.53425828279082,-2.43686317053751,46
"905",-5.06315829858497,-2.7225774562518,46
"906",-4.59205831437912,-4.00829174196608,46
"907",-4.12095833017327,-4.57972031339465,46
"908",-3.64985834596742,-5.00829174196608,46
"909",-3.17875836176157,-5.29400602768037,46
"910",-2.70765837755572,-5.29400602768037,46
"911",-2.23655839334986,-5.29400602768037,46
"912",-1.76545840914401,-5.29400602768037,46
"913",-1.29435842493816,-5.29400602768037,46
"914",-0.823258440732308,-5.29400602768037,46
"915",-0.352158456526457,-5.29400602768037,46
"916",0.118941527679395,-5.29400602768037,46
"917",0.590041511885246,-5.29400602768037,46
"918",1.0611414960911,-5.29400602768037,46
"919",1.53224148029695,-5.29400602768037,46
"920",2.0033414645028,-5.29400602768037,46
"921",-6.94755823540838,-2.43686317053751,47
"922",-6.47645825120253,-2.43686317053751,47
"923",-6.00535826699668,-2.43686317053751,47
"924",-5.53425828279082,-2.43686317053751,47
"925",-5.06315829858497,-2.7225774562518,47
"926",-4.59205831437912,-4.29400602768037,47
"927",-4.12095833017327,-5.00829174196608,47
"928",-3.64985834596742,-5.29400602768037,47
"929",-3.17875836176157,-5.29400602768037,47
"930",-2.70765837755572,-5.29400602768037,47
"931",-2.23655839334986,-5.29400602768037,47
"932",-1.76545840914401,-5.29400602768037,47
"933",-1.29435842493816,-5.29400602768037,47
"934",-0.823258440732308,-5.29400602768037,47
"935",-0.352158456526457,-5.29400602768037,47
"936",0.118941527679395,-5.29400602768037,47
"937",0.590041511885246,-5.29400602768037,47
"938",1.0611414960911,-5.29400602768037,47
"939",1.53224148029695,-5.29400602768037,47
"940",2.0033414645028,-5.29400602768037,47
"941",-6.94755823540838,-2.43686317053751,48
"942",-6.47645825120253,-2.43686317053751,48
"943",-6.00535826699668,-2.43686317053751,48
"944",-5.53425828279082,-2.43686317053751,48
"945",-5.06315829858497,-3.00829174196608,48
"946",-4.59205831437912,-3.86543459910894,48
"947",-4.12095833017327,-4.29400602768037,48
"948",-3.64985834596742,-4.7225774562518,48
"949",-3.17875836176157,-5.00829174196608,48
"950",-2.70765837755572,-5.15114888482323,48
"951",-2.23655839334986,-5.29400602768037,48
"952",-1.76545840914401,-5.29400602768037,48
"953",-1.29435842493816,-5.29400602768037,48
"954",-0.823258440732308,-5.29400602768037,48
"955",-0.352158456526457,-5.29400602768037,48
"956",0.118941527679395,-5.29400602768037,48
"957",0.590041511885246,-5.29400602768037,48
"958",1.0611414960911,-5.29400602768037,48
"959",1.53224148029695,-5.29400602768037,48
"960",2.0033414645028,-5.29400602768037,48
"961",-6.94755823540838,-2.43686317053751,49
"962",-6.47645825120253,-2.43686317053751,49
"963",-6.00535826699668,-2.43686317053751,49
"964",-5.53425828279082,-2.43686317053751,49
"965",-5.06315829858497,-3.00829174196608,49
"966",-4.59205831437912,-3.7225774562518,49
"967",-4.12095833017327,-4.29400602768037,49
"968",-3.64985834596742,-4.57972031339465,49
"969",-3.17875836176157,-5.00829174196608,49
"970",-2.70765837755572,-5.15114888482323,49
"971",-2.23655839334986,-5.29400602768037,49
"972",-1.76545840914401,-5.29400602768037,49
"973",-1.29435842493816,-5.29400602768037,49
"974",-0.823258440732308,-5.29400602768037,49
"975",-0.352158456526457,-5.29400602768037,49
"976",0.118941527679395,-5.29400602768037,49
"977",0.590041511885246,-5.29400602768037,49
"978",1.0611414960911,-5.29400602768037,49
"979",1.53224148029695,-5.29400602768037,49
"980",2.0033414645028,-5.29400602768037,49
"981",-6.94755823540838,-2.43686317053751,50
"982",-6.47645825120253,-2.43686317053751,50
"983",-6.00535826699668,-2.43686317053751,50
"984",-5.53425828279082,-2.43686317053751,50
"985",-5.06315829858497,-3.00829174196608,50
"986",-4.59205831437912,-3.7225774562518,50
"987",-4.12095833017327,-4.15114888482323,50
"988",-3.64985834596742,-4.57972031339465,50
"989",-3.17875836176157,-4.86543459910894,50
"990",-2.70765837755572,-5.00829174196608,50
"991",-2.23655839334986,-5.15114888482323,50
"992",-1.76545840914401,-5.29400602768037,50
"993",-1.29435842493816,-5.29400602768037,50
"994",-0.823258440732308,-5.29400602768037,50
"995",-0.352158456526457,-5.29400602768037,50
"996",0.118941527679395,-5.29400602768037,50
"997",0.590041511885246,-5.29400602768037,50
"998",1.0611414960911,-5.29400602768037,50
"999",1.53224148029695,-5.29400602768037,50
"1000",2.0033414645028,-5.29400602768037,50
"1001",-6.94755823540838,-2.43686317053751,51
"1002",-6.47645825120253,-2.43686317053751,51
"1003",-6.00535826699668,-2.43686317053751,51
"1004",-5.53425828279082,-2.43686317053751,51
"1005",-5.06315829858497,-3.00829174196608,51
"1006",-4.59205831437912,-3.7225774562518,51
"1007",-4.12095833017327,-4.15114888482323,51
"1008",-3.64985834596742,-4.43686317053751,51
"1009",-3.17875836176157,-4.7225774562518,51
"1010",-2.70765837755572,-5.00829174196608,51
"1011",-2.23655839334986,-5.15114888482323,51
"1012",-1.76545840914401,-5.29400602768037,51
"1013",-1.29435842493816,-5.29400602768037,51
"1014",-0.823258440732308,-5.29400602768037,51
"1015",-0.352158456526457,-5.29400602768037,51
"1016",0.118941527679395,-5.29400602768037,51
"1017",0.590041511885246,-5.29400602768037,51
"1018",1.0611414960911,-5.29400602768037,51
"1019",1.53224148029695,-5.29400602768037,51
"1020",2.0033414645028,-5.29400602768037,51
"1021",-6.94755823540838,-2.43686317053751,52
"1022",-6.47645825120253,-2.43686317053751,52
"1023",-6.00535826699668,-2.43686317053751,52
"1024",-5.53425828279082,-2.57972031339465,52
"1025",-5.06315829858497,-3.15114888482323,52
"1026",-4.59205831437912,-3.43686317053751,52
"1027",-4.12095833017327,-3.57972031339465,52
"1028",-3.64985834596742,-3.7225774562518,52
"1029",-3.17875836176157,-3.86543459910894,52
"1030",-2.70765837755572,-3.86543459910894,52
"1031",-2.23655839334986,-4.00829174196608,52
"1032",-1.76545840914401,-4.00829174196608,52
"1033",-1.29435842493816,-4.29400602768037,52
"1034",-0.823258440732308,-5.15114888482323,52
"1035",-0.352158456526457,-5.29400602768037,52
"1036",0.118941527679395,-5.29400602768037,52
"1037",0.590041511885246,-5.29400602768037,52
"1038",1.0611414960911,-5.29400602768037,52
"1039",1.53224148029695,-5.29400602768037,52
"1040",2.0033414645028,-5.29400602768037,52
"1041",-6.94755823540838,-2.43686317053751,53
"1042",-6.47645825120253,-2.43686317053751,53
"1043",-6.00535826699668,-2.43686317053751,53
"1044",-5.53425828279082,-2.43686317053751,53
"1045",-5.06315829858497,-2.57972031339465,53
"1046",-4.59205831437912,-4.15114888482323,53
"1047",-4.12095833017327,-4.86543459910894,53
"1048",-3.64985834596742,-5.15114888482323,53
"1049",-3.17875836176157,-5.29400602768037,53
"1050",-2.70765837755572,-5.29400602768037,53
"1051",-2.23655839334986,-5.29400602768037,53
"1052",-1.76545840914401,-5.29400602768037,53
"1053",-1.29435842493816,-5.29400602768037,53
"1054",-0.823258440732308,-5.29400602768037,53
"1055",-0.352158456526457,-5.29400602768037,53
"1056",0.118941527679395,-5.29400602768037,53
"1057",0.590041511885246,-5.29400602768037,53
"1058",1.0611414960911,-5.29400602768037,53
"1059",1.53224148029695,-5.29400602768037,53
"1060",2.0033414645028,-5.29400602768037,53
"1061",-6.94755823540838,-2.43686317053751,54
"1062",-6.47645825120253,-2.43686317053751,54
"1063",-6.00535826699668,-2.43686317053751,54
"1064",-5.53425828279082,-2.43686317053751,54
"1065",-5.06315829858497,-3.00829174196608,54
"1066",-4.59205831437912,-3.86543459910894,54
"1067",-4.12095833017327,-4.43686317053751,54
"1068",-3.64985834596742,-5.00829174196608,54
"1069",-3.17875836176157,-5.29400602768037,54
"1070",-2.70765837755572,-5.29400602768037,54
"1071",-2.23655839334986,-5.29400602768037,54
"1072",-1.76545840914401,-5.29400602768037,54
"1073",-1.29435842493816,-5.29400602768037,54
"1074",-0.823258440732308,-5.29400602768037,54
"1075",-0.352158456526457,-5.29400602768037,54
"1076",0.118941527679395,-5.29400602768037,54
"1077",0.590041511885246,-5.29400602768037,54
"1078",1.0611414960911,-5.29400602768037,54
"1079",1.53224148029695,-5.29400602768037,54
"1080",2.0033414645028,-5.29400602768037,54
"1081",-6.94755823540838,-2.43686317053751,55
"1082",-6.47645825120253,-2.43686317053751,55
"1083",-6.00535826699668,-2.43686317053751,55
"1084",-5.53425828279082,-2.43686317053751,55
"1085",-5.06315829858497,-2.43686317053751,55
"1086",-4.59205831437912,-4.43686317053751,55
"1087",-4.12095833017327,-4.7225774562518,55
"1088",-3.64985834596742,-4.86543459910894,55
"1089",-3.17875836176157,-4.86543459910894,55
"1090",-2.70765837755572,-4.86543459910894,55
"1091",-2.23655839334986,-5.00829174196608,55
"1092",-1.76545840914401,-5.29400602768037,55
"1093",-1.29435842493816,-5.29400602768037,55
"1094",-0.823258440732308,-5.29400602768037,55
"1095",-0.352158456526457,-5.29400602768037,55
"1096",0.118941527679395,-5.29400602768037,55
"1097",0.590041511885246,-5.29400602768037,55
"1098",1.0611414960911,-5.29400602768037,55
"1099",1.53224148029695,-5.29400602768037,55
"1100",2.0033414645028,-5.29400602768037,55
"1101",-6.94755823540838,-2.43686317053751,56
"1102",-6.47645825120253,-2.43686317053751,56
"1103",-6.00535826699668,-2.43686317053751,56
"1104",-5.53425828279082,-2.43686317053751,56
"1105",-5.06315829858497,-2.43686317053751,56
"1106",-4.59205831437912,-4.57972031339465,56
"1107",-4.12095833017327,-5.29400602768037,56
"1108",-3.64985834596742,-5.29400602768037,56
"1109",-3.17875836176157,-5.29400602768037,56
"1110",-2.70765837755572,-5.29400602768037,56
"1111",-2.23655839334986,-5.29400602768037,56
"1112",-1.76545840914401,-5.29400602768037,56
"1113",-1.29435842493816,-5.29400602768037,56
"1114",-0.823258440732308,-5.29400602768037,56
"1115",-0.352158456526457,-5.29400602768037,56
"1116",0.118941527679395,-5.29400602768037,56
"1117",0.590041511885246,-5.29400602768037,56
"1118",1.0611414960911,-5.29400602768037,56
"1119",1.53224148029695,-5.29400602768037,56
"1120",2.0033414645028,-5.29400602768037,56
"1121",-6.94755823540838,-2.43686317053751,57
"1122",-6.47645825120253,-2.43686317053751,57
"1123",-6.00535826699668,-2.43686317053751,57
"1124",-5.53425828279082,-2.7225774562518,57
"1125",-5.06315829858497,-3.15114888482323,57
"1126",-4.59205831437912,-3.43686317053751,57
"1127",-4.12095833017327,-4.57972031339465,57
"1128",-3.64985834596742,-5.29400602768037,57
"1129",-3.17875836176157,-5.29400602768037,57
"1130",-2.70765837755572,-5.29400602768037,57
"1131",-2.23655839334986,-5.29400602768037,57
"1132",-1.76545840914401,-5.29400602768037,57
"1133",-1.29435842493816,-5.29400602768037,57
"1134",-0.823258440732308,-5.29400602768037,57
"1135",-0.352158456526457,-5.29400602768037,57
"1136",0.118941527679395,-5.29400602768037,57
"1137",0.590041511885246,-5.29400602768037,57
"1138",1.0611414960911,-5.29400602768037,57
"1139",1.53224148029695,-5.29400602768037,57
"1140",2.0033414645028,-5.29400602768037,57
"1141",-6.94755823540838,-2.43686317053751,58
"1142",-6.47645825120253,-2.43686317053751,58
"1143",-6.00535826699668,-2.43686317053751,58
"1144",-5.53425828279082,-2.43686317053751,58
"1145",-5.06315829858497,-3.00829174196608,58
"1146",-4.59205831437912,-5.15114888482323,58
"1147",-4.12095833017327,-5.29400602768037,58
"1148",-3.64985834596742,-5.29400602768037,58
"1149",-3.17875836176157,-5.29400602768037,58
"1150",-2.70765837755572,-5.29400602768037,58
"1151",-2.23655839334986,-5.29400602768037,58
"1152",-1.76545840914401,-5.29400602768037,58
"1153",-1.29435842493816,-5.29400602768037,58
"1154",-0.823258440732308,-5.29400602768037,58
"1155",-0.352158456526457,-5.29400602768037,58
"1156",0.118941527679395,-5.29400602768037,58
"1157",0.590041511885246,-5.29400602768037,58
"1158",1.0611414960911,-5.29400602768037,58
"1159",1.53224148029695,-5.29400602768037,58
"1160",2.0033414645028,-5.29400602768037,58
"1161",-6.94755823540838,-2.43686317053751,59
"1162",-6.47645825120253,-2.43686317053751,59
"1163",-6.00535826699668,-2.43686317053751,59
"1164",-5.53425828279082,-2.7225774562518,59
"1165",-5.06315829858497,-3.15114888482323,59
"1166",-4.59205831437912,-3.43686317053751,59
"1167",-4.12095833017327,-3.7225774562518,59
"1168",-3.64985834596742,-3.86543459910894,59
"1169",-3.17875836176157,-4.00829174196608,59
"1170",-2.70765837755572,-4.29400602768037,59
"1171",-2.23655839334986,-4.43686317053751,59
"1172",-1.76545840914401,-4.7225774562518,59
"1173",-1.29435842493816,-4.7225774562518,59
"1174",-0.823258440732308,-4.7225774562518,59
"1175",-0.352158456526457,-5.00829174196608,59
"1176",0.118941527679395,-5.29400602768037,59
"1177",0.590041511885246,-5.29400602768037,59
"1178",1.0611414960911,-5.29400602768037,59
"1179",1.53224148029695,-5.29400602768037,59
"1180",2.0033414645028,-5.29400602768037,59
"1181",-6.94755823540838,-2.43686317053751,60
"1182",-6.47645825120253,-2.43686317053751,60
"1183",-6.00535826699668,-2.43686317053751,60
"1184",-5.53425828279082,-2.7225774562518,60
"1185",-5.06315829858497,-3.15114888482323,60
"1186",-4.59205831437912,-3.43686317053751,60
"1187",-4.12095833017327,-3.7225774562518,60
"1188",-3.64985834596742,-5.29400602768037,60
"1189",-3.17875836176157,-5.29400602768037,60
"1190",-2.70765837755572,-5.29400602768037,60
"1191",-2.23655839334986,-5.29400602768037,60
"1192",-1.76545840914401,-5.29400602768037,60
"1193",-1.29435842493816,-5.29400602768037,60
"1194",-0.823258440732308,-5.29400602768037,60
"1195",-0.352158456526457,-5.29400602768037,60
"1196",0.118941527679395,-5.29400602768037,60
"1197",0.590041511885246,-5.29400602768037,60
"1198",1.0611414960911,-5.29400602768037,60
"1199",1.53224148029695,-5.29400602768037,60
"1200",2.0033414645028,-5.29400602768037,60
"1201",-6.94755823540838,-2.43686317053751,61
"1202",-6.47645825120253,-2.43686317053751,61
"1203",-6.00535826699668,-2.43686317053751,61
"1204",-5.53425828279082,-2.86543459910894,61
"1205",-5.06315829858497,-3.15114888482323,61
"1206",-4.59205831437912,-4.15114888482323,61
"1207",-4.12095833017327,-5.00829174196608,61
"1208",-3.64985834596742,-5.00829174196608,61
"1209",-3.17875836176157,-5.00829174196608,61
"1210",-2.70765837755572,-5.15114888482323,61
"1211",-2.23655839334986,-5.29400602768037,61
"1212",-1.76545840914401,-5.29400602768037,61
"1213",-1.29435842493816,-5.29400602768037,61
"1214",-0.823258440732308,-5.29400602768037,61
"1215",-0.352158456526457,-5.29400602768037,61
"1216",0.118941527679395,-5.29400602768037,61
"1217",0.590041511885246,-5.29400602768037,61
"1218",1.0611414960911,-5.29400602768037,61
"1219",1.53224148029695,-5.29400602768037,61
"1220",2.0033414645028,-5.29400602768037,61
"1221",-6.94755823540838,-2.43686317053751,62
"1222",-6.47645825120253,-2.43686317053751,62
"1223",-6.00535826699668,-2.43686317053751,62
"1224",-5.53425828279082,-2.43686317053751,62
"1225",-5.06315829858497,-3.00829174196608,62
"1226",-4.59205831437912,-3.7225774562518,62
"1227",-4.12095833017327,-4.29400602768037,62
"1228",-3.64985834596742,-4.7225774562518,62
"1229",-3.17875836176157,-5.15114888482323,62
"1230",-2.70765837755572,-5.29400602768037,62
"1231",-2.23655839334986,-5.29400602768037,62
"1232",-1.76545840914401,-5.29400602768037,62
"1233",-1.29435842493816,-5.29400602768037,62
"1234",-0.823258440732308,-5.29400602768037,62
"1235",-0.352158456526457,-5.29400602768037,62
"1236",0.118941527679395,-5.29400602768037,62
"1237",0.590041511885246,-5.29400602768037,62
"1238",1.0611414960911,-5.29400602768037,62
"1239",1.53224148029695,-5.29400602768037,62
"1240",2.0033414645028,-5.29400602768037,62
"1241",-6.94755823540838,-2.43686317053751,63
"1242",-6.47645825120253,-2.43686317053751,63
"1243",-6.00535826699668,-2.43686317053751,63
"1244",-5.53425828279082,-2.43686317053751,63
"1245",-5.06315829858497,-2.43686317053751,63
"1246",-4.59205831437912,-5.29400602768037,63
"1247",-4.12095833017327,-5.29400602768037,63
"1248",-3.64985834596742,-5.29400602768037,63
"1249",-3.17875836176157,-5.29400602768037,63
"1250",-2.70765837755572,-5.29400602768037,63
"1251",-2.23655839334986,-5.29400602768037,63
"1252",-1.76545840914401,-5.29400602768037,63
"1253",-1.29435842493816,-5.29400602768037,63
"1254",-0.823258440732308,-5.29400602768037,63
"1255",-0.352158456526457,-5.29400602768037,63
"1256",0.118941527679395,-5.29400602768037,63
"1257",0.590041511885246,-5.29400602768037,63
"1258",1.0611414960911,-5.29400602768037,63
"1259",1.53224148029695,-5.29400602768037,63
"1260",2.0033414645028,-5.29400602768037,63
"1261",-6.94755823540838,-2.43686317053751,64
"1262",-6.47645825120253,-2.43686317053751,64
"1263",-6.00535826699668,-2.43686317053751,64
"1264",-5.53425828279082,-2.43686317053751,64
"1265",-5.06315829858497,-3.00829174196608,64
"1266",-4.59205831437912,-3.7225774562518,64
"1267",-4.12095833017327,-4.15114888482323,64
"1268",-3.64985834596742,-4.43686317053751,64
"1269",-3.17875836176157,-4.57972031339465,64
"1270",-2.70765837755572,-4.7225774562518,64
"1271",-2.23655839334986,-4.86543459910894,64
"1272",-1.76545840914401,-5.00829174196608,64
"1273",-1.29435842493816,-5.00829174196608,64
"1274",-0.823258440732308,-5.00829174196608,64
"1275",-0.352158456526457,-5.00829174196608,64
"1276",0.118941527679395,-5.00829174196608,64
"1277",0.590041511885246,-5.00829174196608,64
"1278",1.0611414960911,-5.00829174196608,64
"1279",1.53224148029695,-5.00829174196608,64
"1280",2.0033414645028,-5.00829174196608,64
"1281",-6.94755823540838,-2.43686317053751,65
"1282",-6.47645825120253,-2.43686317053751,65
"1283",-6.00535826699668,-2.43686317053751,65
"1284",-5.53425828279082,-2.43686317053751,65
"1285",-5.06315829858497,-2.57972031339465,65
"1286",-4.59205831437912,-5.00829174196608,65
"1287",-4.12095833017327,-5.29400602768037,65
"1288",-3.64985834596742,-5.29400602768037,65
"1289",-3.17875836176157,-5.29400602768037,65
"1290",-2.70765837755572,-5.29400602768037,65
"1291",-2.23655839334986,-5.29400602768037,65
"1292",-1.76545840914401,-5.29400602768037,65
"1293",-1.29435842493816,-5.29400602768037,65
"1294",-0.823258440732308,-5.29400602768037,65
"1295",-0.352158456526457,-5.29400602768037,65
"1296",0.118941527679395,-5.29400602768037,65
"1297",0.590041511885246,-5.29400602768037,65
"1298",1.0611414960911,-5.29400602768037,65
"1299",1.53224148029695,-5.29400602768037,65
"1300",2.0033414645028,-5.29400602768037,65
"1301",-6.94755823540838,-2.43686317053751,66
"1302",-6.47645825120253,-2.57972031339465,66
"1303",-6.00535826699668,-2.86543459910894,66
"1304",-5.53425828279082,-3.00829174196608,66
"1305",-5.06315829858497,-3.15114888482323,66
"1306",-4.59205831437912,-3.29400602768037,66
"1307",-4.12095833017327,-3.57972031339465,66
"1308",-3.64985834596742,-4.29400602768037,66
"1309",-3.17875836176157,-4.86543459910894,66
"1310",-2.70765837755572,-5.29400602768037,66
"1311",-2.23655839334986,-5.29400602768037,66
"1312",-1.76545840914401,-5.29400602768037,66
"1313",-1.29435842493816,-5.29400602768037,66
"1314",-0.823258440732308,-5.29400602768037,66
"1315",-0.352158456526457,-5.29400602768037,66
"1316",0.118941527679395,-5.29400602768037,66
"1317",0.590041511885246,-5.29400602768037,66
"1318",1.0611414960911,-5.29400602768037,66
"1319",1.53224148029695,-5.29400602768037,66
"1320",2.0033414645028,-5.29400602768037,66
"1321",-6.94755823540838,-2.43686317053751,67
"1322",-6.47645825120253,-2.43686317053751,67
"1323",-6.00535826699668,-2.43686317053751,67
"1324",-5.53425828279082,-2.43686317053751,67
"1325",-5.06315829858497,-2.86543459910894,67
"1326",-4.59205831437912,-4.15114888482323,67
"1327",-4.12095833017327,-5.15114888482323,67
"1328",-3.64985834596742,-5.29400602768037,67
"1329",-3.17875836176157,-5.29400602768037,67
"1330",-2.70765837755572,-5.29400602768037,67
"1331",-2.23655839334986,-5.29400602768037,67
"1332",-1.76545840914401,-5.29400602768037,67
"1333",-1.29435842493816,-5.29400602768037,67
"1334",-0.823258440732308,-5.29400602768037,67
"1335",-0.352158456526457,-5.29400602768037,67
"1336",0.118941527679395,-5.29400602768037,67
"1337",0.590041511885246,-5.29400602768037,67
"1338",1.0611414960911,-5.29400602768037,67
"1339",1.53224148029695,-5.29400602768037,67
"1340",2.0033414645028,-5.29400602768037,67
"1341",-6.94755823540838,-2.43686317053751,68
"1342",-6.47645825120253,-2.43686317053751,68
"1343",-6.00535826699668,-2.43686317053751,68
"1344",-5.53425828279082,-2.43686317053751,68
"1345",-5.06315829858497,-3.00829174196608,68
"1346",-4.59205831437912,-3.7225774562518,68
"1347",-4.12095833017327,-4.29400602768037,68
"1348",-3.64985834596742,-4.57972031339465,68
"1349",-3.17875836176157,-5.29400602768037,68
"1350",-2.70765837755572,-5.29400602768037,68
"1351",-2.23655839334986,-5.29400602768037,68
"1352",-1.76545840914401,-5.29400602768037,68
"1353",-1.29435842493816,-5.29400602768037,68
"1354",-0.823258440732308,-5.29400602768037,68
"1355",-0.352158456526457,-5.29400602768037,68
"1356",0.118941527679395,-5.29400602768037,68
"1357",0.590041511885246,-5.29400602768037,68
"1358",1.0611414960911,-5.29400602768037,68
"1359",1.53224148029695,-5.29400602768037,68
"1360",2.0033414645028,-5.29400602768037,68
"1361",-6.94755823540838,-2.43686317053751,69
"1362",-6.47645825120253,-2.43686317053751,69
"1363",-6.00535826699668,-2.43686317053751,69
"1364",-5.53425828279082,-2.43686317053751,69
"1365",-5.06315829858497,-3.00829174196608,69
"1366",-4.59205831437912,-3.7225774562518,69
"1367",-4.12095833017327,-4.15114888482323,69
"1368",-3.64985834596742,-4.29400602768037,69
"1369",-3.17875836176157,-4.57972031339465,69
"1370",-2.70765837755572,-4.57972031339465,69
"1371",-2.23655839334986,-4.7225774562518,69
"1372",-1.76545840914401,-4.7225774562518,69
"1373",-1.29435842493816,-4.86543459910894,69
"1374",-0.823258440732308,-4.86543459910894,69
"1375",-0.352158456526457,-4.86543459910894,69
"1376",0.118941527679395,-4.86543459910894,69
"1377",0.590041511885246,-4.86543459910894,69
"1378",1.0611414960911,-4.86543459910894,69
"1379",1.53224148029695,-4.86543459910894,69
"1380",2.0033414645028,-4.86543459910894,69
"1381",-6.94755823540838,-2.43686317053751,70
"1382",-6.47645825120253,-2.43686317053751,70
"1383",-6.00535826699668,-2.43686317053751,70
"1384",-5.53425828279082,-2.43686317053751,70
"1385",-5.06315829858497,-3.00829174196608,70
"1386",-4.59205831437912,-3.7225774562518,70
"1387",-4.12095833017327,-4.15114888482323,70
"1388",-3.64985834596742,-4.43686317053751,70
"1389",-3.17875836176157,-4.57972031339465,70
"1390",-2.70765837755572,-4.86543459910894,70
"1391",-2.23655839334986,-5.00829174196608,70
"1392",-1.76545840914401,-5.00829174196608,70
"1393",-1.29435842493816,-5.15114888482323,70
"1394",-0.823258440732308,-5.15114888482323,70
"1395",-0.352158456526457,-5.15114888482323,70
"1396",0.118941527679395,-5.15114888482323,70
"1397",0.590041511885246,-5.15114888482323,70
"1398",1.0611414960911,-5.15114888482323,70
"1399",1.53224148029695,-5.15114888482323,70
"1400",2.0033414645028,-5.15114888482323,70
"1401",-6.94755823540838,-2.43686317053751,71
"1402",-6.47645825120253,-2.43686317053751,71
"1403",-6.00535826699668,-2.43686317053751,71
"1404",-5.53425828279082,-2.43686317053751,71
"1405",-5.06315829858497,-2.7225774562518,71
"1406",-4.59205831437912,-4.00829174196608,71
"1407",-4.12095833017327,-4.57972031339465,71
"1408",-3.64985834596742,-5.00829174196608,71
"1409",-3.17875836176157,-5.15114888482323,71
"1410",-2.70765837755572,-5.29400602768037,71
"1411",-2.23655839334986,-5.29400602768037,71
"1412",-1.76545840914401,-5.29400602768037,71
"1413",-1.29435842493816,-5.29400602768037,71
"1414",-0.823258440732308,-5.29400602768037,71
"1415",-0.352158456526457,-5.29400602768037,71
"1416",0.118941527679395,-5.29400602768037,71
"1417",0.590041511885246,-5.29400602768037,71
"1418",1.0611414960911,-5.29400602768037,71
"1419",1.53224148029695,-5.29400602768037,71
"1420",2.0033414645028,-5.29400602768037,71
"1421",-6.94755823540838,-2.43686317053751,72
"1422",-6.47645825120253,-2.43686317053751,72
"1423",-6.00535826699668,-2.43686317053751,72
"1424",-5.53425828279082,-2.43686317053751,72
"1425",-5.06315829858497,-2.43686317053751,72
"1426",-4.59205831437912,-5.29400602768037,72
"1427",-4.12095833017327,-5.29400602768037,72
"1428",-3.64985834596742,-5.29400602768037,72
"1429",-3.17875836176157,-5.29400602768037,72
"1430",-2.70765837755572,-5.29400602768037,72
"1431",-2.23655839334986,-5.29400602768037,72
"1432",-1.76545840914401,-5.29400602768037,72
"1433",-1.29435842493816,-5.29400602768037,72
"1434",-0.823258440732308,-5.29400602768037,72
"1435",-0.352158456526457,-5.29400602768037,72
"1436",0.118941527679395,-5.29400602768037,72
"1437",0.590041511885246,-5.29400602768037,72
"1438",1.0611414960911,-5.29400602768037,72
"1439",1.53224148029695,-5.29400602768037,72
"1440",2.0033414645028,-5.29400602768037,72
"1441",-6.94755823540838,-2.43686317053751,73
"1442",-6.47645825120253,-2.43686317053751,73
"1443",-6.00535826699668,-2.43686317053751,73
"1444",-5.53425828279082,-2.43686317053751,73
"1445",-5.06315829858497,-2.43686317053751,73
"1446",-4.59205831437912,-5.29400602768037,73
"1447",-4.12095833017327,-5.29400602768037,73
"1448",-3.64985834596742,-5.29400602768037,73
"1449",-3.17875836176157,-5.29400602768037,73
"1450",-2.70765837755572,-5.29400602768037,73
"1451",-2.23655839334986,-5.29400602768037,73
"1452",-1.76545840914401,-5.29400602768037,73
"1453",-1.29435842493816,-5.29400602768037,73
"1454",-0.823258440732308,-5.29400602768037,73
"1455",-0.352158456526457,-5.29400602768037,73
"1456",0.118941527679395,-5.29400602768037,73
"1457",0.590041511885246,-5.29400602768037,73
"1458",1.0611414960911,-5.29400602768037,73
"1459",1.53224148029695,-5.29400602768037,73
"1460",2.0033414645028,-5.29400602768037,73
"1461",-6.94755823540838,-2.43686317053751,74
"1462",-6.47645825120253,-2.43686317053751,74
"1463",-6.00535826699668,-2.43686317053751,74
"1464",-5.53425828279082,-2.43686317053751,74
"1465",-5.06315829858497,-3.15114888482323,74
"1466",-4.59205831437912,-3.57972031339465,74
"1467",-4.12095833017327,-4.00829174196608,74
"1468",-3.64985834596742,-4.43686317053751,74
"1469",-3.17875836176157,-4.7225774562518,74
"1470",-2.70765837755572,-5.15114888482323,74
"1471",-2.23655839334986,-5.29400602768037,74
"1472",-1.76545840914401,-5.29400602768037,74
"1473",-1.29435842493816,-5.29400602768037,74
"1474",-0.823258440732308,-5.29400602768037,74
"1475",-0.352158456526457,-5.29400602768037,74
"1476",0.118941527679395,-5.29400602768037,74
"1477",0.590041511885246,-5.29400602768037,74
"1478",1.0611414960911,-5.29400602768037,74
"1479",1.53224148029695,-5.29400602768037,74
"1480",2.0033414645028,-5.29400602768037,74
"1481",-6.94755823540838,-2.43686317053751,75
"1482",-6.47645825120253,-2.43686317053751,75
"1483",-6.00535826699668,-2.43686317053751,75
"1484",-5.53425828279082,-2.43686317053751,75
"1485",-5.06315829858497,-2.57972031339465,75
"1486",-4.59205831437912,-4.43686317053751,75
"1487",-4.12095833017327,-5.29400602768037,75
"1488",-3.64985834596742,-5.29400602768037,75
"1489",-3.17875836176157,-5.29400602768037,75
"1490",-2.70765837755572,-5.29400602768037,75
"1491",-2.23655839334986,-5.29400602768037,75
"1492",-1.76545840914401,-5.29400602768037,75
"1493",-1.29435842493816,-5.29400602768037,75
"1494",-0.823258440732308,-5.29400602768037,75
"1495",-0.352158456526457,-5.29400602768037,75
"1496",0.118941527679395,-5.29400602768037,75
"1497",0.590041511885246,-5.29400602768037,75
"1498",1.0611414960911,-5.29400602768037,75
"1499",1.53224148029695,-5.29400602768037,75
"1500",2.0033414645028,-5.29400602768037,75
"1501",-6.94755823540838,-2.43686317053751,76
"1502",-6.47645825120253,-2.43686317053751,76
"1503",-6.00535826699668,-2.43686317053751,76
"1504",-5.53425828279082,-2.43686317053751,76
"1505",-5.06315829858497,-2.7225774562518,76
"1506",-4.59205831437912,-4.15114888482323,76
"1507",-4.12095833017327,-5.00829174196608,76
"1508",-3.64985834596742,-5.29400602768037,76
"1509",-3.17875836176157,-5.29400602768037,76
"1510",-2.70765837755572,-5.29400602768037,76
"1511",-2.23655839334986,-5.29400602768037,76
"1512",-1.76545840914401,-5.29400602768037,76
"1513",-1.29435842493816,-5.29400602768037,76
"1514",-0.823258440732308,-5.29400602768037,76
"1515",-0.352158456526457,-5.29400602768037,76
"1516",0.118941527679395,-5.29400602768037,76
"1517",0.590041511885246,-5.29400602768037,76
"1518",1.0611414960911,-5.29400602768037,76
"1519",1.53224148029695,-5.29400602768037,76
"1520",2.0033414645028,-5.29400602768037,76
"1521",-6.94755823540838,-2.43686317053751,77
"1522",-6.47645825120253,-2.43686317053751,77
"1523",-6.00535826699668,-2.43686317053751,77
"1524",-5.53425828279082,-2.43686317053751,77
"1525",-5.06315829858497,-3.00829174196608,77
"1526",-4.59205831437912,-3.86543459910894,77
"1527",-4.12095833017327,-4.43686317053751,77
"1528",-3.64985834596742,-4.86543459910894,77
"1529",-3.17875836176157,-5.15114888482323,77
"1530",-2.70765837755572,-5.29400602768037,77
"1531",-2.23655839334986,-5.29400602768037,77
"1532",-1.76545840914401,-5.29400602768037,77
"1533",-1.29435842493816,-5.29400602768037,77
"1534",-0.823258440732308,-5.29400602768037,77
"1535",-0.352158456526457,-5.29400602768037,77
"1536",0.118941527679395,-5.29400602768037,77
"1537",0.590041511885246,-5.29400602768037,77
"1538",1.0611414960911,-5.29400602768037,77
"1539",1.53224148029695,-5.29400602768037,77
"1540",2.0033414645028,-5.29400602768037,77
"1541",-6.94755823540838,-2.43686317053751,78
"1542",-6.47645825120253,-2.43686317053751,78
"1543",-6.00535826699668,-2.43686317053751,78
"1544",-5.53425828279082,-2.43686317053751,78
"1545",-5.06315829858497,-2.7225774562518,78
"1546",-4.59205831437912,-4.43686317053751,78
"1547",-4.12095833017327,-5.29400602768037,78
"1548",-3.64985834596742,-5.29400602768037,78
"1549",-3.17875836176157,-5.29400602768037,78
"1550",-2.70765837755572,-5.29400602768037,78
"1551",-2.23655839334986,-5.29400602768037,78
"1552",-1.76545840914401,-5.29400602768037,78
"1553",-1.29435842493816,-5.29400602768037,78
"1554",-0.823258440732308,-5.29400602768037,78
"1555",-0.352158456526457,-5.29400602768037,78
"1556",0.118941527679395,-5.29400602768037,78
"1557",0.590041511885246,-5.29400602768037,78
"1558",1.0611414960911,-5.29400602768037,78
"1559",1.53224148029695,-5.29400602768037,78
"1560",2.0033414645028,-5.29400602768037,78
"1561",-6.94755823540838,-2.43686317053751,79
"1562",-6.47645825120253,-2.43686317053751,79
"1563",-6.00535826699668,-2.43686317053751,79
"1564",-5.53425828279082,-2.43686317053751,79
"1565",-5.06315829858497,-2.7225774562518,79
"1566",-4.59205831437912,-4.29400602768037,79
"1567",-4.12095833017327,-5.15114888482323,79
"1568",-3.64985834596742,-5.29400602768037,79
"1569",-3.17875836176157,-5.29400602768037,79
"1570",-2.70765837755572,-5.29400602768037,79
"1571",-2.23655839334986,-5.29400602768037,79
"1572",-1.76545840914401,-5.29400602768037,79
"1573",-1.29435842493816,-5.29400602768037,79
"1574",-0.823258440732308,-5.29400602768037,79
"1575",-0.352158456526457,-5.29400602768037,79
"1576",0.118941527679395,-5.29400602768037,79
"1577",0.590041511885246,-5.29400602768037,79
"1578",1.0611414960911,-5.29400602768037,79
"1579",1.53224148029695,-5.29400602768037,79
"1580",2.0033414645028,-5.29400602768037,79
"1581",-6.94755823540838,-2.43686317053751,80
"1582",-6.47645825120253,-2.43686317053751,80
"1583",-6.00535826699668,-2.43686317053751,80
"1584",-5.53425828279082,-2.43686317053751,80
"1585",-5.06315829858497,-2.86543459910894,80
"1586",-4.59205831437912,-5.29400602768037,80
"1587",-4.12095833017327,-5.29400602768037,80
"1588",-3.64985834596742,-5.29400602768037,80
"1589",-3.17875836176157,-5.29400602768037,80
"1590",-2.70765837755572,-5.29400602768037,80
"1591",-2.23655839334986,-5.29400602768037,80
"1592",-1.76545840914401,-5.29400602768037,80
"1593",-1.29435842493816,-5.29400602768037,80
"1594",-0.823258440732308,-5.29400602768037,80
"1595",-0.352158456526457,-5.29400602768037,80
"1596",0.118941527679395,-5.29400602768037,80
"1597",0.590041511885246,-5.29400602768037,80
"1598",1.0611414960911,-5.29400602768037,80
"1599",1.53224148029695,-5.29400602768037,80
"1600",2.0033414645028,-5.29400602768037,80
"1601",-6.94755823540838,-2.43686317053751,81
"1602",-6.47645825120253,-2.43686317053751,81
"1603",-6.00535826699668,-2.43686317053751,81
"1604",-5.53425828279082,-2.43686317053751,81
"1605",-5.06315829858497,-2.86543459910894,81
"1606",-4.59205831437912,-4.00829174196608,81
"1607",-4.12095833017327,-4.86543459910894,81
"1608",-3.64985834596742,-5.29400602768037,81
"1609",-3.17875836176157,-5.29400602768037,81
"1610",-2.70765837755572,-5.29400602768037,81
"1611",-2.23655839334986,-5.29400602768037,81
"1612",-1.76545840914401,-5.29400602768037,81
"1613",-1.29435842493816,-5.29400602768037,81
"1614",-0.823258440732308,-5.29400602768037,81
"1615",-0.352158456526457,-5.29400602768037,81
"1616",0.118941527679395,-5.29400602768037,81
"1617",0.590041511885246,-5.29400602768037,81
"1618",1.0611414960911,-5.29400602768037,81
"1619",1.53224148029695,-5.29400602768037,81
"1620",2.0033414645028,-5.29400602768037,81
"1621",-6.94755823540838,-2.43686317053751,82
"1622",-6.47645825120253,-2.43686317053751,82
"1623",-6.00535826699668,-2.43686317053751,82
"1624",-5.53425828279082,-2.43686317053751,82
"1625",-5.06315829858497,-3.00829174196608,82
"1626",-4.59205831437912,-3.57972031339465,82
"1627",-4.12095833017327,-4.15114888482323,82
"1628",-3.64985834596742,-4.57972031339465,82
"1629",-3.17875836176157,-4.7225774562518,82
"1630",-2.70765837755572,-4.86543459910894,82
"1631",-2.23655839334986,-5.00829174196608,82
"1632",-1.76545840914401,-5.00829174196608,82
"1633",-1.29435842493816,-5.15114888482323,82
"1634",-0.823258440732308,-5.15114888482323,82
"1635",-0.352158456526457,-5.15114888482323,82
"1636",0.118941527679395,-5.15114888482323,82
"1637",0.590041511885246,-5.15114888482323,82
"1638",1.0611414960911,-5.15114888482323,82
"1639",1.53224148029695,-5.15114888482323,82
"1640",2.0033414645028,-5.15114888482323,82
"1641",-6.94755823540838,-2.43686317053751,83
"1642",-6.47645825120253,-2.43686317053751,83
"1643",-6.00535826699668,-2.43686317053751,83
"1644",-5.53425828279082,-2.43686317053751,83
"1645",-5.06315829858497,-3.15114888482323,83
"1646",-4.59205831437912,-3.57972031339465,83
"1647",-4.12095833017327,-5.29400602768037,83
"1648",-3.64985834596742,-5.29400602768037,83
"1649",-3.17875836176157,-5.29400602768037,83
"1650",-2.70765837755572,-5.29400602768037,83
"1651",-2.23655839334986,-5.29400602768037,83
"1652",-1.76545840914401,-5.29400602768037,83
"1653",-1.29435842493816,-5.29400602768037,83
"1654",-0.823258440732308,-5.29400602768037,83
"1655",-0.352158456526457,-5.29400602768037,83
"1656",0.118941527679395,-5.29400602768037,83
"1657",0.590041511885246,-5.29400602768037,83
"1658",1.0611414960911,-5.29400602768037,83
"1659",1.53224148029695,-5.29400602768037,83
"1660",2.0033414645028,-5.29400602768037,83
"1661",-6.94755823540838,-2.7225774562518,84
"1662",-6.47645825120253,-2.7225774562518,84
"1663",-6.00535826699668,-2.7225774562518,84
"1664",-5.53425828279082,-2.7225774562518,84
"1665",-5.06315829858497,-3.00829174196608,84
"1666",-4.59205831437912,-3.7225774562518,84
"1667",-4.12095833017327,-4.29400602768037,84
"1668",-3.64985834596742,-5.00829174196608,84
"1669",-3.17875836176157,-5.29400602768037,84
"1670",-2.70765837755572,-5.29400602768037,84
"1671",-2.23655839334986,-5.29400602768037,84
"1672",-1.76545840914401,-5.29400602768037,84
"1673",-1.29435842493816,-5.29400602768037,84
"1674",-0.823258440732308,-5.29400602768037,84
"1675",-0.352158456526457,-5.29400602768037,84
"1676",0.118941527679395,-5.29400602768037,84
"1677",0.590041511885246,-5.29400602768037,84
"1678",1.0611414960911,-5.29400602768037,84
"1679",1.53224148029695,-5.29400602768037,84
"1680",2.0033414645028,-5.29400602768037,84
"1681",-6.94755823540838,-2.43686317053751,85
"1682",-6.47645825120253,-2.43686317053751,85
"1683",-6.00535826699668,-2.43686317053751,85
"1684",-5.53425828279082,-2.43686317053751,85
"1685",-5.06315829858497,-3.00829174196608,85
"1686",-4.59205831437912,-3.57972031339465,85
"1687",-4.12095833017327,-4.00829174196608,85
"1688",-3.64985834596742,-4.29400602768037,85
"1689",-3.17875836176157,-4.57972031339465,85
"1690",-2.70765837755572,-4.7225774562518,85
"1691",-2.23655839334986,-4.86543459910894,85
"1692",-1.76545840914401,-5.00829174196608,85
"1693",-1.29435842493816,-5.15114888482323,85
"1694",-0.823258440732308,-5.29400602768037,85
"1695",-0.352158456526457,-5.29400602768037,85
"1696",0.118941527679395,-5.29400602768037,85
"1697",0.590041511885246,-5.29400602768037,85
"1698",1.0611414960911,-5.29400602768037,85
"1699",1.53224148029695,-5.29400602768037,85
"1700",2.0033414645028,-5.29400602768037,85
"1701",-6.94755823540838,-2.43686317053751,86
"1702",-6.47645825120253,-2.43686317053751,86
"1703",-6.00535826699668,-2.43686317053751,86
"1704",-5.53425828279082,-2.43686317053751,86
"1705",-5.06315829858497,-3.00829174196608,86
"1706",-4.59205831437912,-3.7225774562518,86
"1707",-4.12095833017327,-4.29400602768037,86
"1708",-3.64985834596742,-4.7225774562518,86
"1709",-3.17875836176157,-5.00829174196608,86
"1710",-2.70765837755572,-5.29400602768037,86
"1711",-2.23655839334986,-5.29400602768037,86
"1712",-1.76545840914401,-5.29400602768037,86
"1713",-1.29435842493816,-5.29400602768037,86
"1714",-0.823258440732308,-5.29400602768037,86
"1715",-0.352158456526457,-5.29400602768037,86
"1716",0.118941527679395,-5.29400602768037,86
"1717",0.590041511885246,-5.29400602768037,86
"1718",1.0611414960911,-5.29400602768037,86
"1719",1.53224148029695,-5.29400602768037,86
"1720",2.0033414645028,-5.29400602768037,86
"1721",-6.94755823540838,-2.43686317053751,87
"1722",-6.47645825120253,-2.43686317053751,87
"1723",-6.00535826699668,-2.43686317053751,87
"1724",-5.53425828279082,-2.43686317053751,87
"1725",-5.06315829858497,-3.00829174196608,87
"1726",-4.59205831437912,-3.57972031339465,87
"1727",-4.12095833017327,-4.00829174196608,87
"1728",-3.64985834596742,-4.29400602768037,87
"1729",-3.17875836176157,-4.57972031339465,87
"1730",-2.70765837755572,-4.7225774562518,87
"1731",-2.23655839334986,-4.86543459910894,87
"1732",-1.76545840914401,-4.86543459910894,87
"1733",-1.29435842493816,-5.00829174196608,87
"1734",-0.823258440732308,-5.00829174196608,87
"1735",-0.352158456526457,-5.00829174196608,87
"1736",0.118941527679395,-5.00829174196608,87
"1737",0.590041511885246,-5.00829174196608,87
"1738",1.0611414960911,-5.00829174196608,87
"1739",1.53224148029695,-5.00829174196608,87
"1740",2.0033414645028,-5.00829174196608,87
"1741",-6.94755823540838,-2.43686317053751,88
"1742",-6.47645825120253,-2.43686317053751,88
"1743",-6.00535826699668,-2.43686317053751,88
"1744",-5.53425828279082,-2.43686317053751,88
"1745",-5.06315829858497,-3.00829174196608,88
"1746",-4.59205831437912,-3.7225774562518,88
"1747",-4.12095833017327,-4.15114888482323,88
"1748",-3.64985834596742,-4.43686317053751,88
"1749",-3.17875836176157,-4.7225774562518,88
"1750",-2.70765837755572,-4.86543459910894,88
"1751",-2.23655839334986,-5.00829174196608,88
"1752",-1.76545840914401,-5.15114888482323,88
"1753",-1.29435842493816,-5.29400602768037,88
"1754",-0.823258440732308,-5.29400602768037,88
"1755",-0.352158456526457,-5.29400602768037,88
"1756",0.118941527679395,-5.29400602768037,88
"1757",0.590041511885246,-5.29400602768037,88
"1758",1.0611414960911,-5.29400602768037,88
"1759",1.53224148029695,-5.29400602768037,88
"1760",2.0033414645028,-5.29400602768037,88
"1761",-6.94755823540838,-2.43686317053751,89
"1762",-6.47645825120253,-2.43686317053751,89
"1763",-6.00535826699668,-2.43686317053751,89
"1764",-5.53425828279082,-2.43686317053751,89
"1765",-5.06315829858497,-3.00829174196608,89
"1766",-4.59205831437912,-5.00829174196608,89
"1767",-4.12095833017327,-5.29400602768037,89
"1768",-3.64985834596742,-5.29400602768037,89
"1769",-3.17875836176157,-5.29400602768037,89
"1770",-2.70765837755572,-5.29400602768037,89
"1771",-2.23655839334986,-5.29400602768037,89
"1772",-1.76545840914401,-5.29400602768037,89
"1773",-1.29435842493816,-5.29400602768037,89
"1774",-0.823258440732308,-5.29400602768037,89
"1775",-0.352158456526457,-5.29400602768037,89
"1776",0.118941527679395,-5.29400602768037,89
"1777",0.590041511885246,-5.29400602768037,89
"1778",1.0611414960911,-5.29400602768037,89
"1779",1.53224148029695,-5.29400602768037,89
"1780",2.0033414645028,-5.29400602768037,89
"1781",-6.94755823540838,-2.43686317053751,90
"1782",-6.47645825120253,-2.43686317053751,90
"1783",-6.00535826699668,-2.43686317053751,90
"1784",-5.53425828279082,-2.43686317053751,90
"1785",-5.06315829858497,-3.00829174196608,90
"1786",-4.59205831437912,-3.7225774562518,90
"1787",-4.12095833017327,-4.15114888482323,90
"1788",-3.64985834596742,-4.57972031339465,90
"1789",-3.17875836176157,-4.86543459910894,90
"1790",-2.70765837755572,-5.00829174196608,90
"1791",-2.23655839334986,-5.15114888482323,90
"1792",-1.76545840914401,-5.15114888482323,90
"1793",-1.29435842493816,-5.29400602768037,90
"1794",-0.823258440732308,-5.29400602768037,90
"1795",-0.352158456526457,-5.29400602768037,90
"1796",0.118941527679395,-5.29400602768037,90
"1797",0.590041511885246,-5.29400602768037,90
"1798",1.0611414960911,-5.29400602768037,90
"1799",1.53224148029695,-5.29400602768037,90
"1800",2.0033414645028,-5.29400602768037,90
"1801",-6.94755823540838,-2.43686317053751,91
"1802",-6.47645825120253,-2.43686317053751,91
"1803",-6.00535826699668,-2.43686317053751,91
"1804",-5.53425828279082,-2.43686317053751,91
"1805",-5.06315829858497,-2.86543459910894,91
"1806",-4.59205831437912,-4.00829174196608,91
"1807",-4.12095833017327,-4.57972031339465,91
"1808",-3.64985834596742,-4.86543459910894,91
"1809",-3.17875836176157,-5.15114888482323,91
"1810",-2.70765837755572,-5.29400602768037,91
"1811",-2.23655839334986,-5.29400602768037,91
"1812",-1.76545840914401,-5.29400602768037,91
"1813",-1.29435842493816,-5.29400602768037,91
"1814",-0.823258440732308,-5.29400602768037,91
"1815",-0.352158456526457,-5.29400602768037,91
"1816",0.118941527679395,-5.29400602768037,91
"1817",0.590041511885246,-5.29400602768037,91
"1818",1.0611414960911,-5.29400602768037,91
"1819",1.53224148029695,-5.29400602768037,91
"1820",2.0033414645028,-5.29400602768037,91
"1821",-6.94755823540838,-2.43686317053751,92
"1822",-6.47645825120253,-2.43686317053751,92
"1823",-6.00535826699668,-2.43686317053751,92
"1824",-5.53425828279082,-2.43686317053751,92
"1825",-5.06315829858497,-2.43686317053751,92
"1826",-4.59205831437912,-4.7225774562518,92
"1827",-4.12095833017327,-5.15114888482323,92
"1828",-3.64985834596742,-5.29400602768037,92
"1829",-3.17875836176157,-5.29400602768037,92
"1830",-2.70765837755572,-5.29400602768037,92
"1831",-2.23655839334986,-5.29400602768037,92
"1832",-1.76545840914401,-5.29400602768037,92
"1833",-1.29435842493816,-5.29400602768037,92
"1834",-0.823258440732308,-5.29400602768037,92
"1835",-0.352158456526457,-5.29400602768037,92
"1836",0.118941527679395,-5.29400602768037,92
"1837",0.590041511885246,-5.29400602768037,92
"1838",1.0611414960911,-5.29400602768037,92
"1839",1.53224148029695,-5.29400602768037,92
"1840",2.0033414645028,-5.29400602768037,92
"1841",-6.94755823540838,-2.43686317053751,93
"1842",-6.47645825120253,-2.43686317053751,93
"1843",-6.00535826699668,-2.43686317053751,93
"1844",-5.53425828279082,-2.43686317053751,93
"1845",-5.06315829858497,-2.86543459910894,93
"1846",-4.59205831437912,-3.86543459910894,93
"1847",-4.12095833017327,-4.43686317053751,93
"1848",-3.64985834596742,-4.7225774562518,93
"1849",-3.17875836176157,-5.00829174196608,93
"1850",-2.70765837755572,-5.29400602768037,93
"1851",-2.23655839334986,-5.29400602768037,93
"1852",-1.76545840914401,-5.29400602768037,93
"1853",-1.29435842493816,-5.29400602768037,93
"1854",-0.823258440732308,-5.29400602768037,93
"1855",-0.352158456526457,-5.29400602768037,93
"1856",0.118941527679395,-5.29400602768037,93
"1857",0.590041511885246,-5.29400602768037,93
"1858",1.0611414960911,-5.29400602768037,93
"1859",1.53224148029695,-5.29400602768037,93
"1860",2.0033414645028,-5.29400602768037,93
"1861",-6.94755823540838,-2.43686317053751,94
"1862",-6.47645825120253,-2.43686317053751,94
"1863",-6.00535826699668,-2.43686317053751,94
"1864",-5.53425828279082,-2.43686317053751,94
"1865",-5.06315829858497,-2.7225774562518,94
"1866",-4.59205831437912,-4.29400602768037,94
"1867",-4.12095833017327,-5.15114888482323,94
"1868",-3.64985834596742,-5.29400602768037,94
"1869",-3.17875836176157,-5.29400602768037,94
"1870",-2.70765837755572,-5.29400602768037,94
"1871",-2.23655839334986,-5.29400602768037,94
"1872",-1.76545840914401,-5.29400602768037,94
"1873",-1.29435842493816,-5.29400602768037,94
"1874",-0.823258440732308,-5.29400602768037,94
"1875",-0.352158456526457,-5.29400602768037,94
"1876",0.118941527679395,-5.29400602768037,94
"1877",0.590041511885246,-5.29400602768037,94
"1878",1.0611414960911,-5.29400602768037,94
"1879",1.53224148029695,-5.29400602768037,94
"1880",2.0033414645028,-5.29400602768037,94
"1881",-6.94755823540838,-2.43686317053751,95
"1882",-6.47645825120253,-2.43686317053751,95
"1883",-6.00535826699668,-2.43686317053751,95
"1884",-5.53425828279082,-2.7225774562518,95
"1885",-5.06315829858497,-3.15114888482323,95
"1886",-4.59205831437912,-3.43686317053751,95
"1887",-4.12095833017327,-4.29400602768037,95
"1888",-3.64985834596742,-5.15114888482323,95
"1889",-3.17875836176157,-5.29400602768037,95
"1890",-2.70765837755572,-5.29400602768037,95
"1891",-2.23655839334986,-5.29400602768037,95
"1892",-1.76545840914401,-5.29400602768037,95
"1893",-1.29435842493816,-5.29400602768037,95
"1894",-0.823258440732308,-5.29400602768037,95
"1895",-0.352158456526457,-5.29400602768037,95
"1896",0.118941527679395,-5.29400602768037,95
"1897",0.590041511885246,-5.29400602768037,95
"1898",1.0611414960911,-5.29400602768037,95
"1899",1.53224148029695,-5.29400602768037,95
"1900",2.0033414645028,-5.29400602768037,95
"1901",-6.94755823540838,-2.43686317053751,96
"1902",-6.47645825120253,-2.43686317053751,96
"1903",-6.00535826699668,-2.43686317053751,96
"1904",-5.53425828279082,-2.43686317053751,96
"1905",-5.06315829858497,-2.43686317053751,96
"1906",-4.59205831437912,-5.29400602768037,96
"1907",-4.12095833017327,-5.29400602768037,96
"1908",-3.64985834596742,-5.29400602768037,96
"1909",-3.17875836176157,-5.29400602768037,96
"1910",-2.70765837755572,-5.29400602768037,96
"1911",-2.23655839334986,-5.29400602768037,96
"1912",-1.76545840914401,-5.29400602768037,96
"1913",-1.29435842493816,-5.29400602768037,96
"1914",-0.823258440732308,-5.29400602768037,96
"1915",-0.352158456526457,-5.29400602768037,96
"1916",0.118941527679395,-5.29400602768037,96
"1917",0.590041511885246,-5.29400602768037,96
"1918",1.0611414960911,-5.29400602768037,96
"1919",1.53224148029695,-5.29400602768037,96
"1920",2.0033414645028,-5.29400602768037,96
"1921",-6.94755823540838,-2.43686317053751,97
"1922",-6.47645825120253,-2.43686317053751,97
"1923",-6.00535826699668,-2.43686317053751,97
"1924",-5.53425828279082,-2.43686317053751,97
"1925",-5.06315829858497,-2.57972031339465,97
"1926",-4.59205831437912,-4.43686317053751,97
"1927",-4.12095833017327,-5.29400602768037,97
"1928",-3.64985834596742,-5.29400602768037,97
"1929",-3.17875836176157,-5.29400602768037,97
"1930",-2.70765837755572,-5.29400602768037,97
"1931",-2.23655839334986,-5.29400602768037,97
"1932",-1.76545840914401,-5.29400602768037,97
"1933",-1.29435842493816,-5.29400602768037,97
"1934",-0.823258440732308,-5.29400602768037,97
"1935",-0.352158456526457,-5.29400602768037,97
"1936",0.118941527679395,-5.29400602768037,97
"1937",0.590041511885246,-5.29400602768037,97
"1938",1.0611414960911,-5.29400602768037,97
"1939",1.53224148029695,-5.29400602768037,97
"1940",2.0033414645028,-5.29400602768037,97
"1941",-6.94755823540838,-2.43686317053751,98
"1942",-6.47645825120253,-2.43686317053751,98
"1943",-6.00535826699668,-2.43686317053751,98
"1944",-5.53425828279082,-2.43686317053751,98
"1945",-5.06315829858497,-2.86543459910894,98
"1946",-4.59205831437912,-4.00829174196608,98
"1947",-4.12095833017327,-4.57972031339465,98
"1948",-3.64985834596742,-5.15114888482323,98
"1949",-3.17875836176157,-5.29400602768037,98
"1950",-2.70765837755572,-5.29400602768037,98
"1951",-2.23655839334986,-5.29400602768037,98
"1952",-1.76545840914401,-5.29400602768037,98
"1953",-1.29435842493816,-5.29400602768037,98
"1954",-0.823258440732308,-5.29400602768037,98
"1955",-0.352158456526457,-5.29400602768037,98
"1956",0.118941527679395,-5.29400602768037,98
"1957",0.590041511885246,-5.29400602768037,98
"1958",1.0611414960911,-5.29400602768037,98
"1959",1.53224148029695,-5.29400602768037,98
"1960",2.0033414645028,-5.29400602768037,98
"1961",-6.94755823540838,-2.43686317053751,99
"1962",-6.47645825120253,-2.43686317053751,99
"1963",-6.00535826699668,-2.43686317053751,99
"1964",-5.53425828279082,-2.43686317053751,99
"1965",-5.06315829858497,-3.00829174196608,99
"1966",-4.59205831437912,-3.86543459910894,99
"1967",-4.12095833017327,-4.43686317053751,99
"1968",-3.64985834596742,-4.86543459910894,99
"1969",-3.17875836176157,-5.15114888482323,99
"1970",-2.70765837755572,-5.29400602768037,99
"1971",-2.23655839334986,-5.29400602768037,99
"1972",-1.76545840914401,-5.29400602768037,99
"1973",-1.29435842493816,-5.29400602768037,99
"1974",-0.823258440732308,-5.29400602768037,99
"1975",-0.352158456526457,-5.29400602768037,99
"1976",0.118941527679395,-5.29400602768037,99
"1977",0.590041511885246,-5.29400602768037,99
"1978",1.0611414960911,-5.29400602768037,99
"1979",1.53224148029695,-5.29400602768037,99
"1980",2.0033414645028,-5.29400602768037,99
"1981",-6.94755823540838,-2.43686317053751,100
"1982",-6.47645825120253,-2.43686317053751,100
"1983",-6.00535826699668,-2.43686317053751,100
"1984",-5.53425828279082,-2.43686317053751,100
"1985",-5.06315829858497,-3.00829174196608,100
"1986",-4.59205831437912,-3.57972031339465,100
"1987",-4.12095833017327,-4.00829174196608,100
"1988",-3.64985834596742,-4.29400602768037,100
"1989",-3.17875836176157,-4.57972031339465,100
"1990",-2.70765837755572,-5.29400602768037,100
"1991",-2.23655839334986,-5.29400602768037,100
"1992",-1.76545840914401,-5.29400602768037,100
"1993",-1.29435842493816,-5.29400602768037,100
"1994",-0.823258440732308,-5.29400602768037,100
"1995",-0.352158456526457,-5.29400602768037,100
"1996",0.118941527679395,-5.29400602768037,100
"1997",0.590041511885246,-5.29400602768037,100
"1998",1.0611414960911,-5.29400602768037,100
"1999",1.53224148029695,-5.29400602768037,100
"2000",2.0033414645028,-5.29400602768037,100
