"","x","y","sample"
"1",-4.47420459826565,-0.691320478627142,1
"2",-4.13642015833252,-0.691320478627142,1
"3",-3.79863571839939,-0.691320478627142,1
"4",-3.46085127846625,-0.691320478627142,1
"5",-3.12306683853312,-0.691320478627142,1
"6",-2.78528239859999,-0.691320478627142,1
"7",-2.44749795866686,-1.11989190719857,1
"8",-2.10971351873372,-1.69132047862714,1
"9",-1.77192907880059,-2.26274905005571,1
"10",-1.43414463886746,-2.69132047862714,1
"11",-1.09636019893432,-2.83417762148428,1
"12",-0.758575759001192,-2.97703476434143,1
"13",-0.420791319068059,-3.11989190719857,1
"14",-0.0830068791349259,-3.11989190719857,1
"15",0.254777560798207,-3.11989190719857,1
"16",0.592562000731339,-3.11989190719857,1
"17",0.930346440664472,-3.11989190719857,1
"18",1.2681308805976,-3.11989190719857,1
"19",1.60591532053074,-3.11989190719857,1
"20",1.94369976046387,-3.11989190719857,1
"21",-4.47420459826565,-0.691320478627142,2
"22",-4.13642015833252,-0.691320478627142,2
"23",-3.79863571839939,-0.691320478627142,2
"24",-3.46085127846625,-0.691320478627142,2
"25",-3.12306683853312,-0.691320478627142,2
"26",-2.78528239859999,-0.691320478627142,2
"27",-2.44749795866686,-1.40560619291286,2
"28",-2.10971351873372,-1.54846333577,2
"29",-1.77192907880059,-2.40560619291286,2
"30",-1.43414463886746,-3.54846333577,2
"31",-1.09636019893432,-3.54846333577,2
"32",-0.758575759001192,-3.54846333577,2
"33",-0.420791319068059,-3.54846333577,2
"34",-0.0830068791349259,-3.54846333577,2
"35",0.254777560798207,-3.54846333577,2
"36",0.592562000731339,-3.54846333577,2
"37",0.930346440664472,-3.54846333577,2
"38",1.2681308805976,-3.54846333577,2
"39",1.60591532053074,-3.54846333577,2
"40",1.94369976046387,-3.54846333577,2
"41",-4.47420459826565,-0.691320478627142,3
"42",-4.13642015833252,-0.691320478627142,3
"43",-3.79863571839939,-0.691320478627142,3
"44",-3.46085127846625,-0.691320478627142,3
"45",-3.12306683853312,-0.691320478627142,3
"46",-2.78528239859999,-0.691320478627142,3
"47",-2.44749795866686,-0.977034764341428,3
"48",-2.10971351873372,-2.11989190719857,3
"49",-1.77192907880059,-2.83417762148428,3
"50",-1.43414463886746,-3.26274905005571,3
"51",-1.09636019893432,-3.40560619291286,3
"52",-0.758575759001192,-3.40560619291286,3
"53",-0.420791319068059,-3.40560619291286,3
"54",-0.0830068791349259,-3.40560619291286,3
"55",0.254777560798207,-3.54846333577,3
"56",0.592562000731339,-3.54846333577,3
"57",0.930346440664472,-3.54846333577,3
"58",1.2681308805976,-3.54846333577,3
"59",1.60591532053074,-3.54846333577,3
"60",1.94369976046387,-3.54846333577,3
"61",-4.47420459826565,-0.691320478627142,4
"62",-4.13642015833252,-0.691320478627142,4
"63",-3.79863571839939,-0.691320478627142,4
"64",-3.46085127846625,-0.691320478627142,4
"65",-3.12306683853312,-0.691320478627142,4
"66",-2.78528239859999,-0.691320478627142,4
"67",-2.44749795866686,-0.691320478627142,4
"68",-2.10971351873372,-1.97703476434143,4
"69",-1.77192907880059,-2.26274905005571,4
"70",-1.43414463886746,-2.40560619291286,4
"71",-1.09636019893432,-2.54846333577,4
"72",-0.758575759001192,-2.69132047862714,4
"73",-0.420791319068059,-2.83417762148428,4
"74",-0.0830068791349259,-2.83417762148428,4
"75",0.254777560798207,-2.97703476434143,4
"76",0.592562000731339,-2.97703476434143,4
"77",0.930346440664472,-2.97703476434143,4
"78",1.2681308805976,-2.97703476434143,4
"79",1.60591532053074,-2.97703476434143,4
"80",1.94369976046387,-2.97703476434143,4
"81",-4.47420459826565,-0.691320478627142,5
"82",-4.13642015833252,-0.691320478627142,5
"83",-3.79863571839939,-0.691320478627142,5
"84",-3.46085127846625,-0.691320478627142,5
"85",-3.12306683853312,-0.691320478627142,5
"86",-2.78528239859999,-0.691320478627142,5
"87",-2.44749795866686,-0.691320478627142,5
"88",-2.10971351873372,-2.26274905005571,5
"89",-1.77192907880059,-2.83417762148428,5
"90",-1.43414463886746,-3.26274905005571,5
"91",-1.09636019893432,-3.40560619291286,5
"92",-0.758575759001192,-3.54846333577,5
"93",-0.420791319068059,-3.54846333577,5
"94",-0.0830068791349259,-3.54846333577,5
"95",0.254777560798207,-3.54846333577,5
"96",0.592562000731339,-3.54846333577,5
"97",0.930346440664472,-3.54846333577,5
"98",1.2681308805976,-3.54846333577,5
"99",1.60591532053074,-3.54846333577,5
"100",1.94369976046387,-3.54846333577,5
"101",-4.47420459826565,-0.834177621484285,6
"102",-4.13642015833252,-0.834177621484285,6
"103",-3.79863571839939,-0.977034764341428,6
"104",-3.46085127846625,-0.977034764341428,6
"105",-3.12306683853312,-0.977034764341428,6
"106",-2.78528239859999,-1.11989190719857,6
"107",-2.44749795866686,-1.26274905005571,6
"108",-2.10971351873372,-2.26274905005571,6
"109",-1.77192907880059,-2.97703476434143,6
"110",-1.43414463886746,-3.40560619291286,6
"111",-1.09636019893432,-3.54846333577,6
"112",-0.758575759001192,-3.54846333577,6
"113",-0.420791319068059,-3.54846333577,6
"114",-0.0830068791349259,-3.54846333577,6
"115",0.254777560798207,-3.54846333577,6
"116",0.592562000731339,-3.54846333577,6
"117",0.930346440664472,-3.54846333577,6
"118",1.2681308805976,-3.54846333577,6
"119",1.60591532053074,-3.54846333577,6
"120",1.94369976046387,-3.54846333577,6
"121",-4.47420459826565,-0.691320478627142,7
"122",-4.13642015833252,-0.691320478627142,7
"123",-3.79863571839939,-0.691320478627142,7
"124",-3.46085127846625,-0.691320478627142,7
"125",-3.12306683853312,-0.691320478627142,7
"126",-2.78528239859999,-0.691320478627142,7
"127",-2.44749795866686,-1.26274905005571,7
"128",-2.10971351873372,-2.54846333577,7
"129",-1.77192907880059,-2.83417762148428,7
"130",-1.43414463886746,-2.97703476434143,7
"131",-1.09636019893432,-2.97703476434143,7
"132",-0.758575759001192,-2.97703476434143,7
"133",-0.420791319068059,-2.97703476434143,7
"134",-0.0830068791349259,-3.11989190719857,7
"135",0.254777560798207,-3.11989190719857,7
"136",0.592562000731339,-3.11989190719857,7
"137",0.930346440664472,-3.11989190719857,7
"138",1.2681308805976,-3.11989190719857,7
"139",1.60591532053074,-3.11989190719857,7
"140",1.94369976046387,-3.11989190719857,7
"141",-4.47420459826565,-1.26274905005571,8
"142",-4.13642015833252,-1.26274905005571,8
"143",-3.79863571839939,-1.26274905005571,8
"144",-3.46085127846625,-1.26274905005571,8
"145",-3.12306683853312,-1.26274905005571,8
"146",-2.78528239859999,-1.26274905005571,8
"147",-2.44749795866686,-1.40560619291286,8
"148",-2.10971351873372,-2.54846333577,8
"149",-1.77192907880059,-3.40560619291286,8
"150",-1.43414463886746,-3.54846333577,8
"151",-1.09636019893432,-3.54846333577,8
"152",-0.758575759001192,-3.54846333577,8
"153",-0.420791319068059,-3.54846333577,8
"154",-0.0830068791349259,-3.54846333577,8
"155",0.254777560798207,-3.54846333577,8
"156",0.592562000731339,-3.54846333577,8
"157",0.930346440664472,-3.54846333577,8
"158",1.2681308805976,-3.54846333577,8
"159",1.60591532053074,-3.54846333577,8
"160",1.94369976046387,-3.54846333577,8
"161",-4.47420459826565,-0.691320478627142,9
"162",-4.13642015833252,-0.691320478627142,9
"163",-3.79863571839939,-0.691320478627142,9
"164",-3.46085127846625,-0.691320478627142,9
"165",-3.12306683853312,-0.691320478627142,9
"166",-2.78528239859999,-0.691320478627142,9
"167",-2.44749795866686,-0.691320478627142,9
"168",-2.10971351873372,-2.26274905005571,9
"169",-1.77192907880059,-2.83417762148428,9
"170",-1.43414463886746,-3.11989190719857,9
"171",-1.09636019893432,-3.26274905005571,9
"172",-0.758575759001192,-3.26274905005571,9
"173",-0.420791319068059,-3.26274905005571,9
"174",-0.0830068791349259,-3.26274905005571,9
"175",0.254777560798207,-3.26274905005571,9
"176",0.592562000731339,-3.26274905005571,9
"177",0.930346440664472,-3.26274905005571,9
"178",1.2681308805976,-3.26274905005571,9
"179",1.60591532053074,-3.26274905005571,9
"180",1.94369976046387,-3.26274905005571,9
"181",-4.47420459826565,-0.691320478627142,10
"182",-4.13642015833252,-0.691320478627142,10
"183",-3.79863571839939,-0.691320478627142,10
"184",-3.46085127846625,-0.691320478627142,10
"185",-3.12306683853312,-0.691320478627142,10
"186",-2.78528239859999,-0.691320478627142,10
"187",-2.44749795866686,-0.691320478627142,10
"188",-2.10971351873372,-1.83417762148428,10
"189",-1.77192907880059,-1.97703476434143,10
"190",-1.43414463886746,-2.11989190719857,10
"191",-1.09636019893432,-2.26274905005571,10
"192",-0.758575759001192,-2.69132047862714,10
"193",-0.420791319068059,-3.11989190719857,10
"194",-0.0830068791349259,-3.26274905005571,10
"195",0.254777560798207,-3.40560619291286,10
"196",0.592562000731339,-3.40560619291286,10
"197",0.930346440664472,-3.54846333577,10
"198",1.2681308805976,-3.54846333577,10
"199",1.60591532053074,-3.54846333577,10
"200",1.94369976046387,-3.54846333577,10
"201",-4.47420459826565,-0.691320478627142,11
"202",-4.13642015833252,-0.691320478627142,11
"203",-3.79863571839939,-0.691320478627142,11
"204",-3.46085127846625,-0.691320478627142,11
"205",-3.12306683853312,-0.691320478627142,11
"206",-2.78528239859999,-0.834177621484285,11
"207",-2.44749795866686,-1.26274905005571,11
"208",-2.10971351873372,-1.69132047862714,11
"209",-1.77192907880059,-1.97703476434143,11
"210",-1.43414463886746,-2.26274905005571,11
"211",-1.09636019893432,-2.40560619291286,11
"212",-0.758575759001192,-2.54846333577,11
"213",-0.420791319068059,-2.54846333577,11
"214",-0.0830068791349259,-2.54846333577,11
"215",0.254777560798207,-2.54846333577,11
"216",0.592562000731339,-2.69132047862714,11
"217",0.930346440664472,-2.69132047862714,11
"218",1.2681308805976,-2.69132047862714,11
"219",1.60591532053074,-2.69132047862714,11
"220",1.94369976046387,-2.69132047862714,11
"221",-4.47420459826565,-0.691320478627142,12
"222",-4.13642015833252,-0.691320478627142,12
"223",-3.79863571839939,-0.691320478627142,12
"224",-3.46085127846625,-0.691320478627142,12
"225",-3.12306683853312,-0.691320478627142,12
"226",-2.78528239859999,-0.691320478627142,12
"227",-2.44749795866686,-0.691320478627142,12
"228",-2.10971351873372,-2.83417762148428,12
"229",-1.77192907880059,-3.54846333577,12
"230",-1.43414463886746,-3.54846333577,12
"231",-1.09636019893432,-3.54846333577,12
"232",-0.758575759001192,-3.54846333577,12
"233",-0.420791319068059,-3.54846333577,12
"234",-0.0830068791349259,-3.54846333577,12
"235",0.254777560798207,-3.54846333577,12
"236",0.592562000731339,-3.54846333577,12
"237",0.930346440664472,-3.54846333577,12
"238",1.2681308805976,-3.54846333577,12
"239",1.60591532053074,-3.54846333577,12
"240",1.94369976046387,-3.54846333577,12
"241",-4.47420459826565,-0.691320478627142,13
"242",-4.13642015833252,-0.691320478627142,13
"243",-3.79863571839939,-0.691320478627142,13
"244",-3.46085127846625,-0.691320478627142,13
"245",-3.12306683853312,-0.691320478627142,13
"246",-2.78528239859999,-0.691320478627142,13
"247",-2.44749795866686,-0.691320478627142,13
"248",-2.10971351873372,-2.97703476434143,13
"249",-1.77192907880059,-3.40560619291286,13
"250",-1.43414463886746,-3.54846333577,13
"251",-1.09636019893432,-3.54846333577,13
"252",-0.758575759001192,-3.54846333577,13
"253",-0.420791319068059,-3.54846333577,13
"254",-0.0830068791349259,-3.54846333577,13
"255",0.254777560798207,-3.54846333577,13
"256",0.592562000731339,-3.54846333577,13
"257",0.930346440664472,-3.54846333577,13
"258",1.2681308805976,-3.54846333577,13
"259",1.60591532053074,-3.54846333577,13
"260",1.94369976046387,-3.54846333577,13
"261",-4.47420459826565,-0.691320478627142,14
"262",-4.13642015833252,-0.691320478627142,14
"263",-3.79863571839939,-0.691320478627142,14
"264",-3.46085127846625,-0.691320478627142,14
"265",-3.12306683853312,-0.691320478627142,14
"266",-2.78528239859999,-0.691320478627142,14
"267",-2.44749795866686,-0.691320478627142,14
"268",-2.10971351873372,-2.40560619291286,14
"269",-1.77192907880059,-3.11989190719857,14
"270",-1.43414463886746,-3.54846333577,14
"271",-1.09636019893432,-3.54846333577,14
"272",-0.758575759001192,-3.54846333577,14
"273",-0.420791319068059,-3.54846333577,14
"274",-0.0830068791349259,-3.54846333577,14
"275",0.254777560798207,-3.54846333577,14
"276",0.592562000731339,-3.54846333577,14
"277",0.930346440664472,-3.54846333577,14
"278",1.2681308805976,-3.54846333577,14
"279",1.60591532053074,-3.54846333577,14
"280",1.94369976046387,-3.54846333577,14
"281",-4.47420459826565,-0.691320478627142,15
"282",-4.13642015833252,-0.691320478627142,15
"283",-3.79863571839939,-0.691320478627142,15
"284",-3.46085127846625,-0.691320478627142,15
"285",-3.12306683853312,-0.691320478627142,15
"286",-2.78528239859999,-0.691320478627142,15
"287",-2.44749795866686,-0.691320478627142,15
"288",-2.10971351873372,-3.26274905005571,15
"289",-1.77192907880059,-3.54846333577,15
"290",-1.43414463886746,-3.54846333577,15
"291",-1.09636019893432,-3.54846333577,15
"292",-0.758575759001192,-3.54846333577,15
"293",-0.420791319068059,-3.54846333577,15
"294",-0.0830068791349259,-3.54846333577,15
"295",0.254777560798207,-3.54846333577,15
"296",0.592562000731339,-3.54846333577,15
"297",0.930346440664472,-3.54846333577,15
"298",1.2681308805976,-3.54846333577,15
"299",1.60591532053074,-3.54846333577,15
"300",1.94369976046387,-3.54846333577,15
"301",-4.47420459826565,-0.691320478627142,16
"302",-4.13642015833252,-0.691320478627142,16
"303",-3.79863571839939,-0.691320478627142,16
"304",-3.46085127846625,-0.691320478627142,16
"305",-3.12306683853312,-0.691320478627142,16
"306",-2.78528239859999,-0.834177621484285,16
"307",-2.44749795866686,-1.26274905005571,16
"308",-2.10971351873372,-1.83417762148428,16
"309",-1.77192907880059,-2.26274905005571,16
"310",-1.43414463886746,-2.40560619291286,16
"311",-1.09636019893432,-2.69132047862714,16
"312",-0.758575759001192,-2.83417762148428,16
"313",-0.420791319068059,-2.83417762148428,16
"314",-0.0830068791349259,-2.97703476434143,16
"315",0.254777560798207,-3.11989190719857,16
"316",0.592562000731339,-3.26274905005571,16
"317",0.930346440664472,-3.40560619291286,16
"318",1.2681308805976,-3.40560619291286,16
"319",1.60591532053074,-3.54846333577,16
"320",1.94369976046387,-3.54846333577,16
"321",-4.47420459826565,-0.691320478627142,17
"322",-4.13642015833252,-0.691320478627142,17
"323",-3.79863571839939,-0.691320478627142,17
"324",-3.46085127846625,-0.691320478627142,17
"325",-3.12306683853312,-0.691320478627142,17
"326",-2.78528239859999,-1.11989190719857,17
"327",-2.44749795866686,-1.40560619291286,17
"328",-2.10971351873372,-1.54846333577,17
"329",-1.77192907880059,-1.83417762148428,17
"330",-1.43414463886746,-2.26274905005571,17
"331",-1.09636019893432,-2.69132047862714,17
"332",-0.758575759001192,-2.83417762148428,17
"333",-0.420791319068059,-2.97703476434143,17
"334",-0.0830068791349259,-2.97703476434143,17
"335",0.254777560798207,-2.97703476434143,17
"336",0.592562000731339,-2.97703476434143,17
"337",0.930346440664472,-2.97703476434143,17
"338",1.2681308805976,-2.97703476434143,17
"339",1.60591532053074,-2.97703476434143,17
"340",1.94369976046387,-2.97703476434143,17
"341",-4.47420459826565,-0.691320478627142,18
"342",-4.13642015833252,-0.691320478627142,18
"343",-3.79863571839939,-0.691320478627142,18
"344",-3.46085127846625,-0.691320478627142,18
"345",-3.12306683853312,-0.691320478627142,18
"346",-2.78528239859999,-0.834177621484285,18
"347",-2.44749795866686,-1.40560619291286,18
"348",-2.10971351873372,-1.69132047862714,18
"349",-1.77192907880059,-1.83417762148428,18
"350",-1.43414463886746,-1.97703476434143,18
"351",-1.09636019893432,-2.26274905005571,18
"352",-0.758575759001192,-2.54846333577,18
"353",-0.420791319068059,-2.97703476434143,18
"354",-0.0830068791349259,-3.40560619291286,18
"355",0.254777560798207,-3.54846333577,18
"356",0.592562000731339,-3.54846333577,18
"357",0.930346440664472,-3.54846333577,18
"358",1.2681308805976,-3.54846333577,18
"359",1.60591532053074,-3.54846333577,18
"360",1.94369976046387,-3.54846333577,18
"361",-4.47420459826565,-0.691320478627142,19
"362",-4.13642015833252,-0.691320478627142,19
"363",-3.79863571839939,-0.691320478627142,19
"364",-3.46085127846625,-0.691320478627142,19
"365",-3.12306683853312,-0.691320478627142,19
"366",-2.78528239859999,-0.977034764341428,19
"367",-2.44749795866686,-1.26274905005571,19
"368",-2.10971351873372,-1.69132047862714,19
"369",-1.77192907880059,-3.40560619291286,19
"370",-1.43414463886746,-3.54846333577,19
"371",-1.09636019893432,-3.54846333577,19
"372",-0.758575759001192,-3.54846333577,19
"373",-0.420791319068059,-3.54846333577,19
"374",-0.0830068791349259,-3.54846333577,19
"375",0.254777560798207,-3.54846333577,19
"376",0.592562000731339,-3.54846333577,19
"377",0.930346440664472,-3.54846333577,19
"378",1.2681308805976,-3.54846333577,19
"379",1.60591532053074,-3.54846333577,19
"380",1.94369976046387,-3.54846333577,19
"381",-4.47420459826565,-0.691320478627142,20
"382",-4.13642015833252,-0.691320478627142,20
"383",-3.79863571839939,-0.691320478627142,20
"384",-3.46085127846625,-0.691320478627142,20
"385",-3.12306683853312,-0.834177621484285,20
"386",-2.78528239859999,-1.11989190719857,20
"387",-2.44749795866686,-1.40560619291286,20
"388",-2.10971351873372,-1.54846333577,20
"389",-1.77192907880059,-3.54846333577,20
"390",-1.43414463886746,-3.54846333577,20
"391",-1.09636019893432,-3.54846333577,20
"392",-0.758575759001192,-3.54846333577,20
"393",-0.420791319068059,-3.54846333577,20
"394",-0.0830068791349259,-3.54846333577,20
"395",0.254777560798207,-3.54846333577,20
"396",0.592562000731339,-3.54846333577,20
"397",0.930346440664472,-3.54846333577,20
"398",1.2681308805976,-3.54846333577,20
"399",1.60591532053074,-3.54846333577,20
"400",1.94369976046387,-3.54846333577,20
"401",-4.47420459826565,-0.691320478627142,21
"402",-4.13642015833252,-0.691320478627142,21
"403",-3.79863571839939,-0.691320478627142,21
"404",-3.46085127846625,-0.691320478627142,21
"405",-3.12306683853312,-0.691320478627142,21
"406",-2.78528239859999,-0.691320478627142,21
"407",-2.44749795866686,-0.691320478627142,21
"408",-2.10971351873372,-1.97703476434143,21
"409",-1.77192907880059,-2.40560619291286,21
"410",-1.43414463886746,-2.54846333577,21
"411",-1.09636019893432,-2.69132047862714,21
"412",-0.758575759001192,-2.83417762148428,21
"413",-0.420791319068059,-2.97703476434143,21
"414",-0.0830068791349259,-3.11989190719857,21
"415",0.254777560798207,-3.40560619291286,21
"416",0.592562000731339,-3.40560619291286,21
"417",0.930346440664472,-3.54846333577,21
"418",1.2681308805976,-3.54846333577,21
"419",1.60591532053074,-3.54846333577,21
"420",1.94369976046387,-3.54846333577,21
"421",-4.47420459826565,-0.691320478627142,22
"422",-4.13642015833252,-0.691320478627142,22
"423",-3.79863571839939,-0.691320478627142,22
"424",-3.46085127846625,-0.691320478627142,22
"425",-3.12306683853312,-0.691320478627142,22
"426",-2.78528239859999,-0.691320478627142,22
"427",-2.44749795866686,-0.834177621484285,22
"428",-2.10971351873372,-3.54846333577,22
"429",-1.77192907880059,-3.54846333577,22
"430",-1.43414463886746,-3.54846333577,22
"431",-1.09636019893432,-3.54846333577,22
"432",-0.758575759001192,-3.54846333577,22
"433",-0.420791319068059,-3.54846333577,22
"434",-0.0830068791349259,-3.54846333577,22
"435",0.254777560798207,-3.54846333577,22
"436",0.592562000731339,-3.54846333577,22
"437",0.930346440664472,-3.54846333577,22
"438",1.2681308805976,-3.54846333577,22
"439",1.60591532053074,-3.54846333577,22
"440",1.94369976046387,-3.54846333577,22
"441",-4.47420459826565,-0.691320478627142,23
"442",-4.13642015833252,-0.691320478627142,23
"443",-3.79863571839939,-0.691320478627142,23
"444",-3.46085127846625,-0.691320478627142,23
"445",-3.12306683853312,-0.691320478627142,23
"446",-2.78528239859999,-0.691320478627142,23
"447",-2.44749795866686,-0.977034764341428,23
"448",-2.10971351873372,-1.83417762148428,23
"449",-1.77192907880059,-2.11989190719857,23
"450",-1.43414463886746,-2.26274905005571,23
"451",-1.09636019893432,-2.40560619291286,23
"452",-0.758575759001192,-2.54846333577,23
"453",-0.420791319068059,-2.69132047862714,23
"454",-0.0830068791349259,-2.97703476434143,23
"455",0.254777560798207,-3.11989190719857,23
"456",0.592562000731339,-3.11989190719857,23
"457",0.930346440664472,-3.26274905005571,23
"458",1.2681308805976,-3.26274905005571,23
"459",1.60591532053074,-3.26274905005571,23
"460",1.94369976046387,-3.26274905005571,23
"461",-4.47420459826565,-0.691320478627142,24
"462",-4.13642015833252,-0.691320478627142,24
"463",-3.79863571839939,-0.691320478627142,24
"464",-3.46085127846625,-0.691320478627142,24
"465",-3.12306683853312,-0.977034764341428,24
"466",-2.78528239859999,-1.11989190719857,24
"467",-2.44749795866686,-1.40560619291286,24
"468",-2.10971351873372,-1.54846333577,24
"469",-1.77192907880059,-1.83417762148428,24
"470",-1.43414463886746,-1.97703476434143,24
"471",-1.09636019893432,-2.11989190719857,24
"472",-0.758575759001192,-2.26274905005571,24
"473",-0.420791319068059,-2.40560619291286,24
"474",-0.0830068791349259,-2.69132047862714,24
"475",0.254777560798207,-2.83417762148428,24
"476",0.592562000731339,-2.97703476434143,24
"477",0.930346440664472,-3.11989190719857,24
"478",1.2681308805976,-3.11989190719857,24
"479",1.60591532053074,-3.11989190719857,24
"480",1.94369976046387,-3.11989190719857,24
"481",-4.47420459826565,-0.691320478627142,25
"482",-4.13642015833252,-0.691320478627142,25
"483",-3.79863571839939,-0.691320478627142,25
"484",-3.46085127846625,-0.691320478627142,25
"485",-3.12306683853312,-0.691320478627142,25
"486",-2.78528239859999,-0.691320478627142,25
"487",-2.44749795866686,-1.11989190719857,25
"488",-2.10971351873372,-1.97703476434143,25
"489",-1.77192907880059,-2.40560619291286,25
"490",-1.43414463886746,-2.97703476434143,25
"491",-1.09636019893432,-3.26274905005571,25
"492",-0.758575759001192,-3.54846333577,25
"493",-0.420791319068059,-3.54846333577,25
"494",-0.0830068791349259,-3.54846333577,25
"495",0.254777560798207,-3.54846333577,25
"496",0.592562000731339,-3.54846333577,25
"497",0.930346440664472,-3.54846333577,25
"498",1.2681308805976,-3.54846333577,25
"499",1.60591532053074,-3.54846333577,25
"500",1.94369976046387,-3.54846333577,25
"501",-4.47420459826565,-0.691320478627142,26
"502",-4.13642015833252,-0.691320478627142,26
"503",-3.79863571839939,-0.691320478627142,26
"504",-3.46085127846625,-0.691320478627142,26
"505",-3.12306683853312,-0.691320478627142,26
"506",-2.78528239859999,-0.691320478627142,26
"507",-2.44749795866686,-1.11989190719857,26
"508",-2.10971351873372,-1.83417762148428,26
"509",-1.77192907880059,-2.40560619291286,26
"510",-1.43414463886746,-2.69132047862714,26
"511",-1.09636019893432,-2.97703476434143,26
"512",-0.758575759001192,-3.26274905005571,26
"513",-0.420791319068059,-3.40560619291286,26
"514",-0.0830068791349259,-3.40560619291286,26
"515",0.254777560798207,-3.40560619291286,26
"516",0.592562000731339,-3.54846333577,26
"517",0.930346440664472,-3.54846333577,26
"518",1.2681308805976,-3.54846333577,26
"519",1.60591532053074,-3.54846333577,26
"520",1.94369976046387,-3.54846333577,26
"521",-4.47420459826565,-0.691320478627142,27
"522",-4.13642015833252,-0.691320478627142,27
"523",-3.79863571839939,-0.691320478627142,27
"524",-3.46085127846625,-0.691320478627142,27
"525",-3.12306683853312,-0.691320478627142,27
"526",-2.78528239859999,-0.691320478627142,27
"527",-2.44749795866686,-0.691320478627142,27
"528",-2.10971351873372,-2.11989190719857,27
"529",-1.77192907880059,-2.69132047862714,27
"530",-1.43414463886746,-2.97703476434143,27
"531",-1.09636019893432,-3.11989190719857,27
"532",-0.758575759001192,-3.26274905005571,27
"533",-0.420791319068059,-3.26274905005571,27
"534",-0.0830068791349259,-3.26274905005571,27
"535",0.254777560798207,-3.26274905005571,27
"536",0.592562000731339,-3.26274905005571,27
"537",0.930346440664472,-3.26274905005571,27
"538",1.2681308805976,-3.26274905005571,27
"539",1.60591532053074,-3.26274905005571,27
"540",1.94369976046387,-3.26274905005571,27
"541",-4.47420459826565,-0.834177621484285,28
"542",-4.13642015833252,-0.834177621484285,28
"543",-3.79863571839939,-0.834177621484285,28
"544",-3.46085127846625,-0.834177621484285,28
"545",-3.12306683853312,-0.977034764341428,28
"546",-2.78528239859999,-1.11989190719857,28
"547",-2.44749795866686,-1.40560619291286,28
"548",-2.10971351873372,-1.97703476434143,28
"549",-1.77192907880059,-3.40560619291286,28
"550",-1.43414463886746,-3.54846333577,28
"551",-1.09636019893432,-3.54846333577,28
"552",-0.758575759001192,-3.54846333577,28
"553",-0.420791319068059,-3.54846333577,28
"554",-0.0830068791349259,-3.54846333577,28
"555",0.254777560798207,-3.54846333577,28
"556",0.592562000731339,-3.54846333577,28
"557",0.930346440664472,-3.54846333577,28
"558",1.2681308805976,-3.54846333577,28
"559",1.60591532053074,-3.54846333577,28
"560",1.94369976046387,-3.54846333577,28
"561",-4.47420459826565,-0.691320478627142,29
"562",-4.13642015833252,-0.691320478627142,29
"563",-3.79863571839939,-0.691320478627142,29
"564",-3.46085127846625,-0.691320478627142,29
"565",-3.12306683853312,-0.691320478627142,29
"566",-2.78528239859999,-0.691320478627142,29
"567",-2.44749795866686,-0.834177621484285,29
"568",-2.10971351873372,-2.40560619291286,29
"569",-1.77192907880059,-3.40560619291286,29
"570",-1.43414463886746,-3.54846333577,29
"571",-1.09636019893432,-3.54846333577,29
"572",-0.758575759001192,-3.54846333577,29
"573",-0.420791319068059,-3.54846333577,29
"574",-0.0830068791349259,-3.54846333577,29
"575",0.254777560798207,-3.54846333577,29
"576",0.592562000731339,-3.54846333577,29
"577",0.930346440664472,-3.54846333577,29
"578",1.2681308805976,-3.54846333577,29
"579",1.60591532053074,-3.54846333577,29
"580",1.94369976046387,-3.54846333577,29
"581",-4.47420459826565,-0.691320478627142,30
"582",-4.13642015833252,-0.691320478627142,30
"583",-3.79863571839939,-0.691320478627142,30
"584",-3.46085127846625,-0.691320478627142,30
"585",-3.12306683853312,-0.691320478627142,30
"586",-2.78528239859999,-0.691320478627142,30
"587",-2.44749795866686,-0.691320478627142,30
"588",-2.10971351873372,-2.69132047862714,30
"589",-1.77192907880059,-3.54846333577,30
"590",-1.43414463886746,-3.54846333577,30
"591",-1.09636019893432,-3.54846333577,30
"592",-0.758575759001192,-3.54846333577,30
"593",-0.420791319068059,-3.54846333577,30
"594",-0.0830068791349259,-3.54846333577,30
"595",0.254777560798207,-3.54846333577,30
"596",0.592562000731339,-3.54846333577,30
"597",0.930346440664472,-3.54846333577,30
"598",1.2681308805976,-3.54846333577,30
"599",1.60591532053074,-3.54846333577,30
"600",1.94369976046387,-3.54846333577,30
"601",-4.47420459826565,-0.691320478627142,31
"602",-4.13642015833252,-0.691320478627142,31
"603",-3.79863571839939,-0.691320478627142,31
"604",-3.46085127846625,-0.691320478627142,31
"605",-3.12306683853312,-0.691320478627142,31
"606",-2.78528239859999,-0.691320478627142,31
"607",-2.44749795866686,-1.11989190719857,31
"608",-2.10971351873372,-2.11989190719857,31
"609",-1.77192907880059,-2.69132047862714,31
"610",-1.43414463886746,-3.26274905005571,31
"611",-1.09636019893432,-3.54846333577,31
"612",-0.758575759001192,-3.54846333577,31
"613",-0.420791319068059,-3.54846333577,31
"614",-0.0830068791349259,-3.54846333577,31
"615",0.254777560798207,-3.54846333577,31
"616",0.592562000731339,-3.54846333577,31
"617",0.930346440664472,-3.54846333577,31
"618",1.2681308805976,-3.54846333577,31
"619",1.60591532053074,-3.54846333577,31
"620",1.94369976046387,-3.54846333577,31
"621",-4.47420459826565,-0.691320478627142,32
"622",-4.13642015833252,-0.691320478627142,32
"623",-3.79863571839939,-0.691320478627142,32
"624",-3.46085127846625,-0.691320478627142,32
"625",-3.12306683853312,-0.691320478627142,32
"626",-2.78528239859999,-0.691320478627142,32
"627",-2.44749795866686,-0.691320478627142,32
"628",-2.10971351873372,-1.97703476434143,32
"629",-1.77192907880059,-2.40560619291286,32
"630",-1.43414463886746,-2.69132047862714,32
"631",-1.09636019893432,-2.83417762148428,32
"632",-0.758575759001192,-3.11989190719857,32
"633",-0.420791319068059,-3.26274905005571,32
"634",-0.0830068791349259,-3.40560619291286,32
"635",0.254777560798207,-3.40560619291286,32
"636",0.592562000731339,-3.40560619291286,32
"637",0.930346440664472,-3.40560619291286,32
"638",1.2681308805976,-3.40560619291286,32
"639",1.60591532053074,-3.40560619291286,32
"640",1.94369976046387,-3.40560619291286,32
"641",-4.47420459826565,-0.691320478627142,33
"642",-4.13642015833252,-0.691320478627142,33
"643",-3.79863571839939,-0.691320478627142,33
"644",-3.46085127846625,-0.691320478627142,33
"645",-3.12306683853312,-0.691320478627142,33
"646",-2.78528239859999,-0.977034764341428,33
"647",-2.44749795866686,-1.26274905005571,33
"648",-2.10971351873372,-1.69132047862714,33
"649",-1.77192907880059,-2.11989190719857,33
"650",-1.43414463886746,-2.40560619291286,33
"651",-1.09636019893432,-2.54846333577,33
"652",-0.758575759001192,-2.69132047862714,33
"653",-0.420791319068059,-3.11989190719857,33
"654",-0.0830068791349259,-3.54846333577,33
"655",0.254777560798207,-3.54846333577,33
"656",0.592562000731339,-3.54846333577,33
"657",0.930346440664472,-3.54846333577,33
"658",1.2681308805976,-3.54846333577,33
"659",1.60591532053074,-3.54846333577,33
"660",1.94369976046387,-3.54846333577,33
"661",-4.47420459826565,-0.691320478627142,34
"662",-4.13642015833252,-0.691320478627142,34
"663",-3.79863571839939,-0.691320478627142,34
"664",-3.46085127846625,-0.691320478627142,34
"665",-3.12306683853312,-0.691320478627142,34
"666",-2.78528239859999,-0.691320478627142,34
"667",-2.44749795866686,-0.834177621484285,34
"668",-2.10971351873372,-3.54846333577,34
"669",-1.77192907880059,-3.54846333577,34
"670",-1.43414463886746,-3.54846333577,34
"671",-1.09636019893432,-3.54846333577,34
"672",-0.758575759001192,-3.54846333577,34
"673",-0.420791319068059,-3.54846333577,34
"674",-0.0830068791349259,-3.54846333577,34
"675",0.254777560798207,-3.54846333577,34
"676",0.592562000731339,-3.54846333577,34
"677",0.930346440664472,-3.54846333577,34
"678",1.2681308805976,-3.54846333577,34
"679",1.60591532053074,-3.54846333577,34
"680",1.94369976046387,-3.54846333577,34
"681",-4.47420459826565,-0.691320478627142,35
"682",-4.13642015833252,-0.691320478627142,35
"683",-3.79863571839939,-0.691320478627142,35
"684",-3.46085127846625,-0.691320478627142,35
"685",-3.12306683853312,-0.691320478627142,35
"686",-2.78528239859999,-0.691320478627142,35
"687",-2.44749795866686,-0.834177621484285,35
"688",-2.10971351873372,-2.40560619291286,35
"689",-1.77192907880059,-2.97703476434143,35
"690",-1.43414463886746,-3.40560619291286,35
"691",-1.09636019893432,-3.54846333577,35
"692",-0.758575759001192,-3.54846333577,35
"693",-0.420791319068059,-3.54846333577,35
"694",-0.0830068791349259,-3.54846333577,35
"695",0.254777560798207,-3.54846333577,35
"696",0.592562000731339,-3.54846333577,35
"697",0.930346440664472,-3.54846333577,35
"698",1.2681308805976,-3.54846333577,35
"699",1.60591532053074,-3.54846333577,35
"700",1.94369976046387,-3.54846333577,35
"701",-4.47420459826565,-0.691320478627142,36
"702",-4.13642015833252,-0.691320478627142,36
"703",-3.79863571839939,-0.691320478627142,36
"704",-3.46085127846625,-0.691320478627142,36
"705",-3.12306683853312,-0.691320478627142,36
"706",-2.78528239859999,-0.691320478627142,36
"707",-2.44749795866686,-1.11989190719857,36
"708",-2.10971351873372,-1.83417762148428,36
"709",-1.77192907880059,-2.26274905005571,36
"710",-1.43414463886746,-2.54846333577,36
"711",-1.09636019893432,-2.83417762148428,36
"712",-0.758575759001192,-3.11989190719857,36
"713",-0.420791319068059,-3.54846333577,36
"714",-0.0830068791349259,-3.54846333577,36
"715",0.254777560798207,-3.54846333577,36
"716",0.592562000731339,-3.54846333577,36
"717",0.930346440664472,-3.54846333577,36
"718",1.2681308805976,-3.54846333577,36
"719",1.60591532053074,-3.54846333577,36
"720",1.94369976046387,-3.54846333577,36
"721",-4.47420459826565,-0.691320478627142,37
"722",-4.13642015833252,-0.691320478627142,37
"723",-3.79863571839939,-0.691320478627142,37
"724",-3.46085127846625,-0.691320478627142,37
"725",-3.12306683853312,-0.691320478627142,37
"726",-2.78528239859999,-0.691320478627142,37
"727",-2.44749795866686,-1.11989190719857,37
"728",-2.10971351873372,-1.83417762148428,37
"729",-1.77192907880059,-2.26274905005571,37
"730",-1.43414463886746,-2.69132047862714,37
"731",-1.09636019893432,-2.97703476434143,37
"732",-0.758575759001192,-3.26274905005571,37
"733",-0.420791319068059,-3.40560619291286,37
"734",-0.0830068791349259,-3.54846333577,37
"735",0.254777560798207,-3.54846333577,37
"736",0.592562000731339,-3.54846333577,37
"737",0.930346440664472,-3.54846333577,37
"738",1.2681308805976,-3.54846333577,37
"739",1.60591532053074,-3.54846333577,37
"740",1.94369976046387,-3.54846333577,37
"741",-4.47420459826565,-0.834177621484285,38
"742",-4.13642015833252,-0.977034764341428,38
"743",-3.79863571839939,-0.977034764341428,38
"744",-3.46085127846625,-1.11989190719857,38
"745",-3.12306683853312,-1.11989190719857,38
"746",-2.78528239859999,-1.26274905005571,38
"747",-2.44749795866686,-1.26274905005571,38
"748",-2.10971351873372,-1.97703476434143,38
"749",-1.77192907880059,-2.69132047862714,38
"750",-1.43414463886746,-2.97703476434143,38
"751",-1.09636019893432,-3.11989190719857,38
"752",-0.758575759001192,-3.11989190719857,38
"753",-0.420791319068059,-3.11989190719857,38
"754",-0.0830068791349259,-3.26274905005571,38
"755",0.254777560798207,-3.26274905005571,38
"756",0.592562000731339,-3.26274905005571,38
"757",0.930346440664472,-3.26274905005571,38
"758",1.2681308805976,-3.26274905005571,38
"759",1.60591532053074,-3.26274905005571,38
"760",1.94369976046387,-3.26274905005571,38
"761",-4.47420459826565,-1.40560619291286,39
"762",-4.13642015833252,-1.40560619291286,39
"763",-3.79863571839939,-1.40560619291286,39
"764",-3.46085127846625,-1.40560619291286,39
"765",-3.12306683853312,-1.40560619291286,39
"766",-2.78528239859999,-1.40560619291286,39
"767",-2.44749795866686,-1.40560619291286,39
"768",-2.10971351873372,-1.54846333577,39
"769",-1.77192907880059,-2.40560619291286,39
"770",-1.43414463886746,-3.11989190719857,39
"771",-1.09636019893432,-3.54846333577,39
"772",-0.758575759001192,-3.54846333577,39
"773",-0.420791319068059,-3.54846333577,39
"774",-0.0830068791349259,-3.54846333577,39
"775",0.254777560798207,-3.54846333577,39
"776",0.592562000731339,-3.54846333577,39
"777",0.930346440664472,-3.54846333577,39
"778",1.2681308805976,-3.54846333577,39
"779",1.60591532053074,-3.54846333577,39
"780",1.94369976046387,-3.54846333577,39
"781",-4.47420459826565,-0.691320478627142,40
"782",-4.13642015833252,-0.691320478627142,40
"783",-3.79863571839939,-0.691320478627142,40
"784",-3.46085127846625,-0.691320478627142,40
"785",-3.12306683853312,-0.691320478627142,40
"786",-2.78528239859999,-0.691320478627142,40
"787",-2.44749795866686,-0.691320478627142,40
"788",-2.10971351873372,-2.97703476434143,40
"789",-1.77192907880059,-3.54846333577,40
"790",-1.43414463886746,-3.54846333577,40
"791",-1.09636019893432,-3.54846333577,40
"792",-0.758575759001192,-3.54846333577,40
"793",-0.420791319068059,-3.54846333577,40
"794",-0.0830068791349259,-3.54846333577,40
"795",0.254777560798207,-3.54846333577,40
"796",0.592562000731339,-3.54846333577,40
"797",0.930346440664472,-3.54846333577,40
"798",1.2681308805976,-3.54846333577,40
"799",1.60591532053074,-3.54846333577,40
"800",1.94369976046387,-3.54846333577,40
"801",-4.47420459826565,-0.691320478627142,41
"802",-4.13642015833252,-0.691320478627142,41
"803",-3.79863571839939,-0.691320478627142,41
"804",-3.46085127846625,-0.691320478627142,41
"805",-3.12306683853312,-0.691320478627142,41
"806",-2.78528239859999,-0.834177621484285,41
"807",-2.44749795866686,-1.11989190719857,41
"808",-2.10971351873372,-1.97703476434143,41
"809",-1.77192907880059,-3.54846333577,41
"810",-1.43414463886746,-3.54846333577,41
"811",-1.09636019893432,-3.54846333577,41
"812",-0.758575759001192,-3.54846333577,41
"813",-0.420791319068059,-3.54846333577,41
"814",-0.0830068791349259,-3.54846333577,41
"815",0.254777560798207,-3.54846333577,41
"816",0.592562000731339,-3.54846333577,41
"817",0.930346440664472,-3.54846333577,41
"818",1.2681308805976,-3.54846333577,41
"819",1.60591532053074,-3.54846333577,41
"820",1.94369976046387,-3.54846333577,41
"821",-4.47420459826565,-0.691320478627142,42
"822",-4.13642015833252,-0.691320478627142,42
"823",-3.79863571839939,-0.691320478627142,42
"824",-3.46085127846625,-0.691320478627142,42
"825",-3.12306683853312,-0.691320478627142,42
"826",-2.78528239859999,-0.691320478627142,42
"827",-2.44749795866686,-0.691320478627142,42
"828",-2.10971351873372,-1.69132047862714,42
"829",-1.77192907880059,-1.69132047862714,42
"830",-1.43414463886746,-1.83417762148428,42
"831",-1.09636019893432,-2.11989190719857,42
"832",-0.758575759001192,-2.40560619291286,42
"833",-0.420791319068059,-2.69132047862714,42
"834",-0.0830068791349259,-2.97703476434143,42
"835",0.254777560798207,-3.11989190719857,42
"836",0.592562000731339,-3.11989190719857,42
"837",0.930346440664472,-3.11989190719857,42
"838",1.2681308805976,-3.11989190719857,42
"839",1.60591532053074,-3.11989190719857,42
"840",1.94369976046387,-3.11989190719857,42
"841",-4.47420459826565,-0.691320478627142,43
"842",-4.13642015833252,-0.834177621484285,43
"843",-3.79863571839939,-0.977034764341428,43
"844",-3.46085127846625,-1.11989190719857,43
"845",-3.12306683853312,-1.11989190719857,43
"846",-2.78528239859999,-1.26274905005571,43
"847",-2.44749795866686,-1.26274905005571,43
"848",-2.10971351873372,-2.11989190719857,43
"849",-1.77192907880059,-2.97703476434143,43
"850",-1.43414463886746,-3.54846333577,43
"851",-1.09636019893432,-3.54846333577,43
"852",-0.758575759001192,-3.54846333577,43
"853",-0.420791319068059,-3.54846333577,43
"854",-0.0830068791349259,-3.54846333577,43
"855",0.254777560798207,-3.54846333577,43
"856",0.592562000731339,-3.54846333577,43
"857",0.930346440664472,-3.54846333577,43
"858",1.2681308805976,-3.54846333577,43
"859",1.60591532053074,-3.54846333577,43
"860",1.94369976046387,-3.54846333577,43
"861",-4.47420459826565,-0.691320478627142,44
"862",-4.13642015833252,-0.691320478627142,44
"863",-3.79863571839939,-0.691320478627142,44
"864",-3.46085127846625,-0.691320478627142,44
"865",-3.12306683853312,-0.691320478627142,44
"866",-2.78528239859999,-0.691320478627142,44
"867",-2.44749795866686,-0.691320478627142,44
"868",-2.10971351873372,-3.54846333577,44
"869",-1.77192907880059,-3.54846333577,44
"870",-1.43414463886746,-3.54846333577,44
"871",-1.09636019893432,-3.54846333577,44
"872",-0.758575759001192,-3.54846333577,44
"873",-0.420791319068059,-3.54846333577,44
"874",-0.0830068791349259,-3.54846333577,44
"875",0.254777560798207,-3.54846333577,44
"876",0.592562000731339,-3.54846333577,44
"877",0.930346440664472,-3.54846333577,44
"878",1.2681308805976,-3.54846333577,44
"879",1.60591532053074,-3.54846333577,44
"880",1.94369976046387,-3.54846333577,44
"881",-4.47420459826565,-0.691320478627142,45
"882",-4.13642015833252,-0.691320478627142,45
"883",-3.79863571839939,-0.691320478627142,45
"884",-3.46085127846625,-0.691320478627142,45
"885",-3.12306683853312,-0.691320478627142,45
"886",-2.78528239859999,-0.691320478627142,45
"887",-2.44749795866686,-0.691320478627142,45
"888",-2.10971351873372,-3.54846333577,45
"889",-1.77192907880059,-3.54846333577,45
"890",-1.43414463886746,-3.54846333577,45
"891",-1.09636019893432,-3.54846333577,45
"892",-0.758575759001192,-3.54846333577,45
"893",-0.420791319068059,-3.54846333577,45
"894",-0.0830068791349259,-3.54846333577,45
"895",0.254777560798207,-3.54846333577,45
"896",0.592562000731339,-3.54846333577,45
"897",0.930346440664472,-3.54846333577,45
"898",1.2681308805976,-3.54846333577,45
"899",1.60591532053074,-3.54846333577,45
"900",1.94369976046387,-3.54846333577,45
"901",-4.47420459826565,-0.691320478627142,46
"902",-4.13642015833252,-0.691320478627142,46
"903",-3.79863571839939,-0.691320478627142,46
"904",-3.46085127846625,-0.691320478627142,46
"905",-3.12306683853312,-0.691320478627142,46
"906",-2.78528239859999,-0.691320478627142,46
"907",-2.44749795866686,-0.977034764341428,46
"908",-2.10971351873372,-1.97703476434143,46
"909",-1.77192907880059,-1.97703476434143,46
"910",-1.43414463886746,-2.11989190719857,46
"911",-1.09636019893432,-2.69132047862714,46
"912",-0.758575759001192,-3.11989190719857,46
"913",-0.420791319068059,-3.54846333577,46
"914",-0.0830068791349259,-3.54846333577,46
"915",0.254777560798207,-3.54846333577,46
"916",0.592562000731339,-3.54846333577,46
"917",0.930346440664472,-3.54846333577,46
"918",1.2681308805976,-3.54846333577,46
"919",1.60591532053074,-3.54846333577,46
"920",1.94369976046387,-3.54846333577,46
"921",-4.47420459826565,-0.691320478627142,47
"922",-4.13642015833252,-0.691320478627142,47
"923",-3.79863571839939,-0.691320478627142,47
"924",-3.46085127846625,-0.691320478627142,47
"925",-3.12306683853312,-1.11989190719857,47
"926",-2.78528239859999,-1.40560619291286,47
"927",-2.44749795866686,-1.40560619291286,47
"928",-2.10971351873372,-1.54846333577,47
"929",-1.77192907880059,-2.26274905005571,47
"930",-1.43414463886746,-2.97703476434143,47
"931",-1.09636019893432,-3.40560619291286,47
"932",-0.758575759001192,-3.54846333577,47
"933",-0.420791319068059,-3.54846333577,47
"934",-0.0830068791349259,-3.54846333577,47
"935",0.254777560798207,-3.54846333577,47
"936",0.592562000731339,-3.54846333577,47
"937",0.930346440664472,-3.54846333577,47
"938",1.2681308805976,-3.54846333577,47
"939",1.60591532053074,-3.54846333577,47
"940",1.94369976046387,-3.54846333577,47
"941",-4.47420459826565,-1.40560619291286,48
"942",-4.13642015833252,-1.40560619291286,48
"943",-3.79863571839939,-1.40560619291286,48
"944",-3.46085127846625,-1.40560619291286,48
"945",-3.12306683853312,-1.40560619291286,48
"946",-2.78528239859999,-1.40560619291286,48
"947",-2.44749795866686,-1.40560619291286,48
"948",-2.10971351873372,-1.54846333577,48
"949",-1.77192907880059,-1.97703476434143,48
"950",-1.43414463886746,-2.40560619291286,48
"951",-1.09636019893432,-2.69132047862714,48
"952",-0.758575759001192,-2.97703476434143,48
"953",-0.420791319068059,-3.11989190719857,48
"954",-0.0830068791349259,-3.26274905005571,48
"955",0.254777560798207,-3.40560619291286,48
"956",0.592562000731339,-3.40560619291286,48
"957",0.930346440664472,-3.54846333577,48
"958",1.2681308805976,-3.54846333577,48
"959",1.60591532053074,-3.54846333577,48
"960",1.94369976046387,-3.54846333577,48
"961",-4.47420459826565,-0.691320478627142,49
"962",-4.13642015833252,-0.691320478627142,49
"963",-3.79863571839939,-0.691320478627142,49
"964",-3.46085127846625,-0.691320478627142,49
"965",-3.12306683853312,-0.691320478627142,49
"966",-2.78528239859999,-0.691320478627142,49
"967",-2.44749795866686,-0.691320478627142,49
"968",-2.10971351873372,-2.40560619291286,49
"969",-1.77192907880059,-2.83417762148428,49
"970",-1.43414463886746,-3.11989190719857,49
"971",-1.09636019893432,-3.11989190719857,49
"972",-0.758575759001192,-3.26274905005571,49
"973",-0.420791319068059,-3.26274905005571,49
"974",-0.0830068791349259,-3.26274905005571,49
"975",0.254777560798207,-3.26274905005571,49
"976",0.592562000731339,-3.26274905005571,49
"977",0.930346440664472,-3.26274905005571,49
"978",1.2681308805976,-3.26274905005571,49
"979",1.60591532053074,-3.26274905005571,49
"980",1.94369976046387,-3.26274905005571,49
"981",-4.47420459826565,-0.691320478627142,50
"982",-4.13642015833252,-0.691320478627142,50
"983",-3.79863571839939,-0.691320478627142,50
"984",-3.46085127846625,-0.691320478627142,50
"985",-3.12306683853312,-0.691320478627142,50
"986",-2.78528239859999,-0.691320478627142,50
"987",-2.44749795866686,-0.691320478627142,50
"988",-2.10971351873372,-2.97703476434143,50
"989",-1.77192907880059,-3.54846333577,50
"990",-1.43414463886746,-3.54846333577,50
"991",-1.09636019893432,-3.54846333577,50
"992",-0.758575759001192,-3.54846333577,50
"993",-0.420791319068059,-3.54846333577,50
"994",-0.0830068791349259,-3.54846333577,50
"995",0.254777560798207,-3.54846333577,50
"996",0.592562000731339,-3.54846333577,50
"997",0.930346440664472,-3.54846333577,50
"998",1.2681308805976,-3.54846333577,50
"999",1.60591532053074,-3.54846333577,50
"1000",1.94369976046387,-3.54846333577,50
"1001",-4.47420459826565,-0.691320478627142,51
"1002",-4.13642015833252,-0.691320478627142,51
"1003",-3.79863571839939,-0.691320478627142,51
"1004",-3.46085127846625,-0.691320478627142,51
"1005",-3.12306683853312,-0.691320478627142,51
"1006",-2.78528239859999,-0.691320478627142,51
"1007",-2.44749795866686,-0.977034764341428,51
"1008",-2.10971351873372,-2.69132047862714,51
"1009",-1.77192907880059,-3.40560619291286,51
"1010",-1.43414463886746,-3.54846333577,51
"1011",-1.09636019893432,-3.54846333577,51
"1012",-0.758575759001192,-3.54846333577,51
"1013",-0.420791319068059,-3.54846333577,51
"1014",-0.0830068791349259,-3.54846333577,51
"1015",0.254777560798207,-3.54846333577,51
"1016",0.592562000731339,-3.54846333577,51
"1017",0.930346440664472,-3.54846333577,51
"1018",1.2681308805976,-3.54846333577,51
"1019",1.60591532053074,-3.54846333577,51
"1020",1.94369976046387,-3.54846333577,51
"1021",-4.47420459826565,-0.691320478627142,52
"1022",-4.13642015833252,-0.691320478627142,52
"1023",-3.79863571839939,-0.834177621484285,52
"1024",-3.46085127846625,-0.834177621484285,52
"1025",-3.12306683853312,-0.977034764341428,52
"1026",-2.78528239859999,-1.11989190719857,52
"1027",-2.44749795866686,-1.40560619291286,52
"1028",-2.10971351873372,-1.69132047862714,52
"1029",-1.77192907880059,-2.40560619291286,52
"1030",-1.43414463886746,-3.11989190719857,52
"1031",-1.09636019893432,-3.54846333577,52
"1032",-0.758575759001192,-3.54846333577,52
"1033",-0.420791319068059,-3.54846333577,52
"1034",-0.0830068791349259,-3.54846333577,52
"1035",0.254777560798207,-3.54846333577,52
"1036",0.592562000731339,-3.54846333577,52
"1037",0.930346440664472,-3.54846333577,52
"1038",1.2681308805976,-3.54846333577,52
"1039",1.60591532053074,-3.54846333577,52
"1040",1.94369976046387,-3.54846333577,52
"1041",-4.47420459826565,-0.691320478627142,53
"1042",-4.13642015833252,-0.691320478627142,53
"1043",-3.79863571839939,-0.691320478627142,53
"1044",-3.46085127846625,-0.691320478627142,53
"1045",-3.12306683853312,-0.691320478627142,53
"1046",-2.78528239859999,-0.691320478627142,53
"1047",-2.44749795866686,-1.26274905005571,53
"1048",-2.10971351873372,-1.69132047862714,53
"1049",-1.77192907880059,-1.83417762148428,53
"1050",-1.43414463886746,-1.97703476434143,53
"1051",-1.09636019893432,-2.26274905005571,53
"1052",-0.758575759001192,-2.54846333577,53
"1053",-0.420791319068059,-2.83417762148428,53
"1054",-0.0830068791349259,-3.11989190719857,53
"1055",0.254777560798207,-3.26274905005571,53
"1056",0.592562000731339,-3.40560619291286,53
"1057",0.930346440664472,-3.54846333577,53
"1058",1.2681308805976,-3.54846333577,53
"1059",1.60591532053074,-3.54846333577,53
"1060",1.94369976046387,-3.54846333577,53
"1061",-4.47420459826565,-0.691320478627142,54
"1062",-4.13642015833252,-0.834177621484285,54
"1063",-3.79863571839939,-0.977034764341428,54
"1064",-3.46085127846625,-1.11989190719857,54
"1065",-3.12306683853312,-1.11989190719857,54
"1066",-2.78528239859999,-1.26274905005571,54
"1067",-2.44749795866686,-1.40560619291286,54
"1068",-2.10971351873372,-1.69132047862714,54
"1069",-1.77192907880059,-2.26274905005571,54
"1070",-1.43414463886746,-2.83417762148428,54
"1071",-1.09636019893432,-3.26274905005571,54
"1072",-0.758575759001192,-3.54846333577,54
"1073",-0.420791319068059,-3.54846333577,54
"1074",-0.0830068791349259,-3.54846333577,54
"1075",0.254777560798207,-3.54846333577,54
"1076",0.592562000731339,-3.54846333577,54
"1077",0.930346440664472,-3.54846333577,54
"1078",1.2681308805976,-3.54846333577,54
"1079",1.60591532053074,-3.54846333577,54
"1080",1.94369976046387,-3.54846333577,54
"1081",-4.47420459826565,-0.691320478627142,55
"1082",-4.13642015833252,-0.691320478627142,55
"1083",-3.79863571839939,-0.691320478627142,55
"1084",-3.46085127846625,-0.691320478627142,55
"1085",-3.12306683853312,-0.691320478627142,55
"1086",-2.78528239859999,-0.691320478627142,55
"1087",-2.44749795866686,-0.691320478627142,55
"1088",-2.10971351873372,-2.11989190719857,55
"1089",-1.77192907880059,-2.83417762148428,55
"1090",-1.43414463886746,-3.11989190719857,55
"1091",-1.09636019893432,-3.40560619291286,55
"1092",-0.758575759001192,-3.40560619291286,55
"1093",-0.420791319068059,-3.54846333577,55
"1094",-0.0830068791349259,-3.54846333577,55
"1095",0.254777560798207,-3.54846333577,55
"1096",0.592562000731339,-3.54846333577,55
"1097",0.930346440664472,-3.54846333577,55
"1098",1.2681308805976,-3.54846333577,55
"1099",1.60591532053074,-3.54846333577,55
"1100",1.94369976046387,-3.54846333577,55
"1101",-4.47420459826565,-0.691320478627142,56
"1102",-4.13642015833252,-0.691320478627142,56
"1103",-3.79863571839939,-0.691320478627142,56
"1104",-3.46085127846625,-0.691320478627142,56
"1105",-3.12306683853312,-0.691320478627142,56
"1106",-2.78528239859999,-0.834177621484285,56
"1107",-2.44749795866686,-1.11989190719857,56
"1108",-2.10971351873372,-2.54846333577,56
"1109",-1.77192907880059,-3.54846333577,56
"1110",-1.43414463886746,-3.54846333577,56
"1111",-1.09636019893432,-3.54846333577,56
"1112",-0.758575759001192,-3.54846333577,56
"1113",-0.420791319068059,-3.54846333577,56
"1114",-0.0830068791349259,-3.54846333577,56
"1115",0.254777560798207,-3.54846333577,56
"1116",0.592562000731339,-3.54846333577,56
"1117",0.930346440664472,-3.54846333577,56
"1118",1.2681308805976,-3.54846333577,56
"1119",1.60591532053074,-3.54846333577,56
"1120",1.94369976046387,-3.54846333577,56
"1121",-4.47420459826565,-0.691320478627142,57
"1122",-4.13642015833252,-0.691320478627142,57
"1123",-3.79863571839939,-0.691320478627142,57
"1124",-3.46085127846625,-0.691320478627142,57
"1125",-3.12306683853312,-0.691320478627142,57
"1126",-2.78528239859999,-0.691320478627142,57
"1127",-2.44749795866686,-0.691320478627142,57
"1128",-2.10971351873372,-2.11989190719857,57
"1129",-1.77192907880059,-2.69132047862714,57
"1130",-1.43414463886746,-3.40560619291286,57
"1131",-1.09636019893432,-3.54846333577,57
"1132",-0.758575759001192,-3.54846333577,57
"1133",-0.420791319068059,-3.54846333577,57
"1134",-0.0830068791349259,-3.54846333577,57
"1135",0.254777560798207,-3.54846333577,57
"1136",0.592562000731339,-3.54846333577,57
"1137",0.930346440664472,-3.54846333577,57
"1138",1.2681308805976,-3.54846333577,57
"1139",1.60591532053074,-3.54846333577,57
"1140",1.94369976046387,-3.54846333577,57
"1141",-4.47420459826565,-1.26274905005571,58
"1142",-4.13642015833252,-1.26274905005571,58
"1143",-3.79863571839939,-1.26274905005571,58
"1144",-3.46085127846625,-1.26274905005571,58
"1145",-3.12306683853312,-1.26274905005571,58
"1146",-2.78528239859999,-1.26274905005571,58
"1147",-2.44749795866686,-1.40560619291286,58
"1148",-2.10971351873372,-2.83417762148428,58
"1149",-1.77192907880059,-3.54846333577,58
"1150",-1.43414463886746,-3.54846333577,58
"1151",-1.09636019893432,-3.54846333577,58
"1152",-0.758575759001192,-3.54846333577,58
"1153",-0.420791319068059,-3.54846333577,58
"1154",-0.0830068791349259,-3.54846333577,58
"1155",0.254777560798207,-3.54846333577,58
"1156",0.592562000731339,-3.54846333577,58
"1157",0.930346440664472,-3.54846333577,58
"1158",1.2681308805976,-3.54846333577,58
"1159",1.60591532053074,-3.54846333577,58
"1160",1.94369976046387,-3.54846333577,58
"1161",-4.47420459826565,-0.691320478627142,59
"1162",-4.13642015833252,-0.691320478627142,59
"1163",-3.79863571839939,-0.691320478627142,59
"1164",-3.46085127846625,-0.691320478627142,59
"1165",-3.12306683853312,-0.691320478627142,59
"1166",-2.78528239859999,-0.691320478627142,59
"1167",-2.44749795866686,-0.691320478627142,59
"1168",-2.10971351873372,-3.54846333577,59
"1169",-1.77192907880059,-3.54846333577,59
"1170",-1.43414463886746,-3.54846333577,59
"1171",-1.09636019893432,-3.54846333577,59
"1172",-0.758575759001192,-3.54846333577,59
"1173",-0.420791319068059,-3.54846333577,59
"1174",-0.0830068791349259,-3.54846333577,59
"1175",0.254777560798207,-3.54846333577,59
"1176",0.592562000731339,-3.54846333577,59
"1177",0.930346440664472,-3.54846333577,59
"1178",1.2681308805976,-3.54846333577,59
"1179",1.60591532053074,-3.54846333577,59
"1180",1.94369976046387,-3.54846333577,59
"1181",-4.47420459826565,-0.691320478627142,60
"1182",-4.13642015833252,-0.691320478627142,60
"1183",-3.79863571839939,-0.691320478627142,60
"1184",-3.46085127846625,-0.691320478627142,60
"1185",-3.12306683853312,-0.691320478627142,60
"1186",-2.78528239859999,-0.691320478627142,60
"1187",-2.44749795866686,-0.691320478627142,60
"1188",-2.10971351873372,-2.69132047862714,60
"1189",-1.77192907880059,-3.26274905005571,60
"1190",-1.43414463886746,-3.40560619291286,60
"1191",-1.09636019893432,-3.54846333577,60
"1192",-0.758575759001192,-3.54846333577,60
"1193",-0.420791319068059,-3.54846333577,60
"1194",-0.0830068791349259,-3.54846333577,60
"1195",0.254777560798207,-3.54846333577,60
"1196",0.592562000731339,-3.54846333577,60
"1197",0.930346440664472,-3.54846333577,60
"1198",1.2681308805976,-3.54846333577,60
"1199",1.60591532053074,-3.54846333577,60
"1200",1.94369976046387,-3.54846333577,60
"1201",-4.47420459826565,-0.834177621484285,61
"1202",-4.13642015833252,-0.834177621484285,61
"1203",-3.79863571839939,-0.834177621484285,61
"1204",-3.46085127846625,-0.834177621484285,61
"1205",-3.12306683853312,-0.834177621484285,61
"1206",-2.78528239859999,-0.977034764341428,61
"1207",-2.44749795866686,-1.26274905005571,61
"1208",-2.10971351873372,-3.54846333577,61
"1209",-1.77192907880059,-3.54846333577,61
"1210",-1.43414463886746,-3.54846333577,61
"1211",-1.09636019893432,-3.54846333577,61
"1212",-0.758575759001192,-3.54846333577,61
"1213",-0.420791319068059,-3.54846333577,61
"1214",-0.0830068791349259,-3.54846333577,61
"1215",0.254777560798207,-3.54846333577,61
"1216",0.592562000731339,-3.54846333577,61
"1217",0.930346440664472,-3.54846333577,61
"1218",1.2681308805976,-3.54846333577,61
"1219",1.60591532053074,-3.54846333577,61
"1220",1.94369976046387,-3.54846333577,61
"1221",-4.47420459826565,-0.691320478627142,62
"1222",-4.13642015833252,-0.691320478627142,62
"1223",-3.79863571839939,-0.691320478627142,62
"1224",-3.46085127846625,-0.691320478627142,62
"1225",-3.12306683853312,-0.691320478627142,62
"1226",-2.78528239859999,-0.691320478627142,62
"1227",-2.44749795866686,-0.691320478627142,62
"1228",-2.10971351873372,-2.69132047862714,62
"1229",-1.77192907880059,-2.83417762148428,62
"1230",-1.43414463886746,-2.97703476434143,62
"1231",-1.09636019893432,-3.11989190719857,62
"1232",-0.758575759001192,-3.54846333577,62
"1233",-0.420791319068059,-3.54846333577,62
"1234",-0.0830068791349259,-3.54846333577,62
"1235",0.254777560798207,-3.54846333577,62
"1236",0.592562000731339,-3.54846333577,62
"1237",0.930346440664472,-3.54846333577,62
"1238",1.2681308805976,-3.54846333577,62
"1239",1.60591532053074,-3.54846333577,62
"1240",1.94369976046387,-3.54846333577,62
"1241",-4.47420459826565,-0.691320478627142,63
"1242",-4.13642015833252,-0.691320478627142,63
"1243",-3.79863571839939,-0.691320478627142,63
"1244",-3.46085127846625,-0.691320478627142,63
"1245",-3.12306683853312,-0.691320478627142,63
"1246",-2.78528239859999,-0.691320478627142,63
"1247",-2.44749795866686,-0.691320478627142,63
"1248",-2.10971351873372,-2.26274905005571,63
"1249",-1.77192907880059,-3.11989190719857,63
"1250",-1.43414463886746,-3.40560619291286,63
"1251",-1.09636019893432,-3.54846333577,63
"1252",-0.758575759001192,-3.54846333577,63
"1253",-0.420791319068059,-3.54846333577,63
"1254",-0.0830068791349259,-3.54846333577,63
"1255",0.254777560798207,-3.54846333577,63
"1256",0.592562000731339,-3.54846333577,63
"1257",0.930346440664472,-3.54846333577,63
"1258",1.2681308805976,-3.54846333577,63
"1259",1.60591532053074,-3.54846333577,63
"1260",1.94369976046387,-3.54846333577,63
"1261",-4.47420459826565,-0.691320478627142,64
"1262",-4.13642015833252,-0.691320478627142,64
"1263",-3.79863571839939,-0.691320478627142,64
"1264",-3.46085127846625,-0.691320478627142,64
"1265",-3.12306683853312,-0.691320478627142,64
"1266",-2.78528239859999,-0.691320478627142,64
"1267",-2.44749795866686,-0.691320478627142,64
"1268",-2.10971351873372,-2.69132047862714,64
"1269",-1.77192907880059,-3.54846333577,64
"1270",-1.43414463886746,-3.54846333577,64
"1271",-1.09636019893432,-3.54846333577,64
"1272",-0.758575759001192,-3.54846333577,64
"1273",-0.420791319068059,-3.54846333577,64
"1274",-0.0830068791349259,-3.54846333577,64
"1275",0.254777560798207,-3.54846333577,64
"1276",0.592562000731339,-3.54846333577,64
"1277",0.930346440664472,-3.54846333577,64
"1278",1.2681308805976,-3.54846333577,64
"1279",1.60591532053074,-3.54846333577,64
"1280",1.94369976046387,-3.54846333577,64
"1281",-4.47420459826565,-0.977034764341428,65
"1282",-4.13642015833252,-1.11989190719857,65
"1283",-3.79863571839939,-1.11989190719857,65
"1284",-3.46085127846625,-1.11989190719857,65
"1285",-3.12306683853312,-1.26274905005571,65
"1286",-2.78528239859999,-1.26274905005571,65
"1287",-2.44749795866686,-1.40560619291286,65
"1288",-2.10971351873372,-2.40560619291286,65
"1289",-1.77192907880059,-2.97703476434143,65
"1290",-1.43414463886746,-3.26274905005571,65
"1291",-1.09636019893432,-3.54846333577,65
"1292",-0.758575759001192,-3.54846333577,65
"1293",-0.420791319068059,-3.54846333577,65
"1294",-0.0830068791349259,-3.54846333577,65
"1295",0.254777560798207,-3.54846333577,65
"1296",0.592562000731339,-3.54846333577,65
"1297",0.930346440664472,-3.54846333577,65
"1298",1.2681308805976,-3.54846333577,65
"1299",1.60591532053074,-3.54846333577,65
"1300",1.94369976046387,-3.54846333577,65
"1301",-4.47420459826565,-0.691320478627142,66
"1302",-4.13642015833252,-0.691320478627142,66
"1303",-3.79863571839939,-0.691320478627142,66
"1304",-3.46085127846625,-0.691320478627142,66
"1305",-3.12306683853312,-0.691320478627142,66
"1306",-2.78528239859999,-0.691320478627142,66
"1307",-2.44749795866686,-1.11989190719857,66
"1308",-2.10971351873372,-2.11989190719857,66
"1309",-1.77192907880059,-2.83417762148428,66
"1310",-1.43414463886746,-3.26274905005571,66
"1311",-1.09636019893432,-3.54846333577,66
"1312",-0.758575759001192,-3.54846333577,66
"1313",-0.420791319068059,-3.54846333577,66
"1314",-0.0830068791349259,-3.54846333577,66
"1315",0.254777560798207,-3.54846333577,66
"1316",0.592562000731339,-3.54846333577,66
"1317",0.930346440664472,-3.54846333577,66
"1318",1.2681308805976,-3.54846333577,66
"1319",1.60591532053074,-3.54846333577,66
"1320",1.94369976046387,-3.54846333577,66
"1321",-4.47420459826565,-0.691320478627142,67
"1322",-4.13642015833252,-0.977034764341428,67
"1323",-3.79863571839939,-1.26274905005571,67
"1324",-3.46085127846625,-1.40560619291286,67
"1325",-3.12306683853312,-1.40560619291286,67
"1326",-2.78528239859999,-1.40560619291286,67
"1327",-2.44749795866686,-1.40560619291286,67
"1328",-2.10971351873372,-1.54846333577,67
"1329",-1.77192907880059,-1.54846333577,67
"1330",-1.43414463886746,-1.54846333577,67
"1331",-1.09636019893432,-1.69132047862714,67
"1332",-0.758575759001192,-2.40560619291286,67
"1333",-0.420791319068059,-2.54846333577,67
"1334",-0.0830068791349259,-2.69132047862714,67
"1335",0.254777560798207,-2.69132047862714,67
"1336",0.592562000731339,-2.69132047862714,67
"1337",0.930346440664472,-2.69132047862714,67
"1338",1.2681308805976,-2.69132047862714,67
"1339",1.60591532053074,-2.69132047862714,67
"1340",1.94369976046387,-2.69132047862714,67
"1341",-4.47420459826565,-0.834177621484285,68
"1342",-4.13642015833252,-0.834177621484285,68
"1343",-3.79863571839939,-0.977034764341428,68
"1344",-3.46085127846625,-0.977034764341428,68
"1345",-3.12306683853312,-1.11989190719857,68
"1346",-2.78528239859999,-1.11989190719857,68
"1347",-2.44749795866686,-1.26274905005571,68
"1348",-2.10971351873372,-2.40560619291286,68
"1349",-1.77192907880059,-3.11989190719857,68
"1350",-1.43414463886746,-3.40560619291286,68
"1351",-1.09636019893432,-3.54846333577,68
"1352",-0.758575759001192,-3.54846333577,68
"1353",-0.420791319068059,-3.54846333577,68
"1354",-0.0830068791349259,-3.54846333577,68
"1355",0.254777560798207,-3.54846333577,68
"1356",0.592562000731339,-3.54846333577,68
"1357",0.930346440664472,-3.54846333577,68
"1358",1.2681308805976,-3.54846333577,68
"1359",1.60591532053074,-3.54846333577,68
"1360",1.94369976046387,-3.54846333577,68
"1361",-4.47420459826565,-0.691320478627142,69
"1362",-4.13642015833252,-0.691320478627142,69
"1363",-3.79863571839939,-0.691320478627142,69
"1364",-3.46085127846625,-1.11989190719857,69
"1365",-3.12306683853312,-1.26274905005571,69
"1366",-2.78528239859999,-1.40560619291286,69
"1367",-2.44749795866686,-1.40560619291286,69
"1368",-2.10971351873372,-1.69132047862714,69
"1369",-1.77192907880059,-2.54846333577,69
"1370",-1.43414463886746,-3.54846333577,69
"1371",-1.09636019893432,-3.54846333577,69
"1372",-0.758575759001192,-3.54846333577,69
"1373",-0.420791319068059,-3.54846333577,69
"1374",-0.0830068791349259,-3.54846333577,69
"1375",0.254777560798207,-3.54846333577,69
"1376",0.592562000731339,-3.54846333577,69
"1377",0.930346440664472,-3.54846333577,69
"1378",1.2681308805976,-3.54846333577,69
"1379",1.60591532053074,-3.54846333577,69
"1380",1.94369976046387,-3.54846333577,69
"1381",-4.47420459826565,-0.691320478627142,70
"1382",-4.13642015833252,-0.691320478627142,70
"1383",-3.79863571839939,-0.691320478627142,70
"1384",-3.46085127846625,-0.691320478627142,70
"1385",-3.12306683853312,-0.691320478627142,70
"1386",-2.78528239859999,-0.691320478627142,70
"1387",-2.44749795866686,-0.691320478627142,70
"1388",-2.10971351873372,-2.11989190719857,70
"1389",-1.77192907880059,-2.69132047862714,70
"1390",-1.43414463886746,-3.40560619291286,70
"1391",-1.09636019893432,-3.54846333577,70
"1392",-0.758575759001192,-3.54846333577,70
"1393",-0.420791319068059,-3.54846333577,70
"1394",-0.0830068791349259,-3.54846333577,70
"1395",0.254777560798207,-3.54846333577,70
"1396",0.592562000731339,-3.54846333577,70
"1397",0.930346440664472,-3.54846333577,70
"1398",1.2681308805976,-3.54846333577,70
"1399",1.60591532053074,-3.54846333577,70
"1400",1.94369976046387,-3.54846333577,70
"1401",-4.47420459826565,-0.691320478627142,71
"1402",-4.13642015833252,-0.834177621484285,71
"1403",-3.79863571839939,-0.977034764341428,71
"1404",-3.46085127846625,-1.11989190719857,71
"1405",-3.12306683853312,-1.26274905005571,71
"1406",-2.78528239859999,-1.40560619291286,71
"1407",-2.44749795866686,-1.40560619291286,71
"1408",-2.10971351873372,-1.54846333577,71
"1409",-1.77192907880059,-1.97703476434143,71
"1410",-1.43414463886746,-2.54846333577,71
"1411",-1.09636019893432,-2.97703476434143,71
"1412",-0.758575759001192,-3.26274905005571,71
"1413",-0.420791319068059,-3.54846333577,71
"1414",-0.0830068791349259,-3.54846333577,71
"1415",0.254777560798207,-3.54846333577,71
"1416",0.592562000731339,-3.54846333577,71
"1417",0.930346440664472,-3.54846333577,71
"1418",1.2681308805976,-3.54846333577,71
"1419",1.60591532053074,-3.54846333577,71
"1420",1.94369976046387,-3.54846333577,71
"1421",-4.47420459826565,-0.691320478627142,72
"1422",-4.13642015833252,-0.691320478627142,72
"1423",-3.79863571839939,-0.691320478627142,72
"1424",-3.46085127846625,-0.691320478627142,72
"1425",-3.12306683853312,-0.834177621484285,72
"1426",-2.78528239859999,-0.977034764341428,72
"1427",-2.44749795866686,-1.26274905005571,72
"1428",-2.10971351873372,-2.69132047862714,72
"1429",-1.77192907880059,-3.54846333577,72
"1430",-1.43414463886746,-3.54846333577,72
"1431",-1.09636019893432,-3.54846333577,72
"1432",-0.758575759001192,-3.54846333577,72
"1433",-0.420791319068059,-3.54846333577,72
"1434",-0.0830068791349259,-3.54846333577,72
"1435",0.254777560798207,-3.54846333577,72
"1436",0.592562000731339,-3.54846333577,72
"1437",0.930346440664472,-3.54846333577,72
"1438",1.2681308805976,-3.54846333577,72
"1439",1.60591532053074,-3.54846333577,72
"1440",1.94369976046387,-3.54846333577,72
"1441",-4.47420459826565,-0.691320478627142,73
"1442",-4.13642015833252,-0.691320478627142,73
"1443",-3.79863571839939,-0.691320478627142,73
"1444",-3.46085127846625,-0.691320478627142,73
"1445",-3.12306683853312,-0.691320478627142,73
"1446",-2.78528239859999,-0.691320478627142,73
"1447",-2.44749795866686,-1.11989190719857,73
"1448",-2.10971351873372,-1.83417762148428,73
"1449",-1.77192907880059,-2.11989190719857,73
"1450",-1.43414463886746,-2.26274905005571,73
"1451",-1.09636019893432,-2.54846333577,73
"1452",-0.758575759001192,-2.83417762148428,73
"1453",-0.420791319068059,-3.26274905005571,73
"1454",-0.0830068791349259,-3.54846333577,73
"1455",0.254777560798207,-3.54846333577,73
"1456",0.592562000731339,-3.54846333577,73
"1457",0.930346440664472,-3.54846333577,73
"1458",1.2681308805976,-3.54846333577,73
"1459",1.60591532053074,-3.54846333577,73
"1460",1.94369976046387,-3.54846333577,73
"1461",-4.47420459826565,-0.691320478627142,74
"1462",-4.13642015833252,-0.691320478627142,74
"1463",-3.79863571839939,-0.691320478627142,74
"1464",-3.46085127846625,-0.691320478627142,74
"1465",-3.12306683853312,-0.691320478627142,74
"1466",-2.78528239859999,-0.691320478627142,74
"1467",-2.44749795866686,-0.691320478627142,74
"1468",-2.10971351873372,-3.54846333577,74
"1469",-1.77192907880059,-3.54846333577,74
"1470",-1.43414463886746,-3.54846333577,74
"1471",-1.09636019893432,-3.54846333577,74
"1472",-0.758575759001192,-3.54846333577,74
"1473",-0.420791319068059,-3.54846333577,74
"1474",-0.0830068791349259,-3.54846333577,74
"1475",0.254777560798207,-3.54846333577,74
"1476",0.592562000731339,-3.54846333577,74
"1477",0.930346440664472,-3.54846333577,74
"1478",1.2681308805976,-3.54846333577,74
"1479",1.60591532053074,-3.54846333577,74
"1480",1.94369976046387,-3.54846333577,74
"1481",-4.47420459826565,-0.691320478627142,75
"1482",-4.13642015833252,-0.691320478627142,75
"1483",-3.79863571839939,-0.691320478627142,75
"1484",-3.46085127846625,-0.691320478627142,75
"1485",-3.12306683853312,-0.691320478627142,75
"1486",-2.78528239859999,-0.691320478627142,75
"1487",-2.44749795866686,-0.834177621484285,75
"1488",-2.10971351873372,-2.83417762148428,75
"1489",-1.77192907880059,-3.40560619291286,75
"1490",-1.43414463886746,-3.54846333577,75
"1491",-1.09636019893432,-3.54846333577,75
"1492",-0.758575759001192,-3.54846333577,75
"1493",-0.420791319068059,-3.54846333577,75
"1494",-0.0830068791349259,-3.54846333577,75
"1495",0.254777560798207,-3.54846333577,75
"1496",0.592562000731339,-3.54846333577,75
"1497",0.930346440664472,-3.54846333577,75
"1498",1.2681308805976,-3.54846333577,75
"1499",1.60591532053074,-3.54846333577,75
"1500",1.94369976046387,-3.54846333577,75
"1501",-4.47420459826565,-0.691320478627142,76
"1502",-4.13642015833252,-0.691320478627142,76
"1503",-3.79863571839939,-0.691320478627142,76
"1504",-3.46085127846625,-0.691320478627142,76
"1505",-3.12306683853312,-0.691320478627142,76
"1506",-2.78528239859999,-0.691320478627142,76
"1507",-2.44749795866686,-1.26274905005571,76
"1508",-2.10971351873372,-1.83417762148428,76
"1509",-1.77192907880059,-2.54846333577,76
"1510",-1.43414463886746,-2.83417762148428,76
"1511",-1.09636019893432,-3.40560619291286,76
"1512",-0.758575759001192,-3.54846333577,76
"1513",-0.420791319068059,-3.54846333577,76
"1514",-0.0830068791349259,-3.54846333577,76
"1515",0.254777560798207,-3.54846333577,76
"1516",0.592562000731339,-3.54846333577,76
"1517",0.930346440664472,-3.54846333577,76
"1518",1.2681308805976,-3.54846333577,76
"1519",1.60591532053074,-3.54846333577,76
"1520",1.94369976046387,-3.54846333577,76
"1521",-4.47420459826565,-0.691320478627142,77
"1522",-4.13642015833252,-0.691320478627142,77
"1523",-3.79863571839939,-0.691320478627142,77
"1524",-3.46085127846625,-0.691320478627142,77
"1525",-3.12306683853312,-0.691320478627142,77
"1526",-2.78528239859999,-0.691320478627142,77
"1527",-2.44749795866686,-0.691320478627142,77
"1528",-2.10971351873372,-2.11989190719857,77
"1529",-1.77192907880059,-2.40560619291286,77
"1530",-1.43414463886746,-2.54846333577,77
"1531",-1.09636019893432,-2.54846333577,77
"1532",-0.758575759001192,-2.54846333577,77
"1533",-0.420791319068059,-2.54846333577,77
"1534",-0.0830068791349259,-2.54846333577,77
"1535",0.254777560798207,-2.69132047862714,77
"1536",0.592562000731339,-2.69132047862714,77
"1537",0.930346440664472,-2.69132047862714,77
"1538",1.2681308805976,-2.69132047862714,77
"1539",1.60591532053074,-2.69132047862714,77
"1540",1.94369976046387,-2.69132047862714,77
"1541",-4.47420459826565,-0.691320478627142,78
"1542",-4.13642015833252,-0.691320478627142,78
"1543",-3.79863571839939,-0.691320478627142,78
"1544",-3.46085127846625,-0.691320478627142,78
"1545",-3.12306683853312,-0.691320478627142,78
"1546",-2.78528239859999,-0.834177621484285,78
"1547",-2.44749795866686,-1.26274905005571,78
"1548",-2.10971351873372,-1.83417762148428,78
"1549",-1.77192907880059,-2.54846333577,78
"1550",-1.43414463886746,-3.11989190719857,78
"1551",-1.09636019893432,-3.54846333577,78
"1552",-0.758575759001192,-3.54846333577,78
"1553",-0.420791319068059,-3.54846333577,78
"1554",-0.0830068791349259,-3.54846333577,78
"1555",0.254777560798207,-3.54846333577,78
"1556",0.592562000731339,-3.54846333577,78
"1557",0.930346440664472,-3.54846333577,78
"1558",1.2681308805976,-3.54846333577,78
"1559",1.60591532053074,-3.54846333577,78
"1560",1.94369976046387,-3.54846333577,78
"1561",-4.47420459826565,-0.691320478627142,79
"1562",-4.13642015833252,-0.691320478627142,79
"1563",-3.79863571839939,-0.691320478627142,79
"1564",-3.46085127846625,-0.691320478627142,79
"1565",-3.12306683853312,-0.691320478627142,79
"1566",-2.78528239859999,-0.691320478627142,79
"1567",-2.44749795866686,-0.691320478627142,79
"1568",-2.10971351873372,-2.11989190719857,79
"1569",-1.77192907880059,-2.83417762148428,79
"1570",-1.43414463886746,-3.26274905005571,79
"1571",-1.09636019893432,-3.54846333577,79
"1572",-0.758575759001192,-3.54846333577,79
"1573",-0.420791319068059,-3.54846333577,79
"1574",-0.0830068791349259,-3.54846333577,79
"1575",0.254777560798207,-3.54846333577,79
"1576",0.592562000731339,-3.54846333577,79
"1577",0.930346440664472,-3.54846333577,79
"1578",1.2681308805976,-3.54846333577,79
"1579",1.60591532053074,-3.54846333577,79
"1580",1.94369976046387,-3.54846333577,79
"1581",-4.47420459826565,-0.691320478627142,80
"1582",-4.13642015833252,-0.691320478627142,80
"1583",-3.79863571839939,-0.691320478627142,80
"1584",-3.46085127846625,-0.691320478627142,80
"1585",-3.12306683853312,-0.691320478627142,80
"1586",-2.78528239859999,-0.691320478627142,80
"1587",-2.44749795866686,-1.26274905005571,80
"1588",-2.10971351873372,-1.83417762148428,80
"1589",-1.77192907880059,-2.40560619291286,80
"1590",-1.43414463886746,-2.69132047862714,80
"1591",-1.09636019893432,-2.83417762148428,80
"1592",-0.758575759001192,-2.97703476434143,80
"1593",-0.420791319068059,-3.11989190719857,80
"1594",-0.0830068791349259,-3.11989190719857,80
"1595",0.254777560798207,-3.26274905005571,80
"1596",0.592562000731339,-3.26274905005571,80
"1597",0.930346440664472,-3.26274905005571,80
"1598",1.2681308805976,-3.40560619291286,80
"1599",1.60591532053074,-3.40560619291286,80
"1600",1.94369976046387,-3.40560619291286,80
"1601",-4.47420459826565,-0.691320478627142,81
"1602",-4.13642015833252,-0.691320478627142,81
"1603",-3.79863571839939,-0.691320478627142,81
"1604",-3.46085127846625,-0.691320478627142,81
"1605",-3.12306683853312,-0.691320478627142,81
"1606",-2.78528239859999,-0.691320478627142,81
"1607",-2.44749795866686,-0.691320478627142,81
"1608",-2.10971351873372,-1.83417762148428,81
"1609",-1.77192907880059,-1.97703476434143,81
"1610",-1.43414463886746,-2.26274905005571,81
"1611",-1.09636019893432,-2.69132047862714,81
"1612",-0.758575759001192,-2.97703476434143,81
"1613",-0.420791319068059,-2.97703476434143,81
"1614",-0.0830068791349259,-3.11989190719857,81
"1615",0.254777560798207,-3.11989190719857,81
"1616",0.592562000731339,-3.11989190719857,81
"1617",0.930346440664472,-3.11989190719857,81
"1618",1.2681308805976,-3.11989190719857,81
"1619",1.60591532053074,-3.11989190719857,81
"1620",1.94369976046387,-3.11989190719857,81
"1621",-4.47420459826565,-0.977034764341428,82
"1622",-4.13642015833252,-1.11989190719857,82
"1623",-3.79863571839939,-1.11989190719857,82
"1624",-3.46085127846625,-1.26274905005571,82
"1625",-3.12306683853312,-1.26274905005571,82
"1626",-2.78528239859999,-1.40560619291286,82
"1627",-2.44749795866686,-1.40560619291286,82
"1628",-2.10971351873372,-1.69132047862714,82
"1629",-1.77192907880059,-2.54846333577,82
"1630",-1.43414463886746,-3.11989190719857,82
"1631",-1.09636019893432,-3.40560619291286,82
"1632",-0.758575759001192,-3.54846333577,82
"1633",-0.420791319068059,-3.54846333577,82
"1634",-0.0830068791349259,-3.54846333577,82
"1635",0.254777560798207,-3.54846333577,82
"1636",0.592562000731339,-3.54846333577,82
"1637",0.930346440664472,-3.54846333577,82
"1638",1.2681308805976,-3.54846333577,82
"1639",1.60591532053074,-3.54846333577,82
"1640",1.94369976046387,-3.54846333577,82
"1641",-4.47420459826565,-0.691320478627142,83
"1642",-4.13642015833252,-0.691320478627142,83
"1643",-3.79863571839939,-0.691320478627142,83
"1644",-3.46085127846625,-0.691320478627142,83
"1645",-3.12306683853312,-0.691320478627142,83
"1646",-2.78528239859999,-0.691320478627142,83
"1647",-2.44749795866686,-1.11989190719857,83
"1648",-2.10971351873372,-1.97703476434143,83
"1649",-1.77192907880059,-2.40560619291286,83
"1650",-1.43414463886746,-2.69132047862714,83
"1651",-1.09636019893432,-2.83417762148428,83
"1652",-0.758575759001192,-2.97703476434143,83
"1653",-0.420791319068059,-3.11989190719857,83
"1654",-0.0830068791349259,-3.11989190719857,83
"1655",0.254777560798207,-3.26274905005571,83
"1656",0.592562000731339,-3.26274905005571,83
"1657",0.930346440664472,-3.26274905005571,83
"1658",1.2681308805976,-3.26274905005571,83
"1659",1.60591532053074,-3.26274905005571,83
"1660",1.94369976046387,-3.26274905005571,83
"1661",-4.47420459826565,-1.11989190719857,84
"1662",-4.13642015833252,-1.11989190719857,84
"1663",-3.79863571839939,-1.26274905005571,84
"1664",-3.46085127846625,-1.26274905005571,84
"1665",-3.12306683853312,-1.26274905005571,84
"1666",-2.78528239859999,-1.40560619291286,84
"1667",-2.44749795866686,-1.40560619291286,84
"1668",-2.10971351873372,-1.97703476434143,84
"1669",-1.77192907880059,-2.97703476434143,84
"1670",-1.43414463886746,-3.54846333577,84
"1671",-1.09636019893432,-3.54846333577,84
"1672",-0.758575759001192,-3.54846333577,84
"1673",-0.420791319068059,-3.54846333577,84
"1674",-0.0830068791349259,-3.54846333577,84
"1675",0.254777560798207,-3.54846333577,84
"1676",0.592562000731339,-3.54846333577,84
"1677",0.930346440664472,-3.54846333577,84
"1678",1.2681308805976,-3.54846333577,84
"1679",1.60591532053074,-3.54846333577,84
"1680",1.94369976046387,-3.54846333577,84
"1681",-4.47420459826565,-0.691320478627142,85
"1682",-4.13642015833252,-0.691320478627142,85
"1683",-3.79863571839939,-0.691320478627142,85
"1684",-3.46085127846625,-0.691320478627142,85
"1685",-3.12306683853312,-0.691320478627142,85
"1686",-2.78528239859999,-0.691320478627142,85
"1687",-2.44749795866686,-0.834177621484285,85
"1688",-2.10971351873372,-2.26274905005571,85
"1689",-1.77192907880059,-2.83417762148428,85
"1690",-1.43414463886746,-3.11989190719857,85
"1691",-1.09636019893432,-3.40560619291286,85
"1692",-0.758575759001192,-3.40560619291286,85
"1693",-0.420791319068059,-3.54846333577,85
"1694",-0.0830068791349259,-3.54846333577,85
"1695",0.254777560798207,-3.54846333577,85
"1696",0.592562000731339,-3.54846333577,85
"1697",0.930346440664472,-3.54846333577,85
"1698",1.2681308805976,-3.54846333577,85
"1699",1.60591532053074,-3.54846333577,85
"1700",1.94369976046387,-3.54846333577,85
"1701",-4.47420459826565,-0.691320478627142,86
"1702",-4.13642015833252,-0.834177621484285,86
"1703",-3.79863571839939,-0.977034764341428,86
"1704",-3.46085127846625,-1.11989190719857,86
"1705",-3.12306683853312,-1.11989190719857,86
"1706",-2.78528239859999,-1.26274905005571,86
"1707",-2.44749795866686,-1.40560619291286,86
"1708",-2.10971351873372,-2.11989190719857,86
"1709",-1.77192907880059,-3.40560619291286,86
"1710",-1.43414463886746,-3.54846333577,86
"1711",-1.09636019893432,-3.54846333577,86
"1712",-0.758575759001192,-3.54846333577,86
"1713",-0.420791319068059,-3.54846333577,86
"1714",-0.0830068791349259,-3.54846333577,86
"1715",0.254777560798207,-3.54846333577,86
"1716",0.592562000731339,-3.54846333577,86
"1717",0.930346440664472,-3.54846333577,86
"1718",1.2681308805976,-3.54846333577,86
"1719",1.60591532053074,-3.54846333577,86
"1720",1.94369976046387,-3.54846333577,86
"1721",-4.47420459826565,-0.691320478627142,87
"1722",-4.13642015833252,-0.691320478627142,87
"1723",-3.79863571839939,-0.691320478627142,87
"1724",-3.46085127846625,-0.691320478627142,87
"1725",-3.12306683853312,-0.691320478627142,87
"1726",-2.78528239859999,-0.691320478627142,87
"1727",-2.44749795866686,-0.834177621484285,87
"1728",-2.10971351873372,-1.97703476434143,87
"1729",-1.77192907880059,-2.26274905005571,87
"1730",-1.43414463886746,-2.40560619291286,87
"1731",-1.09636019893432,-2.40560619291286,87
"1732",-0.758575759001192,-2.54846333577,87
"1733",-0.420791319068059,-2.54846333577,87
"1734",-0.0830068791349259,-2.69132047862714,87
"1735",0.254777560798207,-2.83417762148428,87
"1736",0.592562000731339,-3.11989190719857,87
"1737",0.930346440664472,-3.11989190719857,87
"1738",1.2681308805976,-3.11989190719857,87
"1739",1.60591532053074,-3.11989190719857,87
"1740",1.94369976046387,-3.11989190719857,87
"1741",-4.47420459826565,-1.11989190719857,88
"1742",-4.13642015833252,-1.11989190719857,88
"1743",-3.79863571839939,-1.26274905005571,88
"1744",-3.46085127846625,-1.26274905005571,88
"1745",-3.12306683853312,-1.40560619291286,88
"1746",-2.78528239859999,-1.40560619291286,88
"1747",-2.44749795866686,-1.40560619291286,88
"1748",-2.10971351873372,-1.69132047862714,88
"1749",-1.77192907880059,-3.54846333577,88
"1750",-1.43414463886746,-3.54846333577,88
"1751",-1.09636019893432,-3.54846333577,88
"1752",-0.758575759001192,-3.54846333577,88
"1753",-0.420791319068059,-3.54846333577,88
"1754",-0.0830068791349259,-3.54846333577,88
"1755",0.254777560798207,-3.54846333577,88
"1756",0.592562000731339,-3.54846333577,88
"1757",0.930346440664472,-3.54846333577,88
"1758",1.2681308805976,-3.54846333577,88
"1759",1.60591532053074,-3.54846333577,88
"1760",1.94369976046387,-3.54846333577,88
"1761",-4.47420459826565,-0.691320478627142,89
"1762",-4.13642015833252,-1.11989190719857,89
"1763",-3.79863571839939,-1.26274905005571,89
"1764",-3.46085127846625,-1.40560619291286,89
"1765",-3.12306683853312,-1.40560619291286,89
"1766",-2.78528239859999,-1.40560619291286,89
"1767",-2.44749795866686,-1.40560619291286,89
"1768",-2.10971351873372,-1.54846333577,89
"1769",-1.77192907880059,-2.40560619291286,89
"1770",-1.43414463886746,-2.97703476434143,89
"1771",-1.09636019893432,-3.40560619291286,89
"1772",-0.758575759001192,-3.54846333577,89
"1773",-0.420791319068059,-3.54846333577,89
"1774",-0.0830068791349259,-3.54846333577,89
"1775",0.254777560798207,-3.54846333577,89
"1776",0.592562000731339,-3.54846333577,89
"1777",0.930346440664472,-3.54846333577,89
"1778",1.2681308805976,-3.54846333577,89
"1779",1.60591532053074,-3.54846333577,89
"1780",1.94369976046387,-3.54846333577,89
"1781",-4.47420459826565,-0.691320478627142,90
"1782",-4.13642015833252,-0.691320478627142,90
"1783",-3.79863571839939,-0.691320478627142,90
"1784",-3.46085127846625,-0.834177621484285,90
"1785",-3.12306683853312,-0.977034764341428,90
"1786",-2.78528239859999,-1.11989190719857,90
"1787",-2.44749795866686,-1.26274905005571,90
"1788",-2.10971351873372,-2.40560619291286,90
"1789",-1.77192907880059,-3.40560619291286,90
"1790",-1.43414463886746,-3.54846333577,90
"1791",-1.09636019893432,-3.54846333577,90
"1792",-0.758575759001192,-3.54846333577,90
"1793",-0.420791319068059,-3.54846333577,90
"1794",-0.0830068791349259,-3.54846333577,90
"1795",0.254777560798207,-3.54846333577,90
"1796",0.592562000731339,-3.54846333577,90
"1797",0.930346440664472,-3.54846333577,90
"1798",1.2681308805976,-3.54846333577,90
"1799",1.60591532053074,-3.54846333577,90
"1800",1.94369976046387,-3.54846333577,90
"1801",-4.47420459826565,-0.691320478627142,91
"1802",-4.13642015833252,-0.691320478627142,91
"1803",-3.79863571839939,-0.691320478627142,91
"1804",-3.46085127846625,-0.691320478627142,91
"1805",-3.12306683853312,-0.691320478627142,91
"1806",-2.78528239859999,-0.691320478627142,91
"1807",-2.44749795866686,-0.691320478627142,91
"1808",-2.10971351873372,-2.26274905005571,91
"1809",-1.77192907880059,-3.11989190719857,91
"1810",-1.43414463886746,-3.54846333577,91
"1811",-1.09636019893432,-3.54846333577,91
"1812",-0.758575759001192,-3.54846333577,91
"1813",-0.420791319068059,-3.54846333577,91
"1814",-0.0830068791349259,-3.54846333577,91
"1815",0.254777560798207,-3.54846333577,91
"1816",0.592562000731339,-3.54846333577,91
"1817",0.930346440664472,-3.54846333577,91
"1818",1.2681308805976,-3.54846333577,91
"1819",1.60591532053074,-3.54846333577,91
"1820",1.94369976046387,-3.54846333577,91
"1821",-4.47420459826565,-0.691320478627142,92
"1822",-4.13642015833252,-0.691320478627142,92
"1823",-3.79863571839939,-0.691320478627142,92
"1824",-3.46085127846625,-0.691320478627142,92
"1825",-3.12306683853312,-0.691320478627142,92
"1826",-2.78528239859999,-0.691320478627142,92
"1827",-2.44749795866686,-0.691320478627142,92
"1828",-2.10971351873372,-2.54846333577,92
"1829",-1.77192907880059,-3.54846333577,92
"1830",-1.43414463886746,-3.54846333577,92
"1831",-1.09636019893432,-3.54846333577,92
"1832",-0.758575759001192,-3.54846333577,92
"1833",-0.420791319068059,-3.54846333577,92
"1834",-0.0830068791349259,-3.54846333577,92
"1835",0.254777560798207,-3.54846333577,92
"1836",0.592562000731339,-3.54846333577,92
"1837",0.930346440664472,-3.54846333577,92
"1838",1.2681308805976,-3.54846333577,92
"1839",1.60591532053074,-3.54846333577,92
"1840",1.94369976046387,-3.54846333577,92
"1841",-4.47420459826565,-0.691320478627142,93
"1842",-4.13642015833252,-0.691320478627142,93
"1843",-3.79863571839939,-0.834177621484285,93
"1844",-3.46085127846625,-0.977034764341428,93
"1845",-3.12306683853312,-1.11989190719857,93
"1846",-2.78528239859999,-1.26274905005571,93
"1847",-2.44749795866686,-1.40560619291286,93
"1848",-2.10971351873372,-1.83417762148428,93
"1849",-1.77192907880059,-2.69132047862714,93
"1850",-1.43414463886746,-2.97703476434143,93
"1851",-1.09636019893432,-2.97703476434143,93
"1852",-0.758575759001192,-2.97703476434143,93
"1853",-0.420791319068059,-2.97703476434143,93
"1854",-0.0830068791349259,-2.97703476434143,93
"1855",0.254777560798207,-2.97703476434143,93
"1856",0.592562000731339,-2.97703476434143,93
"1857",0.930346440664472,-2.97703476434143,93
"1858",1.2681308805976,-2.97703476434143,93
"1859",1.60591532053074,-3.11989190719857,93
"1860",1.94369976046387,-3.11989190719857,93
"1861",-4.47420459826565,-0.691320478627142,94
"1862",-4.13642015833252,-0.691320478627142,94
"1863",-3.79863571839939,-0.691320478627142,94
"1864",-3.46085127846625,-0.691320478627142,94
"1865",-3.12306683853312,-0.691320478627142,94
"1866",-2.78528239859999,-0.691320478627142,94
"1867",-2.44749795866686,-0.691320478627142,94
"1868",-2.10971351873372,-2.26274905005571,94
"1869",-1.77192907880059,-2.69132047862714,94
"1870",-1.43414463886746,-2.83417762148428,94
"1871",-1.09636019893432,-2.97703476434143,94
"1872",-0.758575759001192,-3.11989190719857,94
"1873",-0.420791319068059,-3.11989190719857,94
"1874",-0.0830068791349259,-3.26274905005571,94
"1875",0.254777560798207,-3.40560619291286,94
"1876",0.592562000731339,-3.40560619291286,94
"1877",0.930346440664472,-3.40560619291286,94
"1878",1.2681308805976,-3.40560619291286,94
"1879",1.60591532053074,-3.40560619291286,94
"1880",1.94369976046387,-3.40560619291286,94
"1881",-4.47420459826565,-0.691320478627142,95
"1882",-4.13642015833252,-0.691320478627142,95
"1883",-3.79863571839939,-0.691320478627142,95
"1884",-3.46085127846625,-0.691320478627142,95
"1885",-3.12306683853312,-0.691320478627142,95
"1886",-2.78528239859999,-0.691320478627142,95
"1887",-2.44749795866686,-1.11989190719857,95
"1888",-2.10971351873372,-2.11989190719857,95
"1889",-1.77192907880059,-2.83417762148428,95
"1890",-1.43414463886746,-3.40560619291286,95
"1891",-1.09636019893432,-3.54846333577,95
"1892",-0.758575759001192,-3.54846333577,95
"1893",-0.420791319068059,-3.54846333577,95
"1894",-0.0830068791349259,-3.54846333577,95
"1895",0.254777560798207,-3.54846333577,95
"1896",0.592562000731339,-3.54846333577,95
"1897",0.930346440664472,-3.54846333577,95
"1898",1.2681308805976,-3.54846333577,95
"1899",1.60591532053074,-3.54846333577,95
"1900",1.94369976046387,-3.54846333577,95
"1901",-4.47420459826565,-0.691320478627142,96
"1902",-4.13642015833252,-0.691320478627142,96
"1903",-3.79863571839939,-0.691320478627142,96
"1904",-3.46085127846625,-0.691320478627142,96
"1905",-3.12306683853312,-0.691320478627142,96
"1906",-2.78528239859999,-0.834177621484285,96
"1907",-2.44749795866686,-1.11989190719857,96
"1908",-2.10971351873372,-1.97703476434143,96
"1909",-1.77192907880059,-2.69132047862714,96
"1910",-1.43414463886746,-3.26274905005571,96
"1911",-1.09636019893432,-3.54846333577,96
"1912",-0.758575759001192,-3.54846333577,96
"1913",-0.420791319068059,-3.54846333577,96
"1914",-0.0830068791349259,-3.54846333577,96
"1915",0.254777560798207,-3.54846333577,96
"1916",0.592562000731339,-3.54846333577,96
"1917",0.930346440664472,-3.54846333577,96
"1918",1.2681308805976,-3.54846333577,96
"1919",1.60591532053074,-3.54846333577,96
"1920",1.94369976046387,-3.54846333577,96
"1921",-4.47420459826565,-0.691320478627142,97
"1922",-4.13642015833252,-0.691320478627142,97
"1923",-3.79863571839939,-0.691320478627142,97
"1924",-3.46085127846625,-0.691320478627142,97
"1925",-3.12306683853312,-0.691320478627142,97
"1926",-2.78528239859999,-0.691320478627142,97
"1927",-2.44749795866686,-0.691320478627142,97
"1928",-2.10971351873372,-2.54846333577,97
"1929",-1.77192907880059,-3.40560619291286,97
"1930",-1.43414463886746,-3.54846333577,97
"1931",-1.09636019893432,-3.54846333577,97
"1932",-0.758575759001192,-3.54846333577,97
"1933",-0.420791319068059,-3.54846333577,97
"1934",-0.0830068791349259,-3.54846333577,97
"1935",0.254777560798207,-3.54846333577,97
"1936",0.592562000731339,-3.54846333577,97
"1937",0.930346440664472,-3.54846333577,97
"1938",1.2681308805976,-3.54846333577,97
"1939",1.60591532053074,-3.54846333577,97
"1940",1.94369976046387,-3.54846333577,97
"1941",-4.47420459826565,-0.691320478627142,98
"1942",-4.13642015833252,-0.691320478627142,98
"1943",-3.79863571839939,-0.691320478627142,98
"1944",-3.46085127846625,-0.691320478627142,98
"1945",-3.12306683853312,-0.691320478627142,98
"1946",-2.78528239859999,-0.691320478627142,98
"1947",-2.44749795866686,-1.26274905005571,98
"1948",-2.10971351873372,-1.69132047862714,98
"1949",-1.77192907880059,-1.69132047862714,98
"1950",-1.43414463886746,-1.83417762148428,98
"1951",-1.09636019893432,-2.11989190719857,98
"1952",-0.758575759001192,-2.40560619291286,98
"1953",-0.420791319068059,-2.69132047862714,98
"1954",-0.0830068791349259,-2.83417762148428,98
"1955",0.254777560798207,-2.97703476434143,98
"1956",0.592562000731339,-2.97703476434143,98
"1957",0.930346440664472,-3.11989190719857,98
"1958",1.2681308805976,-3.11989190719857,98
"1959",1.60591532053074,-3.11989190719857,98
"1960",1.94369976046387,-3.11989190719857,98
"1961",-4.47420459826565,-0.691320478627142,99
"1962",-4.13642015833252,-0.691320478627142,99
"1963",-3.79863571839939,-0.691320478627142,99
"1964",-3.46085127846625,-0.691320478627142,99
"1965",-3.12306683853312,-0.834177621484285,99
"1966",-2.78528239859999,-0.834177621484285,99
"1967",-2.44749795866686,-0.977034764341428,99
"1968",-2.10971351873372,-2.26274905005571,99
"1969",-1.77192907880059,-2.69132047862714,99
"1970",-1.43414463886746,-2.97703476434143,99
"1971",-1.09636019893432,-3.11989190719857,99
"1972",-0.758575759001192,-3.11989190719857,99
"1973",-0.420791319068059,-3.11989190719857,99
"1974",-0.0830068791349259,-3.26274905005571,99
"1975",0.254777560798207,-3.40560619291286,99
"1976",0.592562000731339,-3.54846333577,99
"1977",0.930346440664472,-3.54846333577,99
"1978",1.2681308805976,-3.54846333577,99
"1979",1.60591532053074,-3.54846333577,99
"1980",1.94369976046387,-3.54846333577,99
"1981",-4.47420459826565,-0.691320478627142,100
"1982",-4.13642015833252,-0.691320478627142,100
"1983",-3.79863571839939,-0.691320478627142,100
"1984",-3.46085127846625,-0.691320478627142,100
"1985",-3.12306683853312,-0.691320478627142,100
"1986",-2.78528239859999,-0.691320478627142,100
"1987",-2.44749795866686,-0.691320478627142,100
"1988",-2.10971351873372,-2.69132047862714,100
"1989",-1.77192907880059,-3.40560619291286,100
"1990",-1.43414463886746,-3.54846333577,100
"1991",-1.09636019893432,-3.54846333577,100
"1992",-0.758575759001192,-3.54846333577,100
"1993",-0.420791319068059,-3.54846333577,100
"1994",-0.0830068791349259,-3.54846333577,100
"1995",0.254777560798207,-3.54846333577,100
"1996",0.592562000731339,-3.54846333577,100
"1997",0.930346440664472,-3.54846333577,100
"1998",1.2681308805976,-3.54846333577,100
"1999",1.60591532053074,-3.54846333577,100
"2000",1.94369976046387,-3.54846333577,100
