"","x","y","sample"
"1",-4.44385524883785,-0.0472802132788317,1
"2",-4.0901513696041,-0.0472802132788317,1
"3",-3.73644749037035,-0.0472802132788317,1
"4",-3.3827436111366,-0.0472802132788317,1
"5",-3.02903973190285,-0.0472802132788317,1
"6",-2.67533585266909,-0.0472802132788317,1
"7",-2.32163197343534,-0.0472802132788317,1
"8",-1.96792809420159,-0.0472802132788317,1
"9",-1.61422421496784,-0.0472802132788317,1
"10",-1.26052033573409,-0.0472802132788317,1
"11",-0.906816456500333,-0.0472802132788317,1
"12",-0.553112577266581,-0.0472802132788317,1
"13",-0.199408698032829,-0.287702775609891,1
"14",0.154295181200923,-0.528125337940952,1
"15",0.507999060434676,-0.768547900272011,1
"16",0.861702939668428,-0.768547900272011,1
"17",1.21540681890218,-1.00897046260307,1
"18",1.56911069813593,-1.00897046260307,1
"19",1.92281457736968,-1.00897046260307,1
"20",2.27651845660344,-1.00897046260307,1
"21",-4.44385524883785,-0.0472802132788317,2
"22",-4.0901513696041,-0.0472802132788317,2
"23",-3.73644749037035,-0.0472802132788317,2
"24",-3.3827436111366,-0.0472802132788317,2
"25",-3.02903973190285,-0.0472802132788317,2
"26",-2.67533585266909,-0.0472802132788317,2
"27",-2.32163197343534,-0.0472802132788317,2
"28",-1.96792809420159,-0.0472802132788317,2
"29",-1.61422421496784,-0.0472802132788317,2
"30",-1.26052033573409,-0.0472802132788317,2
"31",-0.906816456500333,-0.0472802132788317,2
"32",-0.553112577266581,-0.0472802132788317,2
"33",-0.199408698032829,-0.287702775609891,2
"34",0.154295181200923,-0.528125337940952,2
"35",0.507999060434676,-0.768547900272011,2
"36",0.861702939668428,-0.768547900272011,2
"37",1.21540681890218,-1.00897046260307,2
"38",1.56911069813593,-1.00897046260307,2
"39",1.92281457736968,-1.00897046260307,2
"40",2.27651845660344,-1.00897046260307,2
"41",-4.44385524883785,-0.0472802132788317,3
"42",-4.0901513696041,-0.0472802132788317,3
"43",-3.73644749037035,-0.0472802132788317,3
"44",-3.3827436111366,-0.0472802132788317,3
"45",-3.02903973190285,-0.0472802132788317,3
"46",-2.67533585266909,-0.0472802132788317,3
"47",-2.32163197343534,-0.0472802132788317,3
"48",-1.96792809420159,-0.0472802132788317,3
"49",-1.61422421496784,-0.0472802132788317,3
"50",-1.26052033573409,-0.0472802132788317,3
"51",-0.906816456500333,-0.0472802132788317,3
"52",-0.553112577266581,-0.0472802132788317,3
"53",-0.199408698032829,-0.287702775609891,3
"54",0.154295181200923,-0.528125337940952,3
"55",0.507999060434676,-0.768547900272011,3
"56",0.861702939668428,-0.768547900272011,3
"57",1.21540681890218,-1.00897046260307,3
"58",1.56911069813593,-1.00897046260307,3
"59",1.92281457736968,-1.00897046260307,3
"60",2.27651845660344,-1.00897046260307,3
"61",-4.44385524883785,-0.0472802132788317,4
"62",-4.0901513696041,-0.0472802132788317,4
"63",-3.73644749037035,-0.0472802132788317,4
"64",-3.3827436111366,-0.0472802132788317,4
"65",-3.02903973190285,-0.0472802132788317,4
"66",-2.67533585266909,-0.0472802132788317,4
"67",-2.32163197343534,-0.0472802132788317,4
"68",-1.96792809420159,-0.0472802132788317,4
"69",-1.61422421496784,-0.0472802132788317,4
"70",-1.26052033573409,-0.0472802132788317,4
"71",-0.906816456500333,-0.0472802132788317,4
"72",-0.553112577266581,-0.0472802132788317,4
"73",-0.199408698032829,-0.0472802132788317,4
"74",0.154295181200923,-0.528125337940952,4
"75",0.507999060434676,-0.768547900272011,4
"76",0.861702939668428,-1.00897046260307,4
"77",1.21540681890218,-1.00897046260307,4
"78",1.56911069813593,-1.00897046260307,4
"79",1.92281457736968,-1.24939302493413,4
"80",2.27651845660344,-1.24939302493413,4
"81",-4.44385524883785,-0.0472802132788317,5
"82",-4.0901513696041,-0.0472802132788317,5
"83",-3.73644749037035,-0.0472802132788317,5
"84",-3.3827436111366,-0.0472802132788317,5
"85",-3.02903973190285,-0.0472802132788317,5
"86",-2.67533585266909,-0.0472802132788317,5
"87",-2.32163197343534,-0.0472802132788317,5
"88",-1.96792809420159,-0.0472802132788317,5
"89",-1.61422421496784,-0.0472802132788317,5
"90",-1.26052033573409,-0.0472802132788317,5
"91",-0.906816456500333,-0.0472802132788317,5
"92",-0.553112577266581,-0.287702775609891,5
"93",-0.199408698032829,-0.528125337940952,5
"94",0.154295181200923,-0.528125337940952,5
"95",0.507999060434676,-0.768547900272011,5
"96",0.861702939668428,-0.768547900272011,5
"97",1.21540681890218,-0.768547900272011,5
"98",1.56911069813593,-0.768547900272011,5
"99",1.92281457736968,-0.768547900272011,5
"100",2.27651845660344,-1.00897046260307,5
"101",-4.44385524883785,-0.0472802132788317,6
"102",-4.0901513696041,-0.0472802132788317,6
"103",-3.73644749037035,-0.0472802132788317,6
"104",-3.3827436111366,-0.0472802132788317,6
"105",-3.02903973190285,-0.0472802132788317,6
"106",-2.67533585266909,-0.0472802132788317,6
"107",-2.32163197343534,-0.0472802132788317,6
"108",-1.96792809420159,-0.0472802132788317,6
"109",-1.61422421496784,-0.0472802132788317,6
"110",-1.26052033573409,-0.0472802132788317,6
"111",-0.906816456500333,-0.0472802132788317,6
"112",-0.553112577266581,-0.0472802132788317,6
"113",-0.199408698032829,-0.287702775609891,6
"114",0.154295181200923,-0.528125337940952,6
"115",0.507999060434676,-0.768547900272011,6
"116",0.861702939668428,-0.768547900272011,6
"117",1.21540681890218,-0.768547900272011,6
"118",1.56911069813593,-0.768547900272011,6
"119",1.92281457736968,-0.768547900272011,6
"120",2.27651845660344,-0.768547900272011,6
"121",-4.44385524883785,-0.0472802132788317,7
"122",-4.0901513696041,-0.0472802132788317,7
"123",-3.73644749037035,-0.0472802132788317,7
"124",-3.3827436111366,-0.0472802132788317,7
"125",-3.02903973190285,-0.0472802132788317,7
"126",-2.67533585266909,-0.0472802132788317,7
"127",-2.32163197343534,-0.0472802132788317,7
"128",-1.96792809420159,-0.0472802132788317,7
"129",-1.61422421496784,-0.0472802132788317,7
"130",-1.26052033573409,-0.0472802132788317,7
"131",-0.906816456500333,-0.0472802132788317,7
"132",-0.553112577266581,-0.0472802132788317,7
"133",-0.199408698032829,-0.0472802132788317,7
"134",0.154295181200923,-0.528125337940952,7
"135",0.507999060434676,-0.768547900272011,7
"136",0.861702939668428,-0.768547900272011,7
"137",1.21540681890218,-1.00897046260307,7
"138",1.56911069813593,-1.00897046260307,7
"139",1.92281457736968,-1.00897046260307,7
"140",2.27651845660344,-1.00897046260307,7
"141",-4.44385524883785,-0.0472802132788317,8
"142",-4.0901513696041,-0.0472802132788317,8
"143",-3.73644749037035,-0.0472802132788317,8
"144",-3.3827436111366,-0.0472802132788317,8
"145",-3.02903973190285,-0.0472802132788317,8
"146",-2.67533585266909,-0.0472802132788317,8
"147",-2.32163197343534,-0.0472802132788317,8
"148",-1.96792809420159,-0.0472802132788317,8
"149",-1.61422421496784,-0.0472802132788317,8
"150",-1.26052033573409,-0.0472802132788317,8
"151",-0.906816456500333,-0.0472802132788317,8
"152",-0.553112577266581,-0.0472802132788317,8
"153",-0.199408698032829,-0.287702775609891,8
"154",0.154295181200923,-0.528125337940952,8
"155",0.507999060434676,-0.768547900272011,8
"156",0.861702939668428,-0.768547900272011,8
"157",1.21540681890218,-1.00897046260307,8
"158",1.56911069813593,-1.00897046260307,8
"159",1.92281457736968,-1.00897046260307,8
"160",2.27651845660344,-1.00897046260307,8
"161",-4.44385524883785,-0.0472802132788317,9
"162",-4.0901513696041,-0.0472802132788317,9
"163",-3.73644749037035,-0.0472802132788317,9
"164",-3.3827436111366,-0.0472802132788317,9
"165",-3.02903973190285,-0.0472802132788317,9
"166",-2.67533585266909,-0.0472802132788317,9
"167",-2.32163197343534,-0.0472802132788317,9
"168",-1.96792809420159,-0.0472802132788317,9
"169",-1.61422421496784,-0.0472802132788317,9
"170",-1.26052033573409,-0.0472802132788317,9
"171",-0.906816456500333,-0.0472802132788317,9
"172",-0.553112577266581,-0.0472802132788317,9
"173",-0.199408698032829,-0.287702775609891,9
"174",0.154295181200923,-0.528125337940952,9
"175",0.507999060434676,-0.768547900272011,9
"176",0.861702939668428,-0.768547900272011,9
"177",1.21540681890218,-1.00897046260307,9
"178",1.56911069813593,-1.00897046260307,9
"179",1.92281457736968,-1.00897046260307,9
"180",2.27651845660344,-1.00897046260307,9
"181",-4.44385524883785,-0.0472802132788317,10
"182",-4.0901513696041,-0.0472802132788317,10
"183",-3.73644749037035,-0.0472802132788317,10
"184",-3.3827436111366,-0.0472802132788317,10
"185",-3.02903973190285,-0.0472802132788317,10
"186",-2.67533585266909,-0.0472802132788317,10
"187",-2.32163197343534,-0.0472802132788317,10
"188",-1.96792809420159,-0.0472802132788317,10
"189",-1.61422421496784,-0.0472802132788317,10
"190",-1.26052033573409,-0.0472802132788317,10
"191",-0.906816456500333,-0.0472802132788317,10
"192",-0.553112577266581,-0.0472802132788317,10
"193",-0.199408698032829,-0.0472802132788317,10
"194",0.154295181200923,-0.528125337940952,10
"195",0.507999060434676,-0.768547900272011,10
"196",0.861702939668428,-0.768547900272011,10
"197",1.21540681890218,-1.00897046260307,10
"198",1.56911069813593,-1.00897046260307,10
"199",1.92281457736968,-1.00897046260307,10
"200",2.27651845660344,-1.00897046260307,10
"201",-4.44385524883785,-0.0472802132788317,11
"202",-4.0901513696041,-0.0472802132788317,11
"203",-3.73644749037035,-0.0472802132788317,11
"204",-3.3827436111366,-0.0472802132788317,11
"205",-3.02903973190285,-0.0472802132788317,11
"206",-2.67533585266909,-0.0472802132788317,11
"207",-2.32163197343534,-0.0472802132788317,11
"208",-1.96792809420159,-0.0472802132788317,11
"209",-1.61422421496784,-0.0472802132788317,11
"210",-1.26052033573409,-0.0472802132788317,11
"211",-0.906816456500333,-0.0472802132788317,11
"212",-0.553112577266581,-0.0472802132788317,11
"213",-0.199408698032829,-0.287702775609891,11
"214",0.154295181200923,-0.528125337940952,11
"215",0.507999060434676,-0.768547900272011,11
"216",0.861702939668428,-0.768547900272011,11
"217",1.21540681890218,-1.00897046260307,11
"218",1.56911069813593,-1.00897046260307,11
"219",1.92281457736968,-1.00897046260307,11
"220",2.27651845660344,-1.00897046260307,11
"221",-4.44385524883785,-0.0472802132788317,12
"222",-4.0901513696041,-0.0472802132788317,12
"223",-3.73644749037035,-0.0472802132788317,12
"224",-3.3827436111366,-0.0472802132788317,12
"225",-3.02903973190285,-0.0472802132788317,12
"226",-2.67533585266909,-0.0472802132788317,12
"227",-2.32163197343534,-0.0472802132788317,12
"228",-1.96792809420159,-0.0472802132788317,12
"229",-1.61422421496784,-0.0472802132788317,12
"230",-1.26052033573409,-0.0472802132788317,12
"231",-0.906816456500333,-0.0472802132788317,12
"232",-0.553112577266581,-0.0472802132788317,12
"233",-0.199408698032829,-0.287702775609891,12
"234",0.154295181200923,-0.528125337940952,12
"235",0.507999060434676,-0.768547900272011,12
"236",0.861702939668428,-0.768547900272011,12
"237",1.21540681890218,-1.00897046260307,12
"238",1.56911069813593,-1.00897046260307,12
"239",1.92281457736968,-1.00897046260307,12
"240",2.27651845660344,-1.00897046260307,12
"241",-4.44385524883785,-0.0472802132788317,13
"242",-4.0901513696041,-0.0472802132788317,13
"243",-3.73644749037035,-0.0472802132788317,13
"244",-3.3827436111366,-0.0472802132788317,13
"245",-3.02903973190285,-0.0472802132788317,13
"246",-2.67533585266909,-0.0472802132788317,13
"247",-2.32163197343534,-0.0472802132788317,13
"248",-1.96792809420159,-0.0472802132788317,13
"249",-1.61422421496784,-0.0472802132788317,13
"250",-1.26052033573409,-0.0472802132788317,13
"251",-0.906816456500333,-0.0472802132788317,13
"252",-0.553112577266581,-0.0472802132788317,13
"253",-0.199408698032829,-0.287702775609891,13
"254",0.154295181200923,-0.528125337940952,13
"255",0.507999060434676,-0.768547900272011,13
"256",0.861702939668428,-0.768547900272011,13
"257",1.21540681890218,-0.768547900272011,13
"258",1.56911069813593,-1.00897046260307,13
"259",1.92281457736968,-1.00897046260307,13
"260",2.27651845660344,-1.00897046260307,13
"261",-4.44385524883785,-0.0472802132788317,14
"262",-4.0901513696041,-0.0472802132788317,14
"263",-3.73644749037035,-0.0472802132788317,14
"264",-3.3827436111366,-0.0472802132788317,14
"265",-3.02903973190285,-0.0472802132788317,14
"266",-2.67533585266909,-0.0472802132788317,14
"267",-2.32163197343534,-0.0472802132788317,14
"268",-1.96792809420159,-0.0472802132788317,14
"269",-1.61422421496784,-0.0472802132788317,14
"270",-1.26052033573409,-0.0472802132788317,14
"271",-0.906816456500333,-0.0472802132788317,14
"272",-0.553112577266581,-0.0472802132788317,14
"273",-0.199408698032829,-0.287702775609891,14
"274",0.154295181200923,-0.528125337940952,14
"275",0.507999060434676,-0.768547900272011,14
"276",0.861702939668428,-1.00897046260307,14
"277",1.21540681890218,-1.00897046260307,14
"278",1.56911069813593,-1.24939302493413,14
"279",1.92281457736968,-1.24939302493413,14
"280",2.27651845660344,-1.24939302493413,14
"281",-4.44385524883785,-0.0472802132788317,15
"282",-4.0901513696041,-0.0472802132788317,15
"283",-3.73644749037035,-0.0472802132788317,15
"284",-3.3827436111366,-0.0472802132788317,15
"285",-3.02903973190285,-0.0472802132788317,15
"286",-2.67533585266909,-0.0472802132788317,15
"287",-2.32163197343534,-0.0472802132788317,15
"288",-1.96792809420159,-0.0472802132788317,15
"289",-1.61422421496784,-0.0472802132788317,15
"290",-1.26052033573409,-0.0472802132788317,15
"291",-0.906816456500333,-0.0472802132788317,15
"292",-0.553112577266581,-0.0472802132788317,15
"293",-0.199408698032829,-0.287702775609891,15
"294",0.154295181200923,-0.528125337940952,15
"295",0.507999060434676,-0.768547900272011,15
"296",0.861702939668428,-0.768547900272011,15
"297",1.21540681890218,-1.00897046260307,15
"298",1.56911069813593,-1.00897046260307,15
"299",1.92281457736968,-1.00897046260307,15
"300",2.27651845660344,-1.00897046260307,15
"301",-4.44385524883785,-0.0472802132788317,16
"302",-4.0901513696041,-0.0472802132788317,16
"303",-3.73644749037035,-0.0472802132788317,16
"304",-3.3827436111366,-0.0472802132788317,16
"305",-3.02903973190285,-0.0472802132788317,16
"306",-2.67533585266909,-0.0472802132788317,16
"307",-2.32163197343534,-0.0472802132788317,16
"308",-1.96792809420159,-0.0472802132788317,16
"309",-1.61422421496784,-0.0472802132788317,16
"310",-1.26052033573409,-0.0472802132788317,16
"311",-0.906816456500333,-0.0472802132788317,16
"312",-0.553112577266581,-0.0472802132788317,16
"313",-0.199408698032829,-0.528125337940952,16
"314",0.154295181200923,-0.528125337940952,16
"315",0.507999060434676,-0.768547900272011,16
"316",0.861702939668428,-0.768547900272011,16
"317",1.21540681890218,-0.768547900272011,16
"318",1.56911069813593,-0.768547900272011,16
"319",1.92281457736968,-1.00897046260307,16
"320",2.27651845660344,-1.00897046260307,16
"321",-4.44385524883785,-0.0472802132788317,17
"322",-4.0901513696041,-0.0472802132788317,17
"323",-3.73644749037035,-0.0472802132788317,17
"324",-3.3827436111366,-0.0472802132788317,17
"325",-3.02903973190285,-0.0472802132788317,17
"326",-2.67533585266909,-0.0472802132788317,17
"327",-2.32163197343534,-0.0472802132788317,17
"328",-1.96792809420159,-0.0472802132788317,17
"329",-1.61422421496784,-0.0472802132788317,17
"330",-1.26052033573409,-0.0472802132788317,17
"331",-0.906816456500333,-0.0472802132788317,17
"332",-0.553112577266581,-0.0472802132788317,17
"333",-0.199408698032829,-0.287702775609891,17
"334",0.154295181200923,-0.528125337940952,17
"335",0.507999060434676,-0.768547900272011,17
"336",0.861702939668428,-0.768547900272011,17
"337",1.21540681890218,-1.00897046260307,17
"338",1.56911069813593,-1.00897046260307,17
"339",1.92281457736968,-1.00897046260307,17
"340",2.27651845660344,-1.00897046260307,17
"341",-4.44385524883785,-0.0472802132788317,18
"342",-4.0901513696041,-0.0472802132788317,18
"343",-3.73644749037035,-0.0472802132788317,18
"344",-3.3827436111366,-0.0472802132788317,18
"345",-3.02903973190285,-0.0472802132788317,18
"346",-2.67533585266909,-0.0472802132788317,18
"347",-2.32163197343534,-0.0472802132788317,18
"348",-1.96792809420159,-0.0472802132788317,18
"349",-1.61422421496784,-0.0472802132788317,18
"350",-1.26052033573409,-0.0472802132788317,18
"351",-0.906816456500333,-0.0472802132788317,18
"352",-0.553112577266581,-0.0472802132788317,18
"353",-0.199408698032829,-0.287702775609891,18
"354",0.154295181200923,-0.528125337940952,18
"355",0.507999060434676,-0.768547900272011,18
"356",0.861702939668428,-0.768547900272011,18
"357",1.21540681890218,-1.00897046260307,18
"358",1.56911069813593,-1.00897046260307,18
"359",1.92281457736968,-1.00897046260307,18
"360",2.27651845660344,-1.00897046260307,18
"361",-4.44385524883785,-0.0472802132788317,19
"362",-4.0901513696041,-0.0472802132788317,19
"363",-3.73644749037035,-0.0472802132788317,19
"364",-3.3827436111366,-0.0472802132788317,19
"365",-3.02903973190285,-0.0472802132788317,19
"366",-2.67533585266909,-0.0472802132788317,19
"367",-2.32163197343534,-0.0472802132788317,19
"368",-1.96792809420159,-0.0472802132788317,19
"369",-1.61422421496784,-0.0472802132788317,19
"370",-1.26052033573409,-0.0472802132788317,19
"371",-0.906816456500333,-0.0472802132788317,19
"372",-0.553112577266581,-0.0472802132788317,19
"373",-0.199408698032829,-0.287702775609891,19
"374",0.154295181200923,-0.528125337940952,19
"375",0.507999060434676,-0.768547900272011,19
"376",0.861702939668428,-0.768547900272011,19
"377",1.21540681890218,-1.00897046260307,19
"378",1.56911069813593,-1.00897046260307,19
"379",1.92281457736968,-1.00897046260307,19
"380",2.27651845660344,-1.00897046260307,19
"381",-4.44385524883785,-0.0472802132788317,20
"382",-4.0901513696041,-0.0472802132788317,20
"383",-3.73644749037035,-0.0472802132788317,20
"384",-3.3827436111366,-0.0472802132788317,20
"385",-3.02903973190285,-0.0472802132788317,20
"386",-2.67533585266909,-0.0472802132788317,20
"387",-2.32163197343534,-0.0472802132788317,20
"388",-1.96792809420159,-0.0472802132788317,20
"389",-1.61422421496784,-0.0472802132788317,20
"390",-1.26052033573409,-0.0472802132788317,20
"391",-0.906816456500333,-0.0472802132788317,20
"392",-0.553112577266581,-0.0472802132788317,20
"393",-0.199408698032829,-0.287702775609891,20
"394",0.154295181200923,-0.528125337940952,20
"395",0.507999060434676,-0.768547900272011,20
"396",0.861702939668428,-0.768547900272011,20
"397",1.21540681890218,-1.00897046260307,20
"398",1.56911069813593,-1.00897046260307,20
"399",1.92281457736968,-1.00897046260307,20
"400",2.27651845660344,-1.00897046260307,20
"401",-4.44385524883785,-0.0472802132788317,21
"402",-4.0901513696041,-0.0472802132788317,21
"403",-3.73644749037035,-0.0472802132788317,21
"404",-3.3827436111366,-0.0472802132788317,21
"405",-3.02903973190285,-0.0472802132788317,21
"406",-2.67533585266909,-0.0472802132788317,21
"407",-2.32163197343534,-0.0472802132788317,21
"408",-1.96792809420159,-0.0472802132788317,21
"409",-1.61422421496784,-0.0472802132788317,21
"410",-1.26052033573409,-0.0472802132788317,21
"411",-0.906816456500333,-0.0472802132788317,21
"412",-0.553112577266581,-0.0472802132788317,21
"413",-0.199408698032829,-0.528125337940952,21
"414",0.154295181200923,-0.528125337940952,21
"415",0.507999060434676,-0.768547900272011,21
"416",0.861702939668428,-0.768547900272011,21
"417",1.21540681890218,-0.768547900272011,21
"418",1.56911069813593,-0.768547900272011,21
"419",1.92281457736968,-0.768547900272011,21
"420",2.27651845660344,-1.00897046260307,21
"421",-4.44385524883785,-0.0472802132788317,22
"422",-4.0901513696041,-0.0472802132788317,22
"423",-3.73644749037035,-0.0472802132788317,22
"424",-3.3827436111366,-0.0472802132788317,22
"425",-3.02903973190285,-0.0472802132788317,22
"426",-2.67533585266909,-0.0472802132788317,22
"427",-2.32163197343534,-0.0472802132788317,22
"428",-1.96792809420159,-0.0472802132788317,22
"429",-1.61422421496784,-0.0472802132788317,22
"430",-1.26052033573409,-0.0472802132788317,22
"431",-0.906816456500333,-0.0472802132788317,22
"432",-0.553112577266581,-0.0472802132788317,22
"433",-0.199408698032829,-0.287702775609891,22
"434",0.154295181200923,-0.528125337940952,22
"435",0.507999060434676,-0.768547900272011,22
"436",0.861702939668428,-0.768547900272011,22
"437",1.21540681890218,-1.00897046260307,22
"438",1.56911069813593,-1.00897046260307,22
"439",1.92281457736968,-1.00897046260307,22
"440",2.27651845660344,-1.00897046260307,22
"441",-4.44385524883785,-0.0472802132788317,23
"442",-4.0901513696041,-0.0472802132788317,23
"443",-3.73644749037035,-0.0472802132788317,23
"444",-3.3827436111366,-0.0472802132788317,23
"445",-3.02903973190285,-0.0472802132788317,23
"446",-2.67533585266909,-0.0472802132788317,23
"447",-2.32163197343534,-0.0472802132788317,23
"448",-1.96792809420159,-0.0472802132788317,23
"449",-1.61422421496784,-0.0472802132788317,23
"450",-1.26052033573409,-0.0472802132788317,23
"451",-0.906816456500333,-0.0472802132788317,23
"452",-0.553112577266581,-0.0472802132788317,23
"453",-0.199408698032829,-0.287702775609891,23
"454",0.154295181200923,-0.528125337940952,23
"455",0.507999060434676,-0.768547900272011,23
"456",0.861702939668428,-0.768547900272011,23
"457",1.21540681890218,-0.768547900272011,23
"458",1.56911069813593,-0.768547900272011,23
"459",1.92281457736968,-1.00897046260307,23
"460",2.27651845660344,-1.00897046260307,23
"461",-4.44385524883785,-0.0472802132788317,24
"462",-4.0901513696041,-0.0472802132788317,24
"463",-3.73644749037035,-0.0472802132788317,24
"464",-3.3827436111366,-0.0472802132788317,24
"465",-3.02903973190285,-0.0472802132788317,24
"466",-2.67533585266909,-0.0472802132788317,24
"467",-2.32163197343534,-0.0472802132788317,24
"468",-1.96792809420159,-0.0472802132788317,24
"469",-1.61422421496784,-0.0472802132788317,24
"470",-1.26052033573409,-0.0472802132788317,24
"471",-0.906816456500333,-0.0472802132788317,24
"472",-0.553112577266581,-0.0472802132788317,24
"473",-0.199408698032829,-0.287702775609891,24
"474",0.154295181200923,-0.528125337940952,24
"475",0.507999060434676,-0.768547900272011,24
"476",0.861702939668428,-0.768547900272011,24
"477",1.21540681890218,-1.00897046260307,24
"478",1.56911069813593,-1.00897046260307,24
"479",1.92281457736968,-1.00897046260307,24
"480",2.27651845660344,-1.00897046260307,24
"481",-4.44385524883785,-0.0472802132788317,25
"482",-4.0901513696041,-0.0472802132788317,25
"483",-3.73644749037035,-0.0472802132788317,25
"484",-3.3827436111366,-0.0472802132788317,25
"485",-3.02903973190285,-0.0472802132788317,25
"486",-2.67533585266909,-0.0472802132788317,25
"487",-2.32163197343534,-0.0472802132788317,25
"488",-1.96792809420159,-0.0472802132788317,25
"489",-1.61422421496784,-0.0472802132788317,25
"490",-1.26052033573409,-0.0472802132788317,25
"491",-0.906816456500333,-0.0472802132788317,25
"492",-0.553112577266581,-0.0472802132788317,25
"493",-0.199408698032829,-0.287702775609891,25
"494",0.154295181200923,-0.528125337940952,25
"495",0.507999060434676,-0.768547900272011,25
"496",0.861702939668428,-0.768547900272011,25
"497",1.21540681890218,-0.768547900272011,25
"498",1.56911069813593,-0.768547900272011,25
"499",1.92281457736968,-1.00897046260307,25
"500",2.27651845660344,-1.00897046260307,25
"501",-4.44385524883785,-0.0472802132788317,26
"502",-4.0901513696041,-0.0472802132788317,26
"503",-3.73644749037035,-0.0472802132788317,26
"504",-3.3827436111366,-0.0472802132788317,26
"505",-3.02903973190285,-0.0472802132788317,26
"506",-2.67533585266909,-0.0472802132788317,26
"507",-2.32163197343534,-0.0472802132788317,26
"508",-1.96792809420159,-0.0472802132788317,26
"509",-1.61422421496784,-0.0472802132788317,26
"510",-1.26052033573409,-0.0472802132788317,26
"511",-0.906816456500333,-0.0472802132788317,26
"512",-0.553112577266581,-0.0472802132788317,26
"513",-0.199408698032829,-0.287702775609891,26
"514",0.154295181200923,-0.528125337940952,26
"515",0.507999060434676,-0.768547900272011,26
"516",0.861702939668428,-0.768547900272011,26
"517",1.21540681890218,-1.00897046260307,26
"518",1.56911069813593,-1.00897046260307,26
"519",1.92281457736968,-1.00897046260307,26
"520",2.27651845660344,-1.00897046260307,26
"521",-4.44385524883785,-0.0472802132788317,27
"522",-4.0901513696041,-0.0472802132788317,27
"523",-3.73644749037035,-0.0472802132788317,27
"524",-3.3827436111366,-0.0472802132788317,27
"525",-3.02903973190285,-0.0472802132788317,27
"526",-2.67533585266909,-0.0472802132788317,27
"527",-2.32163197343534,-0.0472802132788317,27
"528",-1.96792809420159,-0.0472802132788317,27
"529",-1.61422421496784,-0.0472802132788317,27
"530",-1.26052033573409,-0.0472802132788317,27
"531",-0.906816456500333,-0.0472802132788317,27
"532",-0.553112577266581,-0.0472802132788317,27
"533",-0.199408698032829,-0.287702775609891,27
"534",0.154295181200923,-0.528125337940952,27
"535",0.507999060434676,-0.768547900272011,27
"536",0.861702939668428,-0.768547900272011,27
"537",1.21540681890218,-0.768547900272011,27
"538",1.56911069813593,-1.00897046260307,27
"539",1.92281457736968,-1.00897046260307,27
"540",2.27651845660344,-1.00897046260307,27
"541",-4.44385524883785,-0.0472802132788317,28
"542",-4.0901513696041,-0.0472802132788317,28
"543",-3.73644749037035,-0.0472802132788317,28
"544",-3.3827436111366,-0.0472802132788317,28
"545",-3.02903973190285,-0.0472802132788317,28
"546",-2.67533585266909,-0.0472802132788317,28
"547",-2.32163197343534,-0.0472802132788317,28
"548",-1.96792809420159,-0.0472802132788317,28
"549",-1.61422421496784,-0.0472802132788317,28
"550",-1.26052033573409,-0.0472802132788317,28
"551",-0.906816456500333,-0.0472802132788317,28
"552",-0.553112577266581,-0.0472802132788317,28
"553",-0.199408698032829,-0.287702775609891,28
"554",0.154295181200923,-0.528125337940952,28
"555",0.507999060434676,-0.768547900272011,28
"556",0.861702939668428,-0.768547900272011,28
"557",1.21540681890218,-0.768547900272011,28
"558",1.56911069813593,-0.768547900272011,28
"559",1.92281457736968,-0.768547900272011,28
"560",2.27651845660344,-0.768547900272011,28
"561",-4.44385524883785,-0.0472802132788317,29
"562",-4.0901513696041,-0.0472802132788317,29
"563",-3.73644749037035,-0.0472802132788317,29
"564",-3.3827436111366,-0.0472802132788317,29
"565",-3.02903973190285,-0.0472802132788317,29
"566",-2.67533585266909,-0.0472802132788317,29
"567",-2.32163197343534,-0.0472802132788317,29
"568",-1.96792809420159,-0.0472802132788317,29
"569",-1.61422421496784,-0.0472802132788317,29
"570",-1.26052033573409,-0.0472802132788317,29
"571",-0.906816456500333,-0.0472802132788317,29
"572",-0.553112577266581,-0.0472802132788317,29
"573",-0.199408698032829,-0.287702775609891,29
"574",0.154295181200923,-0.528125337940952,29
"575",0.507999060434676,-0.768547900272011,29
"576",0.861702939668428,-0.768547900272011,29
"577",1.21540681890218,-1.00897046260307,29
"578",1.56911069813593,-1.00897046260307,29
"579",1.92281457736968,-1.00897046260307,29
"580",2.27651845660344,-1.00897046260307,29
"581",-4.44385524883785,-0.0472802132788317,30
"582",-4.0901513696041,-0.0472802132788317,30
"583",-3.73644749037035,-0.0472802132788317,30
"584",-3.3827436111366,-0.0472802132788317,30
"585",-3.02903973190285,-0.0472802132788317,30
"586",-2.67533585266909,-0.0472802132788317,30
"587",-2.32163197343534,-0.0472802132788317,30
"588",-1.96792809420159,-0.0472802132788317,30
"589",-1.61422421496784,-0.0472802132788317,30
"590",-1.26052033573409,-0.0472802132788317,30
"591",-0.906816456500333,-0.0472802132788317,30
"592",-0.553112577266581,-0.0472802132788317,30
"593",-0.199408698032829,-0.287702775609891,30
"594",0.154295181200923,-0.528125337940952,30
"595",0.507999060434676,-0.768547900272011,30
"596",0.861702939668428,-0.768547900272011,30
"597",1.21540681890218,-0.768547900272011,30
"598",1.56911069813593,-0.768547900272011,30
"599",1.92281457736968,-1.00897046260307,30
"600",2.27651845660344,-1.00897046260307,30
"601",-4.44385524883785,-0.0472802132788317,31
"602",-4.0901513696041,-0.0472802132788317,31
"603",-3.73644749037035,-0.0472802132788317,31
"604",-3.3827436111366,-0.0472802132788317,31
"605",-3.02903973190285,-0.0472802132788317,31
"606",-2.67533585266909,-0.0472802132788317,31
"607",-2.32163197343534,-0.0472802132788317,31
"608",-1.96792809420159,-0.0472802132788317,31
"609",-1.61422421496784,-0.0472802132788317,31
"610",-1.26052033573409,-0.0472802132788317,31
"611",-0.906816456500333,-0.0472802132788317,31
"612",-0.553112577266581,-0.0472802132788317,31
"613",-0.199408698032829,-0.528125337940952,31
"614",0.154295181200923,-0.528125337940952,31
"615",0.507999060434676,-0.768547900272011,31
"616",0.861702939668428,-0.768547900272011,31
"617",1.21540681890218,-0.768547900272011,31
"618",1.56911069813593,-0.768547900272011,31
"619",1.92281457736968,-1.00897046260307,31
"620",2.27651845660344,-1.00897046260307,31
"621",-4.44385524883785,-0.0472802132788317,32
"622",-4.0901513696041,-0.0472802132788317,32
"623",-3.73644749037035,-0.0472802132788317,32
"624",-3.3827436111366,-0.0472802132788317,32
"625",-3.02903973190285,-0.0472802132788317,32
"626",-2.67533585266909,-0.0472802132788317,32
"627",-2.32163197343534,-0.0472802132788317,32
"628",-1.96792809420159,-0.0472802132788317,32
"629",-1.61422421496784,-0.0472802132788317,32
"630",-1.26052033573409,-0.0472802132788317,32
"631",-0.906816456500333,-0.0472802132788317,32
"632",-0.553112577266581,-0.0472802132788317,32
"633",-0.199408698032829,-0.287702775609891,32
"634",0.154295181200923,-0.528125337940952,32
"635",0.507999060434676,-0.768547900272011,32
"636",0.861702939668428,-0.768547900272011,32
"637",1.21540681890218,-1.00897046260307,32
"638",1.56911069813593,-1.00897046260307,32
"639",1.92281457736968,-1.00897046260307,32
"640",2.27651845660344,-1.00897046260307,32
"641",-4.44385524883785,-0.0472802132788317,33
"642",-4.0901513696041,-0.0472802132788317,33
"643",-3.73644749037035,-0.0472802132788317,33
"644",-3.3827436111366,-0.0472802132788317,33
"645",-3.02903973190285,-0.0472802132788317,33
"646",-2.67533585266909,-0.0472802132788317,33
"647",-2.32163197343534,-0.0472802132788317,33
"648",-1.96792809420159,-0.0472802132788317,33
"649",-1.61422421496784,-0.0472802132788317,33
"650",-1.26052033573409,-0.0472802132788317,33
"651",-0.906816456500333,-0.0472802132788317,33
"652",-0.553112577266581,-0.0472802132788317,33
"653",-0.199408698032829,-0.287702775609891,33
"654",0.154295181200923,-0.528125337940952,33
"655",0.507999060434676,-0.768547900272011,33
"656",0.861702939668428,-0.768547900272011,33
"657",1.21540681890218,-1.00897046260307,33
"658",1.56911069813593,-1.00897046260307,33
"659",1.92281457736968,-1.00897046260307,33
"660",2.27651845660344,-1.00897046260307,33
"661",-4.44385524883785,-0.0472802132788317,34
"662",-4.0901513696041,-0.0472802132788317,34
"663",-3.73644749037035,-0.0472802132788317,34
"664",-3.3827436111366,-0.0472802132788317,34
"665",-3.02903973190285,-0.0472802132788317,34
"666",-2.67533585266909,-0.0472802132788317,34
"667",-2.32163197343534,-0.0472802132788317,34
"668",-1.96792809420159,-0.0472802132788317,34
"669",-1.61422421496784,-0.0472802132788317,34
"670",-1.26052033573409,-0.0472802132788317,34
"671",-0.906816456500333,-0.0472802132788317,34
"672",-0.553112577266581,-0.0472802132788317,34
"673",-0.199408698032829,-0.287702775609891,34
"674",0.154295181200923,-0.528125337940952,34
"675",0.507999060434676,-0.768547900272011,34
"676",0.861702939668428,-0.768547900272011,34
"677",1.21540681890218,-0.768547900272011,34
"678",1.56911069813593,-0.768547900272011,34
"679",1.92281457736968,-0.768547900272011,34
"680",2.27651845660344,-0.768547900272011,34
"681",-4.44385524883785,-0.0472802132788317,35
"682",-4.0901513696041,-0.0472802132788317,35
"683",-3.73644749037035,-0.0472802132788317,35
"684",-3.3827436111366,-0.0472802132788317,35
"685",-3.02903973190285,-0.0472802132788317,35
"686",-2.67533585266909,-0.0472802132788317,35
"687",-2.32163197343534,-0.0472802132788317,35
"688",-1.96792809420159,-0.0472802132788317,35
"689",-1.61422421496784,-0.0472802132788317,35
"690",-1.26052033573409,-0.0472802132788317,35
"691",-0.906816456500333,-0.0472802132788317,35
"692",-0.553112577266581,-0.0472802132788317,35
"693",-0.199408698032829,-0.287702775609891,35
"694",0.154295181200923,-0.528125337940952,35
"695",0.507999060434676,-0.768547900272011,35
"696",0.861702939668428,-0.768547900272011,35
"697",1.21540681890218,-1.00897046260307,35
"698",1.56911069813593,-1.00897046260307,35
"699",1.92281457736968,-1.00897046260307,35
"700",2.27651845660344,-1.00897046260307,35
"701",-4.44385524883785,-0.0472802132788317,36
"702",-4.0901513696041,-0.0472802132788317,36
"703",-3.73644749037035,-0.0472802132788317,36
"704",-3.3827436111366,-0.0472802132788317,36
"705",-3.02903973190285,-0.0472802132788317,36
"706",-2.67533585266909,-0.0472802132788317,36
"707",-2.32163197343534,-0.0472802132788317,36
"708",-1.96792809420159,-0.0472802132788317,36
"709",-1.61422421496784,-0.0472802132788317,36
"710",-1.26052033573409,-0.0472802132788317,36
"711",-0.906816456500333,-0.0472802132788317,36
"712",-0.553112577266581,-0.0472802132788317,36
"713",-0.199408698032829,-0.287702775609891,36
"714",0.154295181200923,-0.528125337940952,36
"715",0.507999060434676,-0.768547900272011,36
"716",0.861702939668428,-0.768547900272011,36
"717",1.21540681890218,-0.768547900272011,36
"718",1.56911069813593,-0.768547900272011,36
"719",1.92281457736968,-1.00897046260307,36
"720",2.27651845660344,-1.00897046260307,36
"721",-4.44385524883785,-0.0472802132788317,37
"722",-4.0901513696041,-0.0472802132788317,37
"723",-3.73644749037035,-0.0472802132788317,37
"724",-3.3827436111366,-0.0472802132788317,37
"725",-3.02903973190285,-0.0472802132788317,37
"726",-2.67533585266909,-0.0472802132788317,37
"727",-2.32163197343534,-0.0472802132788317,37
"728",-1.96792809420159,-0.0472802132788317,37
"729",-1.61422421496784,-0.0472802132788317,37
"730",-1.26052033573409,-0.0472802132788317,37
"731",-0.906816456500333,-0.0472802132788317,37
"732",-0.553112577266581,-0.0472802132788317,37
"733",-0.199408698032829,-0.0472802132788317,37
"734",0.154295181200923,-0.528125337940952,37
"735",0.507999060434676,-0.768547900272011,37
"736",0.861702939668428,-0.768547900272011,37
"737",1.21540681890218,-1.00897046260307,37
"738",1.56911069813593,-1.00897046260307,37
"739",1.92281457736968,-1.00897046260307,37
"740",2.27651845660344,-1.00897046260307,37
"741",-4.44385524883785,-0.0472802132788317,38
"742",-4.0901513696041,-0.0472802132788317,38
"743",-3.73644749037035,-0.0472802132788317,38
"744",-3.3827436111366,-0.0472802132788317,38
"745",-3.02903973190285,-0.0472802132788317,38
"746",-2.67533585266909,-0.0472802132788317,38
"747",-2.32163197343534,-0.0472802132788317,38
"748",-1.96792809420159,-0.0472802132788317,38
"749",-1.61422421496784,-0.0472802132788317,38
"750",-1.26052033573409,-0.0472802132788317,38
"751",-0.906816456500333,-0.0472802132788317,38
"752",-0.553112577266581,-0.0472802132788317,38
"753",-0.199408698032829,-0.287702775609891,38
"754",0.154295181200923,-0.528125337940952,38
"755",0.507999060434676,-0.768547900272011,38
"756",0.861702939668428,-0.768547900272011,38
"757",1.21540681890218,-1.00897046260307,38
"758",1.56911069813593,-1.00897046260307,38
"759",1.92281457736968,-1.00897046260307,38
"760",2.27651845660344,-1.00897046260307,38
"761",-4.44385524883785,-0.0472802132788317,39
"762",-4.0901513696041,-0.0472802132788317,39
"763",-3.73644749037035,-0.0472802132788317,39
"764",-3.3827436111366,-0.0472802132788317,39
"765",-3.02903973190285,-0.0472802132788317,39
"766",-2.67533585266909,-0.0472802132788317,39
"767",-2.32163197343534,-0.0472802132788317,39
"768",-1.96792809420159,-0.0472802132788317,39
"769",-1.61422421496784,-0.0472802132788317,39
"770",-1.26052033573409,-0.0472802132788317,39
"771",-0.906816456500333,-0.0472802132788317,39
"772",-0.553112577266581,-0.0472802132788317,39
"773",-0.199408698032829,-0.287702775609891,39
"774",0.154295181200923,-0.528125337940952,39
"775",0.507999060434676,-0.768547900272011,39
"776",0.861702939668428,-1.00897046260307,39
"777",1.21540681890218,-1.00897046260307,39
"778",1.56911069813593,-1.00897046260307,39
"779",1.92281457736968,-1.00897046260307,39
"780",2.27651845660344,-1.24939302493413,39
"781",-4.44385524883785,-0.0472802132788317,40
"782",-4.0901513696041,-0.0472802132788317,40
"783",-3.73644749037035,-0.0472802132788317,40
"784",-3.3827436111366,-0.0472802132788317,40
"785",-3.02903973190285,-0.0472802132788317,40
"786",-2.67533585266909,-0.0472802132788317,40
"787",-2.32163197343534,-0.0472802132788317,40
"788",-1.96792809420159,-0.0472802132788317,40
"789",-1.61422421496784,-0.0472802132788317,40
"790",-1.26052033573409,-0.0472802132788317,40
"791",-0.906816456500333,-0.0472802132788317,40
"792",-0.553112577266581,-0.0472802132788317,40
"793",-0.199408698032829,-0.0472802132788317,40
"794",0.154295181200923,-0.528125337940952,40
"795",0.507999060434676,-0.768547900272011,40
"796",0.861702939668428,-0.768547900272011,40
"797",1.21540681890218,-1.00897046260307,40
"798",1.56911069813593,-1.00897046260307,40
"799",1.92281457736968,-1.00897046260307,40
"800",2.27651845660344,-1.00897046260307,40
"801",-4.44385524883785,-0.0472802132788317,41
"802",-4.0901513696041,-0.0472802132788317,41
"803",-3.73644749037035,-0.0472802132788317,41
"804",-3.3827436111366,-0.0472802132788317,41
"805",-3.02903973190285,-0.0472802132788317,41
"806",-2.67533585266909,-0.0472802132788317,41
"807",-2.32163197343534,-0.0472802132788317,41
"808",-1.96792809420159,-0.0472802132788317,41
"809",-1.61422421496784,-0.0472802132788317,41
"810",-1.26052033573409,-0.0472802132788317,41
"811",-0.906816456500333,-0.0472802132788317,41
"812",-0.553112577266581,-0.0472802132788317,41
"813",-0.199408698032829,-0.287702775609891,41
"814",0.154295181200923,-0.528125337940952,41
"815",0.507999060434676,-0.768547900272011,41
"816",0.861702939668428,-0.768547900272011,41
"817",1.21540681890218,-0.768547900272011,41
"818",1.56911069813593,-0.768547900272011,41
"819",1.92281457736968,-0.768547900272011,41
"820",2.27651845660344,-1.00897046260307,41
"821",-4.44385524883785,-0.0472802132788317,42
"822",-4.0901513696041,-0.0472802132788317,42
"823",-3.73644749037035,-0.0472802132788317,42
"824",-3.3827436111366,-0.0472802132788317,42
"825",-3.02903973190285,-0.0472802132788317,42
"826",-2.67533585266909,-0.0472802132788317,42
"827",-2.32163197343534,-0.0472802132788317,42
"828",-1.96792809420159,-0.0472802132788317,42
"829",-1.61422421496784,-0.0472802132788317,42
"830",-1.26052033573409,-0.0472802132788317,42
"831",-0.906816456500333,-0.0472802132788317,42
"832",-0.553112577266581,-0.287702775609891,42
"833",-0.199408698032829,-0.528125337940952,42
"834",0.154295181200923,-0.528125337940952,42
"835",0.507999060434676,-0.768547900272011,42
"836",0.861702939668428,-0.768547900272011,42
"837",1.21540681890218,-0.768547900272011,42
"838",1.56911069813593,-0.768547900272011,42
"839",1.92281457736968,-0.768547900272011,42
"840",2.27651845660344,-0.768547900272011,42
"841",-4.44385524883785,-0.0472802132788317,43
"842",-4.0901513696041,-0.0472802132788317,43
"843",-3.73644749037035,-0.0472802132788317,43
"844",-3.3827436111366,-0.0472802132788317,43
"845",-3.02903973190285,-0.0472802132788317,43
"846",-2.67533585266909,-0.0472802132788317,43
"847",-2.32163197343534,-0.0472802132788317,43
"848",-1.96792809420159,-0.0472802132788317,43
"849",-1.61422421496784,-0.0472802132788317,43
"850",-1.26052033573409,-0.0472802132788317,43
"851",-0.906816456500333,-0.0472802132788317,43
"852",-0.553112577266581,-0.0472802132788317,43
"853",-0.199408698032829,-0.287702775609891,43
"854",0.154295181200923,-0.528125337940952,43
"855",0.507999060434676,-0.768547900272011,43
"856",0.861702939668428,-0.768547900272011,43
"857",1.21540681890218,-1.00897046260307,43
"858",1.56911069813593,-1.00897046260307,43
"859",1.92281457736968,-1.00897046260307,43
"860",2.27651845660344,-1.00897046260307,43
"861",-4.44385524883785,-0.0472802132788317,44
"862",-4.0901513696041,-0.0472802132788317,44
"863",-3.73644749037035,-0.0472802132788317,44
"864",-3.3827436111366,-0.0472802132788317,44
"865",-3.02903973190285,-0.0472802132788317,44
"866",-2.67533585266909,-0.0472802132788317,44
"867",-2.32163197343534,-0.0472802132788317,44
"868",-1.96792809420159,-0.0472802132788317,44
"869",-1.61422421496784,-0.0472802132788317,44
"870",-1.26052033573409,-0.0472802132788317,44
"871",-0.906816456500333,-0.0472802132788317,44
"872",-0.553112577266581,-0.0472802132788317,44
"873",-0.199408698032829,-0.287702775609891,44
"874",0.154295181200923,-0.528125337940952,44
"875",0.507999060434676,-0.768547900272011,44
"876",0.861702939668428,-0.768547900272011,44
"877",1.21540681890218,-1.00897046260307,44
"878",1.56911069813593,-1.00897046260307,44
"879",1.92281457736968,-1.00897046260307,44
"880",2.27651845660344,-1.00897046260307,44
"881",-4.44385524883785,-0.0472802132788317,45
"882",-4.0901513696041,-0.0472802132788317,45
"883",-3.73644749037035,-0.0472802132788317,45
"884",-3.3827436111366,-0.0472802132788317,45
"885",-3.02903973190285,-0.0472802132788317,45
"886",-2.67533585266909,-0.0472802132788317,45
"887",-2.32163197343534,-0.0472802132788317,45
"888",-1.96792809420159,-0.0472802132788317,45
"889",-1.61422421496784,-0.0472802132788317,45
"890",-1.26052033573409,-0.0472802132788317,45
"891",-0.906816456500333,-0.0472802132788317,45
"892",-0.553112577266581,-0.0472802132788317,45
"893",-0.199408698032829,-0.287702775609891,45
"894",0.154295181200923,-0.528125337940952,45
"895",0.507999060434676,-0.768547900272011,45
"896",0.861702939668428,-0.768547900272011,45
"897",1.21540681890218,-0.768547900272011,45
"898",1.56911069813593,-1.00897046260307,45
"899",1.92281457736968,-1.00897046260307,45
"900",2.27651845660344,-1.00897046260307,45
"901",-4.44385524883785,-0.0472802132788317,46
"902",-4.0901513696041,-0.0472802132788317,46
"903",-3.73644749037035,-0.0472802132788317,46
"904",-3.3827436111366,-0.0472802132788317,46
"905",-3.02903973190285,-0.0472802132788317,46
"906",-2.67533585266909,-0.0472802132788317,46
"907",-2.32163197343534,-0.0472802132788317,46
"908",-1.96792809420159,-0.0472802132788317,46
"909",-1.61422421496784,-0.0472802132788317,46
"910",-1.26052033573409,-0.0472802132788317,46
"911",-0.906816456500333,-0.0472802132788317,46
"912",-0.553112577266581,-0.0472802132788317,46
"913",-0.199408698032829,-0.287702775609891,46
"914",0.154295181200923,-0.528125337940952,46
"915",0.507999060434676,-0.768547900272011,46
"916",0.861702939668428,-0.768547900272011,46
"917",1.21540681890218,-0.768547900272011,46
"918",1.56911069813593,-1.00897046260307,46
"919",1.92281457736968,-1.00897046260307,46
"920",2.27651845660344,-1.00897046260307,46
"921",-4.44385524883785,-0.0472802132788317,47
"922",-4.0901513696041,-0.0472802132788317,47
"923",-3.73644749037035,-0.0472802132788317,47
"924",-3.3827436111366,-0.0472802132788317,47
"925",-3.02903973190285,-0.0472802132788317,47
"926",-2.67533585266909,-0.0472802132788317,47
"927",-2.32163197343534,-0.0472802132788317,47
"928",-1.96792809420159,-0.0472802132788317,47
"929",-1.61422421496784,-0.0472802132788317,47
"930",-1.26052033573409,-0.0472802132788317,47
"931",-0.906816456500333,-0.0472802132788317,47
"932",-0.553112577266581,-0.0472802132788317,47
"933",-0.199408698032829,-0.528125337940952,47
"934",0.154295181200923,-0.528125337940952,47
"935",0.507999060434676,-0.768547900272011,47
"936",0.861702939668428,-0.768547900272011,47
"937",1.21540681890218,-1.00897046260307,47
"938",1.56911069813593,-1.00897046260307,47
"939",1.92281457736968,-1.00897046260307,47
"940",2.27651845660344,-1.00897046260307,47
"941",-4.44385524883785,-0.0472802132788317,48
"942",-4.0901513696041,-0.0472802132788317,48
"943",-3.73644749037035,-0.0472802132788317,48
"944",-3.3827436111366,-0.0472802132788317,48
"945",-3.02903973190285,-0.0472802132788317,48
"946",-2.67533585266909,-0.0472802132788317,48
"947",-2.32163197343534,-0.0472802132788317,48
"948",-1.96792809420159,-0.0472802132788317,48
"949",-1.61422421496784,-0.0472802132788317,48
"950",-1.26052033573409,-0.0472802132788317,48
"951",-0.906816456500333,-0.0472802132788317,48
"952",-0.553112577266581,-0.0472802132788317,48
"953",-0.199408698032829,-0.287702775609891,48
"954",0.154295181200923,-0.528125337940952,48
"955",0.507999060434676,-0.768547900272011,48
"956",0.861702939668428,-0.768547900272011,48
"957",1.21540681890218,-0.768547900272011,48
"958",1.56911069813593,-1.00897046260307,48
"959",1.92281457736968,-1.00897046260307,48
"960",2.27651845660344,-1.00897046260307,48
"961",-4.44385524883785,-0.0472802132788317,49
"962",-4.0901513696041,-0.0472802132788317,49
"963",-3.73644749037035,-0.0472802132788317,49
"964",-3.3827436111366,-0.0472802132788317,49
"965",-3.02903973190285,-0.0472802132788317,49
"966",-2.67533585266909,-0.0472802132788317,49
"967",-2.32163197343534,-0.0472802132788317,49
"968",-1.96792809420159,-0.0472802132788317,49
"969",-1.61422421496784,-0.0472802132788317,49
"970",-1.26052033573409,-0.0472802132788317,49
"971",-0.906816456500333,-0.0472802132788317,49
"972",-0.553112577266581,-0.0472802132788317,49
"973",-0.199408698032829,-0.0472802132788317,49
"974",0.154295181200923,-0.528125337940952,49
"975",0.507999060434676,-0.768547900272011,49
"976",0.861702939668428,-0.768547900272011,49
"977",1.21540681890218,-1.00897046260307,49
"978",1.56911069813593,-1.00897046260307,49
"979",1.92281457736968,-1.00897046260307,49
"980",2.27651845660344,-1.00897046260307,49
"981",-4.44385524883785,-0.0472802132788317,50
"982",-4.0901513696041,-0.0472802132788317,50
"983",-3.73644749037035,-0.0472802132788317,50
"984",-3.3827436111366,-0.0472802132788317,50
"985",-3.02903973190285,-0.0472802132788317,50
"986",-2.67533585266909,-0.0472802132788317,50
"987",-2.32163197343534,-0.0472802132788317,50
"988",-1.96792809420159,-0.0472802132788317,50
"989",-1.61422421496784,-0.0472802132788317,50
"990",-1.26052033573409,-0.0472802132788317,50
"991",-0.906816456500333,-0.0472802132788317,50
"992",-0.553112577266581,-0.0472802132788317,50
"993",-0.199408698032829,-0.287702775609891,50
"994",0.154295181200923,-0.528125337940952,50
"995",0.507999060434676,-0.768547900272011,50
"996",0.861702939668428,-0.768547900272011,50
"997",1.21540681890218,-1.00897046260307,50
"998",1.56911069813593,-1.00897046260307,50
"999",1.92281457736968,-1.00897046260307,50
"1000",2.27651845660344,-1.00897046260307,50
"1001",-4.44385524883785,-0.0472802132788317,51
"1002",-4.0901513696041,-0.0472802132788317,51
"1003",-3.73644749037035,-0.0472802132788317,51
"1004",-3.3827436111366,-0.0472802132788317,51
"1005",-3.02903973190285,-0.0472802132788317,51
"1006",-2.67533585266909,-0.0472802132788317,51
"1007",-2.32163197343534,-0.0472802132788317,51
"1008",-1.96792809420159,-0.0472802132788317,51
"1009",-1.61422421496784,-0.0472802132788317,51
"1010",-1.26052033573409,-0.0472802132788317,51
"1011",-0.906816456500333,-0.0472802132788317,51
"1012",-0.553112577266581,-0.0472802132788317,51
"1013",-0.199408698032829,-0.287702775609891,51
"1014",0.154295181200923,-0.528125337940952,51
"1015",0.507999060434676,-0.768547900272011,51
"1016",0.861702939668428,-0.768547900272011,51
"1017",1.21540681890218,-1.00897046260307,51
"1018",1.56911069813593,-1.00897046260307,51
"1019",1.92281457736968,-1.00897046260307,51
"1020",2.27651845660344,-1.00897046260307,51
"1021",-4.44385524883785,-0.0472802132788317,52
"1022",-4.0901513696041,-0.0472802132788317,52
"1023",-3.73644749037035,-0.0472802132788317,52
"1024",-3.3827436111366,-0.0472802132788317,52
"1025",-3.02903973190285,-0.0472802132788317,52
"1026",-2.67533585266909,-0.0472802132788317,52
"1027",-2.32163197343534,-0.0472802132788317,52
"1028",-1.96792809420159,-0.0472802132788317,52
"1029",-1.61422421496784,-0.0472802132788317,52
"1030",-1.26052033573409,-0.0472802132788317,52
"1031",-0.906816456500333,-0.0472802132788317,52
"1032",-0.553112577266581,-0.0472802132788317,52
"1033",-0.199408698032829,-0.287702775609891,52
"1034",0.154295181200923,-0.528125337940952,52
"1035",0.507999060434676,-0.768547900272011,52
"1036",0.861702939668428,-0.768547900272011,52
"1037",1.21540681890218,-0.768547900272011,52
"1038",1.56911069813593,-1.00897046260307,52
"1039",1.92281457736968,-1.00897046260307,52
"1040",2.27651845660344,-1.00897046260307,52
"1041",-4.44385524883785,-0.0472802132788317,53
"1042",-4.0901513696041,-0.0472802132788317,53
"1043",-3.73644749037035,-0.0472802132788317,53
"1044",-3.3827436111366,-0.0472802132788317,53
"1045",-3.02903973190285,-0.0472802132788317,53
"1046",-2.67533585266909,-0.0472802132788317,53
"1047",-2.32163197343534,-0.0472802132788317,53
"1048",-1.96792809420159,-0.0472802132788317,53
"1049",-1.61422421496784,-0.0472802132788317,53
"1050",-1.26052033573409,-0.0472802132788317,53
"1051",-0.906816456500333,-0.0472802132788317,53
"1052",-0.553112577266581,-0.0472802132788317,53
"1053",-0.199408698032829,-0.287702775609891,53
"1054",0.154295181200923,-0.528125337940952,53
"1055",0.507999060434676,-0.768547900272011,53
"1056",0.861702939668428,-0.768547900272011,53
"1057",1.21540681890218,-1.00897046260307,53
"1058",1.56911069813593,-1.00897046260307,53
"1059",1.92281457736968,-1.00897046260307,53
"1060",2.27651845660344,-1.00897046260307,53
"1061",-4.44385524883785,-0.0472802132788317,54
"1062",-4.0901513696041,-0.0472802132788317,54
"1063",-3.73644749037035,-0.0472802132788317,54
"1064",-3.3827436111366,-0.0472802132788317,54
"1065",-3.02903973190285,-0.0472802132788317,54
"1066",-2.67533585266909,-0.0472802132788317,54
"1067",-2.32163197343534,-0.0472802132788317,54
"1068",-1.96792809420159,-0.0472802132788317,54
"1069",-1.61422421496784,-0.0472802132788317,54
"1070",-1.26052033573409,-0.0472802132788317,54
"1071",-0.906816456500333,-0.0472802132788317,54
"1072",-0.553112577266581,-0.0472802132788317,54
"1073",-0.199408698032829,-0.287702775609891,54
"1074",0.154295181200923,-0.528125337940952,54
"1075",0.507999060434676,-0.768547900272011,54
"1076",0.861702939668428,-0.768547900272011,54
"1077",1.21540681890218,-1.00897046260307,54
"1078",1.56911069813593,-1.00897046260307,54
"1079",1.92281457736968,-1.00897046260307,54
"1080",2.27651845660344,-1.00897046260307,54
"1081",-4.44385524883785,-0.0472802132788317,55
"1082",-4.0901513696041,-0.0472802132788317,55
"1083",-3.73644749037035,-0.0472802132788317,55
"1084",-3.3827436111366,-0.0472802132788317,55
"1085",-3.02903973190285,-0.0472802132788317,55
"1086",-2.67533585266909,-0.0472802132788317,55
"1087",-2.32163197343534,-0.0472802132788317,55
"1088",-1.96792809420159,-0.0472802132788317,55
"1089",-1.61422421496784,-0.0472802132788317,55
"1090",-1.26052033573409,-0.0472802132788317,55
"1091",-0.906816456500333,-0.0472802132788317,55
"1092",-0.553112577266581,-0.0472802132788317,55
"1093",-0.199408698032829,-0.287702775609891,55
"1094",0.154295181200923,-0.528125337940952,55
"1095",0.507999060434676,-0.768547900272011,55
"1096",0.861702939668428,-0.768547900272011,55
"1097",1.21540681890218,-0.768547900272011,55
"1098",1.56911069813593,-1.00897046260307,55
"1099",1.92281457736968,-1.00897046260307,55
"1100",2.27651845660344,-1.00897046260307,55
"1101",-4.44385524883785,-0.0472802132788317,56
"1102",-4.0901513696041,-0.0472802132788317,56
"1103",-3.73644749037035,-0.0472802132788317,56
"1104",-3.3827436111366,-0.0472802132788317,56
"1105",-3.02903973190285,-0.0472802132788317,56
"1106",-2.67533585266909,-0.0472802132788317,56
"1107",-2.32163197343534,-0.0472802132788317,56
"1108",-1.96792809420159,-0.0472802132788317,56
"1109",-1.61422421496784,-0.0472802132788317,56
"1110",-1.26052033573409,-0.0472802132788317,56
"1111",-0.906816456500333,-0.0472802132788317,56
"1112",-0.553112577266581,-0.0472802132788317,56
"1113",-0.199408698032829,-0.287702775609891,56
"1114",0.154295181200923,-0.528125337940952,56
"1115",0.507999060434676,-0.768547900272011,56
"1116",0.861702939668428,-0.768547900272011,56
"1117",1.21540681890218,-0.768547900272011,56
"1118",1.56911069813593,-0.768547900272011,56
"1119",1.92281457736968,-0.768547900272011,56
"1120",2.27651845660344,-1.00897046260307,56
"1121",-4.44385524883785,-0.0472802132788317,57
"1122",-4.0901513696041,-0.0472802132788317,57
"1123",-3.73644749037035,-0.0472802132788317,57
"1124",-3.3827436111366,-0.0472802132788317,57
"1125",-3.02903973190285,-0.0472802132788317,57
"1126",-2.67533585266909,-0.0472802132788317,57
"1127",-2.32163197343534,-0.0472802132788317,57
"1128",-1.96792809420159,-0.0472802132788317,57
"1129",-1.61422421496784,-0.0472802132788317,57
"1130",-1.26052033573409,-0.0472802132788317,57
"1131",-0.906816456500333,-0.0472802132788317,57
"1132",-0.553112577266581,-0.0472802132788317,57
"1133",-0.199408698032829,-0.287702775609891,57
"1134",0.154295181200923,-0.528125337940952,57
"1135",0.507999060434676,-0.768547900272011,57
"1136",0.861702939668428,-0.768547900272011,57
"1137",1.21540681890218,-0.768547900272011,57
"1138",1.56911069813593,-1.00897046260307,57
"1139",1.92281457736968,-1.00897046260307,57
"1140",2.27651845660344,-1.00897046260307,57
"1141",-4.44385524883785,-0.0472802132788317,58
"1142",-4.0901513696041,-0.0472802132788317,58
"1143",-3.73644749037035,-0.0472802132788317,58
"1144",-3.3827436111366,-0.0472802132788317,58
"1145",-3.02903973190285,-0.0472802132788317,58
"1146",-2.67533585266909,-0.0472802132788317,58
"1147",-2.32163197343534,-0.0472802132788317,58
"1148",-1.96792809420159,-0.0472802132788317,58
"1149",-1.61422421496784,-0.0472802132788317,58
"1150",-1.26052033573409,-0.0472802132788317,58
"1151",-0.906816456500333,-0.0472802132788317,58
"1152",-0.553112577266581,-0.0472802132788317,58
"1153",-0.199408698032829,-0.287702775609891,58
"1154",0.154295181200923,-0.528125337940952,58
"1155",0.507999060434676,-0.768547900272011,58
"1156",0.861702939668428,-1.00897046260307,58
"1157",1.21540681890218,-1.00897046260307,58
"1158",1.56911069813593,-1.00897046260307,58
"1159",1.92281457736968,-1.00897046260307,58
"1160",2.27651845660344,-1.00897046260307,58
"1161",-4.44385524883785,-0.0472802132788317,59
"1162",-4.0901513696041,-0.0472802132788317,59
"1163",-3.73644749037035,-0.0472802132788317,59
"1164",-3.3827436111366,-0.0472802132788317,59
"1165",-3.02903973190285,-0.0472802132788317,59
"1166",-2.67533585266909,-0.0472802132788317,59
"1167",-2.32163197343534,-0.0472802132788317,59
"1168",-1.96792809420159,-0.0472802132788317,59
"1169",-1.61422421496784,-0.0472802132788317,59
"1170",-1.26052033573409,-0.0472802132788317,59
"1171",-0.906816456500333,-0.0472802132788317,59
"1172",-0.553112577266581,-0.0472802132788317,59
"1173",-0.199408698032829,-0.287702775609891,59
"1174",0.154295181200923,-0.528125337940952,59
"1175",0.507999060434676,-0.768547900272011,59
"1176",0.861702939668428,-0.768547900272011,59
"1177",1.21540681890218,-1.00897046260307,59
"1178",1.56911069813593,-1.00897046260307,59
"1179",1.92281457736968,-1.00897046260307,59
"1180",2.27651845660344,-1.00897046260307,59
"1181",-4.44385524883785,-0.0472802132788317,60
"1182",-4.0901513696041,-0.0472802132788317,60
"1183",-3.73644749037035,-0.0472802132788317,60
"1184",-3.3827436111366,-0.0472802132788317,60
"1185",-3.02903973190285,-0.0472802132788317,60
"1186",-2.67533585266909,-0.0472802132788317,60
"1187",-2.32163197343534,-0.0472802132788317,60
"1188",-1.96792809420159,-0.0472802132788317,60
"1189",-1.61422421496784,-0.0472802132788317,60
"1190",-1.26052033573409,-0.0472802132788317,60
"1191",-0.906816456500333,-0.0472802132788317,60
"1192",-0.553112577266581,-0.0472802132788317,60
"1193",-0.199408698032829,-0.287702775609891,60
"1194",0.154295181200923,-0.528125337940952,60
"1195",0.507999060434676,-0.768547900272011,60
"1196",0.861702939668428,-1.00897046260307,60
"1197",1.21540681890218,-1.00897046260307,60
"1198",1.56911069813593,-1.00897046260307,60
"1199",1.92281457736968,-1.00897046260307,60
"1200",2.27651845660344,-1.24939302493413,60
"1201",-4.44385524883785,-0.0472802132788317,61
"1202",-4.0901513696041,-0.0472802132788317,61
"1203",-3.73644749037035,-0.0472802132788317,61
"1204",-3.3827436111366,-0.0472802132788317,61
"1205",-3.02903973190285,-0.0472802132788317,61
"1206",-2.67533585266909,-0.0472802132788317,61
"1207",-2.32163197343534,-0.0472802132788317,61
"1208",-1.96792809420159,-0.0472802132788317,61
"1209",-1.61422421496784,-0.0472802132788317,61
"1210",-1.26052033573409,-0.0472802132788317,61
"1211",-0.906816456500333,-0.0472802132788317,61
"1212",-0.553112577266581,-0.0472802132788317,61
"1213",-0.199408698032829,-0.287702775609891,61
"1214",0.154295181200923,-0.528125337940952,61
"1215",0.507999060434676,-0.768547900272011,61
"1216",0.861702939668428,-0.768547900272011,61
"1217",1.21540681890218,-1.00897046260307,61
"1218",1.56911069813593,-1.00897046260307,61
"1219",1.92281457736968,-1.00897046260307,61
"1220",2.27651845660344,-1.00897046260307,61
"1221",-4.44385524883785,-0.0472802132788317,62
"1222",-4.0901513696041,-0.0472802132788317,62
"1223",-3.73644749037035,-0.0472802132788317,62
"1224",-3.3827436111366,-0.0472802132788317,62
"1225",-3.02903973190285,-0.0472802132788317,62
"1226",-2.67533585266909,-0.0472802132788317,62
"1227",-2.32163197343534,-0.0472802132788317,62
"1228",-1.96792809420159,-0.0472802132788317,62
"1229",-1.61422421496784,-0.0472802132788317,62
"1230",-1.26052033573409,-0.0472802132788317,62
"1231",-0.906816456500333,-0.0472802132788317,62
"1232",-0.553112577266581,-0.0472802132788317,62
"1233",-0.199408698032829,-0.287702775609891,62
"1234",0.154295181200923,-0.528125337940952,62
"1235",0.507999060434676,-0.768547900272011,62
"1236",0.861702939668428,-0.768547900272011,62
"1237",1.21540681890218,-0.768547900272011,62
"1238",1.56911069813593,-1.00897046260307,62
"1239",1.92281457736968,-1.00897046260307,62
"1240",2.27651845660344,-1.00897046260307,62
"1241",-4.44385524883785,-0.0472802132788317,63
"1242",-4.0901513696041,-0.0472802132788317,63
"1243",-3.73644749037035,-0.0472802132788317,63
"1244",-3.3827436111366,-0.0472802132788317,63
"1245",-3.02903973190285,-0.0472802132788317,63
"1246",-2.67533585266909,-0.0472802132788317,63
"1247",-2.32163197343534,-0.0472802132788317,63
"1248",-1.96792809420159,-0.0472802132788317,63
"1249",-1.61422421496784,-0.0472802132788317,63
"1250",-1.26052033573409,-0.0472802132788317,63
"1251",-0.906816456500333,-0.0472802132788317,63
"1252",-0.553112577266581,-0.0472802132788317,63
"1253",-0.199408698032829,-0.287702775609891,63
"1254",0.154295181200923,-0.528125337940952,63
"1255",0.507999060434676,-0.768547900272011,63
"1256",0.861702939668428,-1.00897046260307,63
"1257",1.21540681890218,-1.00897046260307,63
"1258",1.56911069813593,-1.00897046260307,63
"1259",1.92281457736968,-1.00897046260307,63
"1260",2.27651845660344,-1.24939302493413,63
"1261",-4.44385524883785,-0.0472802132788317,64
"1262",-4.0901513696041,-0.0472802132788317,64
"1263",-3.73644749037035,-0.0472802132788317,64
"1264",-3.3827436111366,-0.0472802132788317,64
"1265",-3.02903973190285,-0.0472802132788317,64
"1266",-2.67533585266909,-0.0472802132788317,64
"1267",-2.32163197343534,-0.0472802132788317,64
"1268",-1.96792809420159,-0.0472802132788317,64
"1269",-1.61422421496784,-0.0472802132788317,64
"1270",-1.26052033573409,-0.0472802132788317,64
"1271",-0.906816456500333,-0.0472802132788317,64
"1272",-0.553112577266581,-0.0472802132788317,64
"1273",-0.199408698032829,-0.0472802132788317,64
"1274",0.154295181200923,-0.528125337940952,64
"1275",0.507999060434676,-0.768547900272011,64
"1276",0.861702939668428,-0.768547900272011,64
"1277",1.21540681890218,-1.00897046260307,64
"1278",1.56911069813593,-1.00897046260307,64
"1279",1.92281457736968,-1.00897046260307,64
"1280",2.27651845660344,-1.00897046260307,64
"1281",-4.44385524883785,-0.0472802132788317,65
"1282",-4.0901513696041,-0.0472802132788317,65
"1283",-3.73644749037035,-0.0472802132788317,65
"1284",-3.3827436111366,-0.0472802132788317,65
"1285",-3.02903973190285,-0.0472802132788317,65
"1286",-2.67533585266909,-0.0472802132788317,65
"1287",-2.32163197343534,-0.0472802132788317,65
"1288",-1.96792809420159,-0.0472802132788317,65
"1289",-1.61422421496784,-0.0472802132788317,65
"1290",-1.26052033573409,-0.0472802132788317,65
"1291",-0.906816456500333,-0.0472802132788317,65
"1292",-0.553112577266581,-0.0472802132788317,65
"1293",-0.199408698032829,-0.287702775609891,65
"1294",0.154295181200923,-0.528125337940952,65
"1295",0.507999060434676,-0.768547900272011,65
"1296",0.861702939668428,-0.768547900272011,65
"1297",1.21540681890218,-1.00897046260307,65
"1298",1.56911069813593,-1.00897046260307,65
"1299",1.92281457736968,-1.00897046260307,65
"1300",2.27651845660344,-1.00897046260307,65
"1301",-4.44385524883785,-0.0472802132788317,66
"1302",-4.0901513696041,-0.0472802132788317,66
"1303",-3.73644749037035,-0.0472802132788317,66
"1304",-3.3827436111366,-0.0472802132788317,66
"1305",-3.02903973190285,-0.0472802132788317,66
"1306",-2.67533585266909,-0.0472802132788317,66
"1307",-2.32163197343534,-0.0472802132788317,66
"1308",-1.96792809420159,-0.0472802132788317,66
"1309",-1.61422421496784,-0.0472802132788317,66
"1310",-1.26052033573409,-0.0472802132788317,66
"1311",-0.906816456500333,-0.0472802132788317,66
"1312",-0.553112577266581,-0.287702775609891,66
"1313",-0.199408698032829,-0.528125337940952,66
"1314",0.154295181200923,-0.528125337940952,66
"1315",0.507999060434676,-0.768547900272011,66
"1316",0.861702939668428,-0.768547900272011,66
"1317",1.21540681890218,-0.768547900272011,66
"1318",1.56911069813593,-0.768547900272011,66
"1319",1.92281457736968,-0.768547900272011,66
"1320",2.27651845660344,-0.768547900272011,66
"1321",-4.44385524883785,-0.0472802132788317,67
"1322",-4.0901513696041,-0.0472802132788317,67
"1323",-3.73644749037035,-0.0472802132788317,67
"1324",-3.3827436111366,-0.0472802132788317,67
"1325",-3.02903973190285,-0.0472802132788317,67
"1326",-2.67533585266909,-0.0472802132788317,67
"1327",-2.32163197343534,-0.0472802132788317,67
"1328",-1.96792809420159,-0.0472802132788317,67
"1329",-1.61422421496784,-0.0472802132788317,67
"1330",-1.26052033573409,-0.0472802132788317,67
"1331",-0.906816456500333,-0.0472802132788317,67
"1332",-0.553112577266581,-0.0472802132788317,67
"1333",-0.199408698032829,-0.287702775609891,67
"1334",0.154295181200923,-0.528125337940952,67
"1335",0.507999060434676,-0.768547900272011,67
"1336",0.861702939668428,-0.768547900272011,67
"1337",1.21540681890218,-0.768547900272011,67
"1338",1.56911069813593,-0.768547900272011,67
"1339",1.92281457736968,-0.768547900272011,67
"1340",2.27651845660344,-0.768547900272011,67
"1341",-4.44385524883785,-0.0472802132788317,68
"1342",-4.0901513696041,-0.0472802132788317,68
"1343",-3.73644749037035,-0.0472802132788317,68
"1344",-3.3827436111366,-0.0472802132788317,68
"1345",-3.02903973190285,-0.0472802132788317,68
"1346",-2.67533585266909,-0.0472802132788317,68
"1347",-2.32163197343534,-0.0472802132788317,68
"1348",-1.96792809420159,-0.0472802132788317,68
"1349",-1.61422421496784,-0.0472802132788317,68
"1350",-1.26052033573409,-0.0472802132788317,68
"1351",-0.906816456500333,-0.0472802132788317,68
"1352",-0.553112577266581,-0.0472802132788317,68
"1353",-0.199408698032829,-0.287702775609891,68
"1354",0.154295181200923,-0.528125337940952,68
"1355",0.507999060434676,-0.768547900272011,68
"1356",0.861702939668428,-0.768547900272011,68
"1357",1.21540681890218,-0.768547900272011,68
"1358",1.56911069813593,-0.768547900272011,68
"1359",1.92281457736968,-1.00897046260307,68
"1360",2.27651845660344,-1.00897046260307,68
"1361",-4.44385524883785,-0.0472802132788317,69
"1362",-4.0901513696041,-0.0472802132788317,69
"1363",-3.73644749037035,-0.0472802132788317,69
"1364",-3.3827436111366,-0.0472802132788317,69
"1365",-3.02903973190285,-0.0472802132788317,69
"1366",-2.67533585266909,-0.0472802132788317,69
"1367",-2.32163197343534,-0.0472802132788317,69
"1368",-1.96792809420159,-0.0472802132788317,69
"1369",-1.61422421496784,-0.0472802132788317,69
"1370",-1.26052033573409,-0.0472802132788317,69
"1371",-0.906816456500333,-0.0472802132788317,69
"1372",-0.553112577266581,-0.0472802132788317,69
"1373",-0.199408698032829,-0.287702775609891,69
"1374",0.154295181200923,-0.528125337940952,69
"1375",0.507999060434676,-0.768547900272011,69
"1376",0.861702939668428,-0.768547900272011,69
"1377",1.21540681890218,-1.00897046260307,69
"1378",1.56911069813593,-1.00897046260307,69
"1379",1.92281457736968,-1.00897046260307,69
"1380",2.27651845660344,-1.00897046260307,69
"1381",-4.44385524883785,-0.0472802132788317,70
"1382",-4.0901513696041,-0.0472802132788317,70
"1383",-3.73644749037035,-0.0472802132788317,70
"1384",-3.3827436111366,-0.0472802132788317,70
"1385",-3.02903973190285,-0.0472802132788317,70
"1386",-2.67533585266909,-0.0472802132788317,70
"1387",-2.32163197343534,-0.0472802132788317,70
"1388",-1.96792809420159,-0.0472802132788317,70
"1389",-1.61422421496784,-0.0472802132788317,70
"1390",-1.26052033573409,-0.0472802132788317,70
"1391",-0.906816456500333,-0.0472802132788317,70
"1392",-0.553112577266581,-0.0472802132788317,70
"1393",-0.199408698032829,-0.287702775609891,70
"1394",0.154295181200923,-0.528125337940952,70
"1395",0.507999060434676,-0.768547900272011,70
"1396",0.861702939668428,-0.768547900272011,70
"1397",1.21540681890218,-1.00897046260307,70
"1398",1.56911069813593,-1.00897046260307,70
"1399",1.92281457736968,-1.00897046260307,70
"1400",2.27651845660344,-1.00897046260307,70
"1401",-4.44385524883785,-0.0472802132788317,71
"1402",-4.0901513696041,-0.0472802132788317,71
"1403",-3.73644749037035,-0.0472802132788317,71
"1404",-3.3827436111366,-0.0472802132788317,71
"1405",-3.02903973190285,-0.0472802132788317,71
"1406",-2.67533585266909,-0.0472802132788317,71
"1407",-2.32163197343534,-0.0472802132788317,71
"1408",-1.96792809420159,-0.0472802132788317,71
"1409",-1.61422421496784,-0.0472802132788317,71
"1410",-1.26052033573409,-0.0472802132788317,71
"1411",-0.906816456500333,-0.0472802132788317,71
"1412",-0.553112577266581,-0.287702775609891,71
"1413",-0.199408698032829,-0.528125337940952,71
"1414",0.154295181200923,-0.528125337940952,71
"1415",0.507999060434676,-0.768547900272011,71
"1416",0.861702939668428,-0.768547900272011,71
"1417",1.21540681890218,-0.768547900272011,71
"1418",1.56911069813593,-1.00897046260307,71
"1419",1.92281457736968,-1.00897046260307,71
"1420",2.27651845660344,-1.00897046260307,71
"1421",-4.44385524883785,-0.0472802132788317,72
"1422",-4.0901513696041,-0.0472802132788317,72
"1423",-3.73644749037035,-0.0472802132788317,72
"1424",-3.3827436111366,-0.0472802132788317,72
"1425",-3.02903973190285,-0.0472802132788317,72
"1426",-2.67533585266909,-0.0472802132788317,72
"1427",-2.32163197343534,-0.0472802132788317,72
"1428",-1.96792809420159,-0.0472802132788317,72
"1429",-1.61422421496784,-0.0472802132788317,72
"1430",-1.26052033573409,-0.0472802132788317,72
"1431",-0.906816456500333,-0.0472802132788317,72
"1432",-0.553112577266581,-0.0472802132788317,72
"1433",-0.199408698032829,-0.287702775609891,72
"1434",0.154295181200923,-0.528125337940952,72
"1435",0.507999060434676,-0.768547900272011,72
"1436",0.861702939668428,-0.768547900272011,72
"1437",1.21540681890218,-0.768547900272011,72
"1438",1.56911069813593,-0.768547900272011,72
"1439",1.92281457736968,-1.00897046260307,72
"1440",2.27651845660344,-1.00897046260307,72
"1441",-4.44385524883785,-0.0472802132788317,73
"1442",-4.0901513696041,-0.0472802132788317,73
"1443",-3.73644749037035,-0.0472802132788317,73
"1444",-3.3827436111366,-0.0472802132788317,73
"1445",-3.02903973190285,-0.0472802132788317,73
"1446",-2.67533585266909,-0.0472802132788317,73
"1447",-2.32163197343534,-0.0472802132788317,73
"1448",-1.96792809420159,-0.0472802132788317,73
"1449",-1.61422421496784,-0.0472802132788317,73
"1450",-1.26052033573409,-0.0472802132788317,73
"1451",-0.906816456500333,-0.0472802132788317,73
"1452",-0.553112577266581,-0.0472802132788317,73
"1453",-0.199408698032829,-0.287702775609891,73
"1454",0.154295181200923,-0.528125337940952,73
"1455",0.507999060434676,-0.768547900272011,73
"1456",0.861702939668428,-0.768547900272011,73
"1457",1.21540681890218,-0.768547900272011,73
"1458",1.56911069813593,-0.768547900272011,73
"1459",1.92281457736968,-0.768547900272011,73
"1460",2.27651845660344,-1.00897046260307,73
"1461",-4.44385524883785,-0.0472802132788317,74
"1462",-4.0901513696041,-0.0472802132788317,74
"1463",-3.73644749037035,-0.0472802132788317,74
"1464",-3.3827436111366,-0.0472802132788317,74
"1465",-3.02903973190285,-0.0472802132788317,74
"1466",-2.67533585266909,-0.0472802132788317,74
"1467",-2.32163197343534,-0.0472802132788317,74
"1468",-1.96792809420159,-0.0472802132788317,74
"1469",-1.61422421496784,-0.0472802132788317,74
"1470",-1.26052033573409,-0.0472802132788317,74
"1471",-0.906816456500333,-0.0472802132788317,74
"1472",-0.553112577266581,-0.0472802132788317,74
"1473",-0.199408698032829,-0.287702775609891,74
"1474",0.154295181200923,-0.528125337940952,74
"1475",0.507999060434676,-0.768547900272011,74
"1476",0.861702939668428,-0.768547900272011,74
"1477",1.21540681890218,-0.768547900272011,74
"1478",1.56911069813593,-0.768547900272011,74
"1479",1.92281457736968,-0.768547900272011,74
"1480",2.27651845660344,-0.768547900272011,74
"1481",-4.44385524883785,-0.0472802132788317,75
"1482",-4.0901513696041,-0.0472802132788317,75
"1483",-3.73644749037035,-0.0472802132788317,75
"1484",-3.3827436111366,-0.0472802132788317,75
"1485",-3.02903973190285,-0.0472802132788317,75
"1486",-2.67533585266909,-0.0472802132788317,75
"1487",-2.32163197343534,-0.0472802132788317,75
"1488",-1.96792809420159,-0.0472802132788317,75
"1489",-1.61422421496784,-0.0472802132788317,75
"1490",-1.26052033573409,-0.0472802132788317,75
"1491",-0.906816456500333,-0.0472802132788317,75
"1492",-0.553112577266581,-0.0472802132788317,75
"1493",-0.199408698032829,-0.287702775609891,75
"1494",0.154295181200923,-0.528125337940952,75
"1495",0.507999060434676,-0.768547900272011,75
"1496",0.861702939668428,-0.768547900272011,75
"1497",1.21540681890218,-1.00897046260307,75
"1498",1.56911069813593,-1.00897046260307,75
"1499",1.92281457736968,-1.00897046260307,75
"1500",2.27651845660344,-1.00897046260307,75
"1501",-4.44385524883785,-0.0472802132788317,76
"1502",-4.0901513696041,-0.0472802132788317,76
"1503",-3.73644749037035,-0.0472802132788317,76
"1504",-3.3827436111366,-0.0472802132788317,76
"1505",-3.02903973190285,-0.0472802132788317,76
"1506",-2.67533585266909,-0.0472802132788317,76
"1507",-2.32163197343534,-0.0472802132788317,76
"1508",-1.96792809420159,-0.0472802132788317,76
"1509",-1.61422421496784,-0.0472802132788317,76
"1510",-1.26052033573409,-0.0472802132788317,76
"1511",-0.906816456500333,-0.0472802132788317,76
"1512",-0.553112577266581,-0.0472802132788317,76
"1513",-0.199408698032829,-0.287702775609891,76
"1514",0.154295181200923,-0.528125337940952,76
"1515",0.507999060434676,-0.768547900272011,76
"1516",0.861702939668428,-0.768547900272011,76
"1517",1.21540681890218,-1.00897046260307,76
"1518",1.56911069813593,-1.00897046260307,76
"1519",1.92281457736968,-1.00897046260307,76
"1520",2.27651845660344,-1.00897046260307,76
"1521",-4.44385524883785,-0.0472802132788317,77
"1522",-4.0901513696041,-0.0472802132788317,77
"1523",-3.73644749037035,-0.0472802132788317,77
"1524",-3.3827436111366,-0.0472802132788317,77
"1525",-3.02903973190285,-0.0472802132788317,77
"1526",-2.67533585266909,-0.0472802132788317,77
"1527",-2.32163197343534,-0.0472802132788317,77
"1528",-1.96792809420159,-0.0472802132788317,77
"1529",-1.61422421496784,-0.0472802132788317,77
"1530",-1.26052033573409,-0.0472802132788317,77
"1531",-0.906816456500333,-0.0472802132788317,77
"1532",-0.553112577266581,-0.0472802132788317,77
"1533",-0.199408698032829,-0.287702775609891,77
"1534",0.154295181200923,-0.528125337940952,77
"1535",0.507999060434676,-0.768547900272011,77
"1536",0.861702939668428,-0.768547900272011,77
"1537",1.21540681890218,-0.768547900272011,77
"1538",1.56911069813593,-0.768547900272011,77
"1539",1.92281457736968,-1.00897046260307,77
"1540",2.27651845660344,-1.00897046260307,77
"1541",-4.44385524883785,-0.0472802132788317,78
"1542",-4.0901513696041,-0.0472802132788317,78
"1543",-3.73644749037035,-0.0472802132788317,78
"1544",-3.3827436111366,-0.0472802132788317,78
"1545",-3.02903973190285,-0.0472802132788317,78
"1546",-2.67533585266909,-0.0472802132788317,78
"1547",-2.32163197343534,-0.0472802132788317,78
"1548",-1.96792809420159,-0.0472802132788317,78
"1549",-1.61422421496784,-0.0472802132788317,78
"1550",-1.26052033573409,-0.0472802132788317,78
"1551",-0.906816456500333,-0.0472802132788317,78
"1552",-0.553112577266581,-0.0472802132788317,78
"1553",-0.199408698032829,-0.287702775609891,78
"1554",0.154295181200923,-0.528125337940952,78
"1555",0.507999060434676,-0.768547900272011,78
"1556",0.861702939668428,-0.768547900272011,78
"1557",1.21540681890218,-0.768547900272011,78
"1558",1.56911069813593,-0.768547900272011,78
"1559",1.92281457736968,-0.768547900272011,78
"1560",2.27651845660344,-0.768547900272011,78
"1561",-4.44385524883785,-0.0472802132788317,79
"1562",-4.0901513696041,-0.0472802132788317,79
"1563",-3.73644749037035,-0.0472802132788317,79
"1564",-3.3827436111366,-0.0472802132788317,79
"1565",-3.02903973190285,-0.0472802132788317,79
"1566",-2.67533585266909,-0.0472802132788317,79
"1567",-2.32163197343534,-0.0472802132788317,79
"1568",-1.96792809420159,-0.0472802132788317,79
"1569",-1.61422421496784,-0.0472802132788317,79
"1570",-1.26052033573409,-0.0472802132788317,79
"1571",-0.906816456500333,-0.0472802132788317,79
"1572",-0.553112577266581,-0.0472802132788317,79
"1573",-0.199408698032829,-0.287702775609891,79
"1574",0.154295181200923,-0.528125337940952,79
"1575",0.507999060434676,-0.768547900272011,79
"1576",0.861702939668428,-0.768547900272011,79
"1577",1.21540681890218,-0.768547900272011,79
"1578",1.56911069813593,-1.00897046260307,79
"1579",1.92281457736968,-1.00897046260307,79
"1580",2.27651845660344,-1.00897046260307,79
"1581",-4.44385524883785,-0.0472802132788317,80
"1582",-4.0901513696041,-0.0472802132788317,80
"1583",-3.73644749037035,-0.0472802132788317,80
"1584",-3.3827436111366,-0.0472802132788317,80
"1585",-3.02903973190285,-0.0472802132788317,80
"1586",-2.67533585266909,-0.0472802132788317,80
"1587",-2.32163197343534,-0.0472802132788317,80
"1588",-1.96792809420159,-0.0472802132788317,80
"1589",-1.61422421496784,-0.0472802132788317,80
"1590",-1.26052033573409,-0.0472802132788317,80
"1591",-0.906816456500333,-0.0472802132788317,80
"1592",-0.553112577266581,-0.0472802132788317,80
"1593",-0.199408698032829,-0.287702775609891,80
"1594",0.154295181200923,-0.528125337940952,80
"1595",0.507999060434676,-0.768547900272011,80
"1596",0.861702939668428,-0.768547900272011,80
"1597",1.21540681890218,-1.00897046260307,80
"1598",1.56911069813593,-1.00897046260307,80
"1599",1.92281457736968,-1.00897046260307,80
"1600",2.27651845660344,-1.00897046260307,80
"1601",-4.44385524883785,-0.0472802132788317,81
"1602",-4.0901513696041,-0.0472802132788317,81
"1603",-3.73644749037035,-0.0472802132788317,81
"1604",-3.3827436111366,-0.0472802132788317,81
"1605",-3.02903973190285,-0.0472802132788317,81
"1606",-2.67533585266909,-0.0472802132788317,81
"1607",-2.32163197343534,-0.0472802132788317,81
"1608",-1.96792809420159,-0.0472802132788317,81
"1609",-1.61422421496784,-0.0472802132788317,81
"1610",-1.26052033573409,-0.0472802132788317,81
"1611",-0.906816456500333,-0.0472802132788317,81
"1612",-0.553112577266581,-0.0472802132788317,81
"1613",-0.199408698032829,-0.287702775609891,81
"1614",0.154295181200923,-0.528125337940952,81
"1615",0.507999060434676,-0.768547900272011,81
"1616",0.861702939668428,-0.768547900272011,81
"1617",1.21540681890218,-0.768547900272011,81
"1618",1.56911069813593,-1.00897046260307,81
"1619",1.92281457736968,-1.00897046260307,81
"1620",2.27651845660344,-1.00897046260307,81
"1621",-4.44385524883785,-0.0472802132788317,82
"1622",-4.0901513696041,-0.0472802132788317,82
"1623",-3.73644749037035,-0.0472802132788317,82
"1624",-3.3827436111366,-0.0472802132788317,82
"1625",-3.02903973190285,-0.0472802132788317,82
"1626",-2.67533585266909,-0.0472802132788317,82
"1627",-2.32163197343534,-0.0472802132788317,82
"1628",-1.96792809420159,-0.0472802132788317,82
"1629",-1.61422421496784,-0.0472802132788317,82
"1630",-1.26052033573409,-0.0472802132788317,82
"1631",-0.906816456500333,-0.0472802132788317,82
"1632",-0.553112577266581,-0.0472802132788317,82
"1633",-0.199408698032829,-0.528125337940952,82
"1634",0.154295181200923,-0.528125337940952,82
"1635",0.507999060434676,-0.768547900272011,82
"1636",0.861702939668428,-0.768547900272011,82
"1637",1.21540681890218,-0.768547900272011,82
"1638",1.56911069813593,-1.00897046260307,82
"1639",1.92281457736968,-1.00897046260307,82
"1640",2.27651845660344,-1.00897046260307,82
"1641",-4.44385524883785,-0.0472802132788317,83
"1642",-4.0901513696041,-0.0472802132788317,83
"1643",-3.73644749037035,-0.0472802132788317,83
"1644",-3.3827436111366,-0.0472802132788317,83
"1645",-3.02903973190285,-0.0472802132788317,83
"1646",-2.67533585266909,-0.0472802132788317,83
"1647",-2.32163197343534,-0.0472802132788317,83
"1648",-1.96792809420159,-0.0472802132788317,83
"1649",-1.61422421496784,-0.0472802132788317,83
"1650",-1.26052033573409,-0.0472802132788317,83
"1651",-0.906816456500333,-0.0472802132788317,83
"1652",-0.553112577266581,-0.0472802132788317,83
"1653",-0.199408698032829,-0.287702775609891,83
"1654",0.154295181200923,-0.528125337940952,83
"1655",0.507999060434676,-0.768547900272011,83
"1656",0.861702939668428,-1.00897046260307,83
"1657",1.21540681890218,-1.00897046260307,83
"1658",1.56911069813593,-1.00897046260307,83
"1659",1.92281457736968,-1.24939302493413,83
"1660",2.27651845660344,-1.24939302493413,83
"1661",-4.44385524883785,-0.0472802132788317,84
"1662",-4.0901513696041,-0.0472802132788317,84
"1663",-3.73644749037035,-0.0472802132788317,84
"1664",-3.3827436111366,-0.0472802132788317,84
"1665",-3.02903973190285,-0.0472802132788317,84
"1666",-2.67533585266909,-0.0472802132788317,84
"1667",-2.32163197343534,-0.0472802132788317,84
"1668",-1.96792809420159,-0.0472802132788317,84
"1669",-1.61422421496784,-0.0472802132788317,84
"1670",-1.26052033573409,-0.0472802132788317,84
"1671",-0.906816456500333,-0.0472802132788317,84
"1672",-0.553112577266581,-0.287702775609891,84
"1673",-0.199408698032829,-0.528125337940952,84
"1674",0.154295181200923,-0.528125337940952,84
"1675",0.507999060434676,-0.768547900272011,84
"1676",0.861702939668428,-0.768547900272011,84
"1677",1.21540681890218,-0.768547900272011,84
"1678",1.56911069813593,-0.768547900272011,84
"1679",1.92281457736968,-1.00897046260307,84
"1680",2.27651845660344,-1.00897046260307,84
"1681",-4.44385524883785,-0.0472802132788317,85
"1682",-4.0901513696041,-0.0472802132788317,85
"1683",-3.73644749037035,-0.0472802132788317,85
"1684",-3.3827436111366,-0.0472802132788317,85
"1685",-3.02903973190285,-0.0472802132788317,85
"1686",-2.67533585266909,-0.0472802132788317,85
"1687",-2.32163197343534,-0.0472802132788317,85
"1688",-1.96792809420159,-0.0472802132788317,85
"1689",-1.61422421496784,-0.0472802132788317,85
"1690",-1.26052033573409,-0.0472802132788317,85
"1691",-0.906816456500333,-0.0472802132788317,85
"1692",-0.553112577266581,-0.0472802132788317,85
"1693",-0.199408698032829,-0.287702775609891,85
"1694",0.154295181200923,-0.528125337940952,85
"1695",0.507999060434676,-0.768547900272011,85
"1696",0.861702939668428,-0.768547900272011,85
"1697",1.21540681890218,-1.00897046260307,85
"1698",1.56911069813593,-1.00897046260307,85
"1699",1.92281457736968,-1.00897046260307,85
"1700",2.27651845660344,-1.00897046260307,85
"1701",-4.44385524883785,-0.0472802132788317,86
"1702",-4.0901513696041,-0.0472802132788317,86
"1703",-3.73644749037035,-0.0472802132788317,86
"1704",-3.3827436111366,-0.0472802132788317,86
"1705",-3.02903973190285,-0.0472802132788317,86
"1706",-2.67533585266909,-0.0472802132788317,86
"1707",-2.32163197343534,-0.0472802132788317,86
"1708",-1.96792809420159,-0.0472802132788317,86
"1709",-1.61422421496784,-0.0472802132788317,86
"1710",-1.26052033573409,-0.0472802132788317,86
"1711",-0.906816456500333,-0.0472802132788317,86
"1712",-0.553112577266581,-0.0472802132788317,86
"1713",-0.199408698032829,-0.287702775609891,86
"1714",0.154295181200923,-0.528125337940952,86
"1715",0.507999060434676,-0.768547900272011,86
"1716",0.861702939668428,-0.768547900272011,86
"1717",1.21540681890218,-1.00897046260307,86
"1718",1.56911069813593,-1.00897046260307,86
"1719",1.92281457736968,-1.00897046260307,86
"1720",2.27651845660344,-1.00897046260307,86
"1721",-4.44385524883785,-0.0472802132788317,87
"1722",-4.0901513696041,-0.0472802132788317,87
"1723",-3.73644749037035,-0.0472802132788317,87
"1724",-3.3827436111366,-0.0472802132788317,87
"1725",-3.02903973190285,-0.0472802132788317,87
"1726",-2.67533585266909,-0.0472802132788317,87
"1727",-2.32163197343534,-0.0472802132788317,87
"1728",-1.96792809420159,-0.0472802132788317,87
"1729",-1.61422421496784,-0.0472802132788317,87
"1730",-1.26052033573409,-0.0472802132788317,87
"1731",-0.906816456500333,-0.0472802132788317,87
"1732",-0.553112577266581,-0.0472802132788317,87
"1733",-0.199408698032829,-0.287702775609891,87
"1734",0.154295181200923,-0.528125337940952,87
"1735",0.507999060434676,-0.768547900272011,87
"1736",0.861702939668428,-0.768547900272011,87
"1737",1.21540681890218,-1.00897046260307,87
"1738",1.56911069813593,-1.00897046260307,87
"1739",1.92281457736968,-1.00897046260307,87
"1740",2.27651845660344,-1.00897046260307,87
"1741",-4.44385524883785,-0.0472802132788317,88
"1742",-4.0901513696041,-0.0472802132788317,88
"1743",-3.73644749037035,-0.0472802132788317,88
"1744",-3.3827436111366,-0.0472802132788317,88
"1745",-3.02903973190285,-0.0472802132788317,88
"1746",-2.67533585266909,-0.0472802132788317,88
"1747",-2.32163197343534,-0.0472802132788317,88
"1748",-1.96792809420159,-0.0472802132788317,88
"1749",-1.61422421496784,-0.0472802132788317,88
"1750",-1.26052033573409,-0.0472802132788317,88
"1751",-0.906816456500333,-0.0472802132788317,88
"1752",-0.553112577266581,-0.0472802132788317,88
"1753",-0.199408698032829,-0.287702775609891,88
"1754",0.154295181200923,-0.528125337940952,88
"1755",0.507999060434676,-0.768547900272011,88
"1756",0.861702939668428,-0.768547900272011,88
"1757",1.21540681890218,-1.00897046260307,88
"1758",1.56911069813593,-1.00897046260307,88
"1759",1.92281457736968,-1.00897046260307,88
"1760",2.27651845660344,-1.00897046260307,88
"1761",-4.44385524883785,-0.0472802132788317,89
"1762",-4.0901513696041,-0.0472802132788317,89
"1763",-3.73644749037035,-0.0472802132788317,89
"1764",-3.3827436111366,-0.0472802132788317,89
"1765",-3.02903973190285,-0.0472802132788317,89
"1766",-2.67533585266909,-0.0472802132788317,89
"1767",-2.32163197343534,-0.0472802132788317,89
"1768",-1.96792809420159,-0.0472802132788317,89
"1769",-1.61422421496784,-0.0472802132788317,89
"1770",-1.26052033573409,-0.0472802132788317,89
"1771",-0.906816456500333,-0.0472802132788317,89
"1772",-0.553112577266581,-0.0472802132788317,89
"1773",-0.199408698032829,-0.287702775609891,89
"1774",0.154295181200923,-0.528125337940952,89
"1775",0.507999060434676,-0.768547900272011,89
"1776",0.861702939668428,-0.768547900272011,89
"1777",1.21540681890218,-1.00897046260307,89
"1778",1.56911069813593,-1.00897046260307,89
"1779",1.92281457736968,-1.00897046260307,89
"1780",2.27651845660344,-1.00897046260307,89
"1781",-4.44385524883785,-0.0472802132788317,90
"1782",-4.0901513696041,-0.0472802132788317,90
"1783",-3.73644749037035,-0.0472802132788317,90
"1784",-3.3827436111366,-0.0472802132788317,90
"1785",-3.02903973190285,-0.0472802132788317,90
"1786",-2.67533585266909,-0.0472802132788317,90
"1787",-2.32163197343534,-0.0472802132788317,90
"1788",-1.96792809420159,-0.0472802132788317,90
"1789",-1.61422421496784,-0.0472802132788317,90
"1790",-1.26052033573409,-0.0472802132788317,90
"1791",-0.906816456500333,-0.0472802132788317,90
"1792",-0.553112577266581,-0.0472802132788317,90
"1793",-0.199408698032829,-0.287702775609891,90
"1794",0.154295181200923,-0.528125337940952,90
"1795",0.507999060434676,-0.768547900272011,90
"1796",0.861702939668428,-0.768547900272011,90
"1797",1.21540681890218,-0.768547900272011,90
"1798",1.56911069813593,-1.00897046260307,90
"1799",1.92281457736968,-1.00897046260307,90
"1800",2.27651845660344,-1.00897046260307,90
"1801",-4.44385524883785,-0.0472802132788317,91
"1802",-4.0901513696041,-0.0472802132788317,91
"1803",-3.73644749037035,-0.0472802132788317,91
"1804",-3.3827436111366,-0.0472802132788317,91
"1805",-3.02903973190285,-0.0472802132788317,91
"1806",-2.67533585266909,-0.0472802132788317,91
"1807",-2.32163197343534,-0.0472802132788317,91
"1808",-1.96792809420159,-0.0472802132788317,91
"1809",-1.61422421496784,-0.0472802132788317,91
"1810",-1.26052033573409,-0.0472802132788317,91
"1811",-0.906816456500333,-0.0472802132788317,91
"1812",-0.553112577266581,-0.0472802132788317,91
"1813",-0.199408698032829,-0.287702775609891,91
"1814",0.154295181200923,-0.528125337940952,91
"1815",0.507999060434676,-0.768547900272011,91
"1816",0.861702939668428,-0.768547900272011,91
"1817",1.21540681890218,-0.768547900272011,91
"1818",1.56911069813593,-0.768547900272011,91
"1819",1.92281457736968,-1.00897046260307,91
"1820",2.27651845660344,-1.00897046260307,91
"1821",-4.44385524883785,-0.0472802132788317,92
"1822",-4.0901513696041,-0.0472802132788317,92
"1823",-3.73644749037035,-0.0472802132788317,92
"1824",-3.3827436111366,-0.0472802132788317,92
"1825",-3.02903973190285,-0.0472802132788317,92
"1826",-2.67533585266909,-0.0472802132788317,92
"1827",-2.32163197343534,-0.0472802132788317,92
"1828",-1.96792809420159,-0.0472802132788317,92
"1829",-1.61422421496784,-0.0472802132788317,92
"1830",-1.26052033573409,-0.0472802132788317,92
"1831",-0.906816456500333,-0.0472802132788317,92
"1832",-0.553112577266581,-0.0472802132788317,92
"1833",-0.199408698032829,-0.287702775609891,92
"1834",0.154295181200923,-0.528125337940952,92
"1835",0.507999060434676,-0.768547900272011,92
"1836",0.861702939668428,-0.768547900272011,92
"1837",1.21540681890218,-0.768547900272011,92
"1838",1.56911069813593,-0.768547900272011,92
"1839",1.92281457736968,-0.768547900272011,92
"1840",2.27651845660344,-0.768547900272011,92
"1841",-4.44385524883785,-0.0472802132788317,93
"1842",-4.0901513696041,-0.0472802132788317,93
"1843",-3.73644749037035,-0.0472802132788317,93
"1844",-3.3827436111366,-0.0472802132788317,93
"1845",-3.02903973190285,-0.0472802132788317,93
"1846",-2.67533585266909,-0.0472802132788317,93
"1847",-2.32163197343534,-0.0472802132788317,93
"1848",-1.96792809420159,-0.0472802132788317,93
"1849",-1.61422421496784,-0.0472802132788317,93
"1850",-1.26052033573409,-0.0472802132788317,93
"1851",-0.906816456500333,-0.0472802132788317,93
"1852",-0.553112577266581,-0.0472802132788317,93
"1853",-0.199408698032829,-0.287702775609891,93
"1854",0.154295181200923,-0.528125337940952,93
"1855",0.507999060434676,-0.768547900272011,93
"1856",0.861702939668428,-0.768547900272011,93
"1857",1.21540681890218,-1.00897046260307,93
"1858",1.56911069813593,-1.00897046260307,93
"1859",1.92281457736968,-1.00897046260307,93
"1860",2.27651845660344,-1.00897046260307,93
"1861",-4.44385524883785,-0.0472802132788317,94
"1862",-4.0901513696041,-0.0472802132788317,94
"1863",-3.73644749037035,-0.0472802132788317,94
"1864",-3.3827436111366,-0.0472802132788317,94
"1865",-3.02903973190285,-0.0472802132788317,94
"1866",-2.67533585266909,-0.0472802132788317,94
"1867",-2.32163197343534,-0.0472802132788317,94
"1868",-1.96792809420159,-0.0472802132788317,94
"1869",-1.61422421496784,-0.0472802132788317,94
"1870",-1.26052033573409,-0.0472802132788317,94
"1871",-0.906816456500333,-0.0472802132788317,94
"1872",-0.553112577266581,-0.0472802132788317,94
"1873",-0.199408698032829,-0.287702775609891,94
"1874",0.154295181200923,-0.528125337940952,94
"1875",0.507999060434676,-0.768547900272011,94
"1876",0.861702939668428,-0.768547900272011,94
"1877",1.21540681890218,-0.768547900272011,94
"1878",1.56911069813593,-1.00897046260307,94
"1879",1.92281457736968,-1.00897046260307,94
"1880",2.27651845660344,-1.00897046260307,94
"1881",-4.44385524883785,-0.0472802132788317,95
"1882",-4.0901513696041,-0.0472802132788317,95
"1883",-3.73644749037035,-0.0472802132788317,95
"1884",-3.3827436111366,-0.0472802132788317,95
"1885",-3.02903973190285,-0.0472802132788317,95
"1886",-2.67533585266909,-0.0472802132788317,95
"1887",-2.32163197343534,-0.0472802132788317,95
"1888",-1.96792809420159,-0.0472802132788317,95
"1889",-1.61422421496784,-0.0472802132788317,95
"1890",-1.26052033573409,-0.0472802132788317,95
"1891",-0.906816456500333,-0.0472802132788317,95
"1892",-0.553112577266581,-0.0472802132788317,95
"1893",-0.199408698032829,-0.287702775609891,95
"1894",0.154295181200923,-0.528125337940952,95
"1895",0.507999060434676,-0.768547900272011,95
"1896",0.861702939668428,-0.768547900272011,95
"1897",1.21540681890218,-0.768547900272011,95
"1898",1.56911069813593,-0.768547900272011,95
"1899",1.92281457736968,-0.768547900272011,95
"1900",2.27651845660344,-0.768547900272011,95
"1901",-4.44385524883785,-0.0472802132788317,96
"1902",-4.0901513696041,-0.0472802132788317,96
"1903",-3.73644749037035,-0.0472802132788317,96
"1904",-3.3827436111366,-0.0472802132788317,96
"1905",-3.02903973190285,-0.0472802132788317,96
"1906",-2.67533585266909,-0.0472802132788317,96
"1907",-2.32163197343534,-0.0472802132788317,96
"1908",-1.96792809420159,-0.0472802132788317,96
"1909",-1.61422421496784,-0.0472802132788317,96
"1910",-1.26052033573409,-0.0472802132788317,96
"1911",-0.906816456500333,-0.0472802132788317,96
"1912",-0.553112577266581,-0.0472802132788317,96
"1913",-0.199408698032829,-0.287702775609891,96
"1914",0.154295181200923,-0.528125337940952,96
"1915",0.507999060434676,-0.768547900272011,96
"1916",0.861702939668428,-0.768547900272011,96
"1917",1.21540681890218,-1.00897046260307,96
"1918",1.56911069813593,-1.00897046260307,96
"1919",1.92281457736968,-1.00897046260307,96
"1920",2.27651845660344,-1.00897046260307,96
"1921",-4.44385524883785,-0.0472802132788317,97
"1922",-4.0901513696041,-0.0472802132788317,97
"1923",-3.73644749037035,-0.0472802132788317,97
"1924",-3.3827436111366,-0.0472802132788317,97
"1925",-3.02903973190285,-0.0472802132788317,97
"1926",-2.67533585266909,-0.0472802132788317,97
"1927",-2.32163197343534,-0.0472802132788317,97
"1928",-1.96792809420159,-0.0472802132788317,97
"1929",-1.61422421496784,-0.0472802132788317,97
"1930",-1.26052033573409,-0.0472802132788317,97
"1931",-0.906816456500333,-0.0472802132788317,97
"1932",-0.553112577266581,-0.0472802132788317,97
"1933",-0.199408698032829,-0.0472802132788317,97
"1934",0.154295181200923,-0.528125337940952,97
"1935",0.507999060434676,-0.768547900272011,97
"1936",0.861702939668428,-1.00897046260307,97
"1937",1.21540681890218,-1.00897046260307,97
"1938",1.56911069813593,-1.00897046260307,97
"1939",1.92281457736968,-1.24939302493413,97
"1940",2.27651845660344,-1.24939302493413,97
"1941",-4.44385524883785,-0.0472802132788317,98
"1942",-4.0901513696041,-0.0472802132788317,98
"1943",-3.73644749037035,-0.0472802132788317,98
"1944",-3.3827436111366,-0.0472802132788317,98
"1945",-3.02903973190285,-0.0472802132788317,98
"1946",-2.67533585266909,-0.0472802132788317,98
"1947",-2.32163197343534,-0.0472802132788317,98
"1948",-1.96792809420159,-0.0472802132788317,98
"1949",-1.61422421496784,-0.0472802132788317,98
"1950",-1.26052033573409,-0.0472802132788317,98
"1951",-0.906816456500333,-0.0472802132788317,98
"1952",-0.553112577266581,-0.0472802132788317,98
"1953",-0.199408698032829,-0.287702775609891,98
"1954",0.154295181200923,-0.528125337940952,98
"1955",0.507999060434676,-0.768547900272011,98
"1956",0.861702939668428,-0.768547900272011,98
"1957",1.21540681890218,-1.00897046260307,98
"1958",1.56911069813593,-1.00897046260307,98
"1959",1.92281457736968,-1.00897046260307,98
"1960",2.27651845660344,-1.00897046260307,98
"1961",-4.44385524883785,-0.0472802132788317,99
"1962",-4.0901513696041,-0.0472802132788317,99
"1963",-3.73644749037035,-0.0472802132788317,99
"1964",-3.3827436111366,-0.0472802132788317,99
"1965",-3.02903973190285,-0.0472802132788317,99
"1966",-2.67533585266909,-0.0472802132788317,99
"1967",-2.32163197343534,-0.0472802132788317,99
"1968",-1.96792809420159,-0.0472802132788317,99
"1969",-1.61422421496784,-0.0472802132788317,99
"1970",-1.26052033573409,-0.0472802132788317,99
"1971",-0.906816456500333,-0.0472802132788317,99
"1972",-0.553112577266581,-0.0472802132788317,99
"1973",-0.199408698032829,-0.287702775609891,99
"1974",0.154295181200923,-0.528125337940952,99
"1975",0.507999060434676,-0.768547900272011,99
"1976",0.861702939668428,-0.768547900272011,99
"1977",1.21540681890218,-1.00897046260307,99
"1978",1.56911069813593,-1.00897046260307,99
"1979",1.92281457736968,-1.00897046260307,99
"1980",2.27651845660344,-1.00897046260307,99
"1981",-4.44385524883785,-0.0472802132788317,100
"1982",-4.0901513696041,-0.0472802132788317,100
"1983",-3.73644749037035,-0.0472802132788317,100
"1984",-3.3827436111366,-0.0472802132788317,100
"1985",-3.02903973190285,-0.0472802132788317,100
"1986",-2.67533585266909,-0.0472802132788317,100
"1987",-2.32163197343534,-0.0472802132788317,100
"1988",-1.96792809420159,-0.0472802132788317,100
"1989",-1.61422421496784,-0.0472802132788317,100
"1990",-1.26052033573409,-0.0472802132788317,100
"1991",-0.906816456500333,-0.0472802132788317,100
"1992",-0.553112577266581,-0.287702775609891,100
"1993",-0.199408698032829,-0.528125337940952,100
"1994",0.154295181200923,-0.528125337940952,100
"1995",0.507999060434676,-0.768547900272011,100
"1996",0.861702939668428,-0.768547900272011,100
"1997",1.21540681890218,-1.00897046260307,100
"1998",1.56911069813593,-1.00897046260307,100
"1999",1.92281457736968,-1.00897046260307,100
"2000",2.27651845660344,-1.00897046260307,100
