"","x","y","sample"
"1",-5.61454090589243,-1.43326122430766,1
"2",-5.20358143248234,-1.43326122430766,1
"3",-4.79262195907224,-1.43326122430766,1
"4",-4.38166248566215,-1.43326122430766,1
"5",-3.97070301225205,-1.43326122430766,1
"6",-3.55974353884196,-4.29040408145052,1
"7",-3.14878406543186,-4.76659455764099,1
"8",-2.73782459202176,-5.00468979573623,1
"9",-2.32686511861167,-5.24278503383147,1
"10",-1.91590564520157,-5.24278503383147,1
"11",-1.50494617179148,-5.24278503383147,1
"12",-1.09398669838138,-5.24278503383147,1
"13",-0.683027224971287,-5.24278503383147,1
"14",-0.272067751561192,-5.24278503383147,1
"15",0.138891721848903,-5.24278503383147,1
"16",0.549851195259,-5.24278503383147,1
"17",0.960810668669095,-5.24278503383147,1
"18",1.37177014207919,-5.24278503383147,1
"19",1.78272961548929,-5.24278503383147,1
"20",2.19368908889938,-5.24278503383147,1
"21",-5.61454090589243,-1.43326122430766,2
"22",-5.20358143248234,-1.43326122430766,2
"23",-4.79262195907224,-1.43326122430766,2
"24",-4.38166248566215,-1.43326122430766,2
"25",-3.97070301225205,-1.43326122430766,2
"26",-3.55974353884196,-6.19516598621242,2
"27",-3.14878406543186,-6.19516598621242,2
"28",-2.73782459202176,-6.19516598621242,2
"29",-2.32686511861167,-6.19516598621242,2
"30",-1.91590564520157,-6.19516598621242,2
"31",-1.50494617179148,-6.19516598621242,2
"32",-1.09398669838138,-6.19516598621242,2
"33",-0.683027224971287,-6.19516598621242,2
"34",-0.272067751561192,-6.19516598621242,2
"35",0.138891721848903,-6.19516598621242,2
"36",0.549851195259,-6.19516598621242,2
"37",0.960810668669095,-6.19516598621242,2
"38",1.37177014207919,-6.19516598621242,2
"39",1.78272961548929,-6.19516598621242,2
"40",2.19368908889938,-6.19516598621242,2
"41",-5.61454090589243,-1.90945170049814,3
"42",-5.20358143248234,-2.14754693859337,3
"43",-4.79262195907224,-2.14754693859337,3
"44",-4.38166248566215,-2.38564217668861,3
"45",-3.97070301225205,-2.38564217668861,3
"46",-3.55974353884196,-4.76659455764099,3
"47",-3.14878406543186,-5.95707074811718,3
"48",-2.73782459202176,-6.19516598621242,3
"49",-2.32686511861167,-6.19516598621242,3
"50",-1.91590564520157,-6.19516598621242,3
"51",-1.50494617179148,-6.19516598621242,3
"52",-1.09398669838138,-6.19516598621242,3
"53",-0.683027224971287,-6.19516598621242,3
"54",-0.272067751561192,-6.19516598621242,3
"55",0.138891721848903,-6.19516598621242,3
"56",0.549851195259,-6.19516598621242,3
"57",0.960810668669095,-6.19516598621242,3
"58",1.37177014207919,-6.19516598621242,3
"59",1.78272961548929,-6.19516598621242,3
"60",2.19368908889938,-6.19516598621242,3
"61",-5.61454090589243,-1.43326122430766,4
"62",-5.20358143248234,-1.43326122430766,4
"63",-4.79262195907224,-1.43326122430766,4
"64",-4.38166248566215,-1.43326122430766,4
"65",-3.97070301225205,-1.43326122430766,4
"66",-3.55974353884196,-4.52849931954576,4
"67",-3.14878406543186,-5.71897551002195,4
"68",-2.73782459202176,-6.19516598621242,4
"69",-2.32686511861167,-6.19516598621242,4
"70",-1.91590564520157,-6.19516598621242,4
"71",-1.50494617179148,-6.19516598621242,4
"72",-1.09398669838138,-6.19516598621242,4
"73",-0.683027224971287,-6.19516598621242,4
"74",-0.272067751561192,-6.19516598621242,4
"75",0.138891721848903,-6.19516598621242,4
"76",0.549851195259,-6.19516598621242,4
"77",0.960810668669095,-6.19516598621242,4
"78",1.37177014207919,-6.19516598621242,4
"79",1.78272961548929,-6.19516598621242,4
"80",2.19368908889938,-6.19516598621242,4
"81",-5.61454090589243,-1.6713564624029,5
"82",-5.20358143248234,-1.90945170049814,5
"83",-4.79262195907224,-1.90945170049814,5
"84",-4.38166248566215,-2.14754693859337,5
"85",-3.97070301225205,-3.09992789097433,5
"86",-3.55974353884196,-4.05230884335528,5
"87",-3.14878406543186,-4.52849931954576,5
"88",-2.73782459202176,-4.52849931954576,5
"89",-2.32686511861167,-4.76659455764099,5
"90",-1.91590564520157,-4.76659455764099,5
"91",-1.50494617179148,-4.76659455764099,5
"92",-1.09398669838138,-4.76659455764099,5
"93",-0.683027224971287,-4.76659455764099,5
"94",-0.272067751561192,-4.76659455764099,5
"95",0.138891721848903,-4.76659455764099,5
"96",0.549851195259,-4.76659455764099,5
"97",0.960810668669095,-4.76659455764099,5
"98",1.37177014207919,-4.76659455764099,5
"99",1.78272961548929,-4.76659455764099,5
"100",2.19368908889938,-4.76659455764099,5
"101",-5.61454090589243,-1.43326122430766,6
"102",-5.20358143248234,-1.43326122430766,6
"103",-4.79262195907224,-1.43326122430766,6
"104",-4.38166248566215,-1.43326122430766,6
"105",-3.97070301225205,-1.6713564624029,6
"106",-3.55974353884196,-4.29040408145052,6
"107",-3.14878406543186,-4.76659455764099,6
"108",-2.73782459202176,-5.24278503383147,6
"109",-2.32686511861167,-5.24278503383147,6
"110",-1.91590564520157,-5.48088027192671,6
"111",-1.50494617179148,-5.48088027192671,6
"112",-1.09398669838138,-5.48088027192671,6
"113",-0.683027224971287,-5.48088027192671,6
"114",-0.272067751561192,-5.48088027192671,6
"115",0.138891721848903,-5.48088027192671,6
"116",0.549851195259,-5.48088027192671,6
"117",0.960810668669095,-5.48088027192671,6
"118",1.37177014207919,-5.48088027192671,6
"119",1.78272961548929,-5.48088027192671,6
"120",2.19368908889938,-5.48088027192671,6
"121",-5.61454090589243,-1.43326122430766,7
"122",-5.20358143248234,-1.6713564624029,7
"123",-4.79262195907224,-1.6713564624029,7
"124",-4.38166248566215,-2.14754693859337,7
"125",-3.97070301225205,-3.5761183671648,7
"126",-3.55974353884196,-4.05230884335528,7
"127",-3.14878406543186,-4.29040408145052,7
"128",-2.73782459202176,-4.52849931954576,7
"129",-2.32686511861167,-4.52849931954576,7
"130",-1.91590564520157,-4.52849931954576,7
"131",-1.50494617179148,-4.52849931954576,7
"132",-1.09398669838138,-4.52849931954576,7
"133",-0.683027224971287,-4.52849931954576,7
"134",-0.272067751561192,-4.52849931954576,7
"135",0.138891721848903,-4.52849931954576,7
"136",0.549851195259,-4.52849931954576,7
"137",0.960810668669095,-4.52849931954576,7
"138",1.37177014207919,-4.52849931954576,7
"139",1.78272961548929,-4.52849931954576,7
"140",2.19368908889938,-4.52849931954576,7
"141",-5.61454090589243,-1.43326122430766,8
"142",-5.20358143248234,-1.43326122430766,8
"143",-4.79262195907224,-1.43326122430766,8
"144",-4.38166248566215,-1.43326122430766,8
"145",-3.97070301225205,-1.6713564624029,8
"146",-3.55974353884196,-4.29040408145052,8
"147",-3.14878406543186,-5.24278503383147,8
"148",-2.73782459202176,-5.48088027192671,8
"149",-2.32686511861167,-5.48088027192671,8
"150",-1.91590564520157,-5.48088027192671,8
"151",-1.50494617179148,-5.48088027192671,8
"152",-1.09398669838138,-5.48088027192671,8
"153",-0.683027224971287,-5.48088027192671,8
"154",-0.272067751561192,-5.48088027192671,8
"155",0.138891721848903,-5.48088027192671,8
"156",0.549851195259,-5.48088027192671,8
"157",0.960810668669095,-5.48088027192671,8
"158",1.37177014207919,-5.48088027192671,8
"159",1.78272961548929,-5.48088027192671,8
"160",2.19368908889938,-5.48088027192671,8
"161",-5.61454090589243,-1.43326122430766,9
"162",-5.20358143248234,-1.43326122430766,9
"163",-4.79262195907224,-1.90945170049814,9
"164",-4.38166248566215,-2.38564217668861,9
"165",-3.97070301225205,-2.62373741478385,9
"166",-3.55974353884196,-4.29040408145052,9
"167",-3.14878406543186,-5.00468979573623,9
"168",-2.73782459202176,-5.48088027192671,9
"169",-2.32686511861167,-5.71897551002195,9
"170",-1.91590564520157,-5.71897551002195,9
"171",-1.50494617179148,-5.95707074811718,9
"172",-1.09398669838138,-5.95707074811718,9
"173",-0.683027224971287,-5.95707074811718,9
"174",-0.272067751561192,-5.95707074811718,9
"175",0.138891721848903,-5.95707074811718,9
"176",0.549851195259,-5.95707074811718,9
"177",0.960810668669095,-5.95707074811718,9
"178",1.37177014207919,-5.95707074811718,9
"179",1.78272961548929,-5.95707074811718,9
"180",2.19368908889938,-5.95707074811718,9
"181",-5.61454090589243,-1.43326122430766,10
"182",-5.20358143248234,-1.43326122430766,10
"183",-4.79262195907224,-1.6713564624029,10
"184",-4.38166248566215,-1.6713564624029,10
"185",-3.97070301225205,-1.90945170049814,10
"186",-3.55974353884196,-4.29040408145052,10
"187",-3.14878406543186,-4.76659455764099,10
"188",-2.73782459202176,-5.00468979573623,10
"189",-2.32686511861167,-5.24278503383147,10
"190",-1.91590564520157,-5.24278503383147,10
"191",-1.50494617179148,-5.24278503383147,10
"192",-1.09398669838138,-5.24278503383147,10
"193",-0.683027224971287,-5.24278503383147,10
"194",-0.272067751561192,-5.24278503383147,10
"195",0.138891721848903,-5.24278503383147,10
"196",0.549851195259,-5.24278503383147,10
"197",0.960810668669095,-5.24278503383147,10
"198",1.37177014207919,-5.24278503383147,10
"199",1.78272961548929,-5.24278503383147,10
"200",2.19368908889938,-5.24278503383147,10
"201",-5.61454090589243,-1.43326122430766,11
"202",-5.20358143248234,-1.43326122430766,11
"203",-4.79262195907224,-1.43326122430766,11
"204",-4.38166248566215,-3.5761183671648,11
"205",-3.97070301225205,-3.81421360526004,11
"206",-3.55974353884196,-4.05230884335528,11
"207",-3.14878406543186,-4.05230884335528,11
"208",-2.73782459202176,-4.29040408145052,11
"209",-2.32686511861167,-4.29040408145052,11
"210",-1.91590564520157,-4.29040408145052,11
"211",-1.50494617179148,-4.52849931954576,11
"212",-1.09398669838138,-4.76659455764099,11
"213",-0.683027224971287,-5.00468979573623,11
"214",-0.272067751561192,-5.00468979573623,11
"215",0.138891721848903,-5.00468979573623,11
"216",0.549851195259,-5.00468979573623,11
"217",0.960810668669095,-5.00468979573623,11
"218",1.37177014207919,-5.00468979573623,11
"219",1.78272961548929,-5.00468979573623,11
"220",2.19368908889938,-5.00468979573623,11
"221",-5.61454090589243,-1.43326122430766,12
"222",-5.20358143248234,-1.43326122430766,12
"223",-4.79262195907224,-2.14754693859337,12
"224",-4.38166248566215,-2.62373741478385,12
"225",-3.97070301225205,-2.62373741478385,12
"226",-3.55974353884196,-4.52849931954576,12
"227",-3.14878406543186,-5.48088027192671,12
"228",-2.73782459202176,-5.71897551002195,12
"229",-2.32686511861167,-5.95707074811718,12
"230",-1.91590564520157,-5.95707074811718,12
"231",-1.50494617179148,-6.19516598621242,12
"232",-1.09398669838138,-6.19516598621242,12
"233",-0.683027224971287,-6.19516598621242,12
"234",-0.272067751561192,-6.19516598621242,12
"235",0.138891721848903,-6.19516598621242,12
"236",0.549851195259,-6.19516598621242,12
"237",0.960810668669095,-6.19516598621242,12
"238",1.37177014207919,-6.19516598621242,12
"239",1.78272961548929,-6.19516598621242,12
"240",2.19368908889938,-6.19516598621242,12
"241",-5.61454090589243,-3.5761183671648,13
"242",-5.20358143248234,-3.5761183671648,13
"243",-4.79262195907224,-3.5761183671648,13
"244",-4.38166248566215,-3.5761183671648,13
"245",-3.97070301225205,-3.81421360526004,13
"246",-3.55974353884196,-4.29040408145052,13
"247",-3.14878406543186,-4.76659455764099,13
"248",-2.73782459202176,-5.00468979573623,13
"249",-2.32686511861167,-5.00468979573623,13
"250",-1.91590564520157,-5.24278503383147,13
"251",-1.50494617179148,-5.24278503383147,13
"252",-1.09398669838138,-5.24278503383147,13
"253",-0.683027224971287,-5.24278503383147,13
"254",-0.272067751561192,-5.24278503383147,13
"255",0.138891721848903,-5.24278503383147,13
"256",0.549851195259,-5.24278503383147,13
"257",0.960810668669095,-5.24278503383147,13
"258",1.37177014207919,-5.24278503383147,13
"259",1.78272961548929,-5.24278503383147,13
"260",2.19368908889938,-5.24278503383147,13
"261",-5.61454090589243,-1.43326122430766,14
"262",-5.20358143248234,-1.43326122430766,14
"263",-4.79262195907224,-1.43326122430766,14
"264",-4.38166248566215,-1.43326122430766,14
"265",-3.97070301225205,-1.6713564624029,14
"266",-3.55974353884196,-4.29040408145052,14
"267",-3.14878406543186,-4.76659455764099,14
"268",-2.73782459202176,-5.00468979573623,14
"269",-2.32686511861167,-5.00468979573623,14
"270",-1.91590564520157,-5.00468979573623,14
"271",-1.50494617179148,-5.00468979573623,14
"272",-1.09398669838138,-5.00468979573623,14
"273",-0.683027224971287,-5.00468979573623,14
"274",-0.272067751561192,-5.00468979573623,14
"275",0.138891721848903,-5.00468979573623,14
"276",0.549851195259,-5.00468979573623,14
"277",0.960810668669095,-5.00468979573623,14
"278",1.37177014207919,-5.00468979573623,14
"279",1.78272961548929,-5.00468979573623,14
"280",2.19368908889938,-5.00468979573623,14
"281",-5.61454090589243,-1.90945170049814,15
"282",-5.20358143248234,-3.09992789097433,15
"283",-4.79262195907224,-3.5761183671648,15
"284",-4.38166248566215,-3.81421360526004,15
"285",-3.97070301225205,-4.05230884335528,15
"286",-3.55974353884196,-4.05230884335528,15
"287",-3.14878406543186,-4.29040408145052,15
"288",-2.73782459202176,-4.29040408145052,15
"289",-2.32686511861167,-4.29040408145052,15
"290",-1.91590564520157,-4.29040408145052,15
"291",-1.50494617179148,-4.29040408145052,15
"292",-1.09398669838138,-4.29040408145052,15
"293",-0.683027224971287,-4.29040408145052,15
"294",-0.272067751561192,-4.29040408145052,15
"295",0.138891721848903,-4.29040408145052,15
"296",0.549851195259,-4.29040408145052,15
"297",0.960810668669095,-4.29040408145052,15
"298",1.37177014207919,-4.29040408145052,15
"299",1.78272961548929,-4.29040408145052,15
"300",2.19368908889938,-4.29040408145052,15
"301",-5.61454090589243,-1.43326122430766,16
"302",-5.20358143248234,-1.43326122430766,16
"303",-4.79262195907224,-1.90945170049814,16
"304",-4.38166248566215,-2.38564217668861,16
"305",-3.97070301225205,-2.86183265287909,16
"306",-3.55974353884196,-4.29040408145052,16
"307",-3.14878406543186,-5.00468979573623,16
"308",-2.73782459202176,-5.48088027192671,16
"309",-2.32686511861167,-5.48088027192671,16
"310",-1.91590564520157,-5.71897551002195,16
"311",-1.50494617179148,-5.71897551002195,16
"312",-1.09398669838138,-5.71897551002195,16
"313",-0.683027224971287,-5.71897551002195,16
"314",-0.272067751561192,-5.71897551002195,16
"315",0.138891721848903,-5.71897551002195,16
"316",0.549851195259,-5.71897551002195,16
"317",0.960810668669095,-5.71897551002195,16
"318",1.37177014207919,-5.71897551002195,16
"319",1.78272961548929,-5.71897551002195,16
"320",2.19368908889938,-5.71897551002195,16
"321",-5.61454090589243,-1.43326122430766,17
"322",-5.20358143248234,-1.43326122430766,17
"323",-4.79262195907224,-1.43326122430766,17
"324",-4.38166248566215,-1.6713564624029,17
"325",-3.97070301225205,-3.33802312906956,17
"326",-3.55974353884196,-4.05230884335528,17
"327",-3.14878406543186,-4.52849931954576,17
"328",-2.73782459202176,-4.76659455764099,17
"329",-2.32686511861167,-5.00468979573623,17
"330",-1.91590564520157,-5.00468979573623,17
"331",-1.50494617179148,-5.00468979573623,17
"332",-1.09398669838138,-5.00468979573623,17
"333",-0.683027224971287,-5.00468979573623,17
"334",-0.272067751561192,-5.00468979573623,17
"335",0.138891721848903,-5.00468979573623,17
"336",0.549851195259,-5.00468979573623,17
"337",0.960810668669095,-5.00468979573623,17
"338",1.37177014207919,-5.00468979573623,17
"339",1.78272961548929,-5.00468979573623,17
"340",2.19368908889938,-5.00468979573623,17
"341",-5.61454090589243,-1.43326122430766,18
"342",-5.20358143248234,-1.43326122430766,18
"343",-4.79262195907224,-1.43326122430766,18
"344",-4.38166248566215,-1.43326122430766,18
"345",-3.97070301225205,-1.43326122430766,18
"346",-3.55974353884196,-4.29040408145052,18
"347",-3.14878406543186,-4.76659455764099,18
"348",-2.73782459202176,-5.00468979573623,18
"349",-2.32686511861167,-5.00468979573623,18
"350",-1.91590564520157,-5.00468979573623,18
"351",-1.50494617179148,-5.00468979573623,18
"352",-1.09398669838138,-5.00468979573623,18
"353",-0.683027224971287,-5.00468979573623,18
"354",-0.272067751561192,-5.00468979573623,18
"355",0.138891721848903,-5.00468979573623,18
"356",0.549851195259,-5.00468979573623,18
"357",0.960810668669095,-5.00468979573623,18
"358",1.37177014207919,-5.00468979573623,18
"359",1.78272961548929,-5.00468979573623,18
"360",2.19368908889938,-5.00468979573623,18
"361",-5.61454090589243,-1.43326122430766,19
"362",-5.20358143248234,-1.43326122430766,19
"363",-4.79262195907224,-1.43326122430766,19
"364",-4.38166248566215,-2.14754693859337,19
"365",-3.97070301225205,-3.5761183671648,19
"366",-3.55974353884196,-4.05230884335528,19
"367",-3.14878406543186,-4.52849931954576,19
"368",-2.73782459202176,-4.76659455764099,19
"369",-2.32686511861167,-4.76659455764099,19
"370",-1.91590564520157,-5.00468979573623,19
"371",-1.50494617179148,-5.00468979573623,19
"372",-1.09398669838138,-5.00468979573623,19
"373",-0.683027224971287,-5.00468979573623,19
"374",-0.272067751561192,-5.00468979573623,19
"375",0.138891721848903,-5.00468979573623,19
"376",0.549851195259,-5.00468979573623,19
"377",0.960810668669095,-5.00468979573623,19
"378",1.37177014207919,-5.00468979573623,19
"379",1.78272961548929,-5.00468979573623,19
"380",2.19368908889938,-5.00468979573623,19
"381",-5.61454090589243,-1.43326122430766,20
"382",-5.20358143248234,-1.43326122430766,20
"383",-4.79262195907224,-2.62373741478385,20
"384",-4.38166248566215,-3.09992789097433,20
"385",-3.97070301225205,-3.81421360526004,20
"386",-3.55974353884196,-4.05230884335528,20
"387",-3.14878406543186,-4.52849931954576,20
"388",-2.73782459202176,-4.76659455764099,20
"389",-2.32686511861167,-5.00468979573623,20
"390",-1.91590564520157,-5.24278503383147,20
"391",-1.50494617179148,-5.24278503383147,20
"392",-1.09398669838138,-5.48088027192671,20
"393",-0.683027224971287,-5.48088027192671,20
"394",-0.272067751561192,-5.48088027192671,20
"395",0.138891721848903,-5.48088027192671,20
"396",0.549851195259,-5.48088027192671,20
"397",0.960810668669095,-5.48088027192671,20
"398",1.37177014207919,-5.48088027192671,20
"399",1.78272961548929,-5.48088027192671,20
"400",2.19368908889938,-5.48088027192671,20
"401",-5.61454090589243,-1.43326122430766,21
"402",-5.20358143248234,-1.43326122430766,21
"403",-4.79262195907224,-1.43326122430766,21
"404",-4.38166248566215,-3.09992789097433,21
"405",-3.97070301225205,-3.81421360526004,21
"406",-3.55974353884196,-4.05230884335528,21
"407",-3.14878406543186,-4.29040408145052,21
"408",-2.73782459202176,-4.52849931954576,21
"409",-2.32686511861167,-4.52849931954576,21
"410",-1.91590564520157,-4.76659455764099,21
"411",-1.50494617179148,-4.76659455764099,21
"412",-1.09398669838138,-4.76659455764099,21
"413",-0.683027224971287,-4.76659455764099,21
"414",-0.272067751561192,-4.76659455764099,21
"415",0.138891721848903,-4.76659455764099,21
"416",0.549851195259,-4.76659455764099,21
"417",0.960810668669095,-4.76659455764099,21
"418",1.37177014207919,-4.76659455764099,21
"419",1.78272961548929,-4.76659455764099,21
"420",2.19368908889938,-4.76659455764099,21
"421",-5.61454090589243,-1.43326122430766,22
"422",-5.20358143248234,-1.43326122430766,22
"423",-4.79262195907224,-1.43326122430766,22
"424",-4.38166248566215,-1.43326122430766,22
"425",-3.97070301225205,-3.33802312906956,22
"426",-3.55974353884196,-4.05230884335528,22
"427",-3.14878406543186,-4.52849931954576,22
"428",-2.73782459202176,-5.00468979573623,22
"429",-2.32686511861167,-5.24278503383147,22
"430",-1.91590564520157,-5.24278503383147,22
"431",-1.50494617179148,-5.24278503383147,22
"432",-1.09398669838138,-5.48088027192671,22
"433",-0.683027224971287,-5.48088027192671,22
"434",-0.272067751561192,-5.48088027192671,22
"435",0.138891721848903,-5.48088027192671,22
"436",0.549851195259,-5.48088027192671,22
"437",0.960810668669095,-5.48088027192671,22
"438",1.37177014207919,-5.48088027192671,22
"439",1.78272961548929,-5.48088027192671,22
"440",2.19368908889938,-5.48088027192671,22
"441",-5.61454090589243,-1.43326122430766,23
"442",-5.20358143248234,-1.43326122430766,23
"443",-4.79262195907224,-1.6713564624029,23
"444",-4.38166248566215,-1.6713564624029,23
"445",-3.97070301225205,-1.90945170049814,23
"446",-3.55974353884196,-4.52849931954576,23
"447",-3.14878406543186,-5.00468979573623,23
"448",-2.73782459202176,-5.48088027192671,23
"449",-2.32686511861167,-6.19516598621242,23
"450",-1.91590564520157,-6.19516598621242,23
"451",-1.50494617179148,-6.19516598621242,23
"452",-1.09398669838138,-6.19516598621242,23
"453",-0.683027224971287,-6.19516598621242,23
"454",-0.272067751561192,-6.19516598621242,23
"455",0.138891721848903,-6.19516598621242,23
"456",0.549851195259,-6.19516598621242,23
"457",0.960810668669095,-6.19516598621242,23
"458",1.37177014207919,-6.19516598621242,23
"459",1.78272961548929,-6.19516598621242,23
"460",2.19368908889938,-6.19516598621242,23
"461",-5.61454090589243,-3.33802312906956,24
"462",-5.20358143248234,-3.5761183671648,24
"463",-4.79262195907224,-3.81421360526004,24
"464",-4.38166248566215,-3.81421360526004,24
"465",-3.97070301225205,-4.05230884335528,24
"466",-3.55974353884196,-4.05230884335528,24
"467",-3.14878406543186,-4.29040408145052,24
"468",-2.73782459202176,-4.52849931954576,24
"469",-2.32686511861167,-4.52849931954576,24
"470",-1.91590564520157,-4.52849931954576,24
"471",-1.50494617179148,-4.52849931954576,24
"472",-1.09398669838138,-4.52849931954576,24
"473",-0.683027224971287,-4.52849931954576,24
"474",-0.272067751561192,-4.52849931954576,24
"475",0.138891721848903,-4.52849931954576,24
"476",0.549851195259,-4.52849931954576,24
"477",0.960810668669095,-4.52849931954576,24
"478",1.37177014207919,-4.52849931954576,24
"479",1.78272961548929,-4.52849931954576,24
"480",2.19368908889938,-4.52849931954576,24
"481",-5.61454090589243,-1.43326122430766,25
"482",-5.20358143248234,-1.43326122430766,25
"483",-4.79262195907224,-2.62373741478385,25
"484",-4.38166248566215,-3.33802312906956,25
"485",-3.97070301225205,-3.81421360526004,25
"486",-3.55974353884196,-4.05230884335528,25
"487",-3.14878406543186,-4.29040408145052,25
"488",-2.73782459202176,-4.52849931954576,25
"489",-2.32686511861167,-4.76659455764099,25
"490",-1.91590564520157,-4.76659455764099,25
"491",-1.50494617179148,-4.76659455764099,25
"492",-1.09398669838138,-5.00468979573623,25
"493",-0.683027224971287,-5.00468979573623,25
"494",-0.272067751561192,-5.00468979573623,25
"495",0.138891721848903,-5.00468979573623,25
"496",0.549851195259,-5.00468979573623,25
"497",0.960810668669095,-5.00468979573623,25
"498",1.37177014207919,-5.00468979573623,25
"499",1.78272961548929,-5.00468979573623,25
"500",2.19368908889938,-5.00468979573623,25
"501",-5.61454090589243,-1.43326122430766,26
"502",-5.20358143248234,-1.90945170049814,26
"503",-4.79262195907224,-2.38564217668861,26
"504",-4.38166248566215,-2.86183265287909,26
"505",-3.97070301225205,-3.5761183671648,26
"506",-3.55974353884196,-4.05230884335528,26
"507",-3.14878406543186,-4.52849931954576,26
"508",-2.73782459202176,-4.76659455764099,26
"509",-2.32686511861167,-5.00468979573623,26
"510",-1.91590564520157,-5.24278503383147,26
"511",-1.50494617179148,-5.24278503383147,26
"512",-1.09398669838138,-5.24278503383147,26
"513",-0.683027224971287,-5.48088027192671,26
"514",-0.272067751561192,-5.48088027192671,26
"515",0.138891721848903,-5.48088027192671,26
"516",0.549851195259,-5.48088027192671,26
"517",0.960810668669095,-5.48088027192671,26
"518",1.37177014207919,-5.48088027192671,26
"519",1.78272961548929,-5.48088027192671,26
"520",2.19368908889938,-5.48088027192671,26
"521",-5.61454090589243,-2.38564217668861,27
"522",-5.20358143248234,-2.86183265287909,27
"523",-4.79262195907224,-3.33802312906956,27
"524",-4.38166248566215,-3.5761183671648,27
"525",-3.97070301225205,-3.81421360526004,27
"526",-3.55974353884196,-4.05230884335528,27
"527",-3.14878406543186,-4.29040408145052,27
"528",-2.73782459202176,-4.29040408145052,27
"529",-2.32686511861167,-4.52849931954576,27
"530",-1.91590564520157,-4.52849931954576,27
"531",-1.50494617179148,-4.52849931954576,27
"532",-1.09398669838138,-4.76659455764099,27
"533",-0.683027224971287,-4.76659455764099,27
"534",-0.272067751561192,-4.76659455764099,27
"535",0.138891721848903,-4.76659455764099,27
"536",0.549851195259,-4.76659455764099,27
"537",0.960810668669095,-4.76659455764099,27
"538",1.37177014207919,-4.76659455764099,27
"539",1.78272961548929,-4.76659455764099,27
"540",2.19368908889938,-4.76659455764099,27
"541",-5.61454090589243,-1.43326122430766,28
"542",-5.20358143248234,-1.43326122430766,28
"543",-4.79262195907224,-1.43326122430766,28
"544",-4.38166248566215,-1.43326122430766,28
"545",-3.97070301225205,-3.81421360526004,28
"546",-3.55974353884196,-4.05230884335528,28
"547",-3.14878406543186,-4.29040408145052,28
"548",-2.73782459202176,-4.52849931954576,28
"549",-2.32686511861167,-4.52849931954576,28
"550",-1.91590564520157,-4.52849931954576,28
"551",-1.50494617179148,-4.52849931954576,28
"552",-1.09398669838138,-4.52849931954576,28
"553",-0.683027224971287,-4.76659455764099,28
"554",-0.272067751561192,-5.00468979573623,28
"555",0.138891721848903,-5.24278503383147,28
"556",0.549851195259,-5.48088027192671,28
"557",0.960810668669095,-5.71897551002195,28
"558",1.37177014207919,-5.71897551002195,28
"559",1.78272961548929,-5.95707074811718,28
"560",2.19368908889938,-5.95707074811718,28
"561",-5.61454090589243,-1.43326122430766,29
"562",-5.20358143248234,-1.43326122430766,29
"563",-4.79262195907224,-3.09992789097433,29
"564",-4.38166248566215,-3.81421360526004,29
"565",-3.97070301225205,-4.05230884335528,29
"566",-3.55974353884196,-4.05230884335528,29
"567",-3.14878406543186,-4.05230884335528,29
"568",-2.73782459202176,-4.05230884335528,29
"569",-2.32686511861167,-4.05230884335528,29
"570",-1.91590564520157,-4.05230884335528,29
"571",-1.50494617179148,-4.05230884335528,29
"572",-1.09398669838138,-4.05230884335528,29
"573",-0.683027224971287,-4.05230884335528,29
"574",-0.272067751561192,-4.05230884335528,29
"575",0.138891721848903,-4.05230884335528,29
"576",0.549851195259,-4.05230884335528,29
"577",0.960810668669095,-4.05230884335528,29
"578",1.37177014207919,-4.05230884335528,29
"579",1.78272961548929,-4.05230884335528,29
"580",2.19368908889938,-4.05230884335528,29
"581",-5.61454090589243,-1.43326122430766,30
"582",-5.20358143248234,-1.43326122430766,30
"583",-4.79262195907224,-1.43326122430766,30
"584",-4.38166248566215,-1.43326122430766,30
"585",-3.97070301225205,-3.5761183671648,30
"586",-3.55974353884196,-4.05230884335528,30
"587",-3.14878406543186,-4.29040408145052,30
"588",-2.73782459202176,-4.29040408145052,30
"589",-2.32686511861167,-4.29040408145052,30
"590",-1.91590564520157,-4.29040408145052,30
"591",-1.50494617179148,-4.29040408145052,30
"592",-1.09398669838138,-4.29040408145052,30
"593",-0.683027224971287,-5.24278503383147,30
"594",-0.272067751561192,-6.19516598621242,30
"595",0.138891721848903,-6.19516598621242,30
"596",0.549851195259,-6.19516598621242,30
"597",0.960810668669095,-6.19516598621242,30
"598",1.37177014207919,-6.19516598621242,30
"599",1.78272961548929,-6.19516598621242,30
"600",2.19368908889938,-6.19516598621242,30
"601",-5.61454090589243,-1.43326122430766,31
"602",-5.20358143248234,-2.38564217668861,31
"603",-4.79262195907224,-3.33802312906956,31
"604",-4.38166248566215,-3.5761183671648,31
"605",-3.97070301225205,-3.81421360526004,31
"606",-3.55974353884196,-4.05230884335528,31
"607",-3.14878406543186,-4.29040408145052,31
"608",-2.73782459202176,-4.29040408145052,31
"609",-2.32686511861167,-4.29040408145052,31
"610",-1.91590564520157,-4.29040408145052,31
"611",-1.50494617179148,-4.29040408145052,31
"612",-1.09398669838138,-4.29040408145052,31
"613",-0.683027224971287,-4.29040408145052,31
"614",-0.272067751561192,-4.29040408145052,31
"615",0.138891721848903,-4.29040408145052,31
"616",0.549851195259,-4.29040408145052,31
"617",0.960810668669095,-4.29040408145052,31
"618",1.37177014207919,-4.29040408145052,31
"619",1.78272961548929,-4.29040408145052,31
"620",2.19368908889938,-4.29040408145052,31
"621",-5.61454090589243,-1.43326122430766,32
"622",-5.20358143248234,-1.43326122430766,32
"623",-4.79262195907224,-1.43326122430766,32
"624",-4.38166248566215,-2.62373741478385,32
"625",-3.97070301225205,-3.5761183671648,32
"626",-3.55974353884196,-4.05230884335528,32
"627",-3.14878406543186,-4.52849931954576,32
"628",-2.73782459202176,-4.52849931954576,32
"629",-2.32686511861167,-4.76659455764099,32
"630",-1.91590564520157,-5.00468979573623,32
"631",-1.50494617179148,-5.00468979573623,32
"632",-1.09398669838138,-5.00468979573623,32
"633",-0.683027224971287,-5.00468979573623,32
"634",-0.272067751561192,-5.00468979573623,32
"635",0.138891721848903,-5.00468979573623,32
"636",0.549851195259,-5.00468979573623,32
"637",0.960810668669095,-5.00468979573623,32
"638",1.37177014207919,-5.00468979573623,32
"639",1.78272961548929,-5.00468979573623,32
"640",2.19368908889938,-5.00468979573623,32
"641",-5.61454090589243,-2.14754693859337,33
"642",-5.20358143248234,-2.14754693859337,33
"643",-4.79262195907224,-2.38564217668861,33
"644",-4.38166248566215,-2.62373741478385,33
"645",-3.97070301225205,-3.5761183671648,33
"646",-3.55974353884196,-4.05230884335528,33
"647",-3.14878406543186,-4.52849931954576,33
"648",-2.73782459202176,-4.76659455764099,33
"649",-2.32686511861167,-4.76659455764099,33
"650",-1.91590564520157,-4.76659455764099,33
"651",-1.50494617179148,-5.00468979573623,33
"652",-1.09398669838138,-5.00468979573623,33
"653",-0.683027224971287,-5.00468979573623,33
"654",-0.272067751561192,-5.00468979573623,33
"655",0.138891721848903,-5.00468979573623,33
"656",0.549851195259,-5.00468979573623,33
"657",0.960810668669095,-5.00468979573623,33
"658",1.37177014207919,-5.00468979573623,33
"659",1.78272961548929,-5.00468979573623,33
"660",2.19368908889938,-5.00468979573623,33
"661",-5.61454090589243,-3.5761183671648,34
"662",-5.20358143248234,-3.5761183671648,34
"663",-4.79262195907224,-3.81421360526004,34
"664",-4.38166248566215,-3.81421360526004,34
"665",-3.97070301225205,-4.05230884335528,34
"666",-3.55974353884196,-4.05230884335528,34
"667",-3.14878406543186,-4.52849931954576,34
"668",-2.73782459202176,-4.76659455764099,34
"669",-2.32686511861167,-5.00468979573623,34
"670",-1.91590564520157,-5.24278503383147,34
"671",-1.50494617179148,-5.24278503383147,34
"672",-1.09398669838138,-5.48088027192671,34
"673",-0.683027224971287,-5.48088027192671,34
"674",-0.272067751561192,-5.48088027192671,34
"675",0.138891721848903,-5.48088027192671,34
"676",0.549851195259,-5.48088027192671,34
"677",0.960810668669095,-5.48088027192671,34
"678",1.37177014207919,-5.48088027192671,34
"679",1.78272961548929,-5.48088027192671,34
"680",2.19368908889938,-5.48088027192671,34
"681",-5.61454090589243,-1.43326122430766,35
"682",-5.20358143248234,-1.43326122430766,35
"683",-4.79262195907224,-1.90945170049814,35
"684",-4.38166248566215,-3.09992789097433,35
"685",-3.97070301225205,-3.81421360526004,35
"686",-3.55974353884196,-4.05230884335528,35
"687",-3.14878406543186,-4.29040408145052,35
"688",-2.73782459202176,-4.52849931954576,35
"689",-2.32686511861167,-4.76659455764099,35
"690",-1.91590564520157,-4.76659455764099,35
"691",-1.50494617179148,-5.00468979573623,35
"692",-1.09398669838138,-5.00468979573623,35
"693",-0.683027224971287,-5.00468979573623,35
"694",-0.272067751561192,-5.00468979573623,35
"695",0.138891721848903,-5.00468979573623,35
"696",0.549851195259,-5.00468979573623,35
"697",0.960810668669095,-5.00468979573623,35
"698",1.37177014207919,-5.00468979573623,35
"699",1.78272961548929,-5.00468979573623,35
"700",2.19368908889938,-5.00468979573623,35
"701",-5.61454090589243,-1.43326122430766,36
"702",-5.20358143248234,-1.43326122430766,36
"703",-4.79262195907224,-1.6713564624029,36
"704",-4.38166248566215,-2.38564217668861,36
"705",-3.97070301225205,-3.5761183671648,36
"706",-3.55974353884196,-4.05230884335528,36
"707",-3.14878406543186,-4.52849931954576,36
"708",-2.73782459202176,-4.76659455764099,36
"709",-2.32686511861167,-4.76659455764099,36
"710",-1.91590564520157,-5.00468979573623,36
"711",-1.50494617179148,-5.00468979573623,36
"712",-1.09398669838138,-5.00468979573623,36
"713",-0.683027224971287,-5.00468979573623,36
"714",-0.272067751561192,-5.00468979573623,36
"715",0.138891721848903,-5.00468979573623,36
"716",0.549851195259,-5.00468979573623,36
"717",0.960810668669095,-5.00468979573623,36
"718",1.37177014207919,-5.00468979573623,36
"719",1.78272961548929,-5.00468979573623,36
"720",2.19368908889938,-5.00468979573623,36
"721",-5.61454090589243,-1.43326122430766,37
"722",-5.20358143248234,-1.43326122430766,37
"723",-4.79262195907224,-1.43326122430766,37
"724",-4.38166248566215,-1.6713564624029,37
"725",-3.97070301225205,-2.14754693859337,37
"726",-3.55974353884196,-4.29040408145052,37
"727",-3.14878406543186,-4.76659455764099,37
"728",-2.73782459202176,-5.00468979573623,37
"729",-2.32686511861167,-5.24278503383147,37
"730",-1.91590564520157,-5.24278503383147,37
"731",-1.50494617179148,-5.24278503383147,37
"732",-1.09398669838138,-5.24278503383147,37
"733",-0.683027224971287,-5.24278503383147,37
"734",-0.272067751561192,-5.24278503383147,37
"735",0.138891721848903,-5.24278503383147,37
"736",0.549851195259,-5.24278503383147,37
"737",0.960810668669095,-5.24278503383147,37
"738",1.37177014207919,-5.24278503383147,37
"739",1.78272961548929,-5.24278503383147,37
"740",2.19368908889938,-5.24278503383147,37
"741",-5.61454090589243,-1.43326122430766,38
"742",-5.20358143248234,-1.43326122430766,38
"743",-4.79262195907224,-1.6713564624029,38
"744",-4.38166248566215,-2.86183265287909,38
"745",-3.97070301225205,-3.5761183671648,38
"746",-3.55974353884196,-4.05230884335528,38
"747",-3.14878406543186,-4.52849931954576,38
"748",-2.73782459202176,-4.76659455764099,38
"749",-2.32686511861167,-5.00468979573623,38
"750",-1.91590564520157,-5.24278503383147,38
"751",-1.50494617179148,-5.24278503383147,38
"752",-1.09398669838138,-5.24278503383147,38
"753",-0.683027224971287,-5.24278503383147,38
"754",-0.272067751561192,-5.24278503383147,38
"755",0.138891721848903,-5.24278503383147,38
"756",0.549851195259,-5.24278503383147,38
"757",0.960810668669095,-5.24278503383147,38
"758",1.37177014207919,-5.24278503383147,38
"759",1.78272961548929,-5.24278503383147,38
"760",2.19368908889938,-5.24278503383147,38
"761",-5.61454090589243,-1.43326122430766,39
"762",-5.20358143248234,-1.43326122430766,39
"763",-4.79262195907224,-1.43326122430766,39
"764",-4.38166248566215,-2.62373741478385,39
"765",-3.97070301225205,-3.81421360526004,39
"766",-3.55974353884196,-4.05230884335528,39
"767",-3.14878406543186,-4.29040408145052,39
"768",-2.73782459202176,-4.29040408145052,39
"769",-2.32686511861167,-4.52849931954576,39
"770",-1.91590564520157,-4.52849931954576,39
"771",-1.50494617179148,-4.52849931954576,39
"772",-1.09398669838138,-4.52849931954576,39
"773",-0.683027224971287,-4.52849931954576,39
"774",-0.272067751561192,-4.52849931954576,39
"775",0.138891721848903,-4.52849931954576,39
"776",0.549851195259,-4.52849931954576,39
"777",0.960810668669095,-4.52849931954576,39
"778",1.37177014207919,-4.52849931954576,39
"779",1.78272961548929,-4.52849931954576,39
"780",2.19368908889938,-4.52849931954576,39
"781",-5.61454090589243,-1.43326122430766,40
"782",-5.20358143248234,-1.43326122430766,40
"783",-4.79262195907224,-1.43326122430766,40
"784",-4.38166248566215,-1.43326122430766,40
"785",-3.97070301225205,-1.43326122430766,40
"786",-3.55974353884196,-4.29040408145052,40
"787",-3.14878406543186,-5.48088027192671,40
"788",-2.73782459202176,-5.71897551002195,40
"789",-2.32686511861167,-5.95707074811718,40
"790",-1.91590564520157,-5.95707074811718,40
"791",-1.50494617179148,-5.95707074811718,40
"792",-1.09398669838138,-6.19516598621242,40
"793",-0.683027224971287,-6.19516598621242,40
"794",-0.272067751561192,-6.19516598621242,40
"795",0.138891721848903,-6.19516598621242,40
"796",0.549851195259,-6.19516598621242,40
"797",0.960810668669095,-6.19516598621242,40
"798",1.37177014207919,-6.19516598621242,40
"799",1.78272961548929,-6.19516598621242,40
"800",2.19368908889938,-6.19516598621242,40
"801",-5.61454090589243,-2.62373741478385,41
"802",-5.20358143248234,-2.62373741478385,41
"803",-4.79262195907224,-2.86183265287909,41
"804",-4.38166248566215,-2.86183265287909,41
"805",-3.97070301225205,-3.33802312906956,41
"806",-3.55974353884196,-4.05230884335528,41
"807",-3.14878406543186,-4.76659455764099,41
"808",-2.73782459202176,-5.00468979573623,41
"809",-2.32686511861167,-5.24278503383147,41
"810",-1.91590564520157,-5.24278503383147,41
"811",-1.50494617179148,-5.24278503383147,41
"812",-1.09398669838138,-5.48088027192671,41
"813",-0.683027224971287,-5.48088027192671,41
"814",-0.272067751561192,-5.48088027192671,41
"815",0.138891721848903,-5.48088027192671,41
"816",0.549851195259,-5.48088027192671,41
"817",0.960810668669095,-5.48088027192671,41
"818",1.37177014207919,-5.48088027192671,41
"819",1.78272961548929,-5.48088027192671,41
"820",2.19368908889938,-5.48088027192671,41
"821",-5.61454090589243,-3.09992789097433,42
"822",-5.20358143248234,-3.33802312906956,42
"823",-4.79262195907224,-3.33802312906956,42
"824",-4.38166248566215,-3.33802312906956,42
"825",-3.97070301225205,-3.33802312906956,42
"826",-3.55974353884196,-4.29040408145052,42
"827",-3.14878406543186,-4.76659455764099,42
"828",-2.73782459202176,-5.24278503383147,42
"829",-2.32686511861167,-5.48088027192671,42
"830",-1.91590564520157,-5.71897551002195,42
"831",-1.50494617179148,-5.71897551002195,42
"832",-1.09398669838138,-5.95707074811718,42
"833",-0.683027224971287,-5.95707074811718,42
"834",-0.272067751561192,-5.95707074811718,42
"835",0.138891721848903,-5.95707074811718,42
"836",0.549851195259,-5.95707074811718,42
"837",0.960810668669095,-5.95707074811718,42
"838",1.37177014207919,-5.95707074811718,42
"839",1.78272961548929,-5.95707074811718,42
"840",2.19368908889938,-5.95707074811718,42
"841",-5.61454090589243,-1.43326122430766,43
"842",-5.20358143248234,-1.6713564624029,43
"843",-4.79262195907224,-2.14754693859337,43
"844",-4.38166248566215,-2.38564217668861,43
"845",-3.97070301225205,-2.62373741478385,43
"846",-3.55974353884196,-4.29040408145052,43
"847",-3.14878406543186,-5.00468979573623,43
"848",-2.73782459202176,-5.48088027192671,43
"849",-2.32686511861167,-5.48088027192671,43
"850",-1.91590564520157,-5.71897551002195,43
"851",-1.50494617179148,-5.71897551002195,43
"852",-1.09398669838138,-5.71897551002195,43
"853",-0.683027224971287,-5.71897551002195,43
"854",-0.272067751561192,-5.71897551002195,43
"855",0.138891721848903,-5.71897551002195,43
"856",0.549851195259,-5.71897551002195,43
"857",0.960810668669095,-5.71897551002195,43
"858",1.37177014207919,-5.71897551002195,43
"859",1.78272961548929,-5.71897551002195,43
"860",2.19368908889938,-5.71897551002195,43
"861",-5.61454090589243,-1.43326122430766,44
"862",-5.20358143248234,-1.43326122430766,44
"863",-4.79262195907224,-1.43326122430766,44
"864",-4.38166248566215,-1.43326122430766,44
"865",-3.97070301225205,-3.5761183671648,44
"866",-3.55974353884196,-4.05230884335528,44
"867",-3.14878406543186,-4.52849931954576,44
"868",-2.73782459202176,-4.52849931954576,44
"869",-2.32686511861167,-4.76659455764099,44
"870",-1.91590564520157,-4.76659455764099,44
"871",-1.50494617179148,-4.76659455764099,44
"872",-1.09398669838138,-4.76659455764099,44
"873",-0.683027224971287,-4.76659455764099,44
"874",-0.272067751561192,-4.76659455764099,44
"875",0.138891721848903,-4.76659455764099,44
"876",0.549851195259,-4.76659455764099,44
"877",0.960810668669095,-4.76659455764099,44
"878",1.37177014207919,-4.76659455764099,44
"879",1.78272961548929,-4.76659455764099,44
"880",2.19368908889938,-4.76659455764099,44
"881",-5.61454090589243,-2.38564217668861,45
"882",-5.20358143248234,-2.62373741478385,45
"883",-4.79262195907224,-2.62373741478385,45
"884",-4.38166248566215,-2.62373741478385,45
"885",-3.97070301225205,-2.86183265287909,45
"886",-3.55974353884196,-4.29040408145052,45
"887",-3.14878406543186,-5.00468979573623,45
"888",-2.73782459202176,-5.48088027192671,45
"889",-2.32686511861167,-5.71897551002195,45
"890",-1.91590564520157,-5.95707074811718,45
"891",-1.50494617179148,-5.95707074811718,45
"892",-1.09398669838138,-5.95707074811718,45
"893",-0.683027224971287,-6.19516598621242,45
"894",-0.272067751561192,-6.19516598621242,45
"895",0.138891721848903,-6.19516598621242,45
"896",0.549851195259,-6.19516598621242,45
"897",0.960810668669095,-6.19516598621242,45
"898",1.37177014207919,-6.19516598621242,45
"899",1.78272961548929,-6.19516598621242,45
"900",2.19368908889938,-6.19516598621242,45
"901",-5.61454090589243,-1.43326122430766,46
"902",-5.20358143248234,-1.43326122430766,46
"903",-4.79262195907224,-1.43326122430766,46
"904",-4.38166248566215,-1.6713564624029,46
"905",-3.97070301225205,-2.38564217668861,46
"906",-3.55974353884196,-4.29040408145052,46
"907",-3.14878406543186,-4.76659455764099,46
"908",-2.73782459202176,-5.24278503383147,46
"909",-2.32686511861167,-5.48088027192671,46
"910",-1.91590564520157,-5.48088027192671,46
"911",-1.50494617179148,-5.48088027192671,46
"912",-1.09398669838138,-5.71897551002195,46
"913",-0.683027224971287,-5.71897551002195,46
"914",-0.272067751561192,-5.71897551002195,46
"915",0.138891721848903,-5.71897551002195,46
"916",0.549851195259,-5.71897551002195,46
"917",0.960810668669095,-5.71897551002195,46
"918",1.37177014207919,-5.71897551002195,46
"919",1.78272961548929,-5.71897551002195,46
"920",2.19368908889938,-5.71897551002195,46
"921",-5.61454090589243,-3.5761183671648,47
"922",-5.20358143248234,-3.81421360526004,47
"923",-4.79262195907224,-3.81421360526004,47
"924",-4.38166248566215,-4.05230884335528,47
"925",-3.97070301225205,-4.05230884335528,47
"926",-3.55974353884196,-4.05230884335528,47
"927",-3.14878406543186,-4.05230884335528,47
"928",-2.73782459202176,-4.29040408145052,47
"929",-2.32686511861167,-4.29040408145052,47
"930",-1.91590564520157,-4.29040408145052,47
"931",-1.50494617179148,-4.52849931954576,47
"932",-1.09398669838138,-4.52849931954576,47
"933",-0.683027224971287,-4.52849931954576,47
"934",-0.272067751561192,-4.52849931954576,47
"935",0.138891721848903,-4.52849931954576,47
"936",0.549851195259,-4.52849931954576,47
"937",0.960810668669095,-4.52849931954576,47
"938",1.37177014207919,-4.52849931954576,47
"939",1.78272961548929,-4.52849931954576,47
"940",2.19368908889938,-4.52849931954576,47
"941",-5.61454090589243,-1.43326122430766,48
"942",-5.20358143248234,-1.43326122430766,48
"943",-4.79262195907224,-1.43326122430766,48
"944",-4.38166248566215,-1.43326122430766,48
"945",-3.97070301225205,-1.43326122430766,48
"946",-3.55974353884196,-4.52849931954576,48
"947",-3.14878406543186,-5.48088027192671,48
"948",-2.73782459202176,-5.95707074811718,48
"949",-2.32686511861167,-5.95707074811718,48
"950",-1.91590564520157,-6.19516598621242,48
"951",-1.50494617179148,-6.19516598621242,48
"952",-1.09398669838138,-6.19516598621242,48
"953",-0.683027224971287,-6.19516598621242,48
"954",-0.272067751561192,-6.19516598621242,48
"955",0.138891721848903,-6.19516598621242,48
"956",0.549851195259,-6.19516598621242,48
"957",0.960810668669095,-6.19516598621242,48
"958",1.37177014207919,-6.19516598621242,48
"959",1.78272961548929,-6.19516598621242,48
"960",2.19368908889938,-6.19516598621242,48
"961",-5.61454090589243,-2.62373741478385,49
"962",-5.20358143248234,-3.09992789097433,49
"963",-4.79262195907224,-3.33802312906956,49
"964",-4.38166248566215,-3.33802312906956,49
"965",-3.97070301225205,-3.5761183671648,49
"966",-3.55974353884196,-4.05230884335528,49
"967",-3.14878406543186,-4.29040408145052,49
"968",-2.73782459202176,-5.00468979573623,49
"969",-2.32686511861167,-5.48088027192671,49
"970",-1.91590564520157,-5.71897551002195,49
"971",-1.50494617179148,-5.95707074811718,49
"972",-1.09398669838138,-6.19516598621242,49
"973",-0.683027224971287,-6.19516598621242,49
"974",-0.272067751561192,-6.19516598621242,49
"975",0.138891721848903,-6.19516598621242,49
"976",0.549851195259,-6.19516598621242,49
"977",0.960810668669095,-6.19516598621242,49
"978",1.37177014207919,-6.19516598621242,49
"979",1.78272961548929,-6.19516598621242,49
"980",2.19368908889938,-6.19516598621242,49
"981",-5.61454090589243,-1.43326122430766,50
"982",-5.20358143248234,-1.43326122430766,50
"983",-4.79262195907224,-1.43326122430766,50
"984",-4.38166248566215,-1.43326122430766,50
"985",-3.97070301225205,-1.43326122430766,50
"986",-3.55974353884196,-4.29040408145052,50
"987",-3.14878406543186,-4.52849931954576,50
"988",-2.73782459202176,-4.52849931954576,50
"989",-2.32686511861167,-4.76659455764099,50
"990",-1.91590564520157,-4.76659455764099,50
"991",-1.50494617179148,-4.76659455764099,50
"992",-1.09398669838138,-4.76659455764099,50
"993",-0.683027224971287,-4.76659455764099,50
"994",-0.272067751561192,-4.76659455764099,50
"995",0.138891721848903,-4.76659455764099,50
"996",0.549851195259,-4.76659455764099,50
"997",0.960810668669095,-4.76659455764099,50
"998",1.37177014207919,-4.76659455764099,50
"999",1.78272961548929,-4.76659455764099,50
"1000",2.19368908889938,-4.76659455764099,50
"1001",-5.61454090589243,-1.43326122430766,51
"1002",-5.20358143248234,-1.43326122430766,51
"1003",-4.79262195907224,-1.43326122430766,51
"1004",-4.38166248566215,-1.43326122430766,51
"1005",-3.97070301225205,-1.6713564624029,51
"1006",-3.55974353884196,-4.29040408145052,51
"1007",-3.14878406543186,-4.52849931954576,51
"1008",-2.73782459202176,-4.76659455764099,51
"1009",-2.32686511861167,-5.00468979573623,51
"1010",-1.91590564520157,-5.00468979573623,51
"1011",-1.50494617179148,-5.24278503383147,51
"1012",-1.09398669838138,-5.95707074811718,51
"1013",-0.683027224971287,-6.19516598621242,51
"1014",-0.272067751561192,-6.19516598621242,51
"1015",0.138891721848903,-6.19516598621242,51
"1016",0.549851195259,-6.19516598621242,51
"1017",0.960810668669095,-6.19516598621242,51
"1018",1.37177014207919,-6.19516598621242,51
"1019",1.78272961548929,-6.19516598621242,51
"1020",2.19368908889938,-6.19516598621242,51
"1021",-5.61454090589243,-3.5761183671648,52
"1022",-5.20358143248234,-3.5761183671648,52
"1023",-4.79262195907224,-3.5761183671648,52
"1024",-4.38166248566215,-3.5761183671648,52
"1025",-3.97070301225205,-3.5761183671648,52
"1026",-3.55974353884196,-4.05230884335528,52
"1027",-3.14878406543186,-4.76659455764099,52
"1028",-2.73782459202176,-5.00468979573623,52
"1029",-2.32686511861167,-5.24278503383147,52
"1030",-1.91590564520157,-5.48088027192671,52
"1031",-1.50494617179148,-5.71897551002195,52
"1032",-1.09398669838138,-5.71897551002195,52
"1033",-0.683027224971287,-5.95707074811718,52
"1034",-0.272067751561192,-5.95707074811718,52
"1035",0.138891721848903,-5.95707074811718,52
"1036",0.549851195259,-5.95707074811718,52
"1037",0.960810668669095,-5.95707074811718,52
"1038",1.37177014207919,-5.95707074811718,52
"1039",1.78272961548929,-5.95707074811718,52
"1040",2.19368908889938,-5.95707074811718,52
"1041",-5.61454090589243,-1.43326122430766,53
"1042",-5.20358143248234,-2.62373741478385,53
"1043",-4.79262195907224,-3.33802312906956,53
"1044",-4.38166248566215,-3.5761183671648,53
"1045",-3.97070301225205,-3.81421360526004,53
"1046",-3.55974353884196,-4.05230884335528,53
"1047",-3.14878406543186,-4.29040408145052,53
"1048",-2.73782459202176,-4.76659455764099,53
"1049",-2.32686511861167,-4.76659455764099,53
"1050",-1.91590564520157,-5.00468979573623,53
"1051",-1.50494617179148,-5.00468979573623,53
"1052",-1.09398669838138,-5.00468979573623,53
"1053",-0.683027224971287,-5.00468979573623,53
"1054",-0.272067751561192,-5.00468979573623,53
"1055",0.138891721848903,-5.00468979573623,53
"1056",0.549851195259,-5.00468979573623,53
"1057",0.960810668669095,-5.00468979573623,53
"1058",1.37177014207919,-5.00468979573623,53
"1059",1.78272961548929,-5.00468979573623,53
"1060",2.19368908889938,-5.00468979573623,53
"1061",-5.61454090589243,-2.14754693859337,54
"1062",-5.20358143248234,-2.14754693859337,54
"1063",-4.79262195907224,-2.14754693859337,54
"1064",-4.38166248566215,-2.14754693859337,54
"1065",-3.97070301225205,-2.14754693859337,54
"1066",-3.55974353884196,-4.52849931954576,54
"1067",-3.14878406543186,-5.95707074811718,54
"1068",-2.73782459202176,-6.19516598621242,54
"1069",-2.32686511861167,-6.19516598621242,54
"1070",-1.91590564520157,-6.19516598621242,54
"1071",-1.50494617179148,-6.19516598621242,54
"1072",-1.09398669838138,-6.19516598621242,54
"1073",-0.683027224971287,-6.19516598621242,54
"1074",-0.272067751561192,-6.19516598621242,54
"1075",0.138891721848903,-6.19516598621242,54
"1076",0.549851195259,-6.19516598621242,54
"1077",0.960810668669095,-6.19516598621242,54
"1078",1.37177014207919,-6.19516598621242,54
"1079",1.78272961548929,-6.19516598621242,54
"1080",2.19368908889938,-6.19516598621242,54
"1081",-5.61454090589243,-1.43326122430766,55
"1082",-5.20358143248234,-1.43326122430766,55
"1083",-4.79262195907224,-1.43326122430766,55
"1084",-4.38166248566215,-1.43326122430766,55
"1085",-3.97070301225205,-1.43326122430766,55
"1086",-3.55974353884196,-4.29040408145052,55
"1087",-3.14878406543186,-5.00468979573623,55
"1088",-2.73782459202176,-5.24278503383147,55
"1089",-2.32686511861167,-5.48088027192671,55
"1090",-1.91590564520157,-5.48088027192671,55
"1091",-1.50494617179148,-5.48088027192671,55
"1092",-1.09398669838138,-5.48088027192671,55
"1093",-0.683027224971287,-5.48088027192671,55
"1094",-0.272067751561192,-5.48088027192671,55
"1095",0.138891721848903,-5.48088027192671,55
"1096",0.549851195259,-5.48088027192671,55
"1097",0.960810668669095,-5.48088027192671,55
"1098",1.37177014207919,-5.48088027192671,55
"1099",1.78272961548929,-5.48088027192671,55
"1100",2.19368908889938,-5.48088027192671,55
"1101",-5.61454090589243,-1.43326122430766,56
"1102",-5.20358143248234,-1.43326122430766,56
"1103",-4.79262195907224,-1.43326122430766,56
"1104",-4.38166248566215,-1.43326122430766,56
"1105",-3.97070301225205,-1.43326122430766,56
"1106",-3.55974353884196,-4.29040408145052,56
"1107",-3.14878406543186,-4.52849931954576,56
"1108",-2.73782459202176,-4.52849931954576,56
"1109",-2.32686511861167,-4.52849931954576,56
"1110",-1.91590564520157,-4.52849931954576,56
"1111",-1.50494617179148,-4.52849931954576,56
"1112",-1.09398669838138,-4.52849931954576,56
"1113",-0.683027224971287,-4.52849931954576,56
"1114",-0.272067751561192,-4.52849931954576,56
"1115",0.138891721848903,-4.52849931954576,56
"1116",0.549851195259,-4.52849931954576,56
"1117",0.960810668669095,-4.52849931954576,56
"1118",1.37177014207919,-4.52849931954576,56
"1119",1.78272961548929,-4.52849931954576,56
"1120",2.19368908889938,-4.52849931954576,56
"1121",-5.61454090589243,-1.43326122430766,57
"1122",-5.20358143248234,-1.43326122430766,57
"1123",-4.79262195907224,-2.14754693859337,57
"1124",-4.38166248566215,-3.09992789097433,57
"1125",-3.97070301225205,-3.81421360526004,57
"1126",-3.55974353884196,-4.05230884335528,57
"1127",-3.14878406543186,-4.52849931954576,57
"1128",-2.73782459202176,-4.76659455764099,57
"1129",-2.32686511861167,-4.76659455764099,57
"1130",-1.91590564520157,-5.00468979573623,57
"1131",-1.50494617179148,-5.00468979573623,57
"1132",-1.09398669838138,-5.24278503383147,57
"1133",-0.683027224971287,-5.24278503383147,57
"1134",-0.272067751561192,-5.24278503383147,57
"1135",0.138891721848903,-5.24278503383147,57
"1136",0.549851195259,-5.24278503383147,57
"1137",0.960810668669095,-5.24278503383147,57
"1138",1.37177014207919,-5.24278503383147,57
"1139",1.78272961548929,-5.24278503383147,57
"1140",2.19368908889938,-5.24278503383147,57
"1141",-5.61454090589243,-1.43326122430766,58
"1142",-5.20358143248234,-1.43326122430766,58
"1143",-4.79262195907224,-1.6713564624029,58
"1144",-4.38166248566215,-1.6713564624029,58
"1145",-3.97070301225205,-1.90945170049814,58
"1146",-3.55974353884196,-4.29040408145052,58
"1147",-3.14878406543186,-4.76659455764099,58
"1148",-2.73782459202176,-5.24278503383147,58
"1149",-2.32686511861167,-5.24278503383147,58
"1150",-1.91590564520157,-5.48088027192671,58
"1151",-1.50494617179148,-5.48088027192671,58
"1152",-1.09398669838138,-5.48088027192671,58
"1153",-0.683027224971287,-5.48088027192671,58
"1154",-0.272067751561192,-5.48088027192671,58
"1155",0.138891721848903,-5.48088027192671,58
"1156",0.549851195259,-5.48088027192671,58
"1157",0.960810668669095,-5.48088027192671,58
"1158",1.37177014207919,-5.48088027192671,58
"1159",1.78272961548929,-5.48088027192671,58
"1160",2.19368908889938,-5.48088027192671,58
"1161",-5.61454090589243,-3.5761183671648,59
"1162",-5.20358143248234,-3.81421360526004,59
"1163",-4.79262195907224,-3.81421360526004,59
"1164",-4.38166248566215,-4.05230884335528,59
"1165",-3.97070301225205,-4.05230884335528,59
"1166",-3.55974353884196,-4.05230884335528,59
"1167",-3.14878406543186,-4.05230884335528,59
"1168",-2.73782459202176,-4.05230884335528,59
"1169",-2.32686511861167,-4.05230884335528,59
"1170",-1.91590564520157,-4.05230884335528,59
"1171",-1.50494617179148,-4.05230884335528,59
"1172",-1.09398669838138,-4.05230884335528,59
"1173",-0.683027224971287,-4.05230884335528,59
"1174",-0.272067751561192,-4.05230884335528,59
"1175",0.138891721848903,-4.05230884335528,59
"1176",0.549851195259,-4.05230884335528,59
"1177",0.960810668669095,-4.05230884335528,59
"1178",1.37177014207919,-4.05230884335528,59
"1179",1.78272961548929,-4.05230884335528,59
"1180",2.19368908889938,-4.05230884335528,59
"1181",-5.61454090589243,-2.14754693859337,60
"1182",-5.20358143248234,-2.14754693859337,60
"1183",-4.79262195907224,-2.38564217668861,60
"1184",-4.38166248566215,-2.38564217668861,60
"1185",-3.97070301225205,-2.38564217668861,60
"1186",-3.55974353884196,-4.29040408145052,60
"1187",-3.14878406543186,-5.48088027192671,60
"1188",-2.73782459202176,-6.19516598621242,60
"1189",-2.32686511861167,-6.19516598621242,60
"1190",-1.91590564520157,-6.19516598621242,60
"1191",-1.50494617179148,-6.19516598621242,60
"1192",-1.09398669838138,-6.19516598621242,60
"1193",-0.683027224971287,-6.19516598621242,60
"1194",-0.272067751561192,-6.19516598621242,60
"1195",0.138891721848903,-6.19516598621242,60
"1196",0.549851195259,-6.19516598621242,60
"1197",0.960810668669095,-6.19516598621242,60
"1198",1.37177014207919,-6.19516598621242,60
"1199",1.78272961548929,-6.19516598621242,60
"1200",2.19368908889938,-6.19516598621242,60
"1201",-5.61454090589243,-1.43326122430766,61
"1202",-5.20358143248234,-1.43326122430766,61
"1203",-4.79262195907224,-2.14754693859337,61
"1204",-4.38166248566215,-2.86183265287909,61
"1205",-3.97070301225205,-3.5761183671648,61
"1206",-3.55974353884196,-4.29040408145052,61
"1207",-3.14878406543186,-5.00468979573623,61
"1208",-2.73782459202176,-5.00468979573623,61
"1209",-2.32686511861167,-5.00468979573623,61
"1210",-1.91590564520157,-5.24278503383147,61
"1211",-1.50494617179148,-5.24278503383147,61
"1212",-1.09398669838138,-5.48088027192671,61
"1213",-0.683027224971287,-5.48088027192671,61
"1214",-0.272067751561192,-5.48088027192671,61
"1215",0.138891721848903,-5.71897551002195,61
"1216",0.549851195259,-5.71897551002195,61
"1217",0.960810668669095,-5.71897551002195,61
"1218",1.37177014207919,-5.71897551002195,61
"1219",1.78272961548929,-5.71897551002195,61
"1220",2.19368908889938,-5.71897551002195,61
"1221",-5.61454090589243,-1.43326122430766,62
"1222",-5.20358143248234,-1.43326122430766,62
"1223",-4.79262195907224,-1.6713564624029,62
"1224",-4.38166248566215,-1.6713564624029,62
"1225",-3.97070301225205,-1.90945170049814,62
"1226",-3.55974353884196,-4.29040408145052,62
"1227",-3.14878406543186,-5.24278503383147,62
"1228",-2.73782459202176,-5.71897551002195,62
"1229",-2.32686511861167,-5.95707074811718,62
"1230",-1.91590564520157,-5.95707074811718,62
"1231",-1.50494617179148,-5.95707074811718,62
"1232",-1.09398669838138,-5.95707074811718,62
"1233",-0.683027224971287,-5.95707074811718,62
"1234",-0.272067751561192,-5.95707074811718,62
"1235",0.138891721848903,-5.95707074811718,62
"1236",0.549851195259,-5.95707074811718,62
"1237",0.960810668669095,-5.95707074811718,62
"1238",1.37177014207919,-5.95707074811718,62
"1239",1.78272961548929,-5.95707074811718,62
"1240",2.19368908889938,-5.95707074811718,62
"1241",-5.61454090589243,-1.43326122430766,63
"1242",-5.20358143248234,-1.43326122430766,63
"1243",-4.79262195907224,-1.90945170049814,63
"1244",-4.38166248566215,-2.62373741478385,63
"1245",-3.97070301225205,-3.81421360526004,63
"1246",-3.55974353884196,-4.05230884335528,63
"1247",-3.14878406543186,-4.29040408145052,63
"1248",-2.73782459202176,-4.29040408145052,63
"1249",-2.32686511861167,-4.29040408145052,63
"1250",-1.91590564520157,-4.29040408145052,63
"1251",-1.50494617179148,-4.29040408145052,63
"1252",-1.09398669838138,-4.29040408145052,63
"1253",-0.683027224971287,-4.29040408145052,63
"1254",-0.272067751561192,-4.29040408145052,63
"1255",0.138891721848903,-4.29040408145052,63
"1256",0.549851195259,-4.29040408145052,63
"1257",0.960810668669095,-4.29040408145052,63
"1258",1.37177014207919,-4.29040408145052,63
"1259",1.78272961548929,-4.29040408145052,63
"1260",2.19368908889938,-4.29040408145052,63
"1261",-5.61454090589243,-1.43326122430766,64
"1262",-5.20358143248234,-1.43326122430766,64
"1263",-4.79262195907224,-1.43326122430766,64
"1264",-4.38166248566215,-1.43326122430766,64
"1265",-3.97070301225205,-1.43326122430766,64
"1266",-3.55974353884196,-4.29040408145052,64
"1267",-3.14878406543186,-5.00468979573623,64
"1268",-2.73782459202176,-5.24278503383147,64
"1269",-2.32686511861167,-5.24278503383147,64
"1270",-1.91590564520157,-5.24278503383147,64
"1271",-1.50494617179148,-5.24278503383147,64
"1272",-1.09398669838138,-5.24278503383147,64
"1273",-0.683027224971287,-5.24278503383147,64
"1274",-0.272067751561192,-5.24278503383147,64
"1275",0.138891721848903,-5.24278503383147,64
"1276",0.549851195259,-5.24278503383147,64
"1277",0.960810668669095,-5.24278503383147,64
"1278",1.37177014207919,-5.24278503383147,64
"1279",1.78272961548929,-5.24278503383147,64
"1280",2.19368908889938,-5.24278503383147,64
"1281",-5.61454090589243,-1.43326122430766,65
"1282",-5.20358143248234,-1.43326122430766,65
"1283",-4.79262195907224,-2.86183265287909,65
"1284",-4.38166248566215,-3.33802312906956,65
"1285",-3.97070301225205,-3.81421360526004,65
"1286",-3.55974353884196,-4.05230884335528,65
"1287",-3.14878406543186,-4.29040408145052,65
"1288",-2.73782459202176,-4.52849931954576,65
"1289",-2.32686511861167,-4.52849931954576,65
"1290",-1.91590564520157,-4.52849931954576,65
"1291",-1.50494617179148,-4.76659455764099,65
"1292",-1.09398669838138,-4.76659455764099,65
"1293",-0.683027224971287,-4.76659455764099,65
"1294",-0.272067751561192,-4.76659455764099,65
"1295",0.138891721848903,-4.76659455764099,65
"1296",0.549851195259,-4.76659455764099,65
"1297",0.960810668669095,-4.76659455764099,65
"1298",1.37177014207919,-4.76659455764099,65
"1299",1.78272961548929,-4.76659455764099,65
"1300",2.19368908889938,-4.76659455764099,65
"1301",-5.61454090589243,-1.43326122430766,66
"1302",-5.20358143248234,-1.43326122430766,66
"1303",-4.79262195907224,-2.86183265287909,66
"1304",-4.38166248566215,-3.33802312906956,66
"1305",-3.97070301225205,-3.81421360526004,66
"1306",-3.55974353884196,-4.05230884335528,66
"1307",-3.14878406543186,-4.29040408145052,66
"1308",-2.73782459202176,-4.52849931954576,66
"1309",-2.32686511861167,-4.52849931954576,66
"1310",-1.91590564520157,-4.52849931954576,66
"1311",-1.50494617179148,-4.76659455764099,66
"1312",-1.09398669838138,-4.76659455764099,66
"1313",-0.683027224971287,-4.76659455764099,66
"1314",-0.272067751561192,-4.76659455764099,66
"1315",0.138891721848903,-4.76659455764099,66
"1316",0.549851195259,-4.76659455764099,66
"1317",0.960810668669095,-4.76659455764099,66
"1318",1.37177014207919,-4.76659455764099,66
"1319",1.78272961548929,-4.76659455764099,66
"1320",2.19368908889938,-4.76659455764099,66
"1321",-5.61454090589243,-1.43326122430766,67
"1322",-5.20358143248234,-1.43326122430766,67
"1323",-4.79262195907224,-1.43326122430766,67
"1324",-4.38166248566215,-1.43326122430766,67
"1325",-3.97070301225205,-3.09992789097433,67
"1326",-3.55974353884196,-4.29040408145052,67
"1327",-3.14878406543186,-5.00468979573623,67
"1328",-2.73782459202176,-5.48088027192671,67
"1329",-2.32686511861167,-5.71897551002195,67
"1330",-1.91590564520157,-6.19516598621242,67
"1331",-1.50494617179148,-6.19516598621242,67
"1332",-1.09398669838138,-6.19516598621242,67
"1333",-0.683027224971287,-6.19516598621242,67
"1334",-0.272067751561192,-6.19516598621242,67
"1335",0.138891721848903,-6.19516598621242,67
"1336",0.549851195259,-6.19516598621242,67
"1337",0.960810668669095,-6.19516598621242,67
"1338",1.37177014207919,-6.19516598621242,67
"1339",1.78272961548929,-6.19516598621242,67
"1340",2.19368908889938,-6.19516598621242,67
"1341",-5.61454090589243,-1.43326122430766,68
"1342",-5.20358143248234,-1.43326122430766,68
"1343",-4.79262195907224,-1.43326122430766,68
"1344",-4.38166248566215,-2.86183265287909,68
"1345",-3.97070301225205,-3.5761183671648,68
"1346",-3.55974353884196,-4.05230884335528,68
"1347",-3.14878406543186,-4.52849931954576,68
"1348",-2.73782459202176,-6.19516598621242,68
"1349",-2.32686511861167,-6.19516598621242,68
"1350",-1.91590564520157,-6.19516598621242,68
"1351",-1.50494617179148,-6.19516598621242,68
"1352",-1.09398669838138,-6.19516598621242,68
"1353",-0.683027224971287,-6.19516598621242,68
"1354",-0.272067751561192,-6.19516598621242,68
"1355",0.138891721848903,-6.19516598621242,68
"1356",0.549851195259,-6.19516598621242,68
"1357",0.960810668669095,-6.19516598621242,68
"1358",1.37177014207919,-6.19516598621242,68
"1359",1.78272961548929,-6.19516598621242,68
"1360",2.19368908889938,-6.19516598621242,68
"1361",-5.61454090589243,-1.43326122430766,69
"1362",-5.20358143248234,-1.43326122430766,69
"1363",-4.79262195907224,-1.43326122430766,69
"1364",-4.38166248566215,-1.43326122430766,69
"1365",-3.97070301225205,-3.33802312906956,69
"1366",-3.55974353884196,-4.05230884335528,69
"1367",-3.14878406543186,-4.76659455764099,69
"1368",-2.73782459202176,-5.00468979573623,69
"1369",-2.32686511861167,-5.24278503383147,69
"1370",-1.91590564520157,-5.24278503383147,69
"1371",-1.50494617179148,-5.48088027192671,69
"1372",-1.09398669838138,-5.48088027192671,69
"1373",-0.683027224971287,-5.48088027192671,69
"1374",-0.272067751561192,-5.48088027192671,69
"1375",0.138891721848903,-5.48088027192671,69
"1376",0.549851195259,-5.48088027192671,69
"1377",0.960810668669095,-5.48088027192671,69
"1378",1.37177014207919,-5.48088027192671,69
"1379",1.78272961548929,-5.48088027192671,69
"1380",2.19368908889938,-5.48088027192671,69
"1381",-5.61454090589243,-1.43326122430766,70
"1382",-5.20358143248234,-1.43326122430766,70
"1383",-4.79262195907224,-2.86183265287909,70
"1384",-4.38166248566215,-3.33802312906956,70
"1385",-3.97070301225205,-3.81421360526004,70
"1386",-3.55974353884196,-4.05230884335528,70
"1387",-3.14878406543186,-4.29040408145052,70
"1388",-2.73782459202176,-4.29040408145052,70
"1389",-2.32686511861167,-4.52849931954576,70
"1390",-1.91590564520157,-4.52849931954576,70
"1391",-1.50494617179148,-4.52849931954576,70
"1392",-1.09398669838138,-4.52849931954576,70
"1393",-0.683027224971287,-4.52849931954576,70
"1394",-0.272067751561192,-4.52849931954576,70
"1395",0.138891721848903,-4.52849931954576,70
"1396",0.549851195259,-4.52849931954576,70
"1397",0.960810668669095,-4.52849931954576,70
"1398",1.37177014207919,-4.52849931954576,70
"1399",1.78272961548929,-4.52849931954576,70
"1400",2.19368908889938,-4.52849931954576,70
"1401",-5.61454090589243,-3.09992789097433,71
"1402",-5.20358143248234,-3.33802312906956,71
"1403",-4.79262195907224,-3.33802312906956,71
"1404",-4.38166248566215,-3.33802312906956,71
"1405",-3.97070301225205,-3.33802312906956,71
"1406",-3.55974353884196,-4.29040408145052,71
"1407",-3.14878406543186,-5.48088027192671,71
"1408",-2.73782459202176,-5.71897551002195,71
"1409",-2.32686511861167,-5.95707074811718,71
"1410",-1.91590564520157,-5.95707074811718,71
"1411",-1.50494617179148,-5.95707074811718,71
"1412",-1.09398669838138,-5.95707074811718,71
"1413",-0.683027224971287,-5.95707074811718,71
"1414",-0.272067751561192,-5.95707074811718,71
"1415",0.138891721848903,-5.95707074811718,71
"1416",0.549851195259,-5.95707074811718,71
"1417",0.960810668669095,-5.95707074811718,71
"1418",1.37177014207919,-5.95707074811718,71
"1419",1.78272961548929,-5.95707074811718,71
"1420",2.19368908889938,-5.95707074811718,71
"1421",-5.61454090589243,-1.43326122430766,72
"1422",-5.20358143248234,-1.43326122430766,72
"1423",-4.79262195907224,-1.43326122430766,72
"1424",-4.38166248566215,-1.43326122430766,72
"1425",-3.97070301225205,-3.81421360526004,72
"1426",-3.55974353884196,-4.05230884335528,72
"1427",-3.14878406543186,-4.29040408145052,72
"1428",-2.73782459202176,-4.29040408145052,72
"1429",-2.32686511861167,-4.29040408145052,72
"1430",-1.91590564520157,-4.29040408145052,72
"1431",-1.50494617179148,-4.29040408145052,72
"1432",-1.09398669838138,-4.29040408145052,72
"1433",-0.683027224971287,-4.29040408145052,72
"1434",-0.272067751561192,-4.29040408145052,72
"1435",0.138891721848903,-4.29040408145052,72
"1436",0.549851195259,-4.29040408145052,72
"1437",0.960810668669095,-4.29040408145052,72
"1438",1.37177014207919,-4.29040408145052,72
"1439",1.78272961548929,-4.29040408145052,72
"1440",2.19368908889938,-4.29040408145052,72
"1441",-5.61454090589243,-1.6713564624029,73
"1442",-5.20358143248234,-1.90945170049814,73
"1443",-4.79262195907224,-1.90945170049814,73
"1444",-4.38166248566215,-1.90945170049814,73
"1445",-3.97070301225205,-2.38564217668861,73
"1446",-3.55974353884196,-4.29040408145052,73
"1447",-3.14878406543186,-4.52849931954576,73
"1448",-2.73782459202176,-4.76659455764099,73
"1449",-2.32686511861167,-5.00468979573623,73
"1450",-1.91590564520157,-5.00468979573623,73
"1451",-1.50494617179148,-5.00468979573623,73
"1452",-1.09398669838138,-5.00468979573623,73
"1453",-0.683027224971287,-5.00468979573623,73
"1454",-0.272067751561192,-5.00468979573623,73
"1455",0.138891721848903,-5.00468979573623,73
"1456",0.549851195259,-5.00468979573623,73
"1457",0.960810668669095,-5.00468979573623,73
"1458",1.37177014207919,-5.00468979573623,73
"1459",1.78272961548929,-5.00468979573623,73
"1460",2.19368908889938,-5.00468979573623,73
"1461",-5.61454090589243,-1.90945170049814,74
"1462",-5.20358143248234,-2.38564217668861,74
"1463",-4.79262195907224,-2.62373741478385,74
"1464",-4.38166248566215,-2.86183265287909,74
"1465",-3.97070301225205,-3.5761183671648,74
"1466",-3.55974353884196,-4.05230884335528,74
"1467",-3.14878406543186,-4.29040408145052,74
"1468",-2.73782459202176,-4.52849931954576,74
"1469",-2.32686511861167,-4.52849931954576,74
"1470",-1.91590564520157,-4.52849931954576,74
"1471",-1.50494617179148,-4.52849931954576,74
"1472",-1.09398669838138,-4.52849931954576,74
"1473",-0.683027224971287,-4.52849931954576,74
"1474",-0.272067751561192,-4.52849931954576,74
"1475",0.138891721848903,-4.52849931954576,74
"1476",0.549851195259,-4.52849931954576,74
"1477",0.960810668669095,-4.52849931954576,74
"1478",1.37177014207919,-4.52849931954576,74
"1479",1.78272961548929,-4.52849931954576,74
"1480",2.19368908889938,-4.52849931954576,74
"1481",-5.61454090589243,-1.43326122430766,75
"1482",-5.20358143248234,-1.43326122430766,75
"1483",-4.79262195907224,-1.6713564624029,75
"1484",-4.38166248566215,-1.90945170049814,75
"1485",-3.97070301225205,-3.09992789097433,75
"1486",-3.55974353884196,-4.29040408145052,75
"1487",-3.14878406543186,-4.76659455764099,75
"1488",-2.73782459202176,-5.00468979573623,75
"1489",-2.32686511861167,-5.24278503383147,75
"1490",-1.91590564520157,-5.24278503383147,75
"1491",-1.50494617179148,-5.48088027192671,75
"1492",-1.09398669838138,-5.48088027192671,75
"1493",-0.683027224971287,-5.48088027192671,75
"1494",-0.272067751561192,-5.48088027192671,75
"1495",0.138891721848903,-5.48088027192671,75
"1496",0.549851195259,-5.48088027192671,75
"1497",0.960810668669095,-5.48088027192671,75
"1498",1.37177014207919,-5.48088027192671,75
"1499",1.78272961548929,-5.48088027192671,75
"1500",2.19368908889938,-5.48088027192671,75
"1501",-5.61454090589243,-1.43326122430766,76
"1502",-5.20358143248234,-1.43326122430766,76
"1503",-4.79262195907224,-2.62373741478385,76
"1504",-4.38166248566215,-3.33802312906956,76
"1505",-3.97070301225205,-3.81421360526004,76
"1506",-3.55974353884196,-4.05230884335528,76
"1507",-3.14878406543186,-4.29040408145052,76
"1508",-2.73782459202176,-4.52849931954576,76
"1509",-2.32686511861167,-4.52849931954576,76
"1510",-1.91590564520157,-4.76659455764099,76
"1511",-1.50494617179148,-4.76659455764099,76
"1512",-1.09398669838138,-4.76659455764099,76
"1513",-0.683027224971287,-4.76659455764099,76
"1514",-0.272067751561192,-4.76659455764099,76
"1515",0.138891721848903,-4.76659455764099,76
"1516",0.549851195259,-4.76659455764099,76
"1517",0.960810668669095,-4.76659455764099,76
"1518",1.37177014207919,-4.76659455764099,76
"1519",1.78272961548929,-4.76659455764099,76
"1520",2.19368908889938,-4.76659455764099,76
"1521",-5.61454090589243,-1.43326122430766,77
"1522",-5.20358143248234,-2.14754693859337,77
"1523",-4.79262195907224,-2.38564217668861,77
"1524",-4.38166248566215,-2.38564217668861,77
"1525",-3.97070301225205,-2.62373741478385,77
"1526",-3.55974353884196,-4.29040408145052,77
"1527",-3.14878406543186,-4.76659455764099,77
"1528",-2.73782459202176,-5.00468979573623,77
"1529",-2.32686511861167,-5.24278503383147,77
"1530",-1.91590564520157,-5.24278503383147,77
"1531",-1.50494617179148,-5.48088027192671,77
"1532",-1.09398669838138,-5.48088027192671,77
"1533",-0.683027224971287,-5.48088027192671,77
"1534",-0.272067751561192,-5.48088027192671,77
"1535",0.138891721848903,-5.48088027192671,77
"1536",0.549851195259,-5.48088027192671,77
"1537",0.960810668669095,-5.48088027192671,77
"1538",1.37177014207919,-5.48088027192671,77
"1539",1.78272961548929,-5.48088027192671,77
"1540",2.19368908889938,-5.48088027192671,77
"1541",-5.61454090589243,-1.43326122430766,78
"1542",-5.20358143248234,-2.62373741478385,78
"1543",-4.79262195907224,-3.09992789097433,78
"1544",-4.38166248566215,-3.5761183671648,78
"1545",-3.97070301225205,-3.81421360526004,78
"1546",-3.55974353884196,-4.05230884335528,78
"1547",-3.14878406543186,-4.52849931954576,78
"1548",-2.73782459202176,-4.52849931954576,78
"1549",-2.32686511861167,-4.76659455764099,78
"1550",-1.91590564520157,-4.76659455764099,78
"1551",-1.50494617179148,-4.76659455764099,78
"1552",-1.09398669838138,-4.76659455764099,78
"1553",-0.683027224971287,-4.76659455764099,78
"1554",-0.272067751561192,-4.76659455764099,78
"1555",0.138891721848903,-4.76659455764099,78
"1556",0.549851195259,-4.76659455764099,78
"1557",0.960810668669095,-4.76659455764099,78
"1558",1.37177014207919,-4.76659455764099,78
"1559",1.78272961548929,-4.76659455764099,78
"1560",2.19368908889938,-4.76659455764099,78
"1561",-5.61454090589243,-1.90945170049814,79
"1562",-5.20358143248234,-1.90945170049814,79
"1563",-4.79262195907224,-2.38564217668861,79
"1564",-4.38166248566215,-2.62373741478385,79
"1565",-3.97070301225205,-3.5761183671648,79
"1566",-3.55974353884196,-4.05230884335528,79
"1567",-3.14878406543186,-4.52849931954576,79
"1568",-2.73782459202176,-5.00468979573623,79
"1569",-2.32686511861167,-5.24278503383147,79
"1570",-1.91590564520157,-5.24278503383147,79
"1571",-1.50494617179148,-5.48088027192671,79
"1572",-1.09398669838138,-5.48088027192671,79
"1573",-0.683027224971287,-5.48088027192671,79
"1574",-0.272067751561192,-5.71897551002195,79
"1575",0.138891721848903,-5.71897551002195,79
"1576",0.549851195259,-5.71897551002195,79
"1577",0.960810668669095,-5.71897551002195,79
"1578",1.37177014207919,-5.71897551002195,79
"1579",1.78272961548929,-5.71897551002195,79
"1580",2.19368908889938,-5.71897551002195,79
"1581",-5.61454090589243,-3.09992789097433,80
"1582",-5.20358143248234,-3.09992789097433,80
"1583",-4.79262195907224,-3.33802312906956,80
"1584",-4.38166248566215,-3.5761183671648,80
"1585",-3.97070301225205,-4.05230884335528,80
"1586",-3.55974353884196,-4.05230884335528,80
"1587",-3.14878406543186,-4.05230884335528,80
"1588",-2.73782459202176,-4.05230884335528,80
"1589",-2.32686511861167,-4.05230884335528,80
"1590",-1.91590564520157,-4.05230884335528,80
"1591",-1.50494617179148,-4.52849931954576,80
"1592",-1.09398669838138,-5.24278503383147,80
"1593",-0.683027224971287,-5.48088027192671,80
"1594",-0.272067751561192,-5.71897551002195,80
"1595",0.138891721848903,-5.71897551002195,80
"1596",0.549851195259,-5.71897551002195,80
"1597",0.960810668669095,-5.71897551002195,80
"1598",1.37177014207919,-5.71897551002195,80
"1599",1.78272961548929,-5.71897551002195,80
"1600",2.19368908889938,-5.71897551002195,80
"1601",-5.61454090589243,-1.43326122430766,81
"1602",-5.20358143248234,-1.43326122430766,81
"1603",-4.79262195907224,-1.43326122430766,81
"1604",-4.38166248566215,-1.43326122430766,81
"1605",-3.97070301225205,-2.38564217668861,81
"1606",-3.55974353884196,-4.05230884335528,81
"1607",-3.14878406543186,-4.29040408145052,81
"1608",-2.73782459202176,-4.29040408145052,81
"1609",-2.32686511861167,-4.29040408145052,81
"1610",-1.91590564520157,-4.29040408145052,81
"1611",-1.50494617179148,-4.29040408145052,81
"1612",-1.09398669838138,-4.29040408145052,81
"1613",-0.683027224971287,-4.29040408145052,81
"1614",-0.272067751561192,-4.29040408145052,81
"1615",0.138891721848903,-4.29040408145052,81
"1616",0.549851195259,-4.29040408145052,81
"1617",0.960810668669095,-4.29040408145052,81
"1618",1.37177014207919,-4.29040408145052,81
"1619",1.78272961548929,-4.29040408145052,81
"1620",2.19368908889938,-4.29040408145052,81
"1621",-5.61454090589243,-1.43326122430766,82
"1622",-5.20358143248234,-4.05230884335528,82
"1623",-4.79262195907224,-4.05230884335528,82
"1624",-4.38166248566215,-4.05230884335528,82
"1625",-3.97070301225205,-4.05230884335528,82
"1626",-3.55974353884196,-4.05230884335528,82
"1627",-3.14878406543186,-4.05230884335528,82
"1628",-2.73782459202176,-4.05230884335528,82
"1629",-2.32686511861167,-4.05230884335528,82
"1630",-1.91590564520157,-4.05230884335528,82
"1631",-1.50494617179148,-4.05230884335528,82
"1632",-1.09398669838138,-4.05230884335528,82
"1633",-0.683027224971287,-4.05230884335528,82
"1634",-0.272067751561192,-4.05230884335528,82
"1635",0.138891721848903,-4.05230884335528,82
"1636",0.549851195259,-4.05230884335528,82
"1637",0.960810668669095,-4.05230884335528,82
"1638",1.37177014207919,-4.05230884335528,82
"1639",1.78272961548929,-4.05230884335528,82
"1640",2.19368908889938,-4.05230884335528,82
"1641",-5.61454090589243,-1.43326122430766,83
"1642",-5.20358143248234,-1.43326122430766,83
"1643",-4.79262195907224,-1.43326122430766,83
"1644",-4.38166248566215,-1.43326122430766,83
"1645",-3.97070301225205,-1.43326122430766,83
"1646",-3.55974353884196,-4.05230884335528,83
"1647",-3.14878406543186,-4.29040408145052,83
"1648",-2.73782459202176,-4.29040408145052,83
"1649",-2.32686511861167,-4.29040408145052,83
"1650",-1.91590564520157,-4.29040408145052,83
"1651",-1.50494617179148,-4.29040408145052,83
"1652",-1.09398669838138,-4.29040408145052,83
"1653",-0.683027224971287,-4.52849931954576,83
"1654",-0.272067751561192,-5.00468979573623,83
"1655",0.138891721848903,-5.24278503383147,83
"1656",0.549851195259,-5.24278503383147,83
"1657",0.960810668669095,-5.24278503383147,83
"1658",1.37177014207919,-5.24278503383147,83
"1659",1.78272961548929,-5.24278503383147,83
"1660",2.19368908889938,-5.24278503383147,83
"1661",-5.61454090589243,-1.43326122430766,84
"1662",-5.20358143248234,-1.43326122430766,84
"1663",-4.79262195907224,-1.43326122430766,84
"1664",-4.38166248566215,-2.38564217668861,84
"1665",-3.97070301225205,-3.09992789097433,84
"1666",-3.55974353884196,-4.29040408145052,84
"1667",-3.14878406543186,-5.24278503383147,84
"1668",-2.73782459202176,-5.48088027192671,84
"1669",-2.32686511861167,-5.48088027192671,84
"1670",-1.91590564520157,-5.48088027192671,84
"1671",-1.50494617179148,-5.48088027192671,84
"1672",-1.09398669838138,-5.48088027192671,84
"1673",-0.683027224971287,-5.48088027192671,84
"1674",-0.272067751561192,-5.48088027192671,84
"1675",0.138891721848903,-5.48088027192671,84
"1676",0.549851195259,-5.71897551002195,84
"1677",0.960810668669095,-6.19516598621242,84
"1678",1.37177014207919,-6.19516598621242,84
"1679",1.78272961548929,-6.19516598621242,84
"1680",2.19368908889938,-6.19516598621242,84
"1681",-5.61454090589243,-3.09992789097433,85
"1682",-5.20358143248234,-3.09992789097433,85
"1683",-4.79262195907224,-3.09992789097433,85
"1684",-4.38166248566215,-3.09992789097433,85
"1685",-3.97070301225205,-3.09992789097433,85
"1686",-3.55974353884196,-4.29040408145052,85
"1687",-3.14878406543186,-4.52849931954576,85
"1688",-2.73782459202176,-4.76659455764099,85
"1689",-2.32686511861167,-4.76659455764099,85
"1690",-1.91590564520157,-4.76659455764099,85
"1691",-1.50494617179148,-4.76659455764099,85
"1692",-1.09398669838138,-5.00468979573623,85
"1693",-0.683027224971287,-5.24278503383147,85
"1694",-0.272067751561192,-5.48088027192671,85
"1695",0.138891721848903,-5.48088027192671,85
"1696",0.549851195259,-5.48088027192671,85
"1697",0.960810668669095,-5.48088027192671,85
"1698",1.37177014207919,-5.48088027192671,85
"1699",1.78272961548929,-5.48088027192671,85
"1700",2.19368908889938,-5.48088027192671,85
"1701",-5.61454090589243,-2.86183265287909,86
"1702",-5.20358143248234,-3.33802312906956,86
"1703",-4.79262195907224,-3.5761183671648,86
"1704",-4.38166248566215,-3.81421360526004,86
"1705",-3.97070301225205,-4.05230884335528,86
"1706",-3.55974353884196,-4.05230884335528,86
"1707",-3.14878406543186,-4.29040408145052,86
"1708",-2.73782459202176,-4.29040408145052,86
"1709",-2.32686511861167,-4.52849931954576,86
"1710",-1.91590564520157,-4.76659455764099,86
"1711",-1.50494617179148,-4.76659455764099,86
"1712",-1.09398669838138,-5.00468979573623,86
"1713",-0.683027224971287,-5.00468979573623,86
"1714",-0.272067751561192,-5.00468979573623,86
"1715",0.138891721848903,-5.00468979573623,86
"1716",0.549851195259,-5.00468979573623,86
"1717",0.960810668669095,-5.00468979573623,86
"1718",1.37177014207919,-5.00468979573623,86
"1719",1.78272961548929,-5.00468979573623,86
"1720",2.19368908889938,-5.00468979573623,86
"1721",-5.61454090589243,-1.43326122430766,87
"1722",-5.20358143248234,-2.14754693859337,87
"1723",-4.79262195907224,-3.09992789097433,87
"1724",-4.38166248566215,-3.5761183671648,87
"1725",-3.97070301225205,-3.81421360526004,87
"1726",-3.55974353884196,-4.29040408145052,87
"1727",-3.14878406543186,-6.19516598621242,87
"1728",-2.73782459202176,-6.19516598621242,87
"1729",-2.32686511861167,-6.19516598621242,87
"1730",-1.91590564520157,-6.19516598621242,87
"1731",-1.50494617179148,-6.19516598621242,87
"1732",-1.09398669838138,-6.19516598621242,87
"1733",-0.683027224971287,-6.19516598621242,87
"1734",-0.272067751561192,-6.19516598621242,87
"1735",0.138891721848903,-6.19516598621242,87
"1736",0.549851195259,-6.19516598621242,87
"1737",0.960810668669095,-6.19516598621242,87
"1738",1.37177014207919,-6.19516598621242,87
"1739",1.78272961548929,-6.19516598621242,87
"1740",2.19368908889938,-6.19516598621242,87
"1741",-5.61454090589243,-2.38564217668861,88
"1742",-5.20358143248234,-2.38564217668861,88
"1743",-4.79262195907224,-2.38564217668861,88
"1744",-4.38166248566215,-3.5761183671648,88
"1745",-3.97070301225205,-3.81421360526004,88
"1746",-3.55974353884196,-4.29040408145052,88
"1747",-3.14878406543186,-6.19516598621242,88
"1748",-2.73782459202176,-6.19516598621242,88
"1749",-2.32686511861167,-6.19516598621242,88
"1750",-1.91590564520157,-6.19516598621242,88
"1751",-1.50494617179148,-6.19516598621242,88
"1752",-1.09398669838138,-6.19516598621242,88
"1753",-0.683027224971287,-6.19516598621242,88
"1754",-0.272067751561192,-6.19516598621242,88
"1755",0.138891721848903,-6.19516598621242,88
"1756",0.549851195259,-6.19516598621242,88
"1757",0.960810668669095,-6.19516598621242,88
"1758",1.37177014207919,-6.19516598621242,88
"1759",1.78272961548929,-6.19516598621242,88
"1760",2.19368908889938,-6.19516598621242,88
"1761",-5.61454090589243,-1.43326122430766,89
"1762",-5.20358143248234,-1.43326122430766,89
"1763",-4.79262195907224,-1.43326122430766,89
"1764",-4.38166248566215,-1.43326122430766,89
"1765",-3.97070301225205,-1.43326122430766,89
"1766",-3.55974353884196,-4.76659455764099,89
"1767",-3.14878406543186,-5.24278503383147,89
"1768",-2.73782459202176,-5.24278503383147,89
"1769",-2.32686511861167,-5.24278503383147,89
"1770",-1.91590564520157,-5.24278503383147,89
"1771",-1.50494617179148,-5.24278503383147,89
"1772",-1.09398669838138,-5.24278503383147,89
"1773",-0.683027224971287,-5.24278503383147,89
"1774",-0.272067751561192,-5.24278503383147,89
"1775",0.138891721848903,-5.24278503383147,89
"1776",0.549851195259,-5.24278503383147,89
"1777",0.960810668669095,-5.24278503383147,89
"1778",1.37177014207919,-5.24278503383147,89
"1779",1.78272961548929,-5.24278503383147,89
"1780",2.19368908889938,-5.24278503383147,89
"1781",-5.61454090589243,-1.43326122430766,90
"1782",-5.20358143248234,-1.43326122430766,90
"1783",-4.79262195907224,-1.43326122430766,90
"1784",-4.38166248566215,-2.14754693859337,90
"1785",-3.97070301225205,-2.14754693859337,90
"1786",-3.55974353884196,-4.52849931954576,90
"1787",-3.14878406543186,-5.48088027192671,90
"1788",-2.73782459202176,-5.71897551002195,90
"1789",-2.32686511861167,-5.71897551002195,90
"1790",-1.91590564520157,-5.95707074811718,90
"1791",-1.50494617179148,-5.95707074811718,90
"1792",-1.09398669838138,-5.95707074811718,90
"1793",-0.683027224971287,-5.95707074811718,90
"1794",-0.272067751561192,-5.95707074811718,90
"1795",0.138891721848903,-5.95707074811718,90
"1796",0.549851195259,-5.95707074811718,90
"1797",0.960810668669095,-5.95707074811718,90
"1798",1.37177014207919,-5.95707074811718,90
"1799",1.78272961548929,-5.95707074811718,90
"1800",2.19368908889938,-5.95707074811718,90
"1801",-5.61454090589243,-1.43326122430766,91
"1802",-5.20358143248234,-1.43326122430766,91
"1803",-4.79262195907224,-1.43326122430766,91
"1804",-4.38166248566215,-1.43326122430766,91
"1805",-3.97070301225205,-1.43326122430766,91
"1806",-3.55974353884196,-4.29040408145052,91
"1807",-3.14878406543186,-4.76659455764099,91
"1808",-2.73782459202176,-5.00468979573623,91
"1809",-2.32686511861167,-5.00468979573623,91
"1810",-1.91590564520157,-5.00468979573623,91
"1811",-1.50494617179148,-5.24278503383147,91
"1812",-1.09398669838138,-5.71897551002195,91
"1813",-0.683027224971287,-5.95707074811718,91
"1814",-0.272067751561192,-5.95707074811718,91
"1815",0.138891721848903,-5.95707074811718,91
"1816",0.549851195259,-5.95707074811718,91
"1817",0.960810668669095,-5.95707074811718,91
"1818",1.37177014207919,-5.95707074811718,91
"1819",1.78272961548929,-5.95707074811718,91
"1820",2.19368908889938,-5.95707074811718,91
"1821",-5.61454090589243,-2.14754693859337,92
"1822",-5.20358143248234,-2.38564217668861,92
"1823",-4.79262195907224,-2.38564217668861,92
"1824",-4.38166248566215,-2.38564217668861,92
"1825",-3.97070301225205,-3.09992789097433,92
"1826",-3.55974353884196,-4.05230884335528,92
"1827",-3.14878406543186,-4.52849931954576,92
"1828",-2.73782459202176,-4.76659455764099,92
"1829",-2.32686511861167,-4.76659455764099,92
"1830",-1.91590564520157,-4.76659455764099,92
"1831",-1.50494617179148,-4.76659455764099,92
"1832",-1.09398669838138,-4.76659455764099,92
"1833",-0.683027224971287,-4.76659455764099,92
"1834",-0.272067751561192,-4.76659455764099,92
"1835",0.138891721848903,-4.76659455764099,92
"1836",0.549851195259,-4.76659455764099,92
"1837",0.960810668669095,-4.76659455764099,92
"1838",1.37177014207919,-4.76659455764099,92
"1839",1.78272961548929,-4.76659455764099,92
"1840",2.19368908889938,-4.76659455764099,92
"1841",-5.61454090589243,-1.43326122430766,93
"1842",-5.20358143248234,-1.43326122430766,93
"1843",-4.79262195907224,-1.43326122430766,93
"1844",-4.38166248566215,-2.14754693859337,93
"1845",-3.97070301225205,-3.5761183671648,93
"1846",-3.55974353884196,-4.05230884335528,93
"1847",-3.14878406543186,-4.29040408145052,93
"1848",-2.73782459202176,-4.52849931954576,93
"1849",-2.32686511861167,-4.76659455764099,93
"1850",-1.91590564520157,-4.76659455764099,93
"1851",-1.50494617179148,-4.76659455764099,93
"1852",-1.09398669838138,-4.76659455764099,93
"1853",-0.683027224971287,-4.76659455764099,93
"1854",-0.272067751561192,-4.76659455764099,93
"1855",0.138891721848903,-5.00468979573623,93
"1856",0.549851195259,-5.00468979573623,93
"1857",0.960810668669095,-5.24278503383147,93
"1858",1.37177014207919,-5.24278503383147,93
"1859",1.78272961548929,-5.24278503383147,93
"1860",2.19368908889938,-5.24278503383147,93
"1861",-5.61454090589243,-1.43326122430766,94
"1862",-5.20358143248234,-1.43326122430766,94
"1863",-4.79262195907224,-3.5761183671648,94
"1864",-4.38166248566215,-3.81421360526004,94
"1865",-3.97070301225205,-4.05230884335528,94
"1866",-3.55974353884196,-4.05230884335528,94
"1867",-3.14878406543186,-4.05230884335528,94
"1868",-2.73782459202176,-4.05230884335528,94
"1869",-2.32686511861167,-4.05230884335528,94
"1870",-1.91590564520157,-4.05230884335528,94
"1871",-1.50494617179148,-4.05230884335528,94
"1872",-1.09398669838138,-4.05230884335528,94
"1873",-0.683027224971287,-4.05230884335528,94
"1874",-0.272067751561192,-4.05230884335528,94
"1875",0.138891721848903,-4.05230884335528,94
"1876",0.549851195259,-4.05230884335528,94
"1877",0.960810668669095,-4.05230884335528,94
"1878",1.37177014207919,-4.05230884335528,94
"1879",1.78272961548929,-4.05230884335528,94
"1880",2.19368908889938,-4.05230884335528,94
"1881",-5.61454090589243,-1.43326122430766,95
"1882",-5.20358143248234,-1.43326122430766,95
"1883",-4.79262195907224,-1.43326122430766,95
"1884",-4.38166248566215,-3.09992789097433,95
"1885",-3.97070301225205,-3.81421360526004,95
"1886",-3.55974353884196,-4.05230884335528,95
"1887",-3.14878406543186,-4.29040408145052,95
"1888",-2.73782459202176,-4.29040408145052,95
"1889",-2.32686511861167,-4.52849931954576,95
"1890",-1.91590564520157,-4.52849931954576,95
"1891",-1.50494617179148,-4.52849931954576,95
"1892",-1.09398669838138,-4.52849931954576,95
"1893",-0.683027224971287,-4.52849931954576,95
"1894",-0.272067751561192,-4.52849931954576,95
"1895",0.138891721848903,-4.52849931954576,95
"1896",0.549851195259,-4.52849931954576,95
"1897",0.960810668669095,-4.52849931954576,95
"1898",1.37177014207919,-4.52849931954576,95
"1899",1.78272961548929,-4.52849931954576,95
"1900",2.19368908889938,-4.52849931954576,95
"1901",-5.61454090589243,-1.43326122430766,96
"1902",-5.20358143248234,-1.43326122430766,96
"1903",-4.79262195907224,-1.43326122430766,96
"1904",-4.38166248566215,-1.43326122430766,96
"1905",-3.97070301225205,-1.43326122430766,96
"1906",-3.55974353884196,-4.29040408145052,96
"1907",-3.14878406543186,-5.00468979573623,96
"1908",-2.73782459202176,-5.24278503383147,96
"1909",-2.32686511861167,-5.24278503383147,96
"1910",-1.91590564520157,-5.24278503383147,96
"1911",-1.50494617179148,-5.24278503383147,96
"1912",-1.09398669838138,-5.24278503383147,96
"1913",-0.683027224971287,-5.24278503383147,96
"1914",-0.272067751561192,-5.24278503383147,96
"1915",0.138891721848903,-5.24278503383147,96
"1916",0.549851195259,-5.24278503383147,96
"1917",0.960810668669095,-5.24278503383147,96
"1918",1.37177014207919,-5.24278503383147,96
"1919",1.78272961548929,-5.24278503383147,96
"1920",2.19368908889938,-5.24278503383147,96
"1921",-5.61454090589243,-3.09992789097433,97
"1922",-5.20358143248234,-3.09992789097433,97
"1923",-4.79262195907224,-3.09992789097433,97
"1924",-4.38166248566215,-3.09992789097433,97
"1925",-3.97070301225205,-3.09992789097433,97
"1926",-3.55974353884196,-4.76659455764099,97
"1927",-3.14878406543186,-6.19516598621242,97
"1928",-2.73782459202176,-6.19516598621242,97
"1929",-2.32686511861167,-6.19516598621242,97
"1930",-1.91590564520157,-6.19516598621242,97
"1931",-1.50494617179148,-6.19516598621242,97
"1932",-1.09398669838138,-6.19516598621242,97
"1933",-0.683027224971287,-6.19516598621242,97
"1934",-0.272067751561192,-6.19516598621242,97
"1935",0.138891721848903,-6.19516598621242,97
"1936",0.549851195259,-6.19516598621242,97
"1937",0.960810668669095,-6.19516598621242,97
"1938",1.37177014207919,-6.19516598621242,97
"1939",1.78272961548929,-6.19516598621242,97
"1940",2.19368908889938,-6.19516598621242,97
"1941",-5.61454090589243,-1.43326122430766,98
"1942",-5.20358143248234,-1.43326122430766,98
"1943",-4.79262195907224,-3.81421360526004,98
"1944",-4.38166248566215,-4.05230884335528,98
"1945",-3.97070301225205,-4.05230884335528,98
"1946",-3.55974353884196,-4.05230884335528,98
"1947",-3.14878406543186,-4.05230884335528,98
"1948",-2.73782459202176,-4.05230884335528,98
"1949",-2.32686511861167,-4.05230884335528,98
"1950",-1.91590564520157,-4.29040408145052,98
"1951",-1.50494617179148,-4.76659455764099,98
"1952",-1.09398669838138,-5.00468979573623,98
"1953",-0.683027224971287,-5.00468979573623,98
"1954",-0.272067751561192,-5.24278503383147,98
"1955",0.138891721848903,-5.24278503383147,98
"1956",0.549851195259,-5.24278503383147,98
"1957",0.960810668669095,-5.24278503383147,98
"1958",1.37177014207919,-5.24278503383147,98
"1959",1.78272961548929,-5.24278503383147,98
"1960",2.19368908889938,-5.24278503383147,98
"1961",-5.61454090589243,-1.6713564624029,99
"1962",-5.20358143248234,-1.90945170049814,99
"1963",-4.79262195907224,-2.62373741478385,99
"1964",-4.38166248566215,-3.33802312906956,99
"1965",-3.97070301225205,-3.81421360526004,99
"1966",-3.55974353884196,-4.05230884335528,99
"1967",-3.14878406543186,-4.29040408145052,99
"1968",-2.73782459202176,-4.29040408145052,99
"1969",-2.32686511861167,-4.52849931954576,99
"1970",-1.91590564520157,-4.52849931954576,99
"1971",-1.50494617179148,-4.52849931954576,99
"1972",-1.09398669838138,-4.52849931954576,99
"1973",-0.683027224971287,-5.48088027192671,99
"1974",-0.272067751561192,-5.95707074811718,99
"1975",0.138891721848903,-6.19516598621242,99
"1976",0.549851195259,-6.19516598621242,99
"1977",0.960810668669095,-6.19516598621242,99
"1978",1.37177014207919,-6.19516598621242,99
"1979",1.78272961548929,-6.19516598621242,99
"1980",2.19368908889938,-6.19516598621242,99
"1981",-5.61454090589243,-3.33802312906956,100
"1982",-5.20358143248234,-3.5761183671648,100
"1983",-4.79262195907224,-3.81421360526004,100
"1984",-4.38166248566215,-3.81421360526004,100
"1985",-3.97070301225205,-4.05230884335528,100
"1986",-3.55974353884196,-4.05230884335528,100
"1987",-3.14878406543186,-4.05230884335528,100
"1988",-2.73782459202176,-4.05230884335528,100
"1989",-2.32686511861167,-4.29040408145052,100
"1990",-1.91590564520157,-4.29040408145052,100
"1991",-1.50494617179148,-4.29040408145052,100
"1992",-1.09398669838138,-4.29040408145052,100
"1993",-0.683027224971287,-4.29040408145052,100
"1994",-0.272067751561192,-4.29040408145052,100
"1995",0.138891721848903,-4.29040408145052,100
"1996",0.549851195259,-4.29040408145052,100
"1997",0.960810668669095,-4.29040408145052,100
"1998",1.37177014207919,-4.29040408145052,100
"1999",1.78272961548929,-4.29040408145052,100
"2000",2.19368908889938,-4.29040408145052,100
