"","x","y","sample"
"1",-6.37955794842998,-4.02796791701659,1
"2",-5.92867732197865,-4.02796791701659,1
"3",-5.47779669552733,-4.02796791701659,1
"4",-5.026916069076,-4.17082505987373,1
"5",-4.57603544262467,-4.59939648844516,1
"6",-4.12515481617334,-5.02796791701659,1
"7",-3.67427418972202,-5.31368220273087,1
"8",-3.22339356327069,-5.59939648844516,1
"9",-2.77251293681936,-5.88511077415945,1
"10",-2.32163231036804,-6.02796791701659,1
"11",-1.87075168391671,-6.31368220273087,1
"12",-1.41987105746538,-6.45653934558802,1
"13",-0.968990431014056,-6.59939648844516,1
"14",-0.518109804562729,-6.7422536313023,1
"15",-0.0672291781114023,-6.7422536313023,1
"16",0.383651448339925,-6.88511077415945,1
"17",0.834532074791252,-6.88511077415945,1
"18",1.28541270124258,-6.88511077415945,1
"19",1.7362933276939,-6.88511077415945,1
"20",2.18717395414523,-6.88511077415945,1
"21",-6.37955794842998,-4.02796791701659,2
"22",-5.92867732197865,-4.17082505987373,2
"23",-5.47779669552733,-4.31368220273087,2
"24",-5.026916069076,-4.59939648844516,2
"25",-4.57603544262467,-4.7422536313023,2
"26",-4.12515481617334,-4.88511077415945,2
"27",-3.67427418972202,-5.02796791701659,2
"28",-3.22339356327069,-5.17082505987373,2
"29",-2.77251293681936,-5.17082505987373,2
"30",-2.32163231036804,-5.31368220273087,2
"31",-1.87075168391671,-5.7422536313023,2
"32",-1.41987105746538,-6.59939648844516,2
"33",-0.968990431014056,-6.88511077415945,2
"34",-0.518109804562729,-6.88511077415945,2
"35",-0.0672291781114023,-6.88511077415945,2
"36",0.383651448339925,-6.88511077415945,2
"37",0.834532074791252,-6.88511077415945,2
"38",1.28541270124258,-6.88511077415945,2
"39",1.7362933276939,-6.88511077415945,2
"40",2.18717395414523,-6.88511077415945,2
"41",-6.37955794842998,-4.02796791701659,3
"42",-5.92867732197865,-4.17082505987373,3
"43",-5.47779669552733,-4.45653934558802,3
"44",-5.026916069076,-4.59939648844516,3
"45",-4.57603544262467,-4.7422536313023,3
"46",-4.12515481617334,-4.88511077415945,3
"47",-3.67427418972202,-5.02796791701659,3
"48",-3.22339356327069,-5.02796791701659,3
"49",-2.77251293681936,-5.02796791701659,3
"50",-2.32163231036804,-5.31368220273087,3
"51",-1.87075168391671,-5.88511077415945,3
"52",-1.41987105746538,-6.31368220273087,3
"53",-0.968990431014056,-6.7422536313023,3
"54",-0.518109804562729,-6.88511077415945,3
"55",-0.0672291781114023,-6.88511077415945,3
"56",0.383651448339925,-6.88511077415945,3
"57",0.834532074791252,-6.88511077415945,3
"58",1.28541270124258,-6.88511077415945,3
"59",1.7362933276939,-6.88511077415945,3
"60",2.18717395414523,-6.88511077415945,3
"61",-6.37955794842998,-4.02796791701659,4
"62",-5.92867732197865,-4.02796791701659,4
"63",-5.47779669552733,-4.02796791701659,4
"64",-5.026916069076,-4.02796791701659,4
"65",-4.57603544262467,-4.45653934558802,4
"66",-4.12515481617334,-5.17082505987373,4
"67",-3.67427418972202,-5.7422536313023,4
"68",-3.22339356327069,-6.17082505987373,4
"69",-2.77251293681936,-6.59939648844516,4
"70",-2.32163231036804,-6.7422536313023,4
"71",-1.87075168391671,-6.88511077415945,4
"72",-1.41987105746538,-6.88511077415945,4
"73",-0.968990431014056,-6.88511077415945,4
"74",-0.518109804562729,-6.88511077415945,4
"75",-0.0672291781114023,-6.88511077415945,4
"76",0.383651448339925,-6.88511077415945,4
"77",0.834532074791252,-6.88511077415945,4
"78",1.28541270124258,-6.88511077415945,4
"79",1.7362933276939,-6.88511077415945,4
"80",2.18717395414523,-6.88511077415945,4
"81",-6.37955794842998,-4.02796791701659,5
"82",-5.92867732197865,-4.02796791701659,5
"83",-5.47779669552733,-4.31368220273087,5
"84",-5.026916069076,-4.7422536313023,5
"85",-4.57603544262467,-4.7422536313023,5
"86",-4.12515481617334,-4.88511077415945,5
"87",-3.67427418972202,-4.88511077415945,5
"88",-3.22339356327069,-4.88511077415945,5
"89",-2.77251293681936,-4.88511077415945,5
"90",-2.32163231036804,-4.88511077415945,5
"91",-1.87075168391671,-4.88511077415945,5
"92",-1.41987105746538,-4.88511077415945,5
"93",-0.968990431014056,-5.02796791701659,5
"94",-0.518109804562729,-5.59939648844516,5
"95",-0.0672291781114023,-5.88511077415945,5
"96",0.383651448339925,-6.17082505987373,5
"97",0.834532074791252,-6.17082505987373,5
"98",1.28541270124258,-6.17082505987373,5
"99",1.7362933276939,-6.17082505987373,5
"100",2.18717395414523,-6.17082505987373,5
"101",-6.37955794842998,-4.02796791701659,6
"102",-5.92867732197865,-4.02796791701659,6
"103",-5.47779669552733,-4.17082505987373,6
"104",-5.026916069076,-4.45653934558802,6
"105",-4.57603544262467,-4.7422536313023,6
"106",-4.12515481617334,-4.88511077415945,6
"107",-3.67427418972202,-5.17082505987373,6
"108",-3.22339356327069,-5.31368220273087,6
"109",-2.77251293681936,-5.59939648844516,6
"110",-2.32163231036804,-5.7422536313023,6
"111",-1.87075168391671,-5.88511077415945,6
"112",-1.41987105746538,-6.02796791701659,6
"113",-0.968990431014056,-6.17082505987373,6
"114",-0.518109804562729,-6.31368220273087,6
"115",-0.0672291781114023,-6.45653934558802,6
"116",0.383651448339925,-6.45653934558802,6
"117",0.834532074791252,-6.45653934558802,6
"118",1.28541270124258,-6.59939648844516,6
"119",1.7362933276939,-6.59939648844516,6
"120",2.18717395414523,-6.59939648844516,6
"121",-6.37955794842998,-4.02796791701659,7
"122",-5.92867732197865,-4.31368220273087,7
"123",-5.47779669552733,-4.45653934558802,7
"124",-5.026916069076,-4.59939648844516,7
"125",-4.57603544262467,-4.7422536313023,7
"126",-4.12515481617334,-5.02796791701659,7
"127",-3.67427418972202,-5.31368220273087,7
"128",-3.22339356327069,-5.59939648844516,7
"129",-2.77251293681936,-5.7422536313023,7
"130",-2.32163231036804,-5.7422536313023,7
"131",-1.87075168391671,-5.88511077415945,7
"132",-1.41987105746538,-5.88511077415945,7
"133",-0.968990431014056,-5.88511077415945,7
"134",-0.518109804562729,-5.88511077415945,7
"135",-0.0672291781114023,-6.17082505987373,7
"136",0.383651448339925,-6.59939648844516,7
"137",0.834532074791252,-6.88511077415945,7
"138",1.28541270124258,-6.88511077415945,7
"139",1.7362933276939,-6.88511077415945,7
"140",2.18717395414523,-6.88511077415945,7
"141",-6.37955794842998,-4.45653934558802,8
"142",-5.92867732197865,-4.59939648844516,8
"143",-5.47779669552733,-4.7422536313023,8
"144",-5.026916069076,-4.7422536313023,8
"145",-4.57603544262467,-4.7422536313023,8
"146",-4.12515481617334,-4.88511077415945,8
"147",-3.67427418972202,-4.88511077415945,8
"148",-3.22339356327069,-4.88511077415945,8
"149",-2.77251293681936,-4.88511077415945,8
"150",-2.32163231036804,-4.88511077415945,8
"151",-1.87075168391671,-5.7422536313023,8
"152",-1.41987105746538,-6.45653934558802,8
"153",-0.968990431014056,-6.88511077415945,8
"154",-0.518109804562729,-6.88511077415945,8
"155",-0.0672291781114023,-6.88511077415945,8
"156",0.383651448339925,-6.88511077415945,8
"157",0.834532074791252,-6.88511077415945,8
"158",1.28541270124258,-6.88511077415945,8
"159",1.7362933276939,-6.88511077415945,8
"160",2.18717395414523,-6.88511077415945,8
"161",-6.37955794842998,-4.02796791701659,9
"162",-5.92867732197865,-4.02796791701659,9
"163",-5.47779669552733,-4.02796791701659,9
"164",-5.026916069076,-4.31368220273087,9
"165",-4.57603544262467,-4.7422536313023,9
"166",-4.12515481617334,-4.88511077415945,9
"167",-3.67427418972202,-5.02796791701659,9
"168",-3.22339356327069,-5.17082505987373,9
"169",-2.77251293681936,-5.31368220273087,9
"170",-2.32163231036804,-5.7422536313023,9
"171",-1.87075168391671,-6.02796791701659,9
"172",-1.41987105746538,-6.31368220273087,9
"173",-0.968990431014056,-6.45653934558802,9
"174",-0.518109804562729,-6.59939648844516,9
"175",-0.0672291781114023,-6.59939648844516,9
"176",0.383651448339925,-6.88511077415945,9
"177",0.834532074791252,-6.88511077415945,9
"178",1.28541270124258,-6.88511077415945,9
"179",1.7362933276939,-6.88511077415945,9
"180",2.18717395414523,-6.88511077415945,9
"181",-6.37955794842998,-4.02796791701659,10
"182",-5.92867732197865,-4.02796791701659,10
"183",-5.47779669552733,-4.02796791701659,10
"184",-5.026916069076,-4.45653934558802,10
"185",-4.57603544262467,-4.7422536313023,10
"186",-4.12515481617334,-4.88511077415945,10
"187",-3.67427418972202,-5.02796791701659,10
"188",-3.22339356327069,-5.17082505987373,10
"189",-2.77251293681936,-5.31368220273087,10
"190",-2.32163231036804,-5.88511077415945,10
"191",-1.87075168391671,-6.59939648844516,10
"192",-1.41987105746538,-6.88511077415945,10
"193",-0.968990431014056,-6.88511077415945,10
"194",-0.518109804562729,-6.88511077415945,10
"195",-0.0672291781114023,-6.88511077415945,10
"196",0.383651448339925,-6.88511077415945,10
"197",0.834532074791252,-6.88511077415945,10
"198",1.28541270124258,-6.88511077415945,10
"199",1.7362933276939,-6.88511077415945,10
"200",2.18717395414523,-6.88511077415945,10
"201",-6.37955794842998,-4.02796791701659,11
"202",-5.92867732197865,-4.02796791701659,11
"203",-5.47779669552733,-4.02796791701659,11
"204",-5.026916069076,-4.02796791701659,11
"205",-4.57603544262467,-4.02796791701659,11
"206",-4.12515481617334,-5.45653934558802,11
"207",-3.67427418972202,-5.88511077415945,11
"208",-3.22339356327069,-5.88511077415945,11
"209",-2.77251293681936,-5.88511077415945,11
"210",-2.32163231036804,-5.88511077415945,11
"211",-1.87075168391671,-5.88511077415945,11
"212",-1.41987105746538,-5.88511077415945,11
"213",-0.968990431014056,-5.88511077415945,11
"214",-0.518109804562729,-5.88511077415945,11
"215",-0.0672291781114023,-5.88511077415945,11
"216",0.383651448339925,-5.88511077415945,11
"217",0.834532074791252,-5.88511077415945,11
"218",1.28541270124258,-5.88511077415945,11
"219",1.7362933276939,-5.88511077415945,11
"220",2.18717395414523,-5.88511077415945,11
"221",-6.37955794842998,-4.02796791701659,12
"222",-5.92867732197865,-4.02796791701659,12
"223",-5.47779669552733,-4.02796791701659,12
"224",-5.026916069076,-4.31368220273087,12
"225",-4.57603544262467,-4.59939648844516,12
"226",-4.12515481617334,-5.02796791701659,12
"227",-3.67427418972202,-5.17082505987373,12
"228",-3.22339356327069,-5.31368220273087,12
"229",-2.77251293681936,-6.88511077415945,12
"230",-2.32163231036804,-6.88511077415945,12
"231",-1.87075168391671,-6.88511077415945,12
"232",-1.41987105746538,-6.88511077415945,12
"233",-0.968990431014056,-6.88511077415945,12
"234",-0.518109804562729,-6.88511077415945,12
"235",-0.0672291781114023,-6.88511077415945,12
"236",0.383651448339925,-6.88511077415945,12
"237",0.834532074791252,-6.88511077415945,12
"238",1.28541270124258,-6.88511077415945,12
"239",1.7362933276939,-6.88511077415945,12
"240",2.18717395414523,-6.88511077415945,12
"241",-6.37955794842998,-4.02796791701659,13
"242",-5.92867732197865,-4.02796791701659,13
"243",-5.47779669552733,-4.02796791701659,13
"244",-5.026916069076,-4.02796791701659,13
"245",-4.57603544262467,-4.31368220273087,13
"246",-4.12515481617334,-5.17082505987373,13
"247",-3.67427418972202,-5.59939648844516,13
"248",-3.22339356327069,-5.7422536313023,13
"249",-2.77251293681936,-5.88511077415945,13
"250",-2.32163231036804,-5.88511077415945,13
"251",-1.87075168391671,-5.88511077415945,13
"252",-1.41987105746538,-5.88511077415945,13
"253",-0.968990431014056,-5.88511077415945,13
"254",-0.518109804562729,-5.88511077415945,13
"255",-0.0672291781114023,-5.88511077415945,13
"256",0.383651448339925,-5.88511077415945,13
"257",0.834532074791252,-5.88511077415945,13
"258",1.28541270124258,-5.88511077415945,13
"259",1.7362933276939,-5.88511077415945,13
"260",2.18717395414523,-5.88511077415945,13
"261",-6.37955794842998,-4.02796791701659,14
"262",-5.92867732197865,-4.02796791701659,14
"263",-5.47779669552733,-4.02796791701659,14
"264",-5.026916069076,-4.02796791701659,14
"265",-4.57603544262467,-4.31368220273087,14
"266",-4.12515481617334,-5.31368220273087,14
"267",-3.67427418972202,-6.02796791701659,14
"268",-3.22339356327069,-6.59939648844516,14
"269",-2.77251293681936,-6.88511077415945,14
"270",-2.32163231036804,-6.88511077415945,14
"271",-1.87075168391671,-6.88511077415945,14
"272",-1.41987105746538,-6.88511077415945,14
"273",-0.968990431014056,-6.88511077415945,14
"274",-0.518109804562729,-6.88511077415945,14
"275",-0.0672291781114023,-6.88511077415945,14
"276",0.383651448339925,-6.88511077415945,14
"277",0.834532074791252,-6.88511077415945,14
"278",1.28541270124258,-6.88511077415945,14
"279",1.7362933276939,-6.88511077415945,14
"280",2.18717395414523,-6.88511077415945,14
"281",-6.37955794842998,-4.02796791701659,15
"282",-5.92867732197865,-4.02796791701659,15
"283",-5.47779669552733,-4.02796791701659,15
"284",-5.026916069076,-4.17082505987373,15
"285",-4.57603544262467,-4.45653934558802,15
"286",-4.12515481617334,-6.02796791701659,15
"287",-3.67427418972202,-6.88511077415945,15
"288",-3.22339356327069,-6.88511077415945,15
"289",-2.77251293681936,-6.88511077415945,15
"290",-2.32163231036804,-6.88511077415945,15
"291",-1.87075168391671,-6.88511077415945,15
"292",-1.41987105746538,-6.88511077415945,15
"293",-0.968990431014056,-6.88511077415945,15
"294",-0.518109804562729,-6.88511077415945,15
"295",-0.0672291781114023,-6.88511077415945,15
"296",0.383651448339925,-6.88511077415945,15
"297",0.834532074791252,-6.88511077415945,15
"298",1.28541270124258,-6.88511077415945,15
"299",1.7362933276939,-6.88511077415945,15
"300",2.18717395414523,-6.88511077415945,15
"301",-6.37955794842998,-4.02796791701659,16
"302",-5.92867732197865,-4.02796791701659,16
"303",-5.47779669552733,-4.02796791701659,16
"304",-5.026916069076,-4.45653934558802,16
"305",-4.57603544262467,-4.7422536313023,16
"306",-4.12515481617334,-4.88511077415945,16
"307",-3.67427418972202,-5.17082505987373,16
"308",-3.22339356327069,-5.17082505987373,16
"309",-2.77251293681936,-5.31368220273087,16
"310",-2.32163231036804,-5.7422536313023,16
"311",-1.87075168391671,-6.59939648844516,16
"312",-1.41987105746538,-6.88511077415945,16
"313",-0.968990431014056,-6.88511077415945,16
"314",-0.518109804562729,-6.88511077415945,16
"315",-0.0672291781114023,-6.88511077415945,16
"316",0.383651448339925,-6.88511077415945,16
"317",0.834532074791252,-6.88511077415945,16
"318",1.28541270124258,-6.88511077415945,16
"319",1.7362933276939,-6.88511077415945,16
"320",2.18717395414523,-6.88511077415945,16
"321",-6.37955794842998,-4.02796791701659,17
"322",-5.92867732197865,-4.17082505987373,17
"323",-5.47779669552733,-4.45653934558802,17
"324",-5.026916069076,-4.59939648844516,17
"325",-4.57603544262467,-4.7422536313023,17
"326",-4.12515481617334,-4.88511077415945,17
"327",-3.67427418972202,-5.02796791701659,17
"328",-3.22339356327069,-5.02796791701659,17
"329",-2.77251293681936,-5.17082505987373,17
"330",-2.32163231036804,-5.31368220273087,17
"331",-1.87075168391671,-5.31368220273087,17
"332",-1.41987105746538,-5.45653934558802,17
"333",-0.968990431014056,-6.02796791701659,17
"334",-0.518109804562729,-6.59939648844516,17
"335",-0.0672291781114023,-6.88511077415945,17
"336",0.383651448339925,-6.88511077415945,17
"337",0.834532074791252,-6.88511077415945,17
"338",1.28541270124258,-6.88511077415945,17
"339",1.7362933276939,-6.88511077415945,17
"340",2.18717395414523,-6.88511077415945,17
"341",-6.37955794842998,-4.02796791701659,18
"342",-5.92867732197865,-4.02796791701659,18
"343",-5.47779669552733,-4.02796791701659,18
"344",-5.026916069076,-4.02796791701659,18
"345",-4.57603544262467,-4.31368220273087,18
"346",-4.12515481617334,-5.17082505987373,18
"347",-3.67427418972202,-5.59939648844516,18
"348",-3.22339356327069,-5.88511077415945,18
"349",-2.77251293681936,-6.02796791701659,18
"350",-2.32163231036804,-6.02796791701659,18
"351",-1.87075168391671,-6.02796791701659,18
"352",-1.41987105746538,-6.02796791701659,18
"353",-0.968990431014056,-6.02796791701659,18
"354",-0.518109804562729,-6.17082505987373,18
"355",-0.0672291781114023,-6.17082505987373,18
"356",0.383651448339925,-6.31368220273087,18
"357",0.834532074791252,-6.31368220273087,18
"358",1.28541270124258,-6.31368220273087,18
"359",1.7362933276939,-6.31368220273087,18
"360",2.18717395414523,-6.31368220273087,18
"361",-6.37955794842998,-4.02796791701659,19
"362",-5.92867732197865,-4.02796791701659,19
"363",-5.47779669552733,-4.02796791701659,19
"364",-5.026916069076,-4.02796791701659,19
"365",-4.57603544262467,-4.45653934558802,19
"366",-4.12515481617334,-5.17082505987373,19
"367",-3.67427418972202,-5.59939648844516,19
"368",-3.22339356327069,-5.88511077415945,19
"369",-2.77251293681936,-6.02796791701659,19
"370",-2.32163231036804,-6.17082505987373,19
"371",-1.87075168391671,-6.31368220273087,19
"372",-1.41987105746538,-6.31368220273087,19
"373",-0.968990431014056,-6.31368220273087,19
"374",-0.518109804562729,-6.31368220273087,19
"375",-0.0672291781114023,-6.31368220273087,19
"376",0.383651448339925,-6.45653934558802,19
"377",0.834532074791252,-6.45653934558802,19
"378",1.28541270124258,-6.59939648844516,19
"379",1.7362933276939,-6.59939648844516,19
"380",2.18717395414523,-6.7422536313023,19
"381",-6.37955794842998,-4.7422536313023,20
"382",-5.92867732197865,-4.7422536313023,20
"383",-5.47779669552733,-4.7422536313023,20
"384",-5.026916069076,-4.7422536313023,20
"385",-4.57603544262467,-4.7422536313023,20
"386",-4.12515481617334,-4.88511077415945,20
"387",-3.67427418972202,-4.88511077415945,20
"388",-3.22339356327069,-4.88511077415945,20
"389",-2.77251293681936,-4.88511077415945,20
"390",-2.32163231036804,-4.88511077415945,20
"391",-1.87075168391671,-6.31368220273087,20
"392",-1.41987105746538,-6.88511077415945,20
"393",-0.968990431014056,-6.88511077415945,20
"394",-0.518109804562729,-6.88511077415945,20
"395",-0.0672291781114023,-6.88511077415945,20
"396",0.383651448339925,-6.88511077415945,20
"397",0.834532074791252,-6.88511077415945,20
"398",1.28541270124258,-6.88511077415945,20
"399",1.7362933276939,-6.88511077415945,20
"400",2.18717395414523,-6.88511077415945,20
"401",-6.37955794842998,-4.02796791701659,21
"402",-5.92867732197865,-4.02796791701659,21
"403",-5.47779669552733,-4.02796791701659,21
"404",-5.026916069076,-4.02796791701659,21
"405",-4.57603544262467,-4.02796791701659,21
"406",-4.12515481617334,-5.59939648844516,21
"407",-3.67427418972202,-6.17082505987373,21
"408",-3.22339356327069,-6.31368220273087,21
"409",-2.77251293681936,-6.31368220273087,21
"410",-2.32163231036804,-6.31368220273087,21
"411",-1.87075168391671,-6.31368220273087,21
"412",-1.41987105746538,-6.31368220273087,21
"413",-0.968990431014056,-6.59939648844516,21
"414",-0.518109804562729,-6.88511077415945,21
"415",-0.0672291781114023,-6.88511077415945,21
"416",0.383651448339925,-6.88511077415945,21
"417",0.834532074791252,-6.88511077415945,21
"418",1.28541270124258,-6.88511077415945,21
"419",1.7362933276939,-6.88511077415945,21
"420",2.18717395414523,-6.88511077415945,21
"421",-6.37955794842998,-4.02796791701659,22
"422",-5.92867732197865,-4.02796791701659,22
"423",-5.47779669552733,-4.02796791701659,22
"424",-5.026916069076,-4.17082505987373,22
"425",-4.57603544262467,-4.59939648844516,22
"426",-4.12515481617334,-5.02796791701659,22
"427",-3.67427418972202,-5.17082505987373,22
"428",-3.22339356327069,-5.45653934558802,22
"429",-2.77251293681936,-5.59939648844516,22
"430",-2.32163231036804,-5.59939648844516,22
"431",-1.87075168391671,-5.7422536313023,22
"432",-1.41987105746538,-6.59939648844516,22
"433",-0.968990431014056,-6.88511077415945,22
"434",-0.518109804562729,-6.88511077415945,22
"435",-0.0672291781114023,-6.88511077415945,22
"436",0.383651448339925,-6.88511077415945,22
"437",0.834532074791252,-6.88511077415945,22
"438",1.28541270124258,-6.88511077415945,22
"439",1.7362933276939,-6.88511077415945,22
"440",2.18717395414523,-6.88511077415945,22
"441",-6.37955794842998,-4.02796791701659,23
"442",-5.92867732197865,-4.17082505987373,23
"443",-5.47779669552733,-4.45653934558802,23
"444",-5.026916069076,-4.7422536313023,23
"445",-4.57603544262467,-4.7422536313023,23
"446",-4.12515481617334,-4.88511077415945,23
"447",-3.67427418972202,-4.88511077415945,23
"448",-3.22339356327069,-4.88511077415945,23
"449",-2.77251293681936,-4.88511077415945,23
"450",-2.32163231036804,-4.88511077415945,23
"451",-1.87075168391671,-4.88511077415945,23
"452",-1.41987105746538,-4.88511077415945,23
"453",-0.968990431014056,-4.88511077415945,23
"454",-0.518109804562729,-5.02796791701659,23
"455",-0.0672291781114023,-5.59939648844516,23
"456",0.383651448339925,-5.88511077415945,23
"457",0.834532074791252,-6.17082505987373,23
"458",1.28541270124258,-6.31368220273087,23
"459",1.7362933276939,-6.31368220273087,23
"460",2.18717395414523,-6.31368220273087,23
"461",-6.37955794842998,-4.02796791701659,24
"462",-5.92867732197865,-4.02796791701659,24
"463",-5.47779669552733,-4.31368220273087,24
"464",-5.026916069076,-4.59939648844516,24
"465",-4.57603544262467,-4.7422536313023,24
"466",-4.12515481617334,-4.88511077415945,24
"467",-3.67427418972202,-5.02796791701659,24
"468",-3.22339356327069,-5.02796791701659,24
"469",-2.77251293681936,-5.02796791701659,24
"470",-2.32163231036804,-5.02796791701659,24
"471",-1.87075168391671,-5.02796791701659,24
"472",-1.41987105746538,-5.17082505987373,24
"473",-0.968990431014056,-5.31368220273087,24
"474",-0.518109804562729,-6.02796791701659,24
"475",-0.0672291781114023,-6.59939648844516,24
"476",0.383651448339925,-6.88511077415945,24
"477",0.834532074791252,-6.88511077415945,24
"478",1.28541270124258,-6.88511077415945,24
"479",1.7362933276939,-6.88511077415945,24
"480",2.18717395414523,-6.88511077415945,24
"481",-6.37955794842998,-4.02796791701659,25
"482",-5.92867732197865,-4.02796791701659,25
"483",-5.47779669552733,-4.45653934558802,25
"484",-5.026916069076,-4.7422536313023,25
"485",-4.57603544262467,-4.7422536313023,25
"486",-4.12515481617334,-4.88511077415945,25
"487",-3.67427418972202,-4.88511077415945,25
"488",-3.22339356327069,-4.88511077415945,25
"489",-2.77251293681936,-4.88511077415945,25
"490",-2.32163231036804,-4.88511077415945,25
"491",-1.87075168391671,-4.88511077415945,25
"492",-1.41987105746538,-4.88511077415945,25
"493",-0.968990431014056,-4.88511077415945,25
"494",-0.518109804562729,-4.88511077415945,25
"495",-0.0672291781114023,-5.17082505987373,25
"496",0.383651448339925,-5.59939648844516,25
"497",0.834532074791252,-6.02796791701659,25
"498",1.28541270124258,-6.31368220273087,25
"499",1.7362933276939,-6.45653934558802,25
"500",2.18717395414523,-6.59939648844516,25
"501",-6.37955794842998,-4.02796791701659,26
"502",-5.92867732197865,-4.17082505987373,26
"503",-5.47779669552733,-4.45653934558802,26
"504",-5.026916069076,-4.59939648844516,26
"505",-4.57603544262467,-4.7422536313023,26
"506",-4.12515481617334,-4.88511077415945,26
"507",-3.67427418972202,-4.88511077415945,26
"508",-3.22339356327069,-5.02796791701659,26
"509",-2.77251293681936,-5.02796791701659,26
"510",-2.32163231036804,-5.31368220273087,26
"511",-1.87075168391671,-5.88511077415945,26
"512",-1.41987105746538,-6.31368220273087,26
"513",-0.968990431014056,-6.88511077415945,26
"514",-0.518109804562729,-6.88511077415945,26
"515",-0.0672291781114023,-6.88511077415945,26
"516",0.383651448339925,-6.88511077415945,26
"517",0.834532074791252,-6.88511077415945,26
"518",1.28541270124258,-6.88511077415945,26
"519",1.7362933276939,-6.88511077415945,26
"520",2.18717395414523,-6.88511077415945,26
"521",-6.37955794842998,-4.02796791701659,27
"522",-5.92867732197865,-4.02796791701659,27
"523",-5.47779669552733,-4.59939648844516,27
"524",-5.026916069076,-4.7422536313023,27
"525",-4.57603544262467,-4.7422536313023,27
"526",-4.12515481617334,-4.88511077415945,27
"527",-3.67427418972202,-4.88511077415945,27
"528",-3.22339356327069,-4.88511077415945,27
"529",-2.77251293681936,-4.88511077415945,27
"530",-2.32163231036804,-4.88511077415945,27
"531",-1.87075168391671,-4.88511077415945,27
"532",-1.41987105746538,-4.88511077415945,27
"533",-0.968990431014056,-4.88511077415945,27
"534",-0.518109804562729,-5.02796791701659,27
"535",-0.0672291781114023,-5.45653934558802,27
"536",0.383651448339925,-5.7422536313023,27
"537",0.834532074791252,-5.88511077415945,27
"538",1.28541270124258,-6.17082505987373,27
"539",1.7362933276939,-6.7422536313023,27
"540",2.18717395414523,-6.88511077415945,27
"541",-6.37955794842998,-4.02796791701659,28
"542",-5.92867732197865,-4.02796791701659,28
"543",-5.47779669552733,-4.02796791701659,28
"544",-5.026916069076,-4.02796791701659,28
"545",-4.57603544262467,-4.02796791701659,28
"546",-4.12515481617334,-5.31368220273087,28
"547",-3.67427418972202,-5.88511077415945,28
"548",-3.22339356327069,-6.02796791701659,28
"549",-2.77251293681936,-6.17082505987373,28
"550",-2.32163231036804,-6.17082505987373,28
"551",-1.87075168391671,-6.17082505987373,28
"552",-1.41987105746538,-6.59939648844516,28
"553",-0.968990431014056,-6.88511077415945,28
"554",-0.518109804562729,-6.88511077415945,28
"555",-0.0672291781114023,-6.88511077415945,28
"556",0.383651448339925,-6.88511077415945,28
"557",0.834532074791252,-6.88511077415945,28
"558",1.28541270124258,-6.88511077415945,28
"559",1.7362933276939,-6.88511077415945,28
"560",2.18717395414523,-6.88511077415945,28
"561",-6.37955794842998,-4.7422536313023,29
"562",-5.92867732197865,-4.7422536313023,29
"563",-5.47779669552733,-4.7422536313023,29
"564",-5.026916069076,-4.7422536313023,29
"565",-4.57603544262467,-4.7422536313023,29
"566",-4.12515481617334,-4.88511077415945,29
"567",-3.67427418972202,-4.88511077415945,29
"568",-3.22339356327069,-5.45653934558802,29
"569",-2.77251293681936,-6.02796791701659,29
"570",-2.32163231036804,-6.31368220273087,29
"571",-1.87075168391671,-6.59939648844516,29
"572",-1.41987105746538,-6.7422536313023,29
"573",-0.968990431014056,-6.88511077415945,29
"574",-0.518109804562729,-6.88511077415945,29
"575",-0.0672291781114023,-6.88511077415945,29
"576",0.383651448339925,-6.88511077415945,29
"577",0.834532074791252,-6.88511077415945,29
"578",1.28541270124258,-6.88511077415945,29
"579",1.7362933276939,-6.88511077415945,29
"580",2.18717395414523,-6.88511077415945,29
"581",-6.37955794842998,-4.02796791701659,30
"582",-5.92867732197865,-4.02796791701659,30
"583",-5.47779669552733,-4.02796791701659,30
"584",-5.026916069076,-4.02796791701659,30
"585",-4.57603544262467,-4.31368220273087,30
"586",-4.12515481617334,-5.31368220273087,30
"587",-3.67427418972202,-5.88511077415945,30
"588",-3.22339356327069,-6.31368220273087,30
"589",-2.77251293681936,-6.59939648844516,30
"590",-2.32163231036804,-6.7422536313023,30
"591",-1.87075168391671,-6.88511077415945,30
"592",-1.41987105746538,-6.88511077415945,30
"593",-0.968990431014056,-6.88511077415945,30
"594",-0.518109804562729,-6.88511077415945,30
"595",-0.0672291781114023,-6.88511077415945,30
"596",0.383651448339925,-6.88511077415945,30
"597",0.834532074791252,-6.88511077415945,30
"598",1.28541270124258,-6.88511077415945,30
"599",1.7362933276939,-6.88511077415945,30
"600",2.18717395414523,-6.88511077415945,30
"601",-6.37955794842998,-4.7422536313023,31
"602",-5.92867732197865,-4.7422536313023,31
"603",-5.47779669552733,-4.7422536313023,31
"604",-5.026916069076,-4.7422536313023,31
"605",-4.57603544262467,-4.7422536313023,31
"606",-4.12515481617334,-4.88511077415945,31
"607",-3.67427418972202,-4.88511077415945,31
"608",-3.22339356327069,-4.88511077415945,31
"609",-2.77251293681936,-4.88511077415945,31
"610",-2.32163231036804,-4.88511077415945,31
"611",-1.87075168391671,-4.88511077415945,31
"612",-1.41987105746538,-4.88511077415945,31
"613",-0.968990431014056,-4.88511077415945,31
"614",-0.518109804562729,-4.88511077415945,31
"615",-0.0672291781114023,-5.02796791701659,31
"616",0.383651448339925,-5.02796791701659,31
"617",0.834532074791252,-5.02796791701659,31
"618",1.28541270124258,-5.02796791701659,31
"619",1.7362933276939,-5.02796791701659,31
"620",2.18717395414523,-5.02796791701659,31
"621",-6.37955794842998,-4.02796791701659,32
"622",-5.92867732197865,-4.02796791701659,32
"623",-5.47779669552733,-4.02796791701659,32
"624",-5.026916069076,-4.02796791701659,32
"625",-4.57603544262467,-4.59939648844516,32
"626",-4.12515481617334,-5.02796791701659,32
"627",-3.67427418972202,-5.45653934558802,32
"628",-3.22339356327069,-5.7422536313023,32
"629",-2.77251293681936,-6.02796791701659,32
"630",-2.32163231036804,-6.17082505987373,32
"631",-1.87075168391671,-6.31368220273087,32
"632",-1.41987105746538,-6.45653934558802,32
"633",-0.968990431014056,-6.59939648844516,32
"634",-0.518109804562729,-6.7422536313023,32
"635",-0.0672291781114023,-6.7422536313023,32
"636",0.383651448339925,-6.7422536313023,32
"637",0.834532074791252,-6.7422536313023,32
"638",1.28541270124258,-6.7422536313023,32
"639",1.7362933276939,-6.7422536313023,32
"640",2.18717395414523,-6.7422536313023,32
"641",-6.37955794842998,-4.02796791701659,33
"642",-5.92867732197865,-4.02796791701659,33
"643",-5.47779669552733,-4.02796791701659,33
"644",-5.026916069076,-4.02796791701659,33
"645",-4.57603544262467,-4.59939648844516,33
"646",-4.12515481617334,-4.88511077415945,33
"647",-3.67427418972202,-5.02796791701659,33
"648",-3.22339356327069,-5.02796791701659,33
"649",-2.77251293681936,-5.02796791701659,33
"650",-2.32163231036804,-5.02796791701659,33
"651",-1.87075168391671,-5.02796791701659,33
"652",-1.41987105746538,-5.02796791701659,33
"653",-0.968990431014056,-5.02796791701659,33
"654",-0.518109804562729,-5.02796791701659,33
"655",-0.0672291781114023,-5.17082505987373,33
"656",0.383651448339925,-5.31368220273087,33
"657",0.834532074791252,-5.31368220273087,33
"658",1.28541270124258,-5.45653934558802,33
"659",1.7362933276939,-5.59939648844516,33
"660",2.18717395414523,-5.59939648844516,33
"661",-6.37955794842998,-4.02796791701659,34
"662",-5.92867732197865,-4.17082505987373,34
"663",-5.47779669552733,-4.31368220273087,34
"664",-5.026916069076,-4.59939648844516,34
"665",-4.57603544262467,-4.7422536313023,34
"666",-4.12515481617334,-4.88511077415945,34
"667",-3.67427418972202,-5.02796791701659,34
"668",-3.22339356327069,-5.17082505987373,34
"669",-2.77251293681936,-5.7422536313023,34
"670",-2.32163231036804,-6.88511077415945,34
"671",-1.87075168391671,-6.88511077415945,34
"672",-1.41987105746538,-6.88511077415945,34
"673",-0.968990431014056,-6.88511077415945,34
"674",-0.518109804562729,-6.88511077415945,34
"675",-0.0672291781114023,-6.88511077415945,34
"676",0.383651448339925,-6.88511077415945,34
"677",0.834532074791252,-6.88511077415945,34
"678",1.28541270124258,-6.88511077415945,34
"679",1.7362933276939,-6.88511077415945,34
"680",2.18717395414523,-6.88511077415945,34
"681",-6.37955794842998,-4.02796791701659,35
"682",-5.92867732197865,-4.45653934558802,35
"683",-5.47779669552733,-4.59939648844516,35
"684",-5.026916069076,-4.7422536313023,35
"685",-4.57603544262467,-4.7422536313023,35
"686",-4.12515481617334,-4.88511077415945,35
"687",-3.67427418972202,-4.88511077415945,35
"688",-3.22339356327069,-4.88511077415945,35
"689",-2.77251293681936,-4.88511077415945,35
"690",-2.32163231036804,-4.88511077415945,35
"691",-1.87075168391671,-4.88511077415945,35
"692",-1.41987105746538,-5.02796791701659,35
"693",-0.968990431014056,-6.02796791701659,35
"694",-0.518109804562729,-6.59939648844516,35
"695",-0.0672291781114023,-6.88511077415945,35
"696",0.383651448339925,-6.88511077415945,35
"697",0.834532074791252,-6.88511077415945,35
"698",1.28541270124258,-6.88511077415945,35
"699",1.7362933276939,-6.88511077415945,35
"700",2.18717395414523,-6.88511077415945,35
"701",-6.37955794842998,-4.02796791701659,36
"702",-5.92867732197865,-4.17082505987373,36
"703",-5.47779669552733,-4.45653934558802,36
"704",-5.026916069076,-4.59939648844516,36
"705",-4.57603544262467,-4.7422536313023,36
"706",-4.12515481617334,-4.88511077415945,36
"707",-3.67427418972202,-5.02796791701659,36
"708",-3.22339356327069,-5.02796791701659,36
"709",-2.77251293681936,-5.02796791701659,36
"710",-2.32163231036804,-5.17082505987373,36
"711",-1.87075168391671,-5.17082505987373,36
"712",-1.41987105746538,-5.31368220273087,36
"713",-0.968990431014056,-6.31368220273087,36
"714",-0.518109804562729,-6.88511077415945,36
"715",-0.0672291781114023,-6.88511077415945,36
"716",0.383651448339925,-6.88511077415945,36
"717",0.834532074791252,-6.88511077415945,36
"718",1.28541270124258,-6.88511077415945,36
"719",1.7362933276939,-6.88511077415945,36
"720",2.18717395414523,-6.88511077415945,36
"721",-6.37955794842998,-4.02796791701659,37
"722",-5.92867732197865,-4.02796791701659,37
"723",-5.47779669552733,-4.02796791701659,37
"724",-5.026916069076,-4.31368220273087,37
"725",-4.57603544262467,-4.7422536313023,37
"726",-4.12515481617334,-4.88511077415945,37
"727",-3.67427418972202,-5.17082505987373,37
"728",-3.22339356327069,-5.31368220273087,37
"729",-2.77251293681936,-5.45653934558802,37
"730",-2.32163231036804,-5.45653934558802,37
"731",-1.87075168391671,-6.02796791701659,37
"732",-1.41987105746538,-6.59939648844516,37
"733",-0.968990431014056,-6.88511077415945,37
"734",-0.518109804562729,-6.88511077415945,37
"735",-0.0672291781114023,-6.88511077415945,37
"736",0.383651448339925,-6.88511077415945,37
"737",0.834532074791252,-6.88511077415945,37
"738",1.28541270124258,-6.88511077415945,37
"739",1.7362933276939,-6.88511077415945,37
"740",2.18717395414523,-6.88511077415945,37
"741",-6.37955794842998,-4.7422536313023,38
"742",-5.92867732197865,-4.7422536313023,38
"743",-5.47779669552733,-4.7422536313023,38
"744",-5.026916069076,-4.7422536313023,38
"745",-4.57603544262467,-4.7422536313023,38
"746",-4.12515481617334,-4.88511077415945,38
"747",-3.67427418972202,-4.88511077415945,38
"748",-3.22339356327069,-4.88511077415945,38
"749",-2.77251293681936,-4.88511077415945,38
"750",-2.32163231036804,-6.88511077415945,38
"751",-1.87075168391671,-6.88511077415945,38
"752",-1.41987105746538,-6.88511077415945,38
"753",-0.968990431014056,-6.88511077415945,38
"754",-0.518109804562729,-6.88511077415945,38
"755",-0.0672291781114023,-6.88511077415945,38
"756",0.383651448339925,-6.88511077415945,38
"757",0.834532074791252,-6.88511077415945,38
"758",1.28541270124258,-6.88511077415945,38
"759",1.7362933276939,-6.88511077415945,38
"760",2.18717395414523,-6.88511077415945,38
"761",-6.37955794842998,-4.02796791701659,39
"762",-5.92867732197865,-4.45653934558802,39
"763",-5.47779669552733,-4.59939648844516,39
"764",-5.026916069076,-4.7422536313023,39
"765",-4.57603544262467,-4.7422536313023,39
"766",-4.12515481617334,-4.88511077415945,39
"767",-3.67427418972202,-4.88511077415945,39
"768",-3.22339356327069,-4.88511077415945,39
"769",-2.77251293681936,-4.88511077415945,39
"770",-2.32163231036804,-4.88511077415945,39
"771",-1.87075168391671,-4.88511077415945,39
"772",-1.41987105746538,-4.88511077415945,39
"773",-0.968990431014056,-4.88511077415945,39
"774",-0.518109804562729,-4.88511077415945,39
"775",-0.0672291781114023,-5.45653934558802,39
"776",0.383651448339925,-6.17082505987373,39
"777",0.834532074791252,-6.88511077415945,39
"778",1.28541270124258,-6.88511077415945,39
"779",1.7362933276939,-6.88511077415945,39
"780",2.18717395414523,-6.88511077415945,39
"781",-6.37955794842998,-4.02796791701659,40
"782",-5.92867732197865,-4.02796791701659,40
"783",-5.47779669552733,-4.02796791701659,40
"784",-5.026916069076,-4.31368220273087,40
"785",-4.57603544262467,-4.7422536313023,40
"786",-4.12515481617334,-4.88511077415945,40
"787",-3.67427418972202,-5.02796791701659,40
"788",-3.22339356327069,-5.17082505987373,40
"789",-2.77251293681936,-5.17082505987373,40
"790",-2.32163231036804,-5.17082505987373,40
"791",-1.87075168391671,-5.31368220273087,40
"792",-1.41987105746538,-5.7422536313023,40
"793",-0.968990431014056,-6.02796791701659,40
"794",-0.518109804562729,-6.31368220273087,40
"795",-0.0672291781114023,-6.31368220273087,40
"796",0.383651448339925,-6.31368220273087,40
"797",0.834532074791252,-6.31368220273087,40
"798",1.28541270124258,-6.31368220273087,40
"799",1.7362933276939,-6.31368220273087,40
"800",2.18717395414523,-6.31368220273087,40
"801",-6.37955794842998,-4.02796791701659,41
"802",-5.92867732197865,-4.02796791701659,41
"803",-5.47779669552733,-4.31368220273087,41
"804",-5.026916069076,-4.59939648844516,41
"805",-4.57603544262467,-4.7422536313023,41
"806",-4.12515481617334,-4.88511077415945,41
"807",-3.67427418972202,-4.88511077415945,41
"808",-3.22339356327069,-4.88511077415945,41
"809",-2.77251293681936,-4.88511077415945,41
"810",-2.32163231036804,-4.88511077415945,41
"811",-1.87075168391671,-4.88511077415945,41
"812",-1.41987105746538,-4.88511077415945,41
"813",-0.968990431014056,-4.88511077415945,41
"814",-0.518109804562729,-4.88511077415945,41
"815",-0.0672291781114023,-4.88511077415945,41
"816",0.383651448339925,-5.31368220273087,41
"817",0.834532074791252,-5.7422536313023,41
"818",1.28541270124258,-6.02796791701659,41
"819",1.7362933276939,-6.31368220273087,41
"820",2.18717395414523,-6.59939648844516,41
"821",-6.37955794842998,-4.02796791701659,42
"822",-5.92867732197865,-4.02796791701659,42
"823",-5.47779669552733,-4.02796791701659,42
"824",-5.026916069076,-4.02796791701659,42
"825",-4.57603544262467,-4.59939648844516,42
"826",-4.12515481617334,-5.02796791701659,42
"827",-3.67427418972202,-5.31368220273087,42
"828",-3.22339356327069,-5.45653934558802,42
"829",-2.77251293681936,-5.59939648844516,42
"830",-2.32163231036804,-5.88511077415945,42
"831",-1.87075168391671,-6.7422536313023,42
"832",-1.41987105746538,-6.88511077415945,42
"833",-0.968990431014056,-6.88511077415945,42
"834",-0.518109804562729,-6.88511077415945,42
"835",-0.0672291781114023,-6.88511077415945,42
"836",0.383651448339925,-6.88511077415945,42
"837",0.834532074791252,-6.88511077415945,42
"838",1.28541270124258,-6.88511077415945,42
"839",1.7362933276939,-6.88511077415945,42
"840",2.18717395414523,-6.88511077415945,42
"841",-6.37955794842998,-4.31368220273087,43
"842",-5.92867732197865,-4.59939648844516,43
"843",-5.47779669552733,-4.59939648844516,43
"844",-5.026916069076,-4.7422536313023,43
"845",-4.57603544262467,-4.7422536313023,43
"846",-4.12515481617334,-4.88511077415945,43
"847",-3.67427418972202,-4.88511077415945,43
"848",-3.22339356327069,-4.88511077415945,43
"849",-2.77251293681936,-4.88511077415945,43
"850",-2.32163231036804,-4.88511077415945,43
"851",-1.87075168391671,-4.88511077415945,43
"852",-1.41987105746538,-6.31368220273087,43
"853",-0.968990431014056,-6.88511077415945,43
"854",-0.518109804562729,-6.88511077415945,43
"855",-0.0672291781114023,-6.88511077415945,43
"856",0.383651448339925,-6.88511077415945,43
"857",0.834532074791252,-6.88511077415945,43
"858",1.28541270124258,-6.88511077415945,43
"859",1.7362933276939,-6.88511077415945,43
"860",2.18717395414523,-6.88511077415945,43
"861",-6.37955794842998,-4.02796791701659,44
"862",-5.92867732197865,-4.02796791701659,44
"863",-5.47779669552733,-4.02796791701659,44
"864",-5.026916069076,-4.02796791701659,44
"865",-4.57603544262467,-4.59939648844516,44
"866",-4.12515481617334,-5.17082505987373,44
"867",-3.67427418972202,-5.7422536313023,44
"868",-3.22339356327069,-6.31368220273087,44
"869",-2.77251293681936,-6.7422536313023,44
"870",-2.32163231036804,-6.88511077415945,44
"871",-1.87075168391671,-6.88511077415945,44
"872",-1.41987105746538,-6.88511077415945,44
"873",-0.968990431014056,-6.88511077415945,44
"874",-0.518109804562729,-6.88511077415945,44
"875",-0.0672291781114023,-6.88511077415945,44
"876",0.383651448339925,-6.88511077415945,44
"877",0.834532074791252,-6.88511077415945,44
"878",1.28541270124258,-6.88511077415945,44
"879",1.7362933276939,-6.88511077415945,44
"880",2.18717395414523,-6.88511077415945,44
"881",-6.37955794842998,-4.02796791701659,45
"882",-5.92867732197865,-4.17082505987373,45
"883",-5.47779669552733,-4.45653934558802,45
"884",-5.026916069076,-4.59939648844516,45
"885",-4.57603544262467,-4.7422536313023,45
"886",-4.12515481617334,-4.88511077415945,45
"887",-3.67427418972202,-4.88511077415945,45
"888",-3.22339356327069,-4.88511077415945,45
"889",-2.77251293681936,-4.88511077415945,45
"890",-2.32163231036804,-5.02796791701659,45
"891",-1.87075168391671,-5.02796791701659,45
"892",-1.41987105746538,-5.17082505987373,45
"893",-0.968990431014056,-5.88511077415945,45
"894",-0.518109804562729,-6.59939648844516,45
"895",-0.0672291781114023,-6.88511077415945,45
"896",0.383651448339925,-6.88511077415945,45
"897",0.834532074791252,-6.88511077415945,45
"898",1.28541270124258,-6.88511077415945,45
"899",1.7362933276939,-6.88511077415945,45
"900",2.18717395414523,-6.88511077415945,45
"901",-6.37955794842998,-4.02796791701659,46
"902",-5.92867732197865,-4.45653934558802,46
"903",-5.47779669552733,-4.7422536313023,46
"904",-5.026916069076,-4.7422536313023,46
"905",-4.57603544262467,-4.7422536313023,46
"906",-4.12515481617334,-4.88511077415945,46
"907",-3.67427418972202,-4.88511077415945,46
"908",-3.22339356327069,-4.88511077415945,46
"909",-2.77251293681936,-4.88511077415945,46
"910",-2.32163231036804,-4.88511077415945,46
"911",-1.87075168391671,-4.88511077415945,46
"912",-1.41987105746538,-4.88511077415945,46
"913",-0.968990431014056,-4.88511077415945,46
"914",-0.518109804562729,-4.88511077415945,46
"915",-0.0672291781114023,-4.88511077415945,46
"916",0.383651448339925,-6.88511077415945,46
"917",0.834532074791252,-6.88511077415945,46
"918",1.28541270124258,-6.88511077415945,46
"919",1.7362933276939,-6.88511077415945,46
"920",2.18717395414523,-6.88511077415945,46
"921",-6.37955794842998,-4.02796791701659,47
"922",-5.92867732197865,-4.02796791701659,47
"923",-5.47779669552733,-4.02796791701659,47
"924",-5.026916069076,-4.45653934558802,47
"925",-4.57603544262467,-4.7422536313023,47
"926",-4.12515481617334,-4.88511077415945,47
"927",-3.67427418972202,-4.88511077415945,47
"928",-3.22339356327069,-5.02796791701659,47
"929",-2.77251293681936,-5.17082505987373,47
"930",-2.32163231036804,-5.45653934558802,47
"931",-1.87075168391671,-5.88511077415945,47
"932",-1.41987105746538,-6.17082505987373,47
"933",-0.968990431014056,-6.45653934558802,47
"934",-0.518109804562729,-6.59939648844516,47
"935",-0.0672291781114023,-6.7422536313023,47
"936",0.383651448339925,-6.7422536313023,47
"937",0.834532074791252,-6.7422536313023,47
"938",1.28541270124258,-6.88511077415945,47
"939",1.7362933276939,-6.88511077415945,47
"940",2.18717395414523,-6.88511077415945,47
"941",-6.37955794842998,-4.02796791701659,48
"942",-5.92867732197865,-4.02796791701659,48
"943",-5.47779669552733,-4.02796791701659,48
"944",-5.026916069076,-4.02796791701659,48
"945",-4.57603544262467,-4.59939648844516,48
"946",-4.12515481617334,-5.02796791701659,48
"947",-3.67427418972202,-5.45653934558802,48
"948",-3.22339356327069,-5.7422536313023,48
"949",-2.77251293681936,-6.02796791701659,48
"950",-2.32163231036804,-6.17082505987373,48
"951",-1.87075168391671,-6.31368220273087,48
"952",-1.41987105746538,-6.45653934558802,48
"953",-0.968990431014056,-6.59939648844516,48
"954",-0.518109804562729,-6.7422536313023,48
"955",-0.0672291781114023,-6.7422536313023,48
"956",0.383651448339925,-6.7422536313023,48
"957",0.834532074791252,-6.88511077415945,48
"958",1.28541270124258,-6.88511077415945,48
"959",1.7362933276939,-6.88511077415945,48
"960",2.18717395414523,-6.88511077415945,48
"961",-6.37955794842998,-4.02796791701659,49
"962",-5.92867732197865,-4.02796791701659,49
"963",-5.47779669552733,-4.02796791701659,49
"964",-5.026916069076,-4.17082505987373,49
"965",-4.57603544262467,-4.59939648844516,49
"966",-4.12515481617334,-5.02796791701659,49
"967",-3.67427418972202,-5.31368220273087,49
"968",-3.22339356327069,-5.59939648844516,49
"969",-2.77251293681936,-5.7422536313023,49
"970",-2.32163231036804,-5.88511077415945,49
"971",-1.87075168391671,-6.02796791701659,49
"972",-1.41987105746538,-6.17082505987373,49
"973",-0.968990431014056,-6.31368220273087,49
"974",-0.518109804562729,-6.31368220273087,49
"975",-0.0672291781114023,-6.31368220273087,49
"976",0.383651448339925,-6.45653934558802,49
"977",0.834532074791252,-6.45653934558802,49
"978",1.28541270124258,-6.45653934558802,49
"979",1.7362933276939,-6.45653934558802,49
"980",2.18717395414523,-6.45653934558802,49
"981",-6.37955794842998,-4.02796791701659,50
"982",-5.92867732197865,-4.02796791701659,50
"983",-5.47779669552733,-4.02796791701659,50
"984",-5.026916069076,-4.02796791701659,50
"985",-4.57603544262467,-4.02796791701659,50
"986",-4.12515481617334,-6.45653934558802,50
"987",-3.67427418972202,-6.7422536313023,50
"988",-3.22339356327069,-6.7422536313023,50
"989",-2.77251293681936,-6.88511077415945,50
"990",-2.32163231036804,-6.88511077415945,50
"991",-1.87075168391671,-6.88511077415945,50
"992",-1.41987105746538,-6.88511077415945,50
"993",-0.968990431014056,-6.88511077415945,50
"994",-0.518109804562729,-6.88511077415945,50
"995",-0.0672291781114023,-6.88511077415945,50
"996",0.383651448339925,-6.88511077415945,50
"997",0.834532074791252,-6.88511077415945,50
"998",1.28541270124258,-6.88511077415945,50
"999",1.7362933276939,-6.88511077415945,50
"1000",2.18717395414523,-6.88511077415945,50
"1001",-6.37955794842998,-4.02796791701659,51
"1002",-5.92867732197865,-4.7422536313023,51
"1003",-5.47779669552733,-4.7422536313023,51
"1004",-5.026916069076,-4.7422536313023,51
"1005",-4.57603544262467,-4.7422536313023,51
"1006",-4.12515481617334,-4.88511077415945,51
"1007",-3.67427418972202,-4.88511077415945,51
"1008",-3.22339356327069,-4.88511077415945,51
"1009",-2.77251293681936,-4.88511077415945,51
"1010",-2.32163231036804,-4.88511077415945,51
"1011",-1.87075168391671,-6.59939648844516,51
"1012",-1.41987105746538,-6.88511077415945,51
"1013",-0.968990431014056,-6.88511077415945,51
"1014",-0.518109804562729,-6.88511077415945,51
"1015",-0.0672291781114023,-6.88511077415945,51
"1016",0.383651448339925,-6.88511077415945,51
"1017",0.834532074791252,-6.88511077415945,51
"1018",1.28541270124258,-6.88511077415945,51
"1019",1.7362933276939,-6.88511077415945,51
"1020",2.18717395414523,-6.88511077415945,51
"1021",-6.37955794842998,-4.02796791701659,52
"1022",-5.92867732197865,-4.02796791701659,52
"1023",-5.47779669552733,-4.02796791701659,52
"1024",-5.026916069076,-4.02796791701659,52
"1025",-4.57603544262467,-4.59939648844516,52
"1026",-4.12515481617334,-5.02796791701659,52
"1027",-3.67427418972202,-5.31368220273087,52
"1028",-3.22339356327069,-5.31368220273087,52
"1029",-2.77251293681936,-5.45653934558802,52
"1030",-2.32163231036804,-5.45653934558802,52
"1031",-1.87075168391671,-5.59939648844516,52
"1032",-1.41987105746538,-6.88511077415945,52
"1033",-0.968990431014056,-6.88511077415945,52
"1034",-0.518109804562729,-6.88511077415945,52
"1035",-0.0672291781114023,-6.88511077415945,52
"1036",0.383651448339925,-6.88511077415945,52
"1037",0.834532074791252,-6.88511077415945,52
"1038",1.28541270124258,-6.88511077415945,52
"1039",1.7362933276939,-6.88511077415945,52
"1040",2.18717395414523,-6.88511077415945,52
"1041",-6.37955794842998,-4.02796791701659,53
"1042",-5.92867732197865,-4.7422536313023,53
"1043",-5.47779669552733,-4.7422536313023,53
"1044",-5.026916069076,-4.7422536313023,53
"1045",-4.57603544262467,-4.7422536313023,53
"1046",-4.12515481617334,-4.88511077415945,53
"1047",-3.67427418972202,-4.88511077415945,53
"1048",-3.22339356327069,-4.88511077415945,53
"1049",-2.77251293681936,-4.88511077415945,53
"1050",-2.32163231036804,-4.88511077415945,53
"1051",-1.87075168391671,-4.88511077415945,53
"1052",-1.41987105746538,-4.88511077415945,53
"1053",-0.968990431014056,-4.88511077415945,53
"1054",-0.518109804562729,-4.88511077415945,53
"1055",-0.0672291781114023,-4.88511077415945,53
"1056",0.383651448339925,-5.02796791701659,53
"1057",0.834532074791252,-5.17082505987373,53
"1058",1.28541270124258,-5.31368220273087,53
"1059",1.7362933276939,-5.31368220273087,53
"1060",2.18717395414523,-5.31368220273087,53
"1061",-6.37955794842998,-4.59939648844516,54
"1062",-5.92867732197865,-4.59939648844516,54
"1063",-5.47779669552733,-4.7422536313023,54
"1064",-5.026916069076,-4.7422536313023,54
"1065",-4.57603544262467,-4.7422536313023,54
"1066",-4.12515481617334,-4.88511077415945,54
"1067",-3.67427418972202,-4.88511077415945,54
"1068",-3.22339356327069,-4.88511077415945,54
"1069",-2.77251293681936,-4.88511077415945,54
"1070",-2.32163231036804,-5.31368220273087,54
"1071",-1.87075168391671,-5.88511077415945,54
"1072",-1.41987105746538,-6.88511077415945,54
"1073",-0.968990431014056,-6.88511077415945,54
"1074",-0.518109804562729,-6.88511077415945,54
"1075",-0.0672291781114023,-6.88511077415945,54
"1076",0.383651448339925,-6.88511077415945,54
"1077",0.834532074791252,-6.88511077415945,54
"1078",1.28541270124258,-6.88511077415945,54
"1079",1.7362933276939,-6.88511077415945,54
"1080",2.18717395414523,-6.88511077415945,54
"1081",-6.37955794842998,-4.02796791701659,55
"1082",-5.92867732197865,-4.02796791701659,55
"1083",-5.47779669552733,-4.31368220273087,55
"1084",-5.026916069076,-4.59939648844516,55
"1085",-4.57603544262467,-4.7422536313023,55
"1086",-4.12515481617334,-4.88511077415945,55
"1087",-3.67427418972202,-5.31368220273087,55
"1088",-3.22339356327069,-5.88511077415945,55
"1089",-2.77251293681936,-6.31368220273087,55
"1090",-2.32163231036804,-6.7422536313023,55
"1091",-1.87075168391671,-6.88511077415945,55
"1092",-1.41987105746538,-6.88511077415945,55
"1093",-0.968990431014056,-6.88511077415945,55
"1094",-0.518109804562729,-6.88511077415945,55
"1095",-0.0672291781114023,-6.88511077415945,55
"1096",0.383651448339925,-6.88511077415945,55
"1097",0.834532074791252,-6.88511077415945,55
"1098",1.28541270124258,-6.88511077415945,55
"1099",1.7362933276939,-6.88511077415945,55
"1100",2.18717395414523,-6.88511077415945,55
"1101",-6.37955794842998,-4.02796791701659,56
"1102",-5.92867732197865,-4.02796791701659,56
"1103",-5.47779669552733,-4.17082505987373,56
"1104",-5.026916069076,-4.45653934558802,56
"1105",-4.57603544262467,-4.7422536313023,56
"1106",-4.12515481617334,-4.88511077415945,56
"1107",-3.67427418972202,-5.17082505987373,56
"1108",-3.22339356327069,-5.31368220273087,56
"1109",-2.77251293681936,-5.45653934558802,56
"1110",-2.32163231036804,-5.59939648844516,56
"1111",-1.87075168391671,-5.7422536313023,56
"1112",-1.41987105746538,-5.88511077415945,56
"1113",-0.968990431014056,-6.02796791701659,56
"1114",-0.518109804562729,-6.02796791701659,56
"1115",-0.0672291781114023,-6.17082505987373,56
"1116",0.383651448339925,-6.17082505987373,56
"1117",0.834532074791252,-6.31368220273087,56
"1118",1.28541270124258,-6.31368220273087,56
"1119",1.7362933276939,-6.31368220273087,56
"1120",2.18717395414523,-6.31368220273087,56
"1121",-6.37955794842998,-4.02796791701659,57
"1122",-5.92867732197865,-4.02796791701659,57
"1123",-5.47779669552733,-4.31368220273087,57
"1124",-5.026916069076,-4.59939648844516,57
"1125",-4.57603544262467,-4.7422536313023,57
"1126",-4.12515481617334,-4.88511077415945,57
"1127",-3.67427418972202,-4.88511077415945,57
"1128",-3.22339356327069,-5.02796791701659,57
"1129",-2.77251293681936,-5.02796791701659,57
"1130",-2.32163231036804,-5.02796791701659,57
"1131",-1.87075168391671,-5.02796791701659,57
"1132",-1.41987105746538,-5.59939648844516,57
"1133",-0.968990431014056,-6.17082505987373,57
"1134",-0.518109804562729,-6.59939648844516,57
"1135",-0.0672291781114023,-6.88511077415945,57
"1136",0.383651448339925,-6.88511077415945,57
"1137",0.834532074791252,-6.88511077415945,57
"1138",1.28541270124258,-6.88511077415945,57
"1139",1.7362933276939,-6.88511077415945,57
"1140",2.18717395414523,-6.88511077415945,57
"1141",-6.37955794842998,-4.02796791701659,58
"1142",-5.92867732197865,-4.02796791701659,58
"1143",-5.47779669552733,-4.02796791701659,58
"1144",-5.026916069076,-4.45653934558802,58
"1145",-4.57603544262467,-4.7422536313023,58
"1146",-4.12515481617334,-4.88511077415945,58
"1147",-3.67427418972202,-5.17082505987373,58
"1148",-3.22339356327069,-5.31368220273087,58
"1149",-2.77251293681936,-5.59939648844516,58
"1150",-2.32163231036804,-5.7422536313023,58
"1151",-1.87075168391671,-5.88511077415945,58
"1152",-1.41987105746538,-6.02796791701659,58
"1153",-0.968990431014056,-6.17082505987373,58
"1154",-0.518109804562729,-6.31368220273087,58
"1155",-0.0672291781114023,-6.45653934558802,58
"1156",0.383651448339925,-6.59939648844516,58
"1157",0.834532074791252,-6.7422536313023,58
"1158",1.28541270124258,-6.88511077415945,58
"1159",1.7362933276939,-6.88511077415945,58
"1160",2.18717395414523,-6.88511077415945,58
"1161",-6.37955794842998,-4.02796791701659,59
"1162",-5.92867732197865,-4.02796791701659,59
"1163",-5.47779669552733,-4.02796791701659,59
"1164",-5.026916069076,-4.02796791701659,59
"1165",-4.57603544262467,-4.59939648844516,59
"1166",-4.12515481617334,-5.02796791701659,59
"1167",-3.67427418972202,-5.45653934558802,59
"1168",-3.22339356327069,-5.88511077415945,59
"1169",-2.77251293681936,-6.17082505987373,59
"1170",-2.32163231036804,-6.45653934558802,59
"1171",-1.87075168391671,-6.88511077415945,59
"1172",-1.41987105746538,-6.88511077415945,59
"1173",-0.968990431014056,-6.88511077415945,59
"1174",-0.518109804562729,-6.88511077415945,59
"1175",-0.0672291781114023,-6.88511077415945,59
"1176",0.383651448339925,-6.88511077415945,59
"1177",0.834532074791252,-6.88511077415945,59
"1178",1.28541270124258,-6.88511077415945,59
"1179",1.7362933276939,-6.88511077415945,59
"1180",2.18717395414523,-6.88511077415945,59
"1181",-6.37955794842998,-4.02796791701659,60
"1182",-5.92867732197865,-4.02796791701659,60
"1183",-5.47779669552733,-4.02796791701659,60
"1184",-5.026916069076,-4.02796791701659,60
"1185",-4.57603544262467,-4.02796791701659,60
"1186",-4.12515481617334,-6.88511077415945,60
"1187",-3.67427418972202,-6.88511077415945,60
"1188",-3.22339356327069,-6.88511077415945,60
"1189",-2.77251293681936,-6.88511077415945,60
"1190",-2.32163231036804,-6.88511077415945,60
"1191",-1.87075168391671,-6.88511077415945,60
"1192",-1.41987105746538,-6.88511077415945,60
"1193",-0.968990431014056,-6.88511077415945,60
"1194",-0.518109804562729,-6.88511077415945,60
"1195",-0.0672291781114023,-6.88511077415945,60
"1196",0.383651448339925,-6.88511077415945,60
"1197",0.834532074791252,-6.88511077415945,60
"1198",1.28541270124258,-6.88511077415945,60
"1199",1.7362933276939,-6.88511077415945,60
"1200",2.18717395414523,-6.88511077415945,60
"1201",-6.37955794842998,-4.02796791701659,61
"1202",-5.92867732197865,-4.02796791701659,61
"1203",-5.47779669552733,-4.02796791701659,61
"1204",-5.026916069076,-4.02796791701659,61
"1205",-4.57603544262467,-4.45653934558802,61
"1206",-4.12515481617334,-5.17082505987373,61
"1207",-3.67427418972202,-5.7422536313023,61
"1208",-3.22339356327069,-6.17082505987373,61
"1209",-2.77251293681936,-6.45653934558802,61
"1210",-2.32163231036804,-6.7422536313023,61
"1211",-1.87075168391671,-6.88511077415945,61
"1212",-1.41987105746538,-6.88511077415945,61
"1213",-0.968990431014056,-6.88511077415945,61
"1214",-0.518109804562729,-6.88511077415945,61
"1215",-0.0672291781114023,-6.88511077415945,61
"1216",0.383651448339925,-6.88511077415945,61
"1217",0.834532074791252,-6.88511077415945,61
"1218",1.28541270124258,-6.88511077415945,61
"1219",1.7362933276939,-6.88511077415945,61
"1220",2.18717395414523,-6.88511077415945,61
"1221",-6.37955794842998,-4.02796791701659,62
"1222",-5.92867732197865,-4.02796791701659,62
"1223",-5.47779669552733,-4.02796791701659,62
"1224",-5.026916069076,-4.17082505987373,62
"1225",-4.57603544262467,-4.45653934558802,62
"1226",-4.12515481617334,-5.59939648844516,62
"1227",-3.67427418972202,-6.88511077415945,62
"1228",-3.22339356327069,-6.88511077415945,62
"1229",-2.77251293681936,-6.88511077415945,62
"1230",-2.32163231036804,-6.88511077415945,62
"1231",-1.87075168391671,-6.88511077415945,62
"1232",-1.41987105746538,-6.88511077415945,62
"1233",-0.968990431014056,-6.88511077415945,62
"1234",-0.518109804562729,-6.88511077415945,62
"1235",-0.0672291781114023,-6.88511077415945,62
"1236",0.383651448339925,-6.88511077415945,62
"1237",0.834532074791252,-6.88511077415945,62
"1238",1.28541270124258,-6.88511077415945,62
"1239",1.7362933276939,-6.88511077415945,62
"1240",2.18717395414523,-6.88511077415945,62
"1241",-6.37955794842998,-4.02796791701659,63
"1242",-5.92867732197865,-4.17082505987373,63
"1243",-5.47779669552733,-4.45653934558802,63
"1244",-5.026916069076,-4.59939648844516,63
"1245",-4.57603544262467,-4.7422536313023,63
"1246",-4.12515481617334,-4.88511077415945,63
"1247",-3.67427418972202,-5.02796791701659,63
"1248",-3.22339356327069,-6.31368220273087,63
"1249",-2.77251293681936,-6.88511077415945,63
"1250",-2.32163231036804,-6.88511077415945,63
"1251",-1.87075168391671,-6.88511077415945,63
"1252",-1.41987105746538,-6.88511077415945,63
"1253",-0.968990431014056,-6.88511077415945,63
"1254",-0.518109804562729,-6.88511077415945,63
"1255",-0.0672291781114023,-6.88511077415945,63
"1256",0.383651448339925,-6.88511077415945,63
"1257",0.834532074791252,-6.88511077415945,63
"1258",1.28541270124258,-6.88511077415945,63
"1259",1.7362933276939,-6.88511077415945,63
"1260",2.18717395414523,-6.88511077415945,63
"1261",-6.37955794842998,-4.7422536313023,64
"1262",-5.92867732197865,-4.7422536313023,64
"1263",-5.47779669552733,-4.7422536313023,64
"1264",-5.026916069076,-4.7422536313023,64
"1265",-4.57603544262467,-4.7422536313023,64
"1266",-4.12515481617334,-4.88511077415945,64
"1267",-3.67427418972202,-4.88511077415945,64
"1268",-3.22339356327069,-4.88511077415945,64
"1269",-2.77251293681936,-4.88511077415945,64
"1270",-2.32163231036804,-5.45653934558802,64
"1271",-1.87075168391671,-5.88511077415945,64
"1272",-1.41987105746538,-6.45653934558802,64
"1273",-0.968990431014056,-6.88511077415945,64
"1274",-0.518109804562729,-6.88511077415945,64
"1275",-0.0672291781114023,-6.88511077415945,64
"1276",0.383651448339925,-6.88511077415945,64
"1277",0.834532074791252,-6.88511077415945,64
"1278",1.28541270124258,-6.88511077415945,64
"1279",1.7362933276939,-6.88511077415945,64
"1280",2.18717395414523,-6.88511077415945,64
"1281",-6.37955794842998,-4.45653934558802,65
"1282",-5.92867732197865,-4.59939648844516,65
"1283",-5.47779669552733,-4.7422536313023,65
"1284",-5.026916069076,-4.7422536313023,65
"1285",-4.57603544262467,-4.7422536313023,65
"1286",-4.12515481617334,-4.88511077415945,65
"1287",-3.67427418972202,-5.31368220273087,65
"1288",-3.22339356327069,-5.7422536313023,65
"1289",-2.77251293681936,-6.02796791701659,65
"1290",-2.32163231036804,-6.45653934558802,65
"1291",-1.87075168391671,-6.7422536313023,65
"1292",-1.41987105746538,-6.88511077415945,65
"1293",-0.968990431014056,-6.88511077415945,65
"1294",-0.518109804562729,-6.88511077415945,65
"1295",-0.0672291781114023,-6.88511077415945,65
"1296",0.383651448339925,-6.88511077415945,65
"1297",0.834532074791252,-6.88511077415945,65
"1298",1.28541270124258,-6.88511077415945,65
"1299",1.7362933276939,-6.88511077415945,65
"1300",2.18717395414523,-6.88511077415945,65
"1301",-6.37955794842998,-4.02796791701659,66
"1302",-5.92867732197865,-4.02796791701659,66
"1303",-5.47779669552733,-4.02796791701659,66
"1304",-5.026916069076,-4.02796791701659,66
"1305",-4.57603544262467,-4.59939648844516,66
"1306",-4.12515481617334,-5.17082505987373,66
"1307",-3.67427418972202,-5.59939648844516,66
"1308",-3.22339356327069,-6.02796791701659,66
"1309",-2.77251293681936,-6.45653934558802,66
"1310",-2.32163231036804,-6.7422536313023,66
"1311",-1.87075168391671,-6.88511077415945,66
"1312",-1.41987105746538,-6.88511077415945,66
"1313",-0.968990431014056,-6.88511077415945,66
"1314",-0.518109804562729,-6.88511077415945,66
"1315",-0.0672291781114023,-6.88511077415945,66
"1316",0.383651448339925,-6.88511077415945,66
"1317",0.834532074791252,-6.88511077415945,66
"1318",1.28541270124258,-6.88511077415945,66
"1319",1.7362933276939,-6.88511077415945,66
"1320",2.18717395414523,-6.88511077415945,66
"1321",-6.37955794842998,-4.02796791701659,67
"1322",-5.92867732197865,-4.02796791701659,67
"1323",-5.47779669552733,-4.02796791701659,67
"1324",-5.026916069076,-4.02796791701659,67
"1325",-4.57603544262467,-4.31368220273087,67
"1326",-4.12515481617334,-6.59939648844516,67
"1327",-3.67427418972202,-6.88511077415945,67
"1328",-3.22339356327069,-6.88511077415945,67
"1329",-2.77251293681936,-6.88511077415945,67
"1330",-2.32163231036804,-6.88511077415945,67
"1331",-1.87075168391671,-6.88511077415945,67
"1332",-1.41987105746538,-6.88511077415945,67
"1333",-0.968990431014056,-6.88511077415945,67
"1334",-0.518109804562729,-6.88511077415945,67
"1335",-0.0672291781114023,-6.88511077415945,67
"1336",0.383651448339925,-6.88511077415945,67
"1337",0.834532074791252,-6.88511077415945,67
"1338",1.28541270124258,-6.88511077415945,67
"1339",1.7362933276939,-6.88511077415945,67
"1340",2.18717395414523,-6.88511077415945,67
"1341",-6.37955794842998,-4.02796791701659,68
"1342",-5.92867732197865,-4.02796791701659,68
"1343",-5.47779669552733,-4.17082505987373,68
"1344",-5.026916069076,-4.45653934558802,68
"1345",-4.57603544262467,-4.7422536313023,68
"1346",-4.12515481617334,-4.88511077415945,68
"1347",-3.67427418972202,-5.02796791701659,68
"1348",-3.22339356327069,-5.17082505987373,68
"1349",-2.77251293681936,-5.17082505987373,68
"1350",-2.32163231036804,-5.17082505987373,68
"1351",-1.87075168391671,-5.17082505987373,68
"1352",-1.41987105746538,-5.31368220273087,68
"1353",-0.968990431014056,-5.31368220273087,68
"1354",-0.518109804562729,-5.31368220273087,68
"1355",-0.0672291781114023,-5.31368220273087,68
"1356",0.383651448339925,-5.31368220273087,68
"1357",0.834532074791252,-5.31368220273087,68
"1358",1.28541270124258,-5.31368220273087,68
"1359",1.7362933276939,-5.31368220273087,68
"1360",2.18717395414523,-5.45653934558802,68
"1361",-6.37955794842998,-4.02796791701659,69
"1362",-5.92867732197865,-4.02796791701659,69
"1363",-5.47779669552733,-4.02796791701659,69
"1364",-5.026916069076,-4.02796791701659,69
"1365",-4.57603544262467,-4.45653934558802,69
"1366",-4.12515481617334,-5.02796791701659,69
"1367",-3.67427418972202,-5.31368220273087,69
"1368",-3.22339356327069,-5.31368220273087,69
"1369",-2.77251293681936,-5.31368220273087,69
"1370",-2.32163231036804,-5.31368220273087,69
"1371",-1.87075168391671,-5.31368220273087,69
"1372",-1.41987105746538,-5.59939648844516,69
"1373",-0.968990431014056,-6.88511077415945,69
"1374",-0.518109804562729,-6.88511077415945,69
"1375",-0.0672291781114023,-6.88511077415945,69
"1376",0.383651448339925,-6.88511077415945,69
"1377",0.834532074791252,-6.88511077415945,69
"1378",1.28541270124258,-6.88511077415945,69
"1379",1.7362933276939,-6.88511077415945,69
"1380",2.18717395414523,-6.88511077415945,69
"1381",-6.37955794842998,-4.31368220273087,70
"1382",-5.92867732197865,-4.59939648844516,70
"1383",-5.47779669552733,-4.7422536313023,70
"1384",-5.026916069076,-4.7422536313023,70
"1385",-4.57603544262467,-4.7422536313023,70
"1386",-4.12515481617334,-4.88511077415945,70
"1387",-3.67427418972202,-4.88511077415945,70
"1388",-3.22339356327069,-5.02796791701659,70
"1389",-2.77251293681936,-5.31368220273087,70
"1390",-2.32163231036804,-5.59939648844516,70
"1391",-1.87075168391671,-5.7422536313023,70
"1392",-1.41987105746538,-5.7422536313023,70
"1393",-0.968990431014056,-5.88511077415945,70
"1394",-0.518109804562729,-6.31368220273087,70
"1395",-0.0672291781114023,-6.7422536313023,70
"1396",0.383651448339925,-6.88511077415945,70
"1397",0.834532074791252,-6.88511077415945,70
"1398",1.28541270124258,-6.88511077415945,70
"1399",1.7362933276939,-6.88511077415945,70
"1400",2.18717395414523,-6.88511077415945,70
"1401",-6.37955794842998,-4.02796791701659,71
"1402",-5.92867732197865,-4.02796791701659,71
"1403",-5.47779669552733,-4.02796791701659,71
"1404",-5.026916069076,-4.02796791701659,71
"1405",-4.57603544262467,-4.59939648844516,71
"1406",-4.12515481617334,-5.02796791701659,71
"1407",-3.67427418972202,-5.31368220273087,71
"1408",-3.22339356327069,-5.45653934558802,71
"1409",-2.77251293681936,-5.59939648844516,71
"1410",-2.32163231036804,-5.59939648844516,71
"1411",-1.87075168391671,-5.59939648844516,71
"1412",-1.41987105746538,-5.59939648844516,71
"1413",-0.968990431014056,-6.31368220273087,71
"1414",-0.518109804562729,-6.88511077415945,71
"1415",-0.0672291781114023,-6.88511077415945,71
"1416",0.383651448339925,-6.88511077415945,71
"1417",0.834532074791252,-6.88511077415945,71
"1418",1.28541270124258,-6.88511077415945,71
"1419",1.7362933276939,-6.88511077415945,71
"1420",2.18717395414523,-6.88511077415945,71
"1421",-6.37955794842998,-4.02796791701659,72
"1422",-5.92867732197865,-4.02796791701659,72
"1423",-5.47779669552733,-4.02796791701659,72
"1424",-5.026916069076,-4.31368220273087,72
"1425",-4.57603544262467,-4.59939648844516,72
"1426",-4.12515481617334,-5.02796791701659,72
"1427",-3.67427418972202,-5.31368220273087,72
"1428",-3.22339356327069,-5.59939648844516,72
"1429",-2.77251293681936,-5.7422536313023,72
"1430",-2.32163231036804,-5.88511077415945,72
"1431",-1.87075168391671,-6.02796791701659,72
"1432",-1.41987105746538,-6.17082505987373,72
"1433",-0.968990431014056,-6.31368220273087,72
"1434",-0.518109804562729,-6.59939648844516,72
"1435",-0.0672291781114023,-6.88511077415945,72
"1436",0.383651448339925,-6.88511077415945,72
"1437",0.834532074791252,-6.88511077415945,72
"1438",1.28541270124258,-6.88511077415945,72
"1439",1.7362933276939,-6.88511077415945,72
"1440",2.18717395414523,-6.88511077415945,72
"1441",-6.37955794842998,-4.7422536313023,73
"1442",-5.92867732197865,-4.7422536313023,73
"1443",-5.47779669552733,-4.7422536313023,73
"1444",-5.026916069076,-4.7422536313023,73
"1445",-4.57603544262467,-4.7422536313023,73
"1446",-4.12515481617334,-4.88511077415945,73
"1447",-3.67427418972202,-4.88511077415945,73
"1448",-3.22339356327069,-4.88511077415945,73
"1449",-2.77251293681936,-5.59939648844516,73
"1450",-2.32163231036804,-6.45653934558802,73
"1451",-1.87075168391671,-6.88511077415945,73
"1452",-1.41987105746538,-6.88511077415945,73
"1453",-0.968990431014056,-6.88511077415945,73
"1454",-0.518109804562729,-6.88511077415945,73
"1455",-0.0672291781114023,-6.88511077415945,73
"1456",0.383651448339925,-6.88511077415945,73
"1457",0.834532074791252,-6.88511077415945,73
"1458",1.28541270124258,-6.88511077415945,73
"1459",1.7362933276939,-6.88511077415945,73
"1460",2.18717395414523,-6.88511077415945,73
"1461",-6.37955794842998,-4.02796791701659,74
"1462",-5.92867732197865,-4.02796791701659,74
"1463",-5.47779669552733,-4.17082505987373,74
"1464",-5.026916069076,-4.45653934558802,74
"1465",-4.57603544262467,-4.7422536313023,74
"1466",-4.12515481617334,-4.88511077415945,74
"1467",-3.67427418972202,-5.02796791701659,74
"1468",-3.22339356327069,-5.17082505987373,74
"1469",-2.77251293681936,-5.31368220273087,74
"1470",-2.32163231036804,-5.45653934558802,74
"1471",-1.87075168391671,-5.59939648844516,74
"1472",-1.41987105746538,-5.7422536313023,74
"1473",-0.968990431014056,-5.7422536313023,74
"1474",-0.518109804562729,-6.17082505987373,74
"1475",-0.0672291781114023,-6.88511077415945,74
"1476",0.383651448339925,-6.88511077415945,74
"1477",0.834532074791252,-6.88511077415945,74
"1478",1.28541270124258,-6.88511077415945,74
"1479",1.7362933276939,-6.88511077415945,74
"1480",2.18717395414523,-6.88511077415945,74
"1481",-6.37955794842998,-4.02796791701659,75
"1482",-5.92867732197865,-4.02796791701659,75
"1483",-5.47779669552733,-4.02796791701659,75
"1484",-5.026916069076,-4.02796791701659,75
"1485",-4.57603544262467,-4.02796791701659,75
"1486",-4.12515481617334,-5.17082505987373,75
"1487",-3.67427418972202,-5.31368220273087,75
"1488",-3.22339356327069,-5.31368220273087,75
"1489",-2.77251293681936,-5.31368220273087,75
"1490",-2.32163231036804,-5.31368220273087,75
"1491",-1.87075168391671,-5.31368220273087,75
"1492",-1.41987105746538,-5.31368220273087,75
"1493",-0.968990431014056,-5.31368220273087,75
"1494",-0.518109804562729,-5.31368220273087,75
"1495",-0.0672291781114023,-5.31368220273087,75
"1496",0.383651448339925,-5.31368220273087,75
"1497",0.834532074791252,-5.45653934558802,75
"1498",1.28541270124258,-5.45653934558802,75
"1499",1.7362933276939,-5.59939648844516,75
"1500",2.18717395414523,-5.59939648844516,75
"1501",-6.37955794842998,-4.02796791701659,76
"1502",-5.92867732197865,-4.02796791701659,76
"1503",-5.47779669552733,-4.02796791701659,76
"1504",-5.026916069076,-4.02796791701659,76
"1505",-4.57603544262467,-4.7422536313023,76
"1506",-4.12515481617334,-4.88511077415945,76
"1507",-3.67427418972202,-5.02796791701659,76
"1508",-3.22339356327069,-5.02796791701659,76
"1509",-2.77251293681936,-5.02796791701659,76
"1510",-2.32163231036804,-5.02796791701659,76
"1511",-1.87075168391671,-5.02796791701659,76
"1512",-1.41987105746538,-5.31368220273087,76
"1513",-0.968990431014056,-6.17082505987373,76
"1514",-0.518109804562729,-6.7422536313023,76
"1515",-0.0672291781114023,-6.88511077415945,76
"1516",0.383651448339925,-6.88511077415945,76
"1517",0.834532074791252,-6.88511077415945,76
"1518",1.28541270124258,-6.88511077415945,76
"1519",1.7362933276939,-6.88511077415945,76
"1520",2.18717395414523,-6.88511077415945,76
"1521",-6.37955794842998,-4.02796791701659,77
"1522",-5.92867732197865,-4.02796791701659,77
"1523",-5.47779669552733,-4.02796791701659,77
"1524",-5.026916069076,-4.02796791701659,77
"1525",-4.57603544262467,-4.31368220273087,77
"1526",-4.12515481617334,-5.31368220273087,77
"1527",-3.67427418972202,-6.02796791701659,77
"1528",-3.22339356327069,-6.7422536313023,77
"1529",-2.77251293681936,-6.88511077415945,77
"1530",-2.32163231036804,-6.88511077415945,77
"1531",-1.87075168391671,-6.88511077415945,77
"1532",-1.41987105746538,-6.88511077415945,77
"1533",-0.968990431014056,-6.88511077415945,77
"1534",-0.518109804562729,-6.88511077415945,77
"1535",-0.0672291781114023,-6.88511077415945,77
"1536",0.383651448339925,-6.88511077415945,77
"1537",0.834532074791252,-6.88511077415945,77
"1538",1.28541270124258,-6.88511077415945,77
"1539",1.7362933276939,-6.88511077415945,77
"1540",2.18717395414523,-6.88511077415945,77
"1541",-6.37955794842998,-4.02796791701659,78
"1542",-5.92867732197865,-4.02796791701659,78
"1543",-5.47779669552733,-4.02796791701659,78
"1544",-5.026916069076,-4.45653934558802,78
"1545",-4.57603544262467,-4.7422536313023,78
"1546",-4.12515481617334,-4.88511077415945,78
"1547",-3.67427418972202,-5.02796791701659,78
"1548",-3.22339356327069,-5.17082505987373,78
"1549",-2.77251293681936,-5.31368220273087,78
"1550",-2.32163231036804,-6.02796791701659,78
"1551",-1.87075168391671,-6.88511077415945,78
"1552",-1.41987105746538,-6.88511077415945,78
"1553",-0.968990431014056,-6.88511077415945,78
"1554",-0.518109804562729,-6.88511077415945,78
"1555",-0.0672291781114023,-6.88511077415945,78
"1556",0.383651448339925,-6.88511077415945,78
"1557",0.834532074791252,-6.88511077415945,78
"1558",1.28541270124258,-6.88511077415945,78
"1559",1.7362933276939,-6.88511077415945,78
"1560",2.18717395414523,-6.88511077415945,78
"1561",-6.37955794842998,-4.02796791701659,79
"1562",-5.92867732197865,-4.02796791701659,79
"1563",-5.47779669552733,-4.02796791701659,79
"1564",-5.026916069076,-4.17082505987373,79
"1565",-4.57603544262467,-4.59939648844516,79
"1566",-4.12515481617334,-4.88511077415945,79
"1567",-3.67427418972202,-5.02796791701659,79
"1568",-3.22339356327069,-5.17082505987373,79
"1569",-2.77251293681936,-5.17082505987373,79
"1570",-2.32163231036804,-5.17082505987373,79
"1571",-1.87075168391671,-5.17082505987373,79
"1572",-1.41987105746538,-5.31368220273087,79
"1573",-0.968990431014056,-5.7422536313023,79
"1574",-0.518109804562729,-6.45653934558802,79
"1575",-0.0672291781114023,-6.88511077415945,79
"1576",0.383651448339925,-6.88511077415945,79
"1577",0.834532074791252,-6.88511077415945,79
"1578",1.28541270124258,-6.88511077415945,79
"1579",1.7362933276939,-6.88511077415945,79
"1580",2.18717395414523,-6.88511077415945,79
"1581",-6.37955794842998,-4.7422536313023,80
"1582",-5.92867732197865,-4.7422536313023,80
"1583",-5.47779669552733,-4.7422536313023,80
"1584",-5.026916069076,-4.7422536313023,80
"1585",-4.57603544262467,-4.7422536313023,80
"1586",-4.12515481617334,-4.88511077415945,80
"1587",-3.67427418972202,-4.88511077415945,80
"1588",-3.22339356327069,-4.88511077415945,80
"1589",-2.77251293681936,-4.88511077415945,80
"1590",-2.32163231036804,-4.88511077415945,80
"1591",-1.87075168391671,-5.17082505987373,80
"1592",-1.41987105746538,-5.7422536313023,80
"1593",-0.968990431014056,-6.31368220273087,80
"1594",-0.518109804562729,-6.7422536313023,80
"1595",-0.0672291781114023,-6.88511077415945,80
"1596",0.383651448339925,-6.88511077415945,80
"1597",0.834532074791252,-6.88511077415945,80
"1598",1.28541270124258,-6.88511077415945,80
"1599",1.7362933276939,-6.88511077415945,80
"1600",2.18717395414523,-6.88511077415945,80
"1601",-6.37955794842998,-4.02796791701659,81
"1602",-5.92867732197865,-4.02796791701659,81
"1603",-5.47779669552733,-4.02796791701659,81
"1604",-5.026916069076,-4.31368220273087,81
"1605",-4.57603544262467,-4.7422536313023,81
"1606",-4.12515481617334,-5.02796791701659,81
"1607",-3.67427418972202,-5.7422536313023,81
"1608",-3.22339356327069,-6.88511077415945,81
"1609",-2.77251293681936,-6.88511077415945,81
"1610",-2.32163231036804,-6.88511077415945,81
"1611",-1.87075168391671,-6.88511077415945,81
"1612",-1.41987105746538,-6.88511077415945,81
"1613",-0.968990431014056,-6.88511077415945,81
"1614",-0.518109804562729,-6.88511077415945,81
"1615",-0.0672291781114023,-6.88511077415945,81
"1616",0.383651448339925,-6.88511077415945,81
"1617",0.834532074791252,-6.88511077415945,81
"1618",1.28541270124258,-6.88511077415945,81
"1619",1.7362933276939,-6.88511077415945,81
"1620",2.18717395414523,-6.88511077415945,81
"1621",-6.37955794842998,-4.02796791701659,82
"1622",-5.92867732197865,-4.02796791701659,82
"1623",-5.47779669552733,-4.02796791701659,82
"1624",-5.026916069076,-4.02796791701659,82
"1625",-4.57603544262467,-4.59939648844516,82
"1626",-4.12515481617334,-5.02796791701659,82
"1627",-3.67427418972202,-5.31368220273087,82
"1628",-3.22339356327069,-5.45653934558802,82
"1629",-2.77251293681936,-5.45653934558802,82
"1630",-2.32163231036804,-5.59939648844516,82
"1631",-1.87075168391671,-5.59939648844516,82
"1632",-1.41987105746538,-5.59939648844516,82
"1633",-0.968990431014056,-6.88511077415945,82
"1634",-0.518109804562729,-6.88511077415945,82
"1635",-0.0672291781114023,-6.88511077415945,82
"1636",0.383651448339925,-6.88511077415945,82
"1637",0.834532074791252,-6.88511077415945,82
"1638",1.28541270124258,-6.88511077415945,82
"1639",1.7362933276939,-6.88511077415945,82
"1640",2.18717395414523,-6.88511077415945,82
"1641",-6.37955794842998,-4.02796791701659,83
"1642",-5.92867732197865,-4.02796791701659,83
"1643",-5.47779669552733,-4.02796791701659,83
"1644",-5.026916069076,-4.02796791701659,83
"1645",-4.57603544262467,-4.02796791701659,83
"1646",-4.12515481617334,-5.59939648844516,83
"1647",-3.67427418972202,-6.31368220273087,83
"1648",-3.22339356327069,-6.59939648844516,83
"1649",-2.77251293681936,-6.7422536313023,83
"1650",-2.32163231036804,-6.88511077415945,83
"1651",-1.87075168391671,-6.88511077415945,83
"1652",-1.41987105746538,-6.88511077415945,83
"1653",-0.968990431014056,-6.88511077415945,83
"1654",-0.518109804562729,-6.88511077415945,83
"1655",-0.0672291781114023,-6.88511077415945,83
"1656",0.383651448339925,-6.88511077415945,83
"1657",0.834532074791252,-6.88511077415945,83
"1658",1.28541270124258,-6.88511077415945,83
"1659",1.7362933276939,-6.88511077415945,83
"1660",2.18717395414523,-6.88511077415945,83
"1661",-6.37955794842998,-4.02796791701659,84
"1662",-5.92867732197865,-4.02796791701659,84
"1663",-5.47779669552733,-4.02796791701659,84
"1664",-5.026916069076,-4.31368220273087,84
"1665",-4.57603544262467,-4.7422536313023,84
"1666",-4.12515481617334,-4.88511077415945,84
"1667",-3.67427418972202,-4.88511077415945,84
"1668",-3.22339356327069,-4.88511077415945,84
"1669",-2.77251293681936,-4.88511077415945,84
"1670",-2.32163231036804,-4.88511077415945,84
"1671",-1.87075168391671,-4.88511077415945,84
"1672",-1.41987105746538,-4.88511077415945,84
"1673",-0.968990431014056,-4.88511077415945,84
"1674",-0.518109804562729,-4.88511077415945,84
"1675",-0.0672291781114023,-5.31368220273087,84
"1676",0.383651448339925,-5.7422536313023,84
"1677",0.834532074791252,-6.02796791701659,84
"1678",1.28541270124258,-6.17082505987373,84
"1679",1.7362933276939,-6.17082505987373,84
"1680",2.18717395414523,-6.17082505987373,84
"1681",-6.37955794842998,-4.02796791701659,85
"1682",-5.92867732197865,-4.02796791701659,85
"1683",-5.47779669552733,-4.02796791701659,85
"1684",-5.026916069076,-4.02796791701659,85
"1685",-4.57603544262467,-4.45653934558802,85
"1686",-4.12515481617334,-5.17082505987373,85
"1687",-3.67427418972202,-5.59939648844516,85
"1688",-3.22339356327069,-5.88511077415945,85
"1689",-2.77251293681936,-6.17082505987373,85
"1690",-2.32163231036804,-6.31368220273087,85
"1691",-1.87075168391671,-6.31368220273087,85
"1692",-1.41987105746538,-6.45653934558802,85
"1693",-0.968990431014056,-6.45653934558802,85
"1694",-0.518109804562729,-6.45653934558802,85
"1695",-0.0672291781114023,-6.45653934558802,85
"1696",0.383651448339925,-6.45653934558802,85
"1697",0.834532074791252,-6.45653934558802,85
"1698",1.28541270124258,-6.45653934558802,85
"1699",1.7362933276939,-6.45653934558802,85
"1700",2.18717395414523,-6.45653934558802,85
"1701",-6.37955794842998,-4.59939648844516,86
"1702",-5.92867732197865,-4.59939648844516,86
"1703",-5.47779669552733,-4.59939648844516,86
"1704",-5.026916069076,-4.59939648844516,86
"1705",-4.57603544262467,-4.7422536313023,86
"1706",-4.12515481617334,-4.88511077415945,86
"1707",-3.67427418972202,-5.02796791701659,86
"1708",-3.22339356327069,-5.02796791701659,86
"1709",-2.77251293681936,-5.02796791701659,86
"1710",-2.32163231036804,-5.02796791701659,86
"1711",-1.87075168391671,-5.17082505987373,86
"1712",-1.41987105746538,-5.59939648844516,86
"1713",-0.968990431014056,-5.88511077415945,86
"1714",-0.518109804562729,-6.02796791701659,86
"1715",-0.0672291781114023,-6.17082505987373,86
"1716",0.383651448339925,-6.17082505987373,86
"1717",0.834532074791252,-6.17082505987373,86
"1718",1.28541270124258,-6.17082505987373,86
"1719",1.7362933276939,-6.17082505987373,86
"1720",2.18717395414523,-6.17082505987373,86
"1721",-6.37955794842998,-4.02796791701659,87
"1722",-5.92867732197865,-4.02796791701659,87
"1723",-5.47779669552733,-4.02796791701659,87
"1724",-5.026916069076,-4.31368220273087,87
"1725",-4.57603544262467,-4.7422536313023,87
"1726",-4.12515481617334,-5.02796791701659,87
"1727",-3.67427418972202,-5.17082505987373,87
"1728",-3.22339356327069,-5.45653934558802,87
"1729",-2.77251293681936,-5.59939648844516,87
"1730",-2.32163231036804,-5.7422536313023,87
"1731",-1.87075168391671,-5.88511077415945,87
"1732",-1.41987105746538,-6.02796791701659,87
"1733",-0.968990431014056,-6.02796791701659,87
"1734",-0.518109804562729,-6.17082505987373,87
"1735",-0.0672291781114023,-6.17082505987373,87
"1736",0.383651448339925,-6.17082505987373,87
"1737",0.834532074791252,-6.88511077415945,87
"1738",1.28541270124258,-6.88511077415945,87
"1739",1.7362933276939,-6.88511077415945,87
"1740",2.18717395414523,-6.88511077415945,87
"1741",-6.37955794842998,-4.7422536313023,88
"1742",-5.92867732197865,-4.7422536313023,88
"1743",-5.47779669552733,-4.7422536313023,88
"1744",-5.026916069076,-4.7422536313023,88
"1745",-4.57603544262467,-4.7422536313023,88
"1746",-4.12515481617334,-4.88511077415945,88
"1747",-3.67427418972202,-4.88511077415945,88
"1748",-3.22339356327069,-4.88511077415945,88
"1749",-2.77251293681936,-5.45653934558802,88
"1750",-2.32163231036804,-6.17082505987373,88
"1751",-1.87075168391671,-6.7422536313023,88
"1752",-1.41987105746538,-6.88511077415945,88
"1753",-0.968990431014056,-6.88511077415945,88
"1754",-0.518109804562729,-6.88511077415945,88
"1755",-0.0672291781114023,-6.88511077415945,88
"1756",0.383651448339925,-6.88511077415945,88
"1757",0.834532074791252,-6.88511077415945,88
"1758",1.28541270124258,-6.88511077415945,88
"1759",1.7362933276939,-6.88511077415945,88
"1760",2.18717395414523,-6.88511077415945,88
"1761",-6.37955794842998,-4.02796791701659,89
"1762",-5.92867732197865,-4.02796791701659,89
"1763",-5.47779669552733,-4.31368220273087,89
"1764",-5.026916069076,-4.59939648844516,89
"1765",-4.57603544262467,-4.7422536313023,89
"1766",-4.12515481617334,-4.88511077415945,89
"1767",-3.67427418972202,-5.02796791701659,89
"1768",-3.22339356327069,-5.02796791701659,89
"1769",-2.77251293681936,-5.02796791701659,89
"1770",-2.32163231036804,-5.45653934558802,89
"1771",-1.87075168391671,-6.45653934558802,89
"1772",-1.41987105746538,-6.88511077415945,89
"1773",-0.968990431014056,-6.88511077415945,89
"1774",-0.518109804562729,-6.88511077415945,89
"1775",-0.0672291781114023,-6.88511077415945,89
"1776",0.383651448339925,-6.88511077415945,89
"1777",0.834532074791252,-6.88511077415945,89
"1778",1.28541270124258,-6.88511077415945,89
"1779",1.7362933276939,-6.88511077415945,89
"1780",2.18717395414523,-6.88511077415945,89
"1781",-6.37955794842998,-4.02796791701659,90
"1782",-5.92867732197865,-4.02796791701659,90
"1783",-5.47779669552733,-4.31368220273087,90
"1784",-5.026916069076,-4.59939648844516,90
"1785",-4.57603544262467,-4.7422536313023,90
"1786",-4.12515481617334,-4.88511077415945,90
"1787",-3.67427418972202,-5.02796791701659,90
"1788",-3.22339356327069,-5.7422536313023,90
"1789",-2.77251293681936,-6.45653934558802,90
"1790",-2.32163231036804,-6.88511077415945,90
"1791",-1.87075168391671,-6.88511077415945,90
"1792",-1.41987105746538,-6.88511077415945,90
"1793",-0.968990431014056,-6.88511077415945,90
"1794",-0.518109804562729,-6.88511077415945,90
"1795",-0.0672291781114023,-6.88511077415945,90
"1796",0.383651448339925,-6.88511077415945,90
"1797",0.834532074791252,-6.88511077415945,90
"1798",1.28541270124258,-6.88511077415945,90
"1799",1.7362933276939,-6.88511077415945,90
"1800",2.18717395414523,-6.88511077415945,90
"1801",-6.37955794842998,-4.02796791701659,91
"1802",-5.92867732197865,-4.02796791701659,91
"1803",-5.47779669552733,-4.02796791701659,91
"1804",-5.026916069076,-4.02796791701659,91
"1805",-4.57603544262467,-4.45653934558802,91
"1806",-4.12515481617334,-5.31368220273087,91
"1807",-3.67427418972202,-5.88511077415945,91
"1808",-3.22339356327069,-6.45653934558802,91
"1809",-2.77251293681936,-6.88511077415945,91
"1810",-2.32163231036804,-6.88511077415945,91
"1811",-1.87075168391671,-6.88511077415945,91
"1812",-1.41987105746538,-6.88511077415945,91
"1813",-0.968990431014056,-6.88511077415945,91
"1814",-0.518109804562729,-6.88511077415945,91
"1815",-0.0672291781114023,-6.88511077415945,91
"1816",0.383651448339925,-6.88511077415945,91
"1817",0.834532074791252,-6.88511077415945,91
"1818",1.28541270124258,-6.88511077415945,91
"1819",1.7362933276939,-6.88511077415945,91
"1820",2.18717395414523,-6.88511077415945,91
"1821",-6.37955794842998,-4.02796791701659,92
"1822",-5.92867732197865,-4.17082505987373,92
"1823",-5.47779669552733,-4.31368220273087,92
"1824",-5.026916069076,-4.59939648844516,92
"1825",-4.57603544262467,-4.7422536313023,92
"1826",-4.12515481617334,-4.88511077415945,92
"1827",-3.67427418972202,-5.02796791701659,92
"1828",-3.22339356327069,-5.17082505987373,92
"1829",-2.77251293681936,-5.59939648844516,92
"1830",-2.32163231036804,-6.31368220273087,92
"1831",-1.87075168391671,-6.88511077415945,92
"1832",-1.41987105746538,-6.88511077415945,92
"1833",-0.968990431014056,-6.88511077415945,92
"1834",-0.518109804562729,-6.88511077415945,92
"1835",-0.0672291781114023,-6.88511077415945,92
"1836",0.383651448339925,-6.88511077415945,92
"1837",0.834532074791252,-6.88511077415945,92
"1838",1.28541270124258,-6.88511077415945,92
"1839",1.7362933276939,-6.88511077415945,92
"1840",2.18717395414523,-6.88511077415945,92
"1841",-6.37955794842998,-4.02796791701659,93
"1842",-5.92867732197865,-4.02796791701659,93
"1843",-5.47779669552733,-4.02796791701659,93
"1844",-5.026916069076,-4.45653934558802,93
"1845",-4.57603544262467,-4.7422536313023,93
"1846",-4.12515481617334,-5.02796791701659,93
"1847",-3.67427418972202,-5.17082505987373,93
"1848",-3.22339356327069,-5.31368220273087,93
"1849",-2.77251293681936,-5.59939648844516,93
"1850",-2.32163231036804,-5.7422536313023,93
"1851",-1.87075168391671,-6.31368220273087,93
"1852",-1.41987105746538,-6.88511077415945,93
"1853",-0.968990431014056,-6.88511077415945,93
"1854",-0.518109804562729,-6.88511077415945,93
"1855",-0.0672291781114023,-6.88511077415945,93
"1856",0.383651448339925,-6.88511077415945,93
"1857",0.834532074791252,-6.88511077415945,93
"1858",1.28541270124258,-6.88511077415945,93
"1859",1.7362933276939,-6.88511077415945,93
"1860",2.18717395414523,-6.88511077415945,93
"1861",-6.37955794842998,-4.02796791701659,94
"1862",-5.92867732197865,-4.02796791701659,94
"1863",-5.47779669552733,-4.02796791701659,94
"1864",-5.026916069076,-4.45653934558802,94
"1865",-4.57603544262467,-4.7422536313023,94
"1866",-4.12515481617334,-4.88511077415945,94
"1867",-3.67427418972202,-5.02796791701659,94
"1868",-3.22339356327069,-5.02796791701659,94
"1869",-2.77251293681936,-5.02796791701659,94
"1870",-2.32163231036804,-5.02796791701659,94
"1871",-1.87075168391671,-5.02796791701659,94
"1872",-1.41987105746538,-5.02796791701659,94
"1873",-0.968990431014056,-5.02796791701659,94
"1874",-0.518109804562729,-5.17082505987373,94
"1875",-0.0672291781114023,-5.17082505987373,94
"1876",0.383651448339925,-5.17082505987373,94
"1877",0.834532074791252,-5.31368220273087,94
"1878",1.28541270124258,-5.31368220273087,94
"1879",1.7362933276939,-5.31368220273087,94
"1880",2.18717395414523,-5.31368220273087,94
"1881",-6.37955794842998,-4.02796791701659,95
"1882",-5.92867732197865,-4.02796791701659,95
"1883",-5.47779669552733,-4.02796791701659,95
"1884",-5.026916069076,-4.02796791701659,95
"1885",-4.57603544262467,-4.02796791701659,95
"1886",-4.12515481617334,-5.17082505987373,95
"1887",-3.67427418972202,-5.45653934558802,95
"1888",-3.22339356327069,-5.45653934558802,95
"1889",-2.77251293681936,-5.59939648844516,95
"1890",-2.32163231036804,-5.59939648844516,95
"1891",-1.87075168391671,-5.59939648844516,95
"1892",-1.41987105746538,-5.59939648844516,95
"1893",-0.968990431014056,-5.59939648844516,95
"1894",-0.518109804562729,-5.59939648844516,95
"1895",-0.0672291781114023,-6.17082505987373,95
"1896",0.383651448339925,-6.88511077415945,95
"1897",0.834532074791252,-6.88511077415945,95
"1898",1.28541270124258,-6.88511077415945,95
"1899",1.7362933276939,-6.88511077415945,95
"1900",2.18717395414523,-6.88511077415945,95
"1901",-6.37955794842998,-4.02796791701659,96
"1902",-5.92867732197865,-4.17082505987373,96
"1903",-5.47779669552733,-4.45653934558802,96
"1904",-5.026916069076,-4.59939648844516,96
"1905",-4.57603544262467,-4.7422536313023,96
"1906",-4.12515481617334,-4.88511077415945,96
"1907",-3.67427418972202,-5.02796791701659,96
"1908",-3.22339356327069,-5.59939648844516,96
"1909",-2.77251293681936,-6.31368220273087,96
"1910",-2.32163231036804,-6.31368220273087,96
"1911",-1.87075168391671,-6.31368220273087,96
"1912",-1.41987105746538,-6.59939648844516,96
"1913",-0.968990431014056,-6.7422536313023,96
"1914",-0.518109804562729,-6.88511077415945,96
"1915",-0.0672291781114023,-6.88511077415945,96
"1916",0.383651448339925,-6.88511077415945,96
"1917",0.834532074791252,-6.88511077415945,96
"1918",1.28541270124258,-6.88511077415945,96
"1919",1.7362933276939,-6.88511077415945,96
"1920",2.18717395414523,-6.88511077415945,96
"1921",-6.37955794842998,-4.02796791701659,97
"1922",-5.92867732197865,-4.02796791701659,97
"1923",-5.47779669552733,-4.45653934558802,97
"1924",-5.026916069076,-4.7422536313023,97
"1925",-4.57603544262467,-4.7422536313023,97
"1926",-4.12515481617334,-4.88511077415945,97
"1927",-3.67427418972202,-4.88511077415945,97
"1928",-3.22339356327069,-4.88511077415945,97
"1929",-2.77251293681936,-4.88511077415945,97
"1930",-2.32163231036804,-4.88511077415945,97
"1931",-1.87075168391671,-6.59939648844516,97
"1932",-1.41987105746538,-6.88511077415945,97
"1933",-0.968990431014056,-6.88511077415945,97
"1934",-0.518109804562729,-6.88511077415945,97
"1935",-0.0672291781114023,-6.88511077415945,97
"1936",0.383651448339925,-6.88511077415945,97
"1937",0.834532074791252,-6.88511077415945,97
"1938",1.28541270124258,-6.88511077415945,97
"1939",1.7362933276939,-6.88511077415945,97
"1940",2.18717395414523,-6.88511077415945,97
"1941",-6.37955794842998,-4.02796791701659,98
"1942",-5.92867732197865,-4.02796791701659,98
"1943",-5.47779669552733,-4.02796791701659,98
"1944",-5.026916069076,-4.17082505987373,98
"1945",-4.57603544262467,-4.7422536313023,98
"1946",-4.12515481617334,-4.88511077415945,98
"1947",-3.67427418972202,-5.17082505987373,98
"1948",-3.22339356327069,-5.17082505987373,98
"1949",-2.77251293681936,-5.31368220273087,98
"1950",-2.32163231036804,-5.31368220273087,98
"1951",-1.87075168391671,-5.31368220273087,98
"1952",-1.41987105746538,-5.31368220273087,98
"1953",-0.968990431014056,-5.31368220273087,98
"1954",-0.518109804562729,-5.59939648844516,98
"1955",-0.0672291781114023,-6.17082505987373,98
"1956",0.383651448339925,-6.59939648844516,98
"1957",0.834532074791252,-6.88511077415945,98
"1958",1.28541270124258,-6.88511077415945,98
"1959",1.7362933276939,-6.88511077415945,98
"1960",2.18717395414523,-6.88511077415945,98
"1961",-6.37955794842998,-4.02796791701659,99
"1962",-5.92867732197865,-4.02796791701659,99
"1963",-5.47779669552733,-4.17082505987373,99
"1964",-5.026916069076,-4.45653934558802,99
"1965",-4.57603544262467,-4.7422536313023,99
"1966",-4.12515481617334,-4.88511077415945,99
"1967",-3.67427418972202,-5.17082505987373,99
"1968",-3.22339356327069,-5.31368220273087,99
"1969",-2.77251293681936,-5.45653934558802,99
"1970",-2.32163231036804,-5.59939648844516,99
"1971",-1.87075168391671,-5.7422536313023,99
"1972",-1.41987105746538,-6.88511077415945,99
"1973",-0.968990431014056,-6.88511077415945,99
"1974",-0.518109804562729,-6.88511077415945,99
"1975",-0.0672291781114023,-6.88511077415945,99
"1976",0.383651448339925,-6.88511077415945,99
"1977",0.834532074791252,-6.88511077415945,99
"1978",1.28541270124258,-6.88511077415945,99
"1979",1.7362933276939,-6.88511077415945,99
"1980",2.18717395414523,-6.88511077415945,99
"1981",-6.37955794842998,-4.02796791701659,100
"1982",-5.92867732197865,-4.17082505987373,100
"1983",-5.47779669552733,-4.45653934558802,100
"1984",-5.026916069076,-4.59939648844516,100
"1985",-4.57603544262467,-4.7422536313023,100
"1986",-4.12515481617334,-4.88511077415945,100
"1987",-3.67427418972202,-4.88511077415945,100
"1988",-3.22339356327069,-5.02796791701659,100
"1989",-2.77251293681936,-5.17082505987373,100
"1990",-2.32163231036804,-5.31368220273087,100
"1991",-1.87075168391671,-5.31368220273087,100
"1992",-1.41987105746538,-5.45653934558802,100
"1993",-0.968990431014056,-5.45653934558802,100
"1994",-0.518109804562729,-5.7422536313023,100
"1995",-0.0672291781114023,-6.45653934558802,100
"1996",0.383651448339925,-6.7422536313023,100
"1997",0.834532074791252,-6.88511077415945,100
"1998",1.28541270124258,-6.88511077415945,100
"1999",1.7362933276939,-6.88511077415945,100
"2000",2.18717395414523,-6.88511077415945,100
