"","x","y","sample"
"1",-4.12930822995041,-0.43353635440191,1
"2",-3.76262310195181,-0.43353635440191,1
"3",-3.3959379739532,-0.43353635440191,1
"4",-3.02925284595459,-0.43353635440191,1
"5",-2.66256771795599,-0.43353635440191,1
"6",-2.29588258995738,-0.43353635440191,1
"7",-1.92919746195877,-0.43353635440191,1
"8",-1.56251233396017,-0.43353635440191,1
"9",-1.19582720596156,-0.43353635440191,1
"10",-0.829142077962952,-0.887316813225425,1
"11",-0.462456949964345,-1.64361757793128,1
"12",-0.0957718219657382,-1.94613788381362,1
"13",0.270913306032869,-1.94613788381362,1
"14",0.637598434031475,-2.0973980367548,1
"15",1.00428356203008,-2.0973980367548,1
"16",1.37096869002869,-2.0973980367548,1
"17",1.7376538180273,-2.0973980367548,1
"18",2.1043389460259,-2.0973980367548,1
"19",2.47102407402451,-2.0973980367548,1
"20",2.83770920202312,-2.0973980367548,1
"21",-4.12930822995041,-0.43353635440191,2
"22",-3.76262310195181,-0.43353635440191,2
"23",-3.3959379739532,-0.43353635440191,2
"24",-3.02925284595459,-0.43353635440191,2
"25",-2.66256771795599,-0.43353635440191,2
"26",-2.29588258995738,-0.43353635440191,2
"27",-1.92919746195877,-0.43353635440191,2
"28",-1.56251233396017,-0.43353635440191,2
"29",-1.19582720596156,-0.43353635440191,2
"30",-0.829142077962952,-1.0385769661666,2
"31",-0.462456949964345,-1.49235742499011,2
"32",-0.0957718219657382,-1.64361757793128,2
"33",0.270913306032869,-1.64361757793128,2
"34",0.637598434031475,-1.79487773087245,2
"35",1.00428356203008,-1.79487773087245,2
"36",1.37096869002869,-1.79487773087245,2
"37",1.7376538180273,-1.79487773087245,2
"38",2.1043389460259,-1.79487773087245,2
"39",2.47102407402451,-1.79487773087245,2
"40",2.83770920202312,-1.79487773087245,2
"41",-4.12930822995041,-0.43353635440191,3
"42",-3.76262310195181,-0.43353635440191,3
"43",-3.3959379739532,-0.43353635440191,3
"44",-3.02925284595459,-0.43353635440191,3
"45",-2.66256771795599,-0.43353635440191,3
"46",-2.29588258995738,-0.43353635440191,3
"47",-1.92919746195877,-0.43353635440191,3
"48",-1.56251233396017,-0.43353635440191,3
"49",-1.19582720596156,-0.43353635440191,3
"50",-0.829142077962952,-0.887316813225425,3
"51",-0.462456949964345,-1.49235742499011,3
"52",-0.0957718219657382,-1.64361757793128,3
"53",0.270913306032869,-1.64361757793128,3
"54",0.637598434031475,-1.64361757793128,3
"55",1.00428356203008,-1.64361757793128,3
"56",1.37096869002869,-1.64361757793128,3
"57",1.7376538180273,-1.64361757793128,3
"58",2.1043389460259,-1.64361757793128,3
"59",2.47102407402451,-1.64361757793128,3
"60",2.83770920202312,-1.64361757793128,3
"61",-4.12930822995041,-0.43353635440191,4
"62",-3.76262310195181,-0.43353635440191,4
"63",-3.3959379739532,-0.43353635440191,4
"64",-3.02925284595459,-0.43353635440191,4
"65",-2.66256771795599,-0.43353635440191,4
"66",-2.29588258995738,-0.43353635440191,4
"67",-1.92919746195877,-0.43353635440191,4
"68",-1.56251233396017,-0.43353635440191,4
"69",-1.19582720596156,-0.43353635440191,4
"70",-0.829142077962952,-1.0385769661666,4
"71",-0.462456949964345,-1.34109727204894,4
"72",-0.0957718219657382,-1.49235742499011,4
"73",0.270913306032869,-1.64361757793128,4
"74",0.637598434031475,-1.64361757793128,4
"75",1.00428356203008,-1.64361757793128,4
"76",1.37096869002869,-1.64361757793128,4
"77",1.7376538180273,-1.64361757793128,4
"78",2.1043389460259,-1.64361757793128,4
"79",2.47102407402451,-1.64361757793128,4
"80",2.83770920202312,-1.64361757793128,4
"81",-4.12930822995041,-0.43353635440191,5
"82",-3.76262310195181,-0.43353635440191,5
"83",-3.3959379739532,-0.43353635440191,5
"84",-3.02925284595459,-0.43353635440191,5
"85",-2.66256771795599,-0.43353635440191,5
"86",-2.29588258995738,-0.43353635440191,5
"87",-1.92919746195877,-0.43353635440191,5
"88",-1.56251233396017,-0.43353635440191,5
"89",-1.19582720596156,-0.43353635440191,5
"90",-0.829142077962952,-1.0385769661666,5
"91",-0.462456949964345,-1.34109727204894,5
"92",-0.0957718219657382,-1.49235742499011,5
"93",0.270913306032869,-1.64361757793128,5
"94",0.637598434031475,-1.64361757793128,5
"95",1.00428356203008,-1.64361757793128,5
"96",1.37096869002869,-1.64361757793128,5
"97",1.7376538180273,-1.64361757793128,5
"98",2.1043389460259,-1.64361757793128,5
"99",2.47102407402451,-1.64361757793128,5
"100",2.83770920202312,-1.64361757793128,5
"101",-4.12930822995041,-0.43353635440191,6
"102",-3.76262310195181,-0.43353635440191,6
"103",-3.3959379739532,-0.43353635440191,6
"104",-3.02925284595459,-0.43353635440191,6
"105",-2.66256771795599,-0.43353635440191,6
"106",-2.29588258995738,-0.43353635440191,6
"107",-1.92919746195877,-0.43353635440191,6
"108",-1.56251233396017,-0.43353635440191,6
"109",-1.19582720596156,-0.43353635440191,6
"110",-0.829142077962952,-1.0385769661666,6
"111",-0.462456949964345,-1.34109727204894,6
"112",-0.0957718219657382,-1.49235742499011,6
"113",0.270913306032869,-1.49235742499011,6
"114",0.637598434031475,-1.49235742499011,6
"115",1.00428356203008,-1.49235742499011,6
"116",1.37096869002869,-1.49235742499011,6
"117",1.7376538180273,-1.49235742499011,6
"118",2.1043389460259,-1.49235742499011,6
"119",2.47102407402451,-1.64361757793128,6
"120",2.83770920202312,-1.64361757793128,6
"121",-4.12930822995041,-0.43353635440191,7
"122",-3.76262310195181,-0.43353635440191,7
"123",-3.3959379739532,-0.43353635440191,7
"124",-3.02925284595459,-0.43353635440191,7
"125",-2.66256771795599,-0.43353635440191,7
"126",-2.29588258995738,-0.43353635440191,7
"127",-1.92919746195877,-0.43353635440191,7
"128",-1.56251233396017,-0.43353635440191,7
"129",-1.19582720596156,-0.43353635440191,7
"130",-0.829142077962952,-1.0385769661666,7
"131",-0.462456949964345,-1.34109727204894,7
"132",-0.0957718219657382,-1.34109727204894,7
"133",0.270913306032869,-1.49235742499011,7
"134",0.637598434031475,-1.49235742499011,7
"135",1.00428356203008,-1.49235742499011,7
"136",1.37096869002869,-1.49235742499011,7
"137",1.7376538180273,-1.49235742499011,7
"138",2.1043389460259,-1.49235742499011,7
"139",2.47102407402451,-1.49235742499011,7
"140",2.83770920202312,-1.49235742499011,7
"141",-4.12930822995041,-0.43353635440191,8
"142",-3.76262310195181,-0.43353635440191,8
"143",-3.3959379739532,-0.43353635440191,8
"144",-3.02925284595459,-0.43353635440191,8
"145",-2.66256771795599,-0.43353635440191,8
"146",-2.29588258995738,-0.43353635440191,8
"147",-1.92919746195877,-0.43353635440191,8
"148",-1.56251233396017,-0.43353635440191,8
"149",-1.19582720596156,-0.43353635440191,8
"150",-0.829142077962952,-1.0385769661666,8
"151",-0.462456949964345,-1.34109727204894,8
"152",-0.0957718219657382,-1.49235742499011,8
"153",0.270913306032869,-1.49235742499011,8
"154",0.637598434031475,-1.49235742499011,8
"155",1.00428356203008,-1.49235742499011,8
"156",1.37096869002869,-1.49235742499011,8
"157",1.7376538180273,-1.49235742499011,8
"158",2.1043389460259,-1.49235742499011,8
"159",2.47102407402451,-1.49235742499011,8
"160",2.83770920202312,-1.49235742499011,8
"161",-4.12930822995041,-0.43353635440191,9
"162",-3.76262310195181,-0.43353635440191,9
"163",-3.3959379739532,-0.43353635440191,9
"164",-3.02925284595459,-0.43353635440191,9
"165",-2.66256771795599,-0.43353635440191,9
"166",-2.29588258995738,-0.43353635440191,9
"167",-1.92919746195877,-0.43353635440191,9
"168",-1.56251233396017,-0.43353635440191,9
"169",-1.19582720596156,-0.43353635440191,9
"170",-0.829142077962952,-1.0385769661666,9
"171",-0.462456949964345,-1.34109727204894,9
"172",-0.0957718219657382,-1.49235742499011,9
"173",0.270913306032869,-1.49235742499011,9
"174",0.637598434031475,-1.49235742499011,9
"175",1.00428356203008,-1.49235742499011,9
"176",1.37096869002869,-1.49235742499011,9
"177",1.7376538180273,-1.49235742499011,9
"178",2.1043389460259,-1.49235742499011,9
"179",2.47102407402451,-1.49235742499011,9
"180",2.83770920202312,-1.49235742499011,9
"181",-4.12930822995041,-0.43353635440191,10
"182",-3.76262310195181,-0.43353635440191,10
"183",-3.3959379739532,-0.43353635440191,10
"184",-3.02925284595459,-0.43353635440191,10
"185",-2.66256771795599,-0.43353635440191,10
"186",-2.29588258995738,-0.43353635440191,10
"187",-1.92919746195877,-0.43353635440191,10
"188",-1.56251233396017,-0.43353635440191,10
"189",-1.19582720596156,-0.43353635440191,10
"190",-0.829142077962952,-0.887316813225425,10
"191",-0.462456949964345,-1.34109727204894,10
"192",-0.0957718219657382,-1.49235742499011,10
"193",0.270913306032869,-1.49235742499011,10
"194",0.637598434031475,-1.49235742499011,10
"195",1.00428356203008,-1.49235742499011,10
"196",1.37096869002869,-1.49235742499011,10
"197",1.7376538180273,-1.49235742499011,10
"198",2.1043389460259,-1.49235742499011,10
"199",2.47102407402451,-1.49235742499011,10
"200",2.83770920202312,-1.49235742499011,10
"201",-4.12930822995041,-0.43353635440191,11
"202",-3.76262310195181,-0.43353635440191,11
"203",-3.3959379739532,-0.43353635440191,11
"204",-3.02925284595459,-0.43353635440191,11
"205",-2.66256771795599,-0.43353635440191,11
"206",-2.29588258995738,-0.43353635440191,11
"207",-1.92919746195877,-0.43353635440191,11
"208",-1.56251233396017,-0.43353635440191,11
"209",-1.19582720596156,-0.43353635440191,11
"210",-0.829142077962952,-1.0385769661666,11
"211",-0.462456949964345,-1.34109727204894,11
"212",-0.0957718219657382,-1.49235742499011,11
"213",0.270913306032869,-1.64361757793128,11
"214",0.637598434031475,-1.64361757793128,11
"215",1.00428356203008,-1.64361757793128,11
"216",1.37096869002869,-1.64361757793128,11
"217",1.7376538180273,-1.64361757793128,11
"218",2.1043389460259,-1.64361757793128,11
"219",2.47102407402451,-1.64361757793128,11
"220",2.83770920202312,-1.64361757793128,11
"221",-4.12930822995041,-0.43353635440191,12
"222",-3.76262310195181,-0.43353635440191,12
"223",-3.3959379739532,-0.43353635440191,12
"224",-3.02925284595459,-0.43353635440191,12
"225",-2.66256771795599,-0.43353635440191,12
"226",-2.29588258995738,-0.43353635440191,12
"227",-1.92919746195877,-0.43353635440191,12
"228",-1.56251233396017,-0.43353635440191,12
"229",-1.19582720596156,-0.43353635440191,12
"230",-0.829142077962952,-0.887316813225425,12
"231",-0.462456949964345,-1.49235742499011,12
"232",-0.0957718219657382,-1.79487773087245,12
"233",0.270913306032869,-1.79487773087245,12
"234",0.637598434031475,-1.94613788381362,12
"235",1.00428356203008,-1.94613788381362,12
"236",1.37096869002869,-1.94613788381362,12
"237",1.7376538180273,-1.94613788381362,12
"238",2.1043389460259,-1.94613788381362,12
"239",2.47102407402451,-1.94613788381362,12
"240",2.83770920202312,-1.94613788381362,12
"241",-4.12930822995041,-0.43353635440191,13
"242",-3.76262310195181,-0.43353635440191,13
"243",-3.3959379739532,-0.43353635440191,13
"244",-3.02925284595459,-0.43353635440191,13
"245",-2.66256771795599,-0.43353635440191,13
"246",-2.29588258995738,-0.43353635440191,13
"247",-1.92919746195877,-0.43353635440191,13
"248",-1.56251233396017,-0.43353635440191,13
"249",-1.19582720596156,-0.43353635440191,13
"250",-0.829142077962952,-1.0385769661666,13
"251",-0.462456949964345,-1.34109727204894,13
"252",-0.0957718219657382,-1.49235742499011,13
"253",0.270913306032869,-1.64361757793128,13
"254",0.637598434031475,-1.64361757793128,13
"255",1.00428356203008,-1.64361757793128,13
"256",1.37096869002869,-1.64361757793128,13
"257",1.7376538180273,-1.64361757793128,13
"258",2.1043389460259,-1.64361757793128,13
"259",2.47102407402451,-1.64361757793128,13
"260",2.83770920202312,-1.64361757793128,13
"261",-4.12930822995041,-0.43353635440191,14
"262",-3.76262310195181,-0.43353635440191,14
"263",-3.3959379739532,-0.43353635440191,14
"264",-3.02925284595459,-0.43353635440191,14
"265",-2.66256771795599,-0.43353635440191,14
"266",-2.29588258995738,-0.43353635440191,14
"267",-1.92919746195877,-0.43353635440191,14
"268",-1.56251233396017,-0.43353635440191,14
"269",-1.19582720596156,-0.43353635440191,14
"270",-0.829142077962952,-1.0385769661666,14
"271",-0.462456949964345,-1.49235742499011,14
"272",-0.0957718219657382,-1.64361757793128,14
"273",0.270913306032869,-1.79487773087245,14
"274",0.637598434031475,-1.79487773087245,14
"275",1.00428356203008,-1.79487773087245,14
"276",1.37096869002869,-1.79487773087245,14
"277",1.7376538180273,-1.79487773087245,14
"278",2.1043389460259,-1.79487773087245,14
"279",2.47102407402451,-1.79487773087245,14
"280",2.83770920202312,-1.79487773087245,14
"281",-4.12930822995041,-0.43353635440191,15
"282",-3.76262310195181,-0.43353635440191,15
"283",-3.3959379739532,-0.43353635440191,15
"284",-3.02925284595459,-0.43353635440191,15
"285",-2.66256771795599,-0.43353635440191,15
"286",-2.29588258995738,-0.43353635440191,15
"287",-1.92919746195877,-0.43353635440191,15
"288",-1.56251233396017,-0.43353635440191,15
"289",-1.19582720596156,-0.43353635440191,15
"290",-0.829142077962952,-0.887316813225425,15
"291",-0.462456949964345,-1.64361757793128,15
"292",-0.0957718219657382,-1.79487773087245,15
"293",0.270913306032869,-1.79487773087245,15
"294",0.637598434031475,-1.94613788381362,15
"295",1.00428356203008,-1.94613788381362,15
"296",1.37096869002869,-1.94613788381362,15
"297",1.7376538180273,-1.94613788381362,15
"298",2.1043389460259,-1.94613788381362,15
"299",2.47102407402451,-1.94613788381362,15
"300",2.83770920202312,-1.94613788381362,15
"301",-4.12930822995041,-0.43353635440191,16
"302",-3.76262310195181,-0.43353635440191,16
"303",-3.3959379739532,-0.43353635440191,16
"304",-3.02925284595459,-0.43353635440191,16
"305",-2.66256771795599,-0.43353635440191,16
"306",-2.29588258995738,-0.43353635440191,16
"307",-1.92919746195877,-0.43353635440191,16
"308",-1.56251233396017,-0.43353635440191,16
"309",-1.19582720596156,-0.43353635440191,16
"310",-0.829142077962952,-0.887316813225425,16
"311",-0.462456949964345,-1.64361757793128,16
"312",-0.0957718219657382,-1.94613788381362,16
"313",0.270913306032869,-2.0973980367548,16
"314",0.637598434031475,-2.24865818969597,16
"315",1.00428356203008,-2.24865818969597,16
"316",1.37096869002869,-2.24865818969597,16
"317",1.7376538180273,-2.24865818969597,16
"318",2.1043389460259,-2.24865818969597,16
"319",2.47102407402451,-2.24865818969597,16
"320",2.83770920202312,-2.24865818969597,16
"321",-4.12930822995041,-0.43353635440191,17
"322",-3.76262310195181,-0.43353635440191,17
"323",-3.3959379739532,-0.43353635440191,17
"324",-3.02925284595459,-0.43353635440191,17
"325",-2.66256771795599,-0.43353635440191,17
"326",-2.29588258995738,-0.43353635440191,17
"327",-1.92919746195877,-0.43353635440191,17
"328",-1.56251233396017,-0.43353635440191,17
"329",-1.19582720596156,-0.43353635440191,17
"330",-0.829142077962952,-0.887316813225425,17
"331",-0.462456949964345,-1.49235742499011,17
"332",-0.0957718219657382,-1.64361757793128,17
"333",0.270913306032869,-1.64361757793128,17
"334",0.637598434031475,-1.79487773087245,17
"335",1.00428356203008,-1.79487773087245,17
"336",1.37096869002869,-1.79487773087245,17
"337",1.7376538180273,-1.79487773087245,17
"338",2.1043389460259,-1.79487773087245,17
"339",2.47102407402451,-1.79487773087245,17
"340",2.83770920202312,-1.79487773087245,17
"341",-4.12930822995041,-0.43353635440191,18
"342",-3.76262310195181,-0.43353635440191,18
"343",-3.3959379739532,-0.43353635440191,18
"344",-3.02925284595459,-0.43353635440191,18
"345",-2.66256771795599,-0.43353635440191,18
"346",-2.29588258995738,-0.43353635440191,18
"347",-1.92919746195877,-0.43353635440191,18
"348",-1.56251233396017,-0.43353635440191,18
"349",-1.19582720596156,-0.43353635440191,18
"350",-0.829142077962952,-0.887316813225425,18
"351",-0.462456949964345,-1.34109727204894,18
"352",-0.0957718219657382,-1.49235742499011,18
"353",0.270913306032869,-1.49235742499011,18
"354",0.637598434031475,-1.49235742499011,18
"355",1.00428356203008,-1.49235742499011,18
"356",1.37096869002869,-1.49235742499011,18
"357",1.7376538180273,-1.49235742499011,18
"358",2.1043389460259,-1.49235742499011,18
"359",2.47102407402451,-1.49235742499011,18
"360",2.83770920202312,-1.49235742499011,18
"361",-4.12930822995041,-0.43353635440191,19
"362",-3.76262310195181,-0.43353635440191,19
"363",-3.3959379739532,-0.43353635440191,19
"364",-3.02925284595459,-0.43353635440191,19
"365",-2.66256771795599,-0.43353635440191,19
"366",-2.29588258995738,-0.43353635440191,19
"367",-1.92919746195877,-0.43353635440191,19
"368",-1.56251233396017,-0.43353635440191,19
"369",-1.19582720596156,-0.43353635440191,19
"370",-0.829142077962952,-1.0385769661666,19
"371",-0.462456949964345,-1.34109727204894,19
"372",-0.0957718219657382,-1.49235742499011,19
"373",0.270913306032869,-1.49235742499011,19
"374",0.637598434031475,-1.49235742499011,19
"375",1.00428356203008,-1.49235742499011,19
"376",1.37096869002869,-1.49235742499011,19
"377",1.7376538180273,-1.49235742499011,19
"378",2.1043389460259,-1.49235742499011,19
"379",2.47102407402451,-1.49235742499011,19
"380",2.83770920202312,-1.49235742499011,19
"381",-4.12930822995041,-0.43353635440191,20
"382",-3.76262310195181,-0.43353635440191,20
"383",-3.3959379739532,-0.43353635440191,20
"384",-3.02925284595459,-0.43353635440191,20
"385",-2.66256771795599,-0.43353635440191,20
"386",-2.29588258995738,-0.43353635440191,20
"387",-1.92919746195877,-0.43353635440191,20
"388",-1.56251233396017,-0.43353635440191,20
"389",-1.19582720596156,-0.43353635440191,20
"390",-0.829142077962952,-0.887316813225425,20
"391",-0.462456949964345,-1.49235742499011,20
"392",-0.0957718219657382,-1.64361757793128,20
"393",0.270913306032869,-1.64361757793128,20
"394",0.637598434031475,-1.64361757793128,20
"395",1.00428356203008,-1.64361757793128,20
"396",1.37096869002869,-1.64361757793128,20
"397",1.7376538180273,-1.64361757793128,20
"398",2.1043389460259,-1.79487773087245,20
"399",2.47102407402451,-1.79487773087245,20
"400",2.83770920202312,-1.79487773087245,20
"401",-4.12930822995041,-0.43353635440191,21
"402",-3.76262310195181,-0.43353635440191,21
"403",-3.3959379739532,-0.43353635440191,21
"404",-3.02925284595459,-0.43353635440191,21
"405",-2.66256771795599,-0.43353635440191,21
"406",-2.29588258995738,-0.43353635440191,21
"407",-1.92919746195877,-0.43353635440191,21
"408",-1.56251233396017,-0.43353635440191,21
"409",-1.19582720596156,-0.43353635440191,21
"410",-0.829142077962952,-1.0385769661666,21
"411",-0.462456949964345,-1.34109727204894,21
"412",-0.0957718219657382,-1.49235742499011,21
"413",0.270913306032869,-1.64361757793128,21
"414",0.637598434031475,-1.64361757793128,21
"415",1.00428356203008,-1.64361757793128,21
"416",1.37096869002869,-1.64361757793128,21
"417",1.7376538180273,-1.79487773087245,21
"418",2.1043389460259,-1.79487773087245,21
"419",2.47102407402451,-1.79487773087245,21
"420",2.83770920202312,-1.79487773087245,21
"421",-4.12930822995041,-0.43353635440191,22
"422",-3.76262310195181,-0.43353635440191,22
"423",-3.3959379739532,-0.43353635440191,22
"424",-3.02925284595459,-0.43353635440191,22
"425",-2.66256771795599,-0.43353635440191,22
"426",-2.29588258995738,-0.43353635440191,22
"427",-1.92919746195877,-0.43353635440191,22
"428",-1.56251233396017,-0.43353635440191,22
"429",-1.19582720596156,-0.43353635440191,22
"430",-0.829142077962952,-0.887316813225425,22
"431",-0.462456949964345,-1.49235742499011,22
"432",-0.0957718219657382,-1.49235742499011,22
"433",0.270913306032869,-1.49235742499011,22
"434",0.637598434031475,-1.64361757793128,22
"435",1.00428356203008,-1.64361757793128,22
"436",1.37096869002869,-1.64361757793128,22
"437",1.7376538180273,-1.64361757793128,22
"438",2.1043389460259,-1.64361757793128,22
"439",2.47102407402451,-1.64361757793128,22
"440",2.83770920202312,-1.64361757793128,22
"441",-4.12930822995041,-0.43353635440191,23
"442",-3.76262310195181,-0.43353635440191,23
"443",-3.3959379739532,-0.43353635440191,23
"444",-3.02925284595459,-0.43353635440191,23
"445",-2.66256771795599,-0.43353635440191,23
"446",-2.29588258995738,-0.43353635440191,23
"447",-1.92919746195877,-0.43353635440191,23
"448",-1.56251233396017,-0.43353635440191,23
"449",-1.19582720596156,-0.43353635440191,23
"450",-0.829142077962952,-1.0385769661666,23
"451",-0.462456949964345,-1.34109727204894,23
"452",-0.0957718219657382,-1.49235742499011,23
"453",0.270913306032869,-1.49235742499011,23
"454",0.637598434031475,-1.49235742499011,23
"455",1.00428356203008,-1.49235742499011,23
"456",1.37096869002869,-1.49235742499011,23
"457",1.7376538180273,-1.49235742499011,23
"458",2.1043389460259,-1.64361757793128,23
"459",2.47102407402451,-1.64361757793128,23
"460",2.83770920202312,-1.64361757793128,23
"461",-4.12930822995041,-0.43353635440191,24
"462",-3.76262310195181,-0.43353635440191,24
"463",-3.3959379739532,-0.43353635440191,24
"464",-3.02925284595459,-0.43353635440191,24
"465",-2.66256771795599,-0.43353635440191,24
"466",-2.29588258995738,-0.43353635440191,24
"467",-1.92919746195877,-0.43353635440191,24
"468",-1.56251233396017,-0.43353635440191,24
"469",-1.19582720596156,-0.43353635440191,24
"470",-0.829142077962952,-1.0385769661666,24
"471",-0.462456949964345,-1.49235742499011,24
"472",-0.0957718219657382,-1.64361757793128,24
"473",0.270913306032869,-1.79487773087245,24
"474",0.637598434031475,-1.79487773087245,24
"475",1.00428356203008,-1.79487773087245,24
"476",1.37096869002869,-1.79487773087245,24
"477",1.7376538180273,-1.79487773087245,24
"478",2.1043389460259,-1.79487773087245,24
"479",2.47102407402451,-1.79487773087245,24
"480",2.83770920202312,-1.79487773087245,24
"481",-4.12930822995041,-0.43353635440191,25
"482",-3.76262310195181,-0.43353635440191,25
"483",-3.3959379739532,-0.43353635440191,25
"484",-3.02925284595459,-0.43353635440191,25
"485",-2.66256771795599,-0.43353635440191,25
"486",-2.29588258995738,-0.43353635440191,25
"487",-1.92919746195877,-0.43353635440191,25
"488",-1.56251233396017,-0.43353635440191,25
"489",-1.19582720596156,-0.43353635440191,25
"490",-0.829142077962952,-0.887316813225425,25
"491",-0.462456949964345,-1.34109727204894,25
"492",-0.0957718219657382,-1.49235742499011,25
"493",0.270913306032869,-1.49235742499011,25
"494",0.637598434031475,-1.49235742499011,25
"495",1.00428356203008,-1.49235742499011,25
"496",1.37096869002869,-1.49235742499011,25
"497",1.7376538180273,-1.49235742499011,25
"498",2.1043389460259,-1.49235742499011,25
"499",2.47102407402451,-1.49235742499011,25
"500",2.83770920202312,-1.49235742499011,25
"501",-4.12930822995041,-0.43353635440191,26
"502",-3.76262310195181,-0.43353635440191,26
"503",-3.3959379739532,-0.43353635440191,26
"504",-3.02925284595459,-0.43353635440191,26
"505",-2.66256771795599,-0.43353635440191,26
"506",-2.29588258995738,-0.43353635440191,26
"507",-1.92919746195877,-0.43353635440191,26
"508",-1.56251233396017,-0.43353635440191,26
"509",-1.19582720596156,-0.43353635440191,26
"510",-0.829142077962952,-1.0385769661666,26
"511",-0.462456949964345,-1.49235742499011,26
"512",-0.0957718219657382,-1.64361757793128,26
"513",0.270913306032869,-1.64361757793128,26
"514",0.637598434031475,-1.64361757793128,26
"515",1.00428356203008,-1.64361757793128,26
"516",1.37096869002869,-1.64361757793128,26
"517",1.7376538180273,-1.64361757793128,26
"518",2.1043389460259,-1.64361757793128,26
"519",2.47102407402451,-1.64361757793128,26
"520",2.83770920202312,-1.64361757793128,26
"521",-4.12930822995041,-0.43353635440191,27
"522",-3.76262310195181,-0.43353635440191,27
"523",-3.3959379739532,-0.43353635440191,27
"524",-3.02925284595459,-0.43353635440191,27
"525",-2.66256771795599,-0.43353635440191,27
"526",-2.29588258995738,-0.43353635440191,27
"527",-1.92919746195877,-0.43353635440191,27
"528",-1.56251233396017,-0.43353635440191,27
"529",-1.19582720596156,-0.43353635440191,27
"530",-0.829142077962952,-1.0385769661666,27
"531",-0.462456949964345,-1.34109727204894,27
"532",-0.0957718219657382,-1.49235742499011,27
"533",0.270913306032869,-1.49235742499011,27
"534",0.637598434031475,-1.49235742499011,27
"535",1.00428356203008,-1.49235742499011,27
"536",1.37096869002869,-1.49235742499011,27
"537",1.7376538180273,-1.49235742499011,27
"538",2.1043389460259,-1.64361757793128,27
"539",2.47102407402451,-1.64361757793128,27
"540",2.83770920202312,-1.64361757793128,27
"541",-4.12930822995041,-0.43353635440191,28
"542",-3.76262310195181,-0.43353635440191,28
"543",-3.3959379739532,-0.43353635440191,28
"544",-3.02925284595459,-0.43353635440191,28
"545",-2.66256771795599,-0.43353635440191,28
"546",-2.29588258995738,-0.43353635440191,28
"547",-1.92919746195877,-0.43353635440191,28
"548",-1.56251233396017,-0.43353635440191,28
"549",-1.19582720596156,-0.43353635440191,28
"550",-0.829142077962952,-0.887316813225425,28
"551",-0.462456949964345,-1.49235742499011,28
"552",-0.0957718219657382,-1.79487773087245,28
"553",0.270913306032869,-1.79487773087245,28
"554",0.637598434031475,-1.79487773087245,28
"555",1.00428356203008,-1.79487773087245,28
"556",1.37096869002869,-1.79487773087245,28
"557",1.7376538180273,-1.79487773087245,28
"558",2.1043389460259,-1.79487773087245,28
"559",2.47102407402451,-1.79487773087245,28
"560",2.83770920202312,-1.79487773087245,28
"561",-4.12930822995041,-0.43353635440191,29
"562",-3.76262310195181,-0.43353635440191,29
"563",-3.3959379739532,-0.43353635440191,29
"564",-3.02925284595459,-0.43353635440191,29
"565",-2.66256771795599,-0.43353635440191,29
"566",-2.29588258995738,-0.43353635440191,29
"567",-1.92919746195877,-0.43353635440191,29
"568",-1.56251233396017,-0.43353635440191,29
"569",-1.19582720596156,-0.43353635440191,29
"570",-0.829142077962952,-1.0385769661666,29
"571",-0.462456949964345,-1.34109727204894,29
"572",-0.0957718219657382,-1.34109727204894,29
"573",0.270913306032869,-1.34109727204894,29
"574",0.637598434031475,-1.34109727204894,29
"575",1.00428356203008,-1.34109727204894,29
"576",1.37096869002869,-1.34109727204894,29
"577",1.7376538180273,-1.34109727204894,29
"578",2.1043389460259,-1.34109727204894,29
"579",2.47102407402451,-1.34109727204894,29
"580",2.83770920202312,-1.34109727204894,29
"581",-4.12930822995041,-0.43353635440191,30
"582",-3.76262310195181,-0.43353635440191,30
"583",-3.3959379739532,-0.43353635440191,30
"584",-3.02925284595459,-0.43353635440191,30
"585",-2.66256771795599,-0.43353635440191,30
"586",-2.29588258995738,-0.43353635440191,30
"587",-1.92919746195877,-0.43353635440191,30
"588",-1.56251233396017,-0.43353635440191,30
"589",-1.19582720596156,-0.43353635440191,30
"590",-0.829142077962952,-0.887316813225425,30
"591",-0.462456949964345,-1.49235742499011,30
"592",-0.0957718219657382,-1.79487773087245,30
"593",0.270913306032869,-1.79487773087245,30
"594",0.637598434031475,-1.79487773087245,30
"595",1.00428356203008,-1.79487773087245,30
"596",1.37096869002869,-1.79487773087245,30
"597",1.7376538180273,-1.79487773087245,30
"598",2.1043389460259,-1.79487773087245,30
"599",2.47102407402451,-1.79487773087245,30
"600",2.83770920202312,-1.79487773087245,30
"601",-4.12930822995041,-0.43353635440191,31
"602",-3.76262310195181,-0.43353635440191,31
"603",-3.3959379739532,-0.43353635440191,31
"604",-3.02925284595459,-0.43353635440191,31
"605",-2.66256771795599,-0.43353635440191,31
"606",-2.29588258995738,-0.43353635440191,31
"607",-1.92919746195877,-0.43353635440191,31
"608",-1.56251233396017,-0.43353635440191,31
"609",-1.19582720596156,-0.43353635440191,31
"610",-0.829142077962952,-1.0385769661666,31
"611",-0.462456949964345,-1.34109727204894,31
"612",-0.0957718219657382,-1.49235742499011,31
"613",0.270913306032869,-1.49235742499011,31
"614",0.637598434031475,-1.49235742499011,31
"615",1.00428356203008,-1.49235742499011,31
"616",1.37096869002869,-1.49235742499011,31
"617",1.7376538180273,-1.49235742499011,31
"618",2.1043389460259,-1.49235742499011,31
"619",2.47102407402451,-1.49235742499011,31
"620",2.83770920202312,-1.49235742499011,31
"621",-4.12930822995041,-0.43353635440191,32
"622",-3.76262310195181,-0.43353635440191,32
"623",-3.3959379739532,-0.43353635440191,32
"624",-3.02925284595459,-0.43353635440191,32
"625",-2.66256771795599,-0.43353635440191,32
"626",-2.29588258995738,-0.43353635440191,32
"627",-1.92919746195877,-0.43353635440191,32
"628",-1.56251233396017,-0.43353635440191,32
"629",-1.19582720596156,-0.43353635440191,32
"630",-0.829142077962952,-1.0385769661666,32
"631",-0.462456949964345,-1.34109727204894,32
"632",-0.0957718219657382,-1.49235742499011,32
"633",0.270913306032869,-1.64361757793128,32
"634",0.637598434031475,-1.64361757793128,32
"635",1.00428356203008,-1.64361757793128,32
"636",1.37096869002869,-1.64361757793128,32
"637",1.7376538180273,-1.64361757793128,32
"638",2.1043389460259,-1.64361757793128,32
"639",2.47102407402451,-1.64361757793128,32
"640",2.83770920202312,-1.64361757793128,32
"641",-4.12930822995041,-0.43353635440191,33
"642",-3.76262310195181,-0.43353635440191,33
"643",-3.3959379739532,-0.43353635440191,33
"644",-3.02925284595459,-0.43353635440191,33
"645",-2.66256771795599,-0.43353635440191,33
"646",-2.29588258995738,-0.43353635440191,33
"647",-1.92919746195877,-0.43353635440191,33
"648",-1.56251233396017,-0.43353635440191,33
"649",-1.19582720596156,-0.43353635440191,33
"650",-0.829142077962952,-0.887316813225425,33
"651",-0.462456949964345,-1.49235742499011,33
"652",-0.0957718219657382,-1.64361757793128,33
"653",0.270913306032869,-1.79487773087245,33
"654",0.637598434031475,-1.79487773087245,33
"655",1.00428356203008,-1.94613788381362,33
"656",1.37096869002869,-1.94613788381362,33
"657",1.7376538180273,-1.94613788381362,33
"658",2.1043389460259,-1.94613788381362,33
"659",2.47102407402451,-1.94613788381362,33
"660",2.83770920202312,-1.94613788381362,33
"661",-4.12930822995041,-0.43353635440191,34
"662",-3.76262310195181,-0.43353635440191,34
"663",-3.3959379739532,-0.43353635440191,34
"664",-3.02925284595459,-0.43353635440191,34
"665",-2.66256771795599,-0.43353635440191,34
"666",-2.29588258995738,-0.43353635440191,34
"667",-1.92919746195877,-0.43353635440191,34
"668",-1.56251233396017,-0.43353635440191,34
"669",-1.19582720596156,-0.43353635440191,34
"670",-0.829142077962952,-0.887316813225425,34
"671",-0.462456949964345,-1.49235742499011,34
"672",-0.0957718219657382,-1.64361757793128,34
"673",0.270913306032869,-1.79487773087245,34
"674",0.637598434031475,-1.79487773087245,34
"675",1.00428356203008,-1.79487773087245,34
"676",1.37096869002869,-1.79487773087245,34
"677",1.7376538180273,-1.79487773087245,34
"678",2.1043389460259,-1.79487773087245,34
"679",2.47102407402451,-1.79487773087245,34
"680",2.83770920202312,-1.79487773087245,34
"681",-4.12930822995041,-0.43353635440191,35
"682",-3.76262310195181,-0.43353635440191,35
"683",-3.3959379739532,-0.43353635440191,35
"684",-3.02925284595459,-0.43353635440191,35
"685",-2.66256771795599,-0.43353635440191,35
"686",-2.29588258995738,-0.43353635440191,35
"687",-1.92919746195877,-0.43353635440191,35
"688",-1.56251233396017,-0.43353635440191,35
"689",-1.19582720596156,-0.43353635440191,35
"690",-0.829142077962952,-1.0385769661666,35
"691",-0.462456949964345,-1.49235742499011,35
"692",-0.0957718219657382,-1.64361757793128,35
"693",0.270913306032869,-1.64361757793128,35
"694",0.637598434031475,-1.79487773087245,35
"695",1.00428356203008,-1.79487773087245,35
"696",1.37096869002869,-1.79487773087245,35
"697",1.7376538180273,-1.79487773087245,35
"698",2.1043389460259,-1.94613788381362,35
"699",2.47102407402451,-1.94613788381362,35
"700",2.83770920202312,-1.94613788381362,35
"701",-4.12930822995041,-0.43353635440191,36
"702",-3.76262310195181,-0.43353635440191,36
"703",-3.3959379739532,-0.43353635440191,36
"704",-3.02925284595459,-0.43353635440191,36
"705",-2.66256771795599,-0.43353635440191,36
"706",-2.29588258995738,-0.43353635440191,36
"707",-1.92919746195877,-0.43353635440191,36
"708",-1.56251233396017,-0.43353635440191,36
"709",-1.19582720596156,-0.43353635440191,36
"710",-0.829142077962952,-0.43353635440191,36
"711",-0.462456949964345,-1.64361757793128,36
"712",-0.0957718219657382,-1.64361757793128,36
"713",0.270913306032869,-1.64361757793128,36
"714",0.637598434031475,-1.64361757793128,36
"715",1.00428356203008,-1.64361757793128,36
"716",1.37096869002869,-1.64361757793128,36
"717",1.7376538180273,-1.64361757793128,36
"718",2.1043389460259,-1.64361757793128,36
"719",2.47102407402451,-1.79487773087245,36
"720",2.83770920202312,-1.79487773087245,36
"721",-4.12930822995041,-0.43353635440191,37
"722",-3.76262310195181,-0.43353635440191,37
"723",-3.3959379739532,-0.43353635440191,37
"724",-3.02925284595459,-0.43353635440191,37
"725",-2.66256771795599,-0.43353635440191,37
"726",-2.29588258995738,-0.43353635440191,37
"727",-1.92919746195877,-0.43353635440191,37
"728",-1.56251233396017,-0.43353635440191,37
"729",-1.19582720596156,-0.43353635440191,37
"730",-0.829142077962952,-1.0385769661666,37
"731",-0.462456949964345,-1.49235742499011,37
"732",-0.0957718219657382,-1.64361757793128,37
"733",0.270913306032869,-1.64361757793128,37
"734",0.637598434031475,-1.64361757793128,37
"735",1.00428356203008,-1.64361757793128,37
"736",1.37096869002869,-1.64361757793128,37
"737",1.7376538180273,-1.64361757793128,37
"738",2.1043389460259,-1.79487773087245,37
"739",2.47102407402451,-1.79487773087245,37
"740",2.83770920202312,-1.79487773087245,37
"741",-4.12930822995041,-0.43353635440191,38
"742",-3.76262310195181,-0.43353635440191,38
"743",-3.3959379739532,-0.43353635440191,38
"744",-3.02925284595459,-0.43353635440191,38
"745",-2.66256771795599,-0.43353635440191,38
"746",-2.29588258995738,-0.43353635440191,38
"747",-1.92919746195877,-0.43353635440191,38
"748",-1.56251233396017,-0.43353635440191,38
"749",-1.19582720596156,-0.43353635440191,38
"750",-0.829142077962952,-1.0385769661666,38
"751",-0.462456949964345,-1.34109727204894,38
"752",-0.0957718219657382,-1.49235742499011,38
"753",0.270913306032869,-1.64361757793128,38
"754",0.637598434031475,-1.64361757793128,38
"755",1.00428356203008,-1.64361757793128,38
"756",1.37096869002869,-1.64361757793128,38
"757",1.7376538180273,-1.64361757793128,38
"758",2.1043389460259,-1.64361757793128,38
"759",2.47102407402451,-1.64361757793128,38
"760",2.83770920202312,-1.64361757793128,38
"761",-4.12930822995041,-0.43353635440191,39
"762",-3.76262310195181,-0.43353635440191,39
"763",-3.3959379739532,-0.43353635440191,39
"764",-3.02925284595459,-0.43353635440191,39
"765",-2.66256771795599,-0.43353635440191,39
"766",-2.29588258995738,-0.43353635440191,39
"767",-1.92919746195877,-0.43353635440191,39
"768",-1.56251233396017,-0.43353635440191,39
"769",-1.19582720596156,-0.43353635440191,39
"770",-0.829142077962952,-1.0385769661666,39
"771",-0.462456949964345,-1.34109727204894,39
"772",-0.0957718219657382,-1.49235742499011,39
"773",0.270913306032869,-1.49235742499011,39
"774",0.637598434031475,-1.64361757793128,39
"775",1.00428356203008,-1.64361757793128,39
"776",1.37096869002869,-1.64361757793128,39
"777",1.7376538180273,-1.64361757793128,39
"778",2.1043389460259,-1.64361757793128,39
"779",2.47102407402451,-1.64361757793128,39
"780",2.83770920202312,-1.64361757793128,39
"781",-4.12930822995041,-0.43353635440191,40
"782",-3.76262310195181,-0.43353635440191,40
"783",-3.3959379739532,-0.43353635440191,40
"784",-3.02925284595459,-0.43353635440191,40
"785",-2.66256771795599,-0.43353635440191,40
"786",-2.29588258995738,-0.43353635440191,40
"787",-1.92919746195877,-0.43353635440191,40
"788",-1.56251233396017,-0.43353635440191,40
"789",-1.19582720596156,-0.43353635440191,40
"790",-0.829142077962952,-1.0385769661666,40
"791",-0.462456949964345,-1.49235742499011,40
"792",-0.0957718219657382,-1.64361757793128,40
"793",0.270913306032869,-1.79487773087245,40
"794",0.637598434031475,-1.79487773087245,40
"795",1.00428356203008,-1.94613788381362,40
"796",1.37096869002869,-1.94613788381362,40
"797",1.7376538180273,-1.94613788381362,40
"798",2.1043389460259,-1.94613788381362,40
"799",2.47102407402451,-1.94613788381362,40
"800",2.83770920202312,-1.94613788381362,40
"801",-4.12930822995041,-0.43353635440191,41
"802",-3.76262310195181,-0.43353635440191,41
"803",-3.3959379739532,-0.43353635440191,41
"804",-3.02925284595459,-0.43353635440191,41
"805",-2.66256771795599,-0.43353635440191,41
"806",-2.29588258995738,-0.43353635440191,41
"807",-1.92919746195877,-0.43353635440191,41
"808",-1.56251233396017,-0.43353635440191,41
"809",-1.19582720596156,-0.43353635440191,41
"810",-0.829142077962952,-1.0385769661666,41
"811",-0.462456949964345,-1.34109727204894,41
"812",-0.0957718219657382,-1.49235742499011,41
"813",0.270913306032869,-1.64361757793128,41
"814",0.637598434031475,-1.64361757793128,41
"815",1.00428356203008,-1.64361757793128,41
"816",1.37096869002869,-1.64361757793128,41
"817",1.7376538180273,-1.64361757793128,41
"818",2.1043389460259,-1.64361757793128,41
"819",2.47102407402451,-1.64361757793128,41
"820",2.83770920202312,-1.64361757793128,41
"821",-4.12930822995041,-0.43353635440191,42
"822",-3.76262310195181,-0.43353635440191,42
"823",-3.3959379739532,-0.43353635440191,42
"824",-3.02925284595459,-0.43353635440191,42
"825",-2.66256771795599,-0.43353635440191,42
"826",-2.29588258995738,-0.43353635440191,42
"827",-1.92919746195877,-0.43353635440191,42
"828",-1.56251233396017,-0.43353635440191,42
"829",-1.19582720596156,-0.43353635440191,42
"830",-0.829142077962952,-1.0385769661666,42
"831",-0.462456949964345,-1.34109727204894,42
"832",-0.0957718219657382,-1.34109727204894,42
"833",0.270913306032869,-1.34109727204894,42
"834",0.637598434031475,-1.49235742499011,42
"835",1.00428356203008,-1.49235742499011,42
"836",1.37096869002869,-1.49235742499011,42
"837",1.7376538180273,-1.49235742499011,42
"838",2.1043389460259,-1.49235742499011,42
"839",2.47102407402451,-1.49235742499011,42
"840",2.83770920202312,-1.49235742499011,42
"841",-4.12930822995041,-0.43353635440191,43
"842",-3.76262310195181,-0.43353635440191,43
"843",-3.3959379739532,-0.43353635440191,43
"844",-3.02925284595459,-0.43353635440191,43
"845",-2.66256771795599,-0.43353635440191,43
"846",-2.29588258995738,-0.43353635440191,43
"847",-1.92919746195877,-0.43353635440191,43
"848",-1.56251233396017,-0.43353635440191,43
"849",-1.19582720596156,-0.43353635440191,43
"850",-0.829142077962952,-0.887316813225425,43
"851",-0.462456949964345,-1.64361757793128,43
"852",-0.0957718219657382,-1.79487773087245,43
"853",0.270913306032869,-1.94613788381362,43
"854",0.637598434031475,-1.94613788381362,43
"855",1.00428356203008,-1.94613788381362,43
"856",1.37096869002869,-1.94613788381362,43
"857",1.7376538180273,-1.94613788381362,43
"858",2.1043389460259,-1.94613788381362,43
"859",2.47102407402451,-1.94613788381362,43
"860",2.83770920202312,-1.94613788381362,43
"861",-4.12930822995041,-0.43353635440191,44
"862",-3.76262310195181,-0.43353635440191,44
"863",-3.3959379739532,-0.43353635440191,44
"864",-3.02925284595459,-0.43353635440191,44
"865",-2.66256771795599,-0.43353635440191,44
"866",-2.29588258995738,-0.43353635440191,44
"867",-1.92919746195877,-0.43353635440191,44
"868",-1.56251233396017,-0.43353635440191,44
"869",-1.19582720596156,-0.43353635440191,44
"870",-0.829142077962952,-0.887316813225425,44
"871",-0.462456949964345,-1.49235742499011,44
"872",-0.0957718219657382,-1.64361757793128,44
"873",0.270913306032869,-1.64361757793128,44
"874",0.637598434031475,-1.64361757793128,44
"875",1.00428356203008,-1.64361757793128,44
"876",1.37096869002869,-1.64361757793128,44
"877",1.7376538180273,-1.64361757793128,44
"878",2.1043389460259,-1.64361757793128,44
"879",2.47102407402451,-1.64361757793128,44
"880",2.83770920202312,-1.64361757793128,44
"881",-4.12930822995041,-0.43353635440191,45
"882",-3.76262310195181,-0.43353635440191,45
"883",-3.3959379739532,-0.43353635440191,45
"884",-3.02925284595459,-0.43353635440191,45
"885",-2.66256771795599,-0.43353635440191,45
"886",-2.29588258995738,-0.43353635440191,45
"887",-1.92919746195877,-0.43353635440191,45
"888",-1.56251233396017,-0.43353635440191,45
"889",-1.19582720596156,-0.43353635440191,45
"890",-0.829142077962952,-1.0385769661666,45
"891",-0.462456949964345,-1.34109727204894,45
"892",-0.0957718219657382,-1.49235742499011,45
"893",0.270913306032869,-1.49235742499011,45
"894",0.637598434031475,-1.49235742499011,45
"895",1.00428356203008,-1.49235742499011,45
"896",1.37096869002869,-1.49235742499011,45
"897",1.7376538180273,-1.49235742499011,45
"898",2.1043389460259,-1.49235742499011,45
"899",2.47102407402451,-1.49235742499011,45
"900",2.83770920202312,-1.49235742499011,45
"901",-4.12930822995041,-0.43353635440191,46
"902",-3.76262310195181,-0.43353635440191,46
"903",-3.3959379739532,-0.43353635440191,46
"904",-3.02925284595459,-0.43353635440191,46
"905",-2.66256771795599,-0.43353635440191,46
"906",-2.29588258995738,-0.43353635440191,46
"907",-1.92919746195877,-0.43353635440191,46
"908",-1.56251233396017,-0.43353635440191,46
"909",-1.19582720596156,-0.43353635440191,46
"910",-0.829142077962952,-0.887316813225425,46
"911",-0.462456949964345,-1.49235742499011,46
"912",-0.0957718219657382,-1.79487773087245,46
"913",0.270913306032869,-1.79487773087245,46
"914",0.637598434031475,-1.79487773087245,46
"915",1.00428356203008,-1.79487773087245,46
"916",1.37096869002869,-1.79487773087245,46
"917",1.7376538180273,-1.79487773087245,46
"918",2.1043389460259,-1.79487773087245,46
"919",2.47102407402451,-1.79487773087245,46
"920",2.83770920202312,-1.79487773087245,46
"921",-4.12930822995041,-0.43353635440191,47
"922",-3.76262310195181,-0.43353635440191,47
"923",-3.3959379739532,-0.43353635440191,47
"924",-3.02925284595459,-0.43353635440191,47
"925",-2.66256771795599,-0.43353635440191,47
"926",-2.29588258995738,-0.43353635440191,47
"927",-1.92919746195877,-0.43353635440191,47
"928",-1.56251233396017,-0.43353635440191,47
"929",-1.19582720596156,-0.43353635440191,47
"930",-0.829142077962952,-1.0385769661666,47
"931",-0.462456949964345,-1.34109727204894,47
"932",-0.0957718219657382,-1.49235742499011,47
"933",0.270913306032869,-1.49235742499011,47
"934",0.637598434031475,-1.49235742499011,47
"935",1.00428356203008,-1.64361757793128,47
"936",1.37096869002869,-1.64361757793128,47
"937",1.7376538180273,-1.64361757793128,47
"938",2.1043389460259,-1.64361757793128,47
"939",2.47102407402451,-1.64361757793128,47
"940",2.83770920202312,-1.64361757793128,47
"941",-4.12930822995041,-0.43353635440191,48
"942",-3.76262310195181,-0.43353635440191,48
"943",-3.3959379739532,-0.43353635440191,48
"944",-3.02925284595459,-0.43353635440191,48
"945",-2.66256771795599,-0.43353635440191,48
"946",-2.29588258995738,-0.43353635440191,48
"947",-1.92919746195877,-0.43353635440191,48
"948",-1.56251233396017,-0.43353635440191,48
"949",-1.19582720596156,-0.584796507343082,48
"950",-0.829142077962952,-1.0385769661666,48
"951",-0.462456949964345,-1.34109727204894,48
"952",-0.0957718219657382,-1.49235742499011,48
"953",0.270913306032869,-1.49235742499011,48
"954",0.637598434031475,-1.64361757793128,48
"955",1.00428356203008,-1.64361757793128,48
"956",1.37096869002869,-1.64361757793128,48
"957",1.7376538180273,-1.64361757793128,48
"958",2.1043389460259,-1.64361757793128,48
"959",2.47102407402451,-1.64361757793128,48
"960",2.83770920202312,-1.64361757793128,48
"961",-4.12930822995041,-0.43353635440191,49
"962",-3.76262310195181,-0.43353635440191,49
"963",-3.3959379739532,-0.43353635440191,49
"964",-3.02925284595459,-0.43353635440191,49
"965",-2.66256771795599,-0.43353635440191,49
"966",-2.29588258995738,-0.43353635440191,49
"967",-1.92919746195877,-0.43353635440191,49
"968",-1.56251233396017,-0.43353635440191,49
"969",-1.19582720596156,-0.584796507343082,49
"970",-0.829142077962952,-1.0385769661666,49
"971",-0.462456949964345,-1.34109727204894,49
"972",-0.0957718219657382,-1.64361757793128,49
"973",0.270913306032869,-1.64361757793128,49
"974",0.637598434031475,-1.79487773087245,49
"975",1.00428356203008,-1.79487773087245,49
"976",1.37096869002869,-1.79487773087245,49
"977",1.7376538180273,-1.79487773087245,49
"978",2.1043389460259,-1.79487773087245,49
"979",2.47102407402451,-1.79487773087245,49
"980",2.83770920202312,-1.79487773087245,49
"981",-4.12930822995041,-0.43353635440191,50
"982",-3.76262310195181,-0.43353635440191,50
"983",-3.3959379739532,-0.43353635440191,50
"984",-3.02925284595459,-0.43353635440191,50
"985",-2.66256771795599,-0.43353635440191,50
"986",-2.29588258995738,-0.43353635440191,50
"987",-1.92919746195877,-0.43353635440191,50
"988",-1.56251233396017,-0.43353635440191,50
"989",-1.19582720596156,-0.43353635440191,50
"990",-0.829142077962952,-1.0385769661666,50
"991",-0.462456949964345,-1.49235742499011,50
"992",-0.0957718219657382,-1.79487773087245,50
"993",0.270913306032869,-1.94613788381362,50
"994",0.637598434031475,-1.94613788381362,50
"995",1.00428356203008,-1.94613788381362,50
"996",1.37096869002869,-1.94613788381362,50
"997",1.7376538180273,-1.94613788381362,50
"998",2.1043389460259,-1.94613788381362,50
"999",2.47102407402451,-1.94613788381362,50
"1000",2.83770920202312,-1.94613788381362,50
"1001",-4.12930822995041,-0.43353635440191,51
"1002",-3.76262310195181,-0.43353635440191,51
"1003",-3.3959379739532,-0.43353635440191,51
"1004",-3.02925284595459,-0.43353635440191,51
"1005",-2.66256771795599,-0.43353635440191,51
"1006",-2.29588258995738,-0.43353635440191,51
"1007",-1.92919746195877,-0.43353635440191,51
"1008",-1.56251233396017,-0.43353635440191,51
"1009",-1.19582720596156,-0.43353635440191,51
"1010",-0.829142077962952,-1.0385769661666,51
"1011",-0.462456949964345,-1.49235742499011,51
"1012",-0.0957718219657382,-1.64361757793128,51
"1013",0.270913306032869,-1.64361757793128,51
"1014",0.637598434031475,-1.64361757793128,51
"1015",1.00428356203008,-1.64361757793128,51
"1016",1.37096869002869,-1.64361757793128,51
"1017",1.7376538180273,-1.64361757793128,51
"1018",2.1043389460259,-1.64361757793128,51
"1019",2.47102407402451,-1.64361757793128,51
"1020",2.83770920202312,-1.64361757793128,51
"1021",-4.12930822995041,-0.43353635440191,52
"1022",-3.76262310195181,-0.43353635440191,52
"1023",-3.3959379739532,-0.43353635440191,52
"1024",-3.02925284595459,-0.43353635440191,52
"1025",-2.66256771795599,-0.43353635440191,52
"1026",-2.29588258995738,-0.43353635440191,52
"1027",-1.92919746195877,-0.43353635440191,52
"1028",-1.56251233396017,-0.43353635440191,52
"1029",-1.19582720596156,-0.43353635440191,52
"1030",-0.829142077962952,-1.0385769661666,52
"1031",-0.462456949964345,-1.49235742499011,52
"1032",-0.0957718219657382,-1.64361757793128,52
"1033",0.270913306032869,-1.79487773087245,52
"1034",0.637598434031475,-1.79487773087245,52
"1035",1.00428356203008,-1.79487773087245,52
"1036",1.37096869002869,-1.79487773087245,52
"1037",1.7376538180273,-1.94613788381362,52
"1038",2.1043389460259,-1.94613788381362,52
"1039",2.47102407402451,-1.94613788381362,52
"1040",2.83770920202312,-1.94613788381362,52
"1041",-4.12930822995041,-0.43353635440191,53
"1042",-3.76262310195181,-0.43353635440191,53
"1043",-3.3959379739532,-0.43353635440191,53
"1044",-3.02925284595459,-0.43353635440191,53
"1045",-2.66256771795599,-0.43353635440191,53
"1046",-2.29588258995738,-0.43353635440191,53
"1047",-1.92919746195877,-0.43353635440191,53
"1048",-1.56251233396017,-0.43353635440191,53
"1049",-1.19582720596156,-0.43353635440191,53
"1050",-0.829142077962952,-1.0385769661666,53
"1051",-0.462456949964345,-1.34109727204894,53
"1052",-0.0957718219657382,-1.49235742499011,53
"1053",0.270913306032869,-1.64361757793128,53
"1054",0.637598434031475,-1.79487773087245,53
"1055",1.00428356203008,-1.79487773087245,53
"1056",1.37096869002869,-1.79487773087245,53
"1057",1.7376538180273,-1.79487773087245,53
"1058",2.1043389460259,-1.79487773087245,53
"1059",2.47102407402451,-1.79487773087245,53
"1060",2.83770920202312,-1.79487773087245,53
"1061",-4.12930822995041,-0.43353635440191,54
"1062",-3.76262310195181,-0.43353635440191,54
"1063",-3.3959379739532,-0.43353635440191,54
"1064",-3.02925284595459,-0.43353635440191,54
"1065",-2.66256771795599,-0.43353635440191,54
"1066",-2.29588258995738,-0.43353635440191,54
"1067",-1.92919746195877,-0.43353635440191,54
"1068",-1.56251233396017,-0.43353635440191,54
"1069",-1.19582720596156,-0.43353635440191,54
"1070",-0.829142077962952,-1.0385769661666,54
"1071",-0.462456949964345,-1.49235742499011,54
"1072",-0.0957718219657382,-1.64361757793128,54
"1073",0.270913306032869,-1.79487773087245,54
"1074",0.637598434031475,-1.79487773087245,54
"1075",1.00428356203008,-1.79487773087245,54
"1076",1.37096869002869,-1.79487773087245,54
"1077",1.7376538180273,-1.79487773087245,54
"1078",2.1043389460259,-1.79487773087245,54
"1079",2.47102407402451,-1.79487773087245,54
"1080",2.83770920202312,-1.79487773087245,54
"1081",-4.12930822995041,-0.43353635440191,55
"1082",-3.76262310195181,-0.43353635440191,55
"1083",-3.3959379739532,-0.43353635440191,55
"1084",-3.02925284595459,-0.43353635440191,55
"1085",-2.66256771795599,-0.43353635440191,55
"1086",-2.29588258995738,-0.43353635440191,55
"1087",-1.92919746195877,-0.43353635440191,55
"1088",-1.56251233396017,-0.43353635440191,55
"1089",-1.19582720596156,-0.43353635440191,55
"1090",-0.829142077962952,-1.0385769661666,55
"1091",-0.462456949964345,-1.49235742499011,55
"1092",-0.0957718219657382,-1.64361757793128,55
"1093",0.270913306032869,-1.64361757793128,55
"1094",0.637598434031475,-1.64361757793128,55
"1095",1.00428356203008,-1.64361757793128,55
"1096",1.37096869002869,-1.64361757793128,55
"1097",1.7376538180273,-1.64361757793128,55
"1098",2.1043389460259,-1.64361757793128,55
"1099",2.47102407402451,-1.64361757793128,55
"1100",2.83770920202312,-1.64361757793128,55
"1101",-4.12930822995041,-0.43353635440191,56
"1102",-3.76262310195181,-0.43353635440191,56
"1103",-3.3959379739532,-0.43353635440191,56
"1104",-3.02925284595459,-0.43353635440191,56
"1105",-2.66256771795599,-0.43353635440191,56
"1106",-2.29588258995738,-0.43353635440191,56
"1107",-1.92919746195877,-0.43353635440191,56
"1108",-1.56251233396017,-0.43353635440191,56
"1109",-1.19582720596156,-0.584796507343082,56
"1110",-0.829142077962952,-1.0385769661666,56
"1111",-0.462456949964345,-1.34109727204894,56
"1112",-0.0957718219657382,-1.49235742499011,56
"1113",0.270913306032869,-1.49235742499011,56
"1114",0.637598434031475,-1.64361757793128,56
"1115",1.00428356203008,-1.64361757793128,56
"1116",1.37096869002869,-1.64361757793128,56
"1117",1.7376538180273,-1.64361757793128,56
"1118",2.1043389460259,-1.64361757793128,56
"1119",2.47102407402451,-1.64361757793128,56
"1120",2.83770920202312,-1.64361757793128,56
"1121",-4.12930822995041,-0.43353635440191,57
"1122",-3.76262310195181,-0.43353635440191,57
"1123",-3.3959379739532,-0.43353635440191,57
"1124",-3.02925284595459,-0.43353635440191,57
"1125",-2.66256771795599,-0.43353635440191,57
"1126",-2.29588258995738,-0.43353635440191,57
"1127",-1.92919746195877,-0.43353635440191,57
"1128",-1.56251233396017,-0.43353635440191,57
"1129",-1.19582720596156,-0.43353635440191,57
"1130",-0.829142077962952,-1.0385769661666,57
"1131",-0.462456949964345,-1.34109727204894,57
"1132",-0.0957718219657382,-1.49235742499011,57
"1133",0.270913306032869,-1.64361757793128,57
"1134",0.637598434031475,-1.64361757793128,57
"1135",1.00428356203008,-1.64361757793128,57
"1136",1.37096869002869,-1.64361757793128,57
"1137",1.7376538180273,-1.64361757793128,57
"1138",2.1043389460259,-1.64361757793128,57
"1139",2.47102407402451,-1.64361757793128,57
"1140",2.83770920202312,-1.64361757793128,57
"1141",-4.12930822995041,-0.43353635440191,58
"1142",-3.76262310195181,-0.43353635440191,58
"1143",-3.3959379739532,-0.43353635440191,58
"1144",-3.02925284595459,-0.43353635440191,58
"1145",-2.66256771795599,-0.43353635440191,58
"1146",-2.29588258995738,-0.43353635440191,58
"1147",-1.92919746195877,-0.43353635440191,58
"1148",-1.56251233396017,-0.43353635440191,58
"1149",-1.19582720596156,-0.43353635440191,58
"1150",-0.829142077962952,-1.0385769661666,58
"1151",-0.462456949964345,-1.49235742499011,58
"1152",-0.0957718219657382,-1.64361757793128,58
"1153",0.270913306032869,-1.79487773087245,58
"1154",0.637598434031475,-1.79487773087245,58
"1155",1.00428356203008,-1.79487773087245,58
"1156",1.37096869002869,-1.79487773087245,58
"1157",1.7376538180273,-1.79487773087245,58
"1158",2.1043389460259,-1.79487773087245,58
"1159",2.47102407402451,-1.79487773087245,58
"1160",2.83770920202312,-1.79487773087245,58
"1161",-4.12930822995041,-0.43353635440191,59
"1162",-3.76262310195181,-0.43353635440191,59
"1163",-3.3959379739532,-0.43353635440191,59
"1164",-3.02925284595459,-0.43353635440191,59
"1165",-2.66256771795599,-0.43353635440191,59
"1166",-2.29588258995738,-0.43353635440191,59
"1167",-1.92919746195877,-0.43353635440191,59
"1168",-1.56251233396017,-0.43353635440191,59
"1169",-1.19582720596156,-0.43353635440191,59
"1170",-0.829142077962952,-0.887316813225425,59
"1171",-0.462456949964345,-1.64361757793128,59
"1172",-0.0957718219657382,-1.79487773087245,59
"1173",0.270913306032869,-1.94613788381362,59
"1174",0.637598434031475,-1.94613788381362,59
"1175",1.00428356203008,-1.94613788381362,59
"1176",1.37096869002869,-1.94613788381362,59
"1177",1.7376538180273,-1.94613788381362,59
"1178",2.1043389460259,-1.94613788381362,59
"1179",2.47102407402451,-1.94613788381362,59
"1180",2.83770920202312,-1.94613788381362,59
"1181",-4.12930822995041,-0.43353635440191,60
"1182",-3.76262310195181,-0.43353635440191,60
"1183",-3.3959379739532,-0.43353635440191,60
"1184",-3.02925284595459,-0.43353635440191,60
"1185",-2.66256771795599,-0.43353635440191,60
"1186",-2.29588258995738,-0.43353635440191,60
"1187",-1.92919746195877,-0.43353635440191,60
"1188",-1.56251233396017,-0.43353635440191,60
"1189",-1.19582720596156,-0.43353635440191,60
"1190",-0.829142077962952,-0.887316813225425,60
"1191",-0.462456949964345,-1.49235742499011,60
"1192",-0.0957718219657382,-1.64361757793128,60
"1193",0.270913306032869,-1.79487773087245,60
"1194",0.637598434031475,-1.79487773087245,60
"1195",1.00428356203008,-1.79487773087245,60
"1196",1.37096869002869,-1.79487773087245,60
"1197",1.7376538180273,-1.94613788381362,60
"1198",2.1043389460259,-1.94613788381362,60
"1199",2.47102407402451,-1.94613788381362,60
"1200",2.83770920202312,-1.94613788381362,60
"1201",-4.12930822995041,-0.43353635440191,61
"1202",-3.76262310195181,-0.43353635440191,61
"1203",-3.3959379739532,-0.43353635440191,61
"1204",-3.02925284595459,-0.43353635440191,61
"1205",-2.66256771795599,-0.43353635440191,61
"1206",-2.29588258995738,-0.43353635440191,61
"1207",-1.92919746195877,-0.43353635440191,61
"1208",-1.56251233396017,-0.43353635440191,61
"1209",-1.19582720596156,-0.584796507343082,61
"1210",-0.829142077962952,-1.0385769661666,61
"1211",-0.462456949964345,-1.34109727204894,61
"1212",-0.0957718219657382,-1.49235742499011,61
"1213",0.270913306032869,-1.49235742499011,61
"1214",0.637598434031475,-1.49235742499011,61
"1215",1.00428356203008,-1.49235742499011,61
"1216",1.37096869002869,-1.49235742499011,61
"1217",1.7376538180273,-1.49235742499011,61
"1218",2.1043389460259,-1.49235742499011,61
"1219",2.47102407402451,-1.49235742499011,61
"1220",2.83770920202312,-1.49235742499011,61
"1221",-4.12930822995041,-0.43353635440191,62
"1222",-3.76262310195181,-0.43353635440191,62
"1223",-3.3959379739532,-0.43353635440191,62
"1224",-3.02925284595459,-0.43353635440191,62
"1225",-2.66256771795599,-0.43353635440191,62
"1226",-2.29588258995738,-0.43353635440191,62
"1227",-1.92919746195877,-0.43353635440191,62
"1228",-1.56251233396017,-0.43353635440191,62
"1229",-1.19582720596156,-0.43353635440191,62
"1230",-0.829142077962952,-1.0385769661666,62
"1231",-0.462456949964345,-1.34109727204894,62
"1232",-0.0957718219657382,-1.34109727204894,62
"1233",0.270913306032869,-1.34109727204894,62
"1234",0.637598434031475,-1.34109727204894,62
"1235",1.00428356203008,-1.34109727204894,62
"1236",1.37096869002869,-1.34109727204894,62
"1237",1.7376538180273,-1.34109727204894,62
"1238",2.1043389460259,-1.34109727204894,62
"1239",2.47102407402451,-1.34109727204894,62
"1240",2.83770920202312,-1.34109727204894,62
"1241",-4.12930822995041,-0.43353635440191,63
"1242",-3.76262310195181,-0.43353635440191,63
"1243",-3.3959379739532,-0.43353635440191,63
"1244",-3.02925284595459,-0.43353635440191,63
"1245",-2.66256771795599,-0.43353635440191,63
"1246",-2.29588258995738,-0.43353635440191,63
"1247",-1.92919746195877,-0.43353635440191,63
"1248",-1.56251233396017,-0.43353635440191,63
"1249",-1.19582720596156,-0.43353635440191,63
"1250",-0.829142077962952,-1.0385769661666,63
"1251",-0.462456949964345,-1.49235742499011,63
"1252",-0.0957718219657382,-1.64361757793128,63
"1253",0.270913306032869,-1.79487773087245,63
"1254",0.637598434031475,-1.79487773087245,63
"1255",1.00428356203008,-1.79487773087245,63
"1256",1.37096869002869,-1.94613788381362,63
"1257",1.7376538180273,-1.94613788381362,63
"1258",2.1043389460259,-1.94613788381362,63
"1259",2.47102407402451,-1.94613788381362,63
"1260",2.83770920202312,-1.94613788381362,63
"1261",-4.12930822995041,-0.43353635440191,64
"1262",-3.76262310195181,-0.43353635440191,64
"1263",-3.3959379739532,-0.43353635440191,64
"1264",-3.02925284595459,-0.43353635440191,64
"1265",-2.66256771795599,-0.43353635440191,64
"1266",-2.29588258995738,-0.43353635440191,64
"1267",-1.92919746195877,-0.43353635440191,64
"1268",-1.56251233396017,-0.43353635440191,64
"1269",-1.19582720596156,-0.43353635440191,64
"1270",-0.829142077962952,-1.0385769661666,64
"1271",-0.462456949964345,-1.49235742499011,64
"1272",-0.0957718219657382,-1.64361757793128,64
"1273",0.270913306032869,-1.64361757793128,64
"1274",0.637598434031475,-1.79487773087245,64
"1275",1.00428356203008,-1.79487773087245,64
"1276",1.37096869002869,-1.79487773087245,64
"1277",1.7376538180273,-1.79487773087245,64
"1278",2.1043389460259,-1.79487773087245,64
"1279",2.47102407402451,-1.79487773087245,64
"1280",2.83770920202312,-1.79487773087245,64
"1281",-4.12930822995041,-0.43353635440191,65
"1282",-3.76262310195181,-0.43353635440191,65
"1283",-3.3959379739532,-0.43353635440191,65
"1284",-3.02925284595459,-0.43353635440191,65
"1285",-2.66256771795599,-0.43353635440191,65
"1286",-2.29588258995738,-0.43353635440191,65
"1287",-1.92919746195877,-0.43353635440191,65
"1288",-1.56251233396017,-0.43353635440191,65
"1289",-1.19582720596156,-0.43353635440191,65
"1290",-0.829142077962952,-1.0385769661666,65
"1291",-0.462456949964345,-1.49235742499011,65
"1292",-0.0957718219657382,-1.64361757793128,65
"1293",0.270913306032869,-1.64361757793128,65
"1294",0.637598434031475,-1.64361757793128,65
"1295",1.00428356203008,-1.64361757793128,65
"1296",1.37096869002869,-1.64361757793128,65
"1297",1.7376538180273,-1.79487773087245,65
"1298",2.1043389460259,-1.79487773087245,65
"1299",2.47102407402451,-1.79487773087245,65
"1300",2.83770920202312,-1.79487773087245,65
"1301",-4.12930822995041,-0.43353635440191,66
"1302",-3.76262310195181,-0.43353635440191,66
"1303",-3.3959379739532,-0.43353635440191,66
"1304",-3.02925284595459,-0.43353635440191,66
"1305",-2.66256771795599,-0.43353635440191,66
"1306",-2.29588258995738,-0.43353635440191,66
"1307",-1.92919746195877,-0.43353635440191,66
"1308",-1.56251233396017,-0.43353635440191,66
"1309",-1.19582720596156,-0.43353635440191,66
"1310",-0.829142077962952,-1.0385769661666,66
"1311",-0.462456949964345,-1.34109727204894,66
"1312",-0.0957718219657382,-1.49235742499011,66
"1313",0.270913306032869,-1.49235742499011,66
"1314",0.637598434031475,-1.64361757793128,66
"1315",1.00428356203008,-1.64361757793128,66
"1316",1.37096869002869,-1.64361757793128,66
"1317",1.7376538180273,-1.64361757793128,66
"1318",2.1043389460259,-1.64361757793128,66
"1319",2.47102407402451,-1.64361757793128,66
"1320",2.83770920202312,-1.64361757793128,66
"1321",-4.12930822995041,-0.43353635440191,67
"1322",-3.76262310195181,-0.43353635440191,67
"1323",-3.3959379739532,-0.43353635440191,67
"1324",-3.02925284595459,-0.43353635440191,67
"1325",-2.66256771795599,-0.43353635440191,67
"1326",-2.29588258995738,-0.43353635440191,67
"1327",-1.92919746195877,-0.43353635440191,67
"1328",-1.56251233396017,-0.43353635440191,67
"1329",-1.19582720596156,-0.43353635440191,67
"1330",-0.829142077962952,-1.0385769661666,67
"1331",-0.462456949964345,-1.34109727204894,67
"1332",-0.0957718219657382,-1.49235742499011,67
"1333",0.270913306032869,-1.49235742499011,67
"1334",0.637598434031475,-1.64361757793128,67
"1335",1.00428356203008,-1.64361757793128,67
"1336",1.37096869002869,-1.64361757793128,67
"1337",1.7376538180273,-1.64361757793128,67
"1338",2.1043389460259,-1.64361757793128,67
"1339",2.47102407402451,-1.64361757793128,67
"1340",2.83770920202312,-1.64361757793128,67
"1341",-4.12930822995041,-0.43353635440191,68
"1342",-3.76262310195181,-0.43353635440191,68
"1343",-3.3959379739532,-0.43353635440191,68
"1344",-3.02925284595459,-0.43353635440191,68
"1345",-2.66256771795599,-0.43353635440191,68
"1346",-2.29588258995738,-0.43353635440191,68
"1347",-1.92919746195877,-0.43353635440191,68
"1348",-1.56251233396017,-0.43353635440191,68
"1349",-1.19582720596156,-0.43353635440191,68
"1350",-0.829142077962952,-1.0385769661666,68
"1351",-0.462456949964345,-1.34109727204894,68
"1352",-0.0957718219657382,-1.49235742499011,68
"1353",0.270913306032869,-1.49235742499011,68
"1354",0.637598434031475,-1.49235742499011,68
"1355",1.00428356203008,-1.49235742499011,68
"1356",1.37096869002869,-1.49235742499011,68
"1357",1.7376538180273,-1.49235742499011,68
"1358",2.1043389460259,-1.64361757793128,68
"1359",2.47102407402451,-1.64361757793128,68
"1360",2.83770920202312,-1.64361757793128,68
"1361",-4.12930822995041,-0.43353635440191,69
"1362",-3.76262310195181,-0.43353635440191,69
"1363",-3.3959379739532,-0.43353635440191,69
"1364",-3.02925284595459,-0.43353635440191,69
"1365",-2.66256771795599,-0.43353635440191,69
"1366",-2.29588258995738,-0.43353635440191,69
"1367",-1.92919746195877,-0.43353635440191,69
"1368",-1.56251233396017,-0.43353635440191,69
"1369",-1.19582720596156,-0.584796507343082,69
"1370",-0.829142077962952,-1.0385769661666,69
"1371",-0.462456949964345,-1.49235742499011,69
"1372",-0.0957718219657382,-1.64361757793128,69
"1373",0.270913306032869,-1.79487773087245,69
"1374",0.637598434031475,-1.79487773087245,69
"1375",1.00428356203008,-1.79487773087245,69
"1376",1.37096869002869,-1.79487773087245,69
"1377",1.7376538180273,-1.79487773087245,69
"1378",2.1043389460259,-1.79487773087245,69
"1379",2.47102407402451,-1.79487773087245,69
"1380",2.83770920202312,-1.79487773087245,69
"1381",-4.12930822995041,-0.43353635440191,70
"1382",-3.76262310195181,-0.43353635440191,70
"1383",-3.3959379739532,-0.43353635440191,70
"1384",-3.02925284595459,-0.43353635440191,70
"1385",-2.66256771795599,-0.43353635440191,70
"1386",-2.29588258995738,-0.43353635440191,70
"1387",-1.92919746195877,-0.43353635440191,70
"1388",-1.56251233396017,-0.43353635440191,70
"1389",-1.19582720596156,-0.43353635440191,70
"1390",-0.829142077962952,-1.0385769661666,70
"1391",-0.462456949964345,-1.34109727204894,70
"1392",-0.0957718219657382,-1.49235742499011,70
"1393",0.270913306032869,-1.49235742499011,70
"1394",0.637598434031475,-1.49235742499011,70
"1395",1.00428356203008,-1.49235742499011,70
"1396",1.37096869002869,-1.49235742499011,70
"1397",1.7376538180273,-1.49235742499011,70
"1398",2.1043389460259,-1.49235742499011,70
"1399",2.47102407402451,-1.49235742499011,70
"1400",2.83770920202312,-1.49235742499011,70
"1401",-4.12930822995041,-0.43353635440191,71
"1402",-3.76262310195181,-0.43353635440191,71
"1403",-3.3959379739532,-0.43353635440191,71
"1404",-3.02925284595459,-0.43353635440191,71
"1405",-2.66256771795599,-0.43353635440191,71
"1406",-2.29588258995738,-0.43353635440191,71
"1407",-1.92919746195877,-0.43353635440191,71
"1408",-1.56251233396017,-0.43353635440191,71
"1409",-1.19582720596156,-0.43353635440191,71
"1410",-0.829142077962952,-1.0385769661666,71
"1411",-0.462456949964345,-1.34109727204894,71
"1412",-0.0957718219657382,-1.49235742499011,71
"1413",0.270913306032869,-1.64361757793128,71
"1414",0.637598434031475,-1.64361757793128,71
"1415",1.00428356203008,-1.64361757793128,71
"1416",1.37096869002869,-1.64361757793128,71
"1417",1.7376538180273,-1.64361757793128,71
"1418",2.1043389460259,-1.64361757793128,71
"1419",2.47102407402451,-1.64361757793128,71
"1420",2.83770920202312,-1.64361757793128,71
"1421",-4.12930822995041,-0.43353635440191,72
"1422",-3.76262310195181,-0.43353635440191,72
"1423",-3.3959379739532,-0.43353635440191,72
"1424",-3.02925284595459,-0.43353635440191,72
"1425",-2.66256771795599,-0.43353635440191,72
"1426",-2.29588258995738,-0.43353635440191,72
"1427",-1.92919746195877,-0.43353635440191,72
"1428",-1.56251233396017,-0.43353635440191,72
"1429",-1.19582720596156,-0.43353635440191,72
"1430",-0.829142077962952,-0.736056660284253,72
"1431",-0.462456949964345,-1.49235742499011,72
"1432",-0.0957718219657382,-1.64361757793128,72
"1433",0.270913306032869,-1.79487773087245,72
"1434",0.637598434031475,-1.79487773087245,72
"1435",1.00428356203008,-1.79487773087245,72
"1436",1.37096869002869,-1.79487773087245,72
"1437",1.7376538180273,-1.79487773087245,72
"1438",2.1043389460259,-1.79487773087245,72
"1439",2.47102407402451,-1.79487773087245,72
"1440",2.83770920202312,-1.79487773087245,72
"1441",-4.12930822995041,-0.43353635440191,73
"1442",-3.76262310195181,-0.43353635440191,73
"1443",-3.3959379739532,-0.43353635440191,73
"1444",-3.02925284595459,-0.43353635440191,73
"1445",-2.66256771795599,-0.43353635440191,73
"1446",-2.29588258995738,-0.43353635440191,73
"1447",-1.92919746195877,-0.43353635440191,73
"1448",-1.56251233396017,-0.43353635440191,73
"1449",-1.19582720596156,-0.43353635440191,73
"1450",-0.829142077962952,-0.887316813225425,73
"1451",-0.462456949964345,-1.49235742499011,73
"1452",-0.0957718219657382,-1.64361757793128,73
"1453",0.270913306032869,-1.79487773087245,73
"1454",0.637598434031475,-1.79487773087245,73
"1455",1.00428356203008,-1.79487773087245,73
"1456",1.37096869002869,-1.79487773087245,73
"1457",1.7376538180273,-1.79487773087245,73
"1458",2.1043389460259,-1.79487773087245,73
"1459",2.47102407402451,-1.79487773087245,73
"1460",2.83770920202312,-1.79487773087245,73
"1461",-4.12930822995041,-0.43353635440191,74
"1462",-3.76262310195181,-0.43353635440191,74
"1463",-3.3959379739532,-0.43353635440191,74
"1464",-3.02925284595459,-0.43353635440191,74
"1465",-2.66256771795599,-0.43353635440191,74
"1466",-2.29588258995738,-0.43353635440191,74
"1467",-1.92919746195877,-0.43353635440191,74
"1468",-1.56251233396017,-0.43353635440191,74
"1469",-1.19582720596156,-0.43353635440191,74
"1470",-0.829142077962952,-1.0385769661666,74
"1471",-0.462456949964345,-1.34109727204894,74
"1472",-0.0957718219657382,-1.49235742499011,74
"1473",0.270913306032869,-1.64361757793128,74
"1474",0.637598434031475,-1.64361757793128,74
"1475",1.00428356203008,-1.64361757793128,74
"1476",1.37096869002869,-1.64361757793128,74
"1477",1.7376538180273,-1.64361757793128,74
"1478",2.1043389460259,-1.64361757793128,74
"1479",2.47102407402451,-1.64361757793128,74
"1480",2.83770920202312,-1.64361757793128,74
"1481",-4.12930822995041,-0.43353635440191,75
"1482",-3.76262310195181,-0.43353635440191,75
"1483",-3.3959379739532,-0.43353635440191,75
"1484",-3.02925284595459,-0.43353635440191,75
"1485",-2.66256771795599,-0.43353635440191,75
"1486",-2.29588258995738,-0.43353635440191,75
"1487",-1.92919746195877,-0.43353635440191,75
"1488",-1.56251233396017,-0.43353635440191,75
"1489",-1.19582720596156,-0.43353635440191,75
"1490",-0.829142077962952,-0.887316813225425,75
"1491",-0.462456949964345,-1.49235742499011,75
"1492",-0.0957718219657382,-1.49235742499011,75
"1493",0.270913306032869,-1.64361757793128,75
"1494",0.637598434031475,-1.64361757793128,75
"1495",1.00428356203008,-1.64361757793128,75
"1496",1.37096869002869,-1.64361757793128,75
"1497",1.7376538180273,-1.64361757793128,75
"1498",2.1043389460259,-1.64361757793128,75
"1499",2.47102407402451,-1.64361757793128,75
"1500",2.83770920202312,-1.64361757793128,75
"1501",-4.12930822995041,-0.43353635440191,76
"1502",-3.76262310195181,-0.43353635440191,76
"1503",-3.3959379739532,-0.43353635440191,76
"1504",-3.02925284595459,-0.43353635440191,76
"1505",-2.66256771795599,-0.43353635440191,76
"1506",-2.29588258995738,-0.43353635440191,76
"1507",-1.92919746195877,-0.43353635440191,76
"1508",-1.56251233396017,-0.43353635440191,76
"1509",-1.19582720596156,-0.43353635440191,76
"1510",-0.829142077962952,-0.887316813225425,76
"1511",-0.462456949964345,-1.49235742499011,76
"1512",-0.0957718219657382,-1.79487773087245,76
"1513",0.270913306032869,-1.79487773087245,76
"1514",0.637598434031475,-1.79487773087245,76
"1515",1.00428356203008,-1.79487773087245,76
"1516",1.37096869002869,-1.79487773087245,76
"1517",1.7376538180273,-1.79487773087245,76
"1518",2.1043389460259,-1.79487773087245,76
"1519",2.47102407402451,-1.79487773087245,76
"1520",2.83770920202312,-1.79487773087245,76
"1521",-4.12930822995041,-0.43353635440191,77
"1522",-3.76262310195181,-0.43353635440191,77
"1523",-3.3959379739532,-0.43353635440191,77
"1524",-3.02925284595459,-0.43353635440191,77
"1525",-2.66256771795599,-0.43353635440191,77
"1526",-2.29588258995738,-0.43353635440191,77
"1527",-1.92919746195877,-0.43353635440191,77
"1528",-1.56251233396017,-0.43353635440191,77
"1529",-1.19582720596156,-0.43353635440191,77
"1530",-0.829142077962952,-0.887316813225425,77
"1531",-0.462456949964345,-1.64361757793128,77
"1532",-0.0957718219657382,-1.79487773087245,77
"1533",0.270913306032869,-1.94613788381362,77
"1534",0.637598434031475,-1.94613788381362,77
"1535",1.00428356203008,-1.94613788381362,77
"1536",1.37096869002869,-1.94613788381362,77
"1537",1.7376538180273,-1.94613788381362,77
"1538",2.1043389460259,-1.94613788381362,77
"1539",2.47102407402451,-1.94613788381362,77
"1540",2.83770920202312,-1.94613788381362,77
"1541",-4.12930822995041,-0.43353635440191,78
"1542",-3.76262310195181,-0.43353635440191,78
"1543",-3.3959379739532,-0.43353635440191,78
"1544",-3.02925284595459,-0.43353635440191,78
"1545",-2.66256771795599,-0.43353635440191,78
"1546",-2.29588258995738,-0.43353635440191,78
"1547",-1.92919746195877,-0.43353635440191,78
"1548",-1.56251233396017,-0.43353635440191,78
"1549",-1.19582720596156,-0.43353635440191,78
"1550",-0.829142077962952,-1.0385769661666,78
"1551",-0.462456949964345,-1.34109727204894,78
"1552",-0.0957718219657382,-1.49235742499011,78
"1553",0.270913306032869,-1.49235742499011,78
"1554",0.637598434031475,-1.64361757793128,78
"1555",1.00428356203008,-1.64361757793128,78
"1556",1.37096869002869,-1.64361757793128,78
"1557",1.7376538180273,-1.64361757793128,78
"1558",2.1043389460259,-1.64361757793128,78
"1559",2.47102407402451,-1.64361757793128,78
"1560",2.83770920202312,-1.64361757793128,78
"1561",-4.12930822995041,-0.43353635440191,79
"1562",-3.76262310195181,-0.43353635440191,79
"1563",-3.3959379739532,-0.43353635440191,79
"1564",-3.02925284595459,-0.43353635440191,79
"1565",-2.66256771795599,-0.43353635440191,79
"1566",-2.29588258995738,-0.43353635440191,79
"1567",-1.92919746195877,-0.43353635440191,79
"1568",-1.56251233396017,-0.43353635440191,79
"1569",-1.19582720596156,-0.43353635440191,79
"1570",-0.829142077962952,-1.0385769661666,79
"1571",-0.462456949964345,-1.34109727204894,79
"1572",-0.0957718219657382,-1.34109727204894,79
"1573",0.270913306032869,-1.49235742499011,79
"1574",0.637598434031475,-1.49235742499011,79
"1575",1.00428356203008,-1.49235742499011,79
"1576",1.37096869002869,-1.49235742499011,79
"1577",1.7376538180273,-1.49235742499011,79
"1578",2.1043389460259,-1.49235742499011,79
"1579",2.47102407402451,-1.49235742499011,79
"1580",2.83770920202312,-1.49235742499011,79
"1581",-4.12930822995041,-0.43353635440191,80
"1582",-3.76262310195181,-0.43353635440191,80
"1583",-3.3959379739532,-0.43353635440191,80
"1584",-3.02925284595459,-0.43353635440191,80
"1585",-2.66256771795599,-0.43353635440191,80
"1586",-2.29588258995738,-0.43353635440191,80
"1587",-1.92919746195877,-0.43353635440191,80
"1588",-1.56251233396017,-0.43353635440191,80
"1589",-1.19582720596156,-0.43353635440191,80
"1590",-0.829142077962952,-1.0385769661666,80
"1591",-0.462456949964345,-1.49235742499011,80
"1592",-0.0957718219657382,-1.79487773087245,80
"1593",0.270913306032869,-1.79487773087245,80
"1594",0.637598434031475,-1.79487773087245,80
"1595",1.00428356203008,-1.79487773087245,80
"1596",1.37096869002869,-1.79487773087245,80
"1597",1.7376538180273,-1.79487773087245,80
"1598",2.1043389460259,-1.79487773087245,80
"1599",2.47102407402451,-1.79487773087245,80
"1600",2.83770920202312,-1.79487773087245,80
"1601",-4.12930822995041,-0.43353635440191,81
"1602",-3.76262310195181,-0.43353635440191,81
"1603",-3.3959379739532,-0.43353635440191,81
"1604",-3.02925284595459,-0.43353635440191,81
"1605",-2.66256771795599,-0.43353635440191,81
"1606",-2.29588258995738,-0.43353635440191,81
"1607",-1.92919746195877,-0.43353635440191,81
"1608",-1.56251233396017,-0.43353635440191,81
"1609",-1.19582720596156,-0.584796507343082,81
"1610",-0.829142077962952,-1.0385769661666,81
"1611",-0.462456949964345,-1.34109727204894,81
"1612",-0.0957718219657382,-1.49235742499011,81
"1613",0.270913306032869,-1.64361757793128,81
"1614",0.637598434031475,-1.64361757793128,81
"1615",1.00428356203008,-1.64361757793128,81
"1616",1.37096869002869,-1.64361757793128,81
"1617",1.7376538180273,-1.64361757793128,81
"1618",2.1043389460259,-1.64361757793128,81
"1619",2.47102407402451,-1.64361757793128,81
"1620",2.83770920202312,-1.64361757793128,81
"1621",-4.12930822995041,-0.43353635440191,82
"1622",-3.76262310195181,-0.43353635440191,82
"1623",-3.3959379739532,-0.43353635440191,82
"1624",-3.02925284595459,-0.43353635440191,82
"1625",-2.66256771795599,-0.43353635440191,82
"1626",-2.29588258995738,-0.43353635440191,82
"1627",-1.92919746195877,-0.43353635440191,82
"1628",-1.56251233396017,-0.43353635440191,82
"1629",-1.19582720596156,-0.43353635440191,82
"1630",-0.829142077962952,-1.0385769661666,82
"1631",-0.462456949964345,-1.49235742499011,82
"1632",-0.0957718219657382,-1.64361757793128,82
"1633",0.270913306032869,-1.79487773087245,82
"1634",0.637598434031475,-1.79487773087245,82
"1635",1.00428356203008,-1.79487773087245,82
"1636",1.37096869002869,-1.79487773087245,82
"1637",1.7376538180273,-1.79487773087245,82
"1638",2.1043389460259,-1.79487773087245,82
"1639",2.47102407402451,-1.79487773087245,82
"1640",2.83770920202312,-1.79487773087245,82
"1641",-4.12930822995041,-0.43353635440191,83
"1642",-3.76262310195181,-0.43353635440191,83
"1643",-3.3959379739532,-0.43353635440191,83
"1644",-3.02925284595459,-0.43353635440191,83
"1645",-2.66256771795599,-0.43353635440191,83
"1646",-2.29588258995738,-0.43353635440191,83
"1647",-1.92919746195877,-0.43353635440191,83
"1648",-1.56251233396017,-0.43353635440191,83
"1649",-1.19582720596156,-0.43353635440191,83
"1650",-0.829142077962952,-0.584796507343082,83
"1651",-0.462456949964345,-1.49235742499011,83
"1652",-0.0957718219657382,-1.49235742499011,83
"1653",0.270913306032869,-1.49235742499011,83
"1654",0.637598434031475,-1.49235742499011,83
"1655",1.00428356203008,-1.64361757793128,83
"1656",1.37096869002869,-1.64361757793128,83
"1657",1.7376538180273,-1.64361757793128,83
"1658",2.1043389460259,-1.64361757793128,83
"1659",2.47102407402451,-1.64361757793128,83
"1660",2.83770920202312,-1.64361757793128,83
"1661",-4.12930822995041,-0.43353635440191,84
"1662",-3.76262310195181,-0.43353635440191,84
"1663",-3.3959379739532,-0.43353635440191,84
"1664",-3.02925284595459,-0.43353635440191,84
"1665",-2.66256771795599,-0.43353635440191,84
"1666",-2.29588258995738,-0.43353635440191,84
"1667",-1.92919746195877,-0.43353635440191,84
"1668",-1.56251233396017,-0.43353635440191,84
"1669",-1.19582720596156,-0.43353635440191,84
"1670",-0.829142077962952,-0.887316813225425,84
"1671",-0.462456949964345,-1.49235742499011,84
"1672",-0.0957718219657382,-1.64361757793128,84
"1673",0.270913306032869,-1.64361757793128,84
"1674",0.637598434031475,-1.64361757793128,84
"1675",1.00428356203008,-1.64361757793128,84
"1676",1.37096869002869,-1.64361757793128,84
"1677",1.7376538180273,-1.64361757793128,84
"1678",2.1043389460259,-1.64361757793128,84
"1679",2.47102407402451,-1.64361757793128,84
"1680",2.83770920202312,-1.64361757793128,84
"1681",-4.12930822995041,-0.43353635440191,85
"1682",-3.76262310195181,-0.43353635440191,85
"1683",-3.3959379739532,-0.43353635440191,85
"1684",-3.02925284595459,-0.43353635440191,85
"1685",-2.66256771795599,-0.43353635440191,85
"1686",-2.29588258995738,-0.43353635440191,85
"1687",-1.92919746195877,-0.43353635440191,85
"1688",-1.56251233396017,-0.43353635440191,85
"1689",-1.19582720596156,-0.887316813225425,85
"1690",-0.829142077962952,-1.18983711910777,85
"1691",-0.462456949964345,-1.34109727204894,85
"1692",-0.0957718219657382,-1.49235742499011,85
"1693",0.270913306032869,-1.79487773087245,85
"1694",0.637598434031475,-1.79487773087245,85
"1695",1.00428356203008,-1.79487773087245,85
"1696",1.37096869002869,-1.94613788381362,85
"1697",1.7376538180273,-1.94613788381362,85
"1698",2.1043389460259,-1.94613788381362,85
"1699",2.47102407402451,-1.94613788381362,85
"1700",2.83770920202312,-1.94613788381362,85
"1701",-4.12930822995041,-0.43353635440191,86
"1702",-3.76262310195181,-0.43353635440191,86
"1703",-3.3959379739532,-0.43353635440191,86
"1704",-3.02925284595459,-0.43353635440191,86
"1705",-2.66256771795599,-0.43353635440191,86
"1706",-2.29588258995738,-0.43353635440191,86
"1707",-1.92919746195877,-0.43353635440191,86
"1708",-1.56251233396017,-0.43353635440191,86
"1709",-1.19582720596156,-0.43353635440191,86
"1710",-0.829142077962952,-1.0385769661666,86
"1711",-0.462456949964345,-1.49235742499011,86
"1712",-0.0957718219657382,-1.64361757793128,86
"1713",0.270913306032869,-1.79487773087245,86
"1714",0.637598434031475,-1.79487773087245,86
"1715",1.00428356203008,-1.79487773087245,86
"1716",1.37096869002869,-1.79487773087245,86
"1717",1.7376538180273,-1.79487773087245,86
"1718",2.1043389460259,-1.79487773087245,86
"1719",2.47102407402451,-1.79487773087245,86
"1720",2.83770920202312,-1.79487773087245,86
"1721",-4.12930822995041,-0.43353635440191,87
"1722",-3.76262310195181,-0.43353635440191,87
"1723",-3.3959379739532,-0.43353635440191,87
"1724",-3.02925284595459,-0.43353635440191,87
"1725",-2.66256771795599,-0.43353635440191,87
"1726",-2.29588258995738,-0.43353635440191,87
"1727",-1.92919746195877,-0.43353635440191,87
"1728",-1.56251233396017,-0.43353635440191,87
"1729",-1.19582720596156,-0.43353635440191,87
"1730",-0.829142077962952,-0.887316813225425,87
"1731",-0.462456949964345,-1.64361757793128,87
"1732",-0.0957718219657382,-1.79487773087245,87
"1733",0.270913306032869,-1.94613788381362,87
"1734",0.637598434031475,-1.94613788381362,87
"1735",1.00428356203008,-1.94613788381362,87
"1736",1.37096869002869,-1.94613788381362,87
"1737",1.7376538180273,-1.94613788381362,87
"1738",2.1043389460259,-1.94613788381362,87
"1739",2.47102407402451,-1.94613788381362,87
"1740",2.83770920202312,-1.94613788381362,87
"1741",-4.12930822995041,-0.43353635440191,88
"1742",-3.76262310195181,-0.43353635440191,88
"1743",-3.3959379739532,-0.43353635440191,88
"1744",-3.02925284595459,-0.43353635440191,88
"1745",-2.66256771795599,-0.43353635440191,88
"1746",-2.29588258995738,-0.43353635440191,88
"1747",-1.92919746195877,-0.43353635440191,88
"1748",-1.56251233396017,-0.43353635440191,88
"1749",-1.19582720596156,-0.43353635440191,88
"1750",-0.829142077962952,-0.887316813225425,88
"1751",-0.462456949964345,-1.49235742499011,88
"1752",-0.0957718219657382,-1.64361757793128,88
"1753",0.270913306032869,-1.79487773087245,88
"1754",0.637598434031475,-1.79487773087245,88
"1755",1.00428356203008,-1.79487773087245,88
"1756",1.37096869002869,-1.79487773087245,88
"1757",1.7376538180273,-1.79487773087245,88
"1758",2.1043389460259,-1.79487773087245,88
"1759",2.47102407402451,-1.79487773087245,88
"1760",2.83770920202312,-1.79487773087245,88
"1761",-4.12930822995041,-0.43353635440191,89
"1762",-3.76262310195181,-0.43353635440191,89
"1763",-3.3959379739532,-0.43353635440191,89
"1764",-3.02925284595459,-0.43353635440191,89
"1765",-2.66256771795599,-0.43353635440191,89
"1766",-2.29588258995738,-0.43353635440191,89
"1767",-1.92919746195877,-0.43353635440191,89
"1768",-1.56251233396017,-0.43353635440191,89
"1769",-1.19582720596156,-0.43353635440191,89
"1770",-0.829142077962952,-0.887316813225425,89
"1771",-0.462456949964345,-1.49235742499011,89
"1772",-0.0957718219657382,-1.49235742499011,89
"1773",0.270913306032869,-1.49235742499011,89
"1774",0.637598434031475,-1.49235742499011,89
"1775",1.00428356203008,-1.49235742499011,89
"1776",1.37096869002869,-1.49235742499011,89
"1777",1.7376538180273,-1.64361757793128,89
"1778",2.1043389460259,-1.64361757793128,89
"1779",2.47102407402451,-1.64361757793128,89
"1780",2.83770920202312,-1.64361757793128,89
"1781",-4.12930822995041,-0.43353635440191,90
"1782",-3.76262310195181,-0.43353635440191,90
"1783",-3.3959379739532,-0.43353635440191,90
"1784",-3.02925284595459,-0.43353635440191,90
"1785",-2.66256771795599,-0.43353635440191,90
"1786",-2.29588258995738,-0.43353635440191,90
"1787",-1.92919746195877,-0.43353635440191,90
"1788",-1.56251233396017,-0.43353635440191,90
"1789",-1.19582720596156,-0.736056660284253,90
"1790",-0.829142077962952,-1.0385769661666,90
"1791",-0.462456949964345,-1.49235742499011,90
"1792",-0.0957718219657382,-1.64361757793128,90
"1793",0.270913306032869,-1.64361757793128,90
"1794",0.637598434031475,-1.64361757793128,90
"1795",1.00428356203008,-1.79487773087245,90
"1796",1.37096869002869,-1.79487773087245,90
"1797",1.7376538180273,-1.79487773087245,90
"1798",2.1043389460259,-1.79487773087245,90
"1799",2.47102407402451,-1.79487773087245,90
"1800",2.83770920202312,-1.79487773087245,90
"1801",-4.12930822995041,-0.43353635440191,91
"1802",-3.76262310195181,-0.43353635440191,91
"1803",-3.3959379739532,-0.43353635440191,91
"1804",-3.02925284595459,-0.43353635440191,91
"1805",-2.66256771795599,-0.43353635440191,91
"1806",-2.29588258995738,-0.43353635440191,91
"1807",-1.92919746195877,-0.43353635440191,91
"1808",-1.56251233396017,-0.43353635440191,91
"1809",-1.19582720596156,-0.43353635440191,91
"1810",-0.829142077962952,-1.0385769661666,91
"1811",-0.462456949964345,-1.49235742499011,91
"1812",-0.0957718219657382,-1.64361757793128,91
"1813",0.270913306032869,-1.64361757793128,91
"1814",0.637598434031475,-1.64361757793128,91
"1815",1.00428356203008,-1.64361757793128,91
"1816",1.37096869002869,-1.64361757793128,91
"1817",1.7376538180273,-1.64361757793128,91
"1818",2.1043389460259,-1.64361757793128,91
"1819",2.47102407402451,-1.64361757793128,91
"1820",2.83770920202312,-1.64361757793128,91
"1821",-4.12930822995041,-0.43353635440191,92
"1822",-3.76262310195181,-0.43353635440191,92
"1823",-3.3959379739532,-0.43353635440191,92
"1824",-3.02925284595459,-0.43353635440191,92
"1825",-2.66256771795599,-0.43353635440191,92
"1826",-2.29588258995738,-0.43353635440191,92
"1827",-1.92919746195877,-0.43353635440191,92
"1828",-1.56251233396017,-0.43353635440191,92
"1829",-1.19582720596156,-0.43353635440191,92
"1830",-0.829142077962952,-0.887316813225425,92
"1831",-0.462456949964345,-1.49235742499011,92
"1832",-0.0957718219657382,-1.79487773087245,92
"1833",0.270913306032869,-1.79487773087245,92
"1834",0.637598434031475,-1.79487773087245,92
"1835",1.00428356203008,-1.79487773087245,92
"1836",1.37096869002869,-1.79487773087245,92
"1837",1.7376538180273,-1.79487773087245,92
"1838",2.1043389460259,-1.79487773087245,92
"1839",2.47102407402451,-1.79487773087245,92
"1840",2.83770920202312,-1.79487773087245,92
"1841",-4.12930822995041,-0.43353635440191,93
"1842",-3.76262310195181,-0.43353635440191,93
"1843",-3.3959379739532,-0.43353635440191,93
"1844",-3.02925284595459,-0.43353635440191,93
"1845",-2.66256771795599,-0.43353635440191,93
"1846",-2.29588258995738,-0.43353635440191,93
"1847",-1.92919746195877,-0.43353635440191,93
"1848",-1.56251233396017,-0.43353635440191,93
"1849",-1.19582720596156,-0.43353635440191,93
"1850",-0.829142077962952,-1.0385769661666,93
"1851",-0.462456949964345,-1.49235742499011,93
"1852",-0.0957718219657382,-1.64361757793128,93
"1853",0.270913306032869,-1.64361757793128,93
"1854",0.637598434031475,-1.64361757793128,93
"1855",1.00428356203008,-1.64361757793128,93
"1856",1.37096869002869,-1.64361757793128,93
"1857",1.7376538180273,-1.64361757793128,93
"1858",2.1043389460259,-1.64361757793128,93
"1859",2.47102407402451,-1.64361757793128,93
"1860",2.83770920202312,-1.64361757793128,93
"1861",-4.12930822995041,-0.43353635440191,94
"1862",-3.76262310195181,-0.43353635440191,94
"1863",-3.3959379739532,-0.43353635440191,94
"1864",-3.02925284595459,-0.43353635440191,94
"1865",-2.66256771795599,-0.43353635440191,94
"1866",-2.29588258995738,-0.43353635440191,94
"1867",-1.92919746195877,-0.43353635440191,94
"1868",-1.56251233396017,-0.43353635440191,94
"1869",-1.19582720596156,-0.43353635440191,94
"1870",-0.829142077962952,-0.887316813225425,94
"1871",-0.462456949964345,-1.34109727204894,94
"1872",-0.0957718219657382,-1.49235742499011,94
"1873",0.270913306032869,-1.49235742499011,94
"1874",0.637598434031475,-1.49235742499011,94
"1875",1.00428356203008,-1.49235742499011,94
"1876",1.37096869002869,-1.49235742499011,94
"1877",1.7376538180273,-1.49235742499011,94
"1878",2.1043389460259,-1.49235742499011,94
"1879",2.47102407402451,-1.49235742499011,94
"1880",2.83770920202312,-1.49235742499011,94
"1881",-4.12930822995041,-0.43353635440191,95
"1882",-3.76262310195181,-0.43353635440191,95
"1883",-3.3959379739532,-0.43353635440191,95
"1884",-3.02925284595459,-0.43353635440191,95
"1885",-2.66256771795599,-0.43353635440191,95
"1886",-2.29588258995738,-0.43353635440191,95
"1887",-1.92919746195877,-0.43353635440191,95
"1888",-1.56251233396017,-0.43353635440191,95
"1889",-1.19582720596156,-0.43353635440191,95
"1890",-0.829142077962952,-1.0385769661666,95
"1891",-0.462456949964345,-1.34109727204894,95
"1892",-0.0957718219657382,-1.34109727204894,95
"1893",0.270913306032869,-1.34109727204894,95
"1894",0.637598434031475,-1.34109727204894,95
"1895",1.00428356203008,-1.34109727204894,95
"1896",1.37096869002869,-1.34109727204894,95
"1897",1.7376538180273,-1.34109727204894,95
"1898",2.1043389460259,-1.34109727204894,95
"1899",2.47102407402451,-1.34109727204894,95
"1900",2.83770920202312,-1.49235742499011,95
"1901",-4.12930822995041,-0.43353635440191,96
"1902",-3.76262310195181,-0.43353635440191,96
"1903",-3.3959379739532,-0.43353635440191,96
"1904",-3.02925284595459,-0.43353635440191,96
"1905",-2.66256771795599,-0.43353635440191,96
"1906",-2.29588258995738,-0.43353635440191,96
"1907",-1.92919746195877,-0.43353635440191,96
"1908",-1.56251233396017,-0.43353635440191,96
"1909",-1.19582720596156,-0.43353635440191,96
"1910",-0.829142077962952,-1.0385769661666,96
"1911",-0.462456949964345,-1.34109727204894,96
"1912",-0.0957718219657382,-1.34109727204894,96
"1913",0.270913306032869,-1.49235742499011,96
"1914",0.637598434031475,-1.49235742499011,96
"1915",1.00428356203008,-1.49235742499011,96
"1916",1.37096869002869,-1.49235742499011,96
"1917",1.7376538180273,-1.49235742499011,96
"1918",2.1043389460259,-1.49235742499011,96
"1919",2.47102407402451,-1.49235742499011,96
"1920",2.83770920202312,-1.49235742499011,96
"1921",-4.12930822995041,-0.43353635440191,97
"1922",-3.76262310195181,-0.43353635440191,97
"1923",-3.3959379739532,-0.43353635440191,97
"1924",-3.02925284595459,-0.43353635440191,97
"1925",-2.66256771795599,-0.43353635440191,97
"1926",-2.29588258995738,-0.43353635440191,97
"1927",-1.92919746195877,-0.43353635440191,97
"1928",-1.56251233396017,-0.43353635440191,97
"1929",-1.19582720596156,-0.43353635440191,97
"1930",-0.829142077962952,-1.0385769661666,97
"1931",-0.462456949964345,-1.34109727204894,97
"1932",-0.0957718219657382,-1.49235742499011,97
"1933",0.270913306032869,-1.49235742499011,97
"1934",0.637598434031475,-1.49235742499011,97
"1935",1.00428356203008,-1.49235742499011,97
"1936",1.37096869002869,-1.49235742499011,97
"1937",1.7376538180273,-1.49235742499011,97
"1938",2.1043389460259,-1.64361757793128,97
"1939",2.47102407402451,-1.64361757793128,97
"1940",2.83770920202312,-1.64361757793128,97
"1941",-4.12930822995041,-0.43353635440191,98
"1942",-3.76262310195181,-0.43353635440191,98
"1943",-3.3959379739532,-0.43353635440191,98
"1944",-3.02925284595459,-0.43353635440191,98
"1945",-2.66256771795599,-0.43353635440191,98
"1946",-2.29588258995738,-0.43353635440191,98
"1947",-1.92919746195877,-0.43353635440191,98
"1948",-1.56251233396017,-0.43353635440191,98
"1949",-1.19582720596156,-0.43353635440191,98
"1950",-0.829142077962952,-1.0385769661666,98
"1951",-0.462456949964345,-1.34109727204894,98
"1952",-0.0957718219657382,-1.49235742499011,98
"1953",0.270913306032869,-1.64361757793128,98
"1954",0.637598434031475,-1.64361757793128,98
"1955",1.00428356203008,-1.64361757793128,98
"1956",1.37096869002869,-1.64361757793128,98
"1957",1.7376538180273,-1.64361757793128,98
"1958",2.1043389460259,-1.64361757793128,98
"1959",2.47102407402451,-1.64361757793128,98
"1960",2.83770920202312,-1.64361757793128,98
"1961",-4.12930822995041,-0.43353635440191,99
"1962",-3.76262310195181,-0.43353635440191,99
"1963",-3.3959379739532,-0.43353635440191,99
"1964",-3.02925284595459,-0.43353635440191,99
"1965",-2.66256771795599,-0.43353635440191,99
"1966",-2.29588258995738,-0.43353635440191,99
"1967",-1.92919746195877,-0.43353635440191,99
"1968",-1.56251233396017,-0.43353635440191,99
"1969",-1.19582720596156,-0.43353635440191,99
"1970",-0.829142077962952,-1.0385769661666,99
"1971",-0.462456949964345,-1.34109727204894,99
"1972",-0.0957718219657382,-1.49235742499011,99
"1973",0.270913306032869,-1.64361757793128,99
"1974",0.637598434031475,-1.64361757793128,99
"1975",1.00428356203008,-1.64361757793128,99
"1976",1.37096869002869,-1.64361757793128,99
"1977",1.7376538180273,-1.64361757793128,99
"1978",2.1043389460259,-1.64361757793128,99
"1979",2.47102407402451,-1.64361757793128,99
"1980",2.83770920202312,-1.64361757793128,99
"1981",-4.12930822995041,-0.43353635440191,100
"1982",-3.76262310195181,-0.43353635440191,100
"1983",-3.3959379739532,-0.43353635440191,100
"1984",-3.02925284595459,-0.43353635440191,100
"1985",-2.66256771795599,-0.43353635440191,100
"1986",-2.29588258995738,-0.43353635440191,100
"1987",-1.92919746195877,-0.43353635440191,100
"1988",-1.56251233396017,-0.43353635440191,100
"1989",-1.19582720596156,-0.43353635440191,100
"1990",-0.829142077962952,-1.0385769661666,100
"1991",-0.462456949964345,-1.34109727204894,100
"1992",-0.0957718219657382,-1.49235742499011,100
"1993",0.270913306032869,-1.64361757793128,100
"1994",0.637598434031475,-1.64361757793128,100
"1995",1.00428356203008,-1.64361757793128,100
"1996",1.37096869002869,-1.64361757793128,100
"1997",1.7376538180273,-1.64361757793128,100
"1998",2.1043389460259,-1.79487773087245,100
"1999",2.47102407402451,-1.79487773087245,100
"2000",2.83770920202312,-1.79487773087245,100
