"","x","y","sample"
"1",-6.36678762658506,1.31955878558252,1
"2",-5.92640965079953,1.31955878558252,1
"3",-5.486031675014,1.31955878558252,1
"4",-5.04565369922847,0.528048613392409,1
"5",-4.60527572344295,-0.791135006924447,1
"6",-4.16489774765742,-1.58264517911456,1
"7",-3.72451977187189,-2.37415535130467,1
"8",-3.28414179608636,-3.16566552349479,1
"9",-2.84376382030084,-3.69333897162153,1
"10",-2.40338584451531,-3.9571756956849,1
"11",-1.96300786872978,-3.9571756956849,1
"12",-1.52262989294425,-3.9571756956849,1
"13",-1.08225191715872,-3.9571756956849,1
"14",-0.641873941373197,-3.9571756956849,1
"15",-0.201495965587669,-3.9571756956849,1
"16",0.238882010197859,-3.9571756956849,1
"17",0.679259985983387,-3.9571756956849,1
"18",1.11963796176891,-3.9571756956849,1
"19",1.56001593755444,-3.9571756956849,1
"20",2.00039391333997,-3.9571756956849,1
"21",-6.36678762658506,1.31955878558252,2
"22",-5.92640965079953,1.31955878558252,2
"23",-5.486031675014,1.31955878558252,2
"24",-5.04565369922847,1.31955878558252,2
"25",-4.60527572344295,0.000375165265666499,2
"26",-4.16489774765742,-1.84648190317793,2
"27",-3.72451977187189,-2.63799207536805,2
"28",-3.28414179608636,-3.16566552349479,2
"29",-2.84376382030084,-3.42950224755816,2
"30",-2.40338584451531,-3.69333897162153,2
"31",-1.96300786872978,-3.9571756956849,2
"32",-1.52262989294425,-3.9571756956849,2
"33",-1.08225191715872,-3.9571756956849,2
"34",-0.641873941373197,-3.9571756956849,2
"35",-0.201495965587669,-3.9571756956849,2
"36",0.238882010197859,-3.9571756956849,2
"37",0.679259985983387,-3.9571756956849,2
"38",1.11963796176891,-3.9571756956849,2
"39",1.56001593755444,-3.9571756956849,2
"40",2.00039391333997,-3.9571756956849,2
"41",-6.36678762658506,1.31955878558252,3
"42",-5.92640965079953,1.31955878558252,3
"43",-5.486031675014,1.31955878558252,3
"44",-5.04565369922847,1.31955878558252,3
"45",-4.60527572344295,-0.263461558797705,3
"46",-4.16489774765742,-1.84648190317793,3
"47",-3.72451977187189,-2.90182879943142,3
"48",-3.28414179608636,-3.9571756956849,3
"49",-2.84376382030084,-3.9571756956849,3
"50",-2.40338584451531,-3.9571756956849,3
"51",-1.96300786872978,-3.9571756956849,3
"52",-1.52262989294425,-3.9571756956849,3
"53",-1.08225191715872,-3.9571756956849,3
"54",-0.641873941373197,-3.9571756956849,3
"55",-0.201495965587669,-3.9571756956849,3
"56",0.238882010197859,-3.9571756956849,3
"57",0.679259985983387,-3.9571756956849,3
"58",1.11963796176891,-3.9571756956849,3
"59",1.56001593755444,-3.9571756956849,3
"60",2.00039391333997,-3.9571756956849,3
"61",-6.36678762658506,1.31955878558252,4
"62",-5.92640965079953,1.31955878558252,4
"63",-5.486031675014,1.31955878558252,4
"64",-5.04565369922847,1.31955878558252,4
"65",-4.60527572344295,1.31955878558252,4
"66",-4.16489774765742,-1.84648190317793,4
"67",-3.72451977187189,-2.1103186272413,4
"68",-3.28414179608636,-2.37415535130467,4
"69",-2.84376382030084,-2.63799207536805,4
"70",-2.40338584451531,-3.69333897162153,4
"71",-1.96300786872978,-3.9571756956849,4
"72",-1.52262989294425,-3.9571756956849,4
"73",-1.08225191715872,-3.9571756956849,4
"74",-0.641873941373197,-3.9571756956849,4
"75",-0.201495965587669,-3.9571756956849,4
"76",0.238882010197859,-3.9571756956849,4
"77",0.679259985983387,-3.9571756956849,4
"78",1.11963796176891,-3.9571756956849,4
"79",1.56001593755444,-3.9571756956849,4
"80",2.00039391333997,-3.9571756956849,4
"81",-6.36678762658506,1.31955878558252,5
"82",-5.92640965079953,1.31955878558252,5
"83",-5.486031675014,1.31955878558252,5
"84",-5.04565369922847,1.31955878558252,5
"85",-4.60527572344295,-0.791135006924447,5
"86",-4.16489774765742,-1.58264517911456,5
"87",-3.72451977187189,-2.1103186272413,5
"88",-3.28414179608636,-2.63799207536805,5
"89",-2.84376382030084,-2.90182879943142,5
"90",-2.40338584451531,-3.16566552349479,5
"91",-1.96300786872978,-3.42950224755816,5
"92",-1.52262989294425,-3.69333897162153,5
"93",-1.08225191715872,-3.9571756956849,5
"94",-0.641873941373197,-3.9571756956849,5
"95",-0.201495965587669,-3.9571756956849,5
"96",0.238882010197859,-3.9571756956849,5
"97",0.679259985983387,-3.9571756956849,5
"98",1.11963796176891,-3.9571756956849,5
"99",1.56001593755444,-3.9571756956849,5
"100",2.00039391333997,-3.9571756956849,5
"101",-6.36678762658506,1.31955878558252,6
"102",-5.92640965079953,1.31955878558252,6
"103",-5.486031675014,1.31955878558252,6
"104",-5.04565369922847,0.000375165265666499,6
"105",-4.60527572344295,-0.791135006924447,6
"106",-4.16489774765742,-2.1103186272413,6
"107",-3.72451977187189,-2.63799207536805,6
"108",-3.28414179608636,-2.63799207536805,6
"109",-2.84376382030084,-2.63799207536805,6
"110",-2.40338584451531,-2.90182879943142,6
"111",-1.96300786872978,-3.42950224755816,6
"112",-1.52262989294425,-3.9571756956849,6
"113",-1.08225191715872,-3.9571756956849,6
"114",-0.641873941373197,-3.9571756956849,6
"115",-0.201495965587669,-3.9571756956849,6
"116",0.238882010197859,-3.9571756956849,6
"117",0.679259985983387,-3.9571756956849,6
"118",1.11963796176891,-3.9571756956849,6
"119",1.56001593755444,-3.9571756956849,6
"120",2.00039391333997,-3.9571756956849,6
"121",-6.36678762658506,1.31955878558252,7
"122",-5.92640965079953,1.31955878558252,7
"123",-5.486031675014,1.31955878558252,7
"124",-5.04565369922847,0.264211889329037,7
"125",-4.60527572344295,-0.791135006924447,7
"126",-4.16489774765742,-1.58264517911456,7
"127",-3.72451977187189,-2.1103186272413,7
"128",-3.28414179608636,-2.63799207536805,7
"129",-2.84376382030084,-2.90182879943142,7
"130",-2.40338584451531,-3.16566552349479,7
"131",-1.96300786872978,-3.42950224755816,7
"132",-1.52262989294425,-3.69333897162153,7
"133",-1.08225191715872,-3.9571756956849,7
"134",-0.641873941373197,-3.9571756956849,7
"135",-0.201495965587669,-3.9571756956849,7
"136",0.238882010197859,-3.9571756956849,7
"137",0.679259985983387,-3.9571756956849,7
"138",1.11963796176891,-3.9571756956849,7
"139",1.56001593755444,-3.9571756956849,7
"140",2.00039391333997,-3.9571756956849,7
"141",-6.36678762658506,1.31955878558252,8
"142",-5.92640965079953,1.31955878558252,8
"143",-5.486031675014,1.31955878558252,8
"144",-5.04565369922847,1.31955878558252,8
"145",-4.60527572344295,1.31955878558252,8
"146",-4.16489774765742,-3.9571756956849,8
"147",-3.72451977187189,-3.9571756956849,8
"148",-3.28414179608636,-3.9571756956849,8
"149",-2.84376382030084,-3.9571756956849,8
"150",-2.40338584451531,-3.9571756956849,8
"151",-1.96300786872978,-3.9571756956849,8
"152",-1.52262989294425,-3.9571756956849,8
"153",-1.08225191715872,-3.9571756956849,8
"154",-0.641873941373197,-3.9571756956849,8
"155",-0.201495965587669,-3.9571756956849,8
"156",0.238882010197859,-3.9571756956849,8
"157",0.679259985983387,-3.9571756956849,8
"158",1.11963796176891,-3.9571756956849,8
"159",1.56001593755444,-3.9571756956849,8
"160",2.00039391333997,-3.9571756956849,8
"161",-6.36678762658506,1.31955878558252,9
"162",-5.92640965079953,1.31955878558252,9
"163",-5.486031675014,1.31955878558252,9
"164",-5.04565369922847,1.31955878558252,9
"165",-4.60527572344295,-0.263461558797705,9
"166",-4.16489774765742,-1.84648190317793,9
"167",-3.72451977187189,-2.90182879943142,9
"168",-3.28414179608636,-3.69333897162153,9
"169",-2.84376382030084,-3.9571756956849,9
"170",-2.40338584451531,-3.9571756956849,9
"171",-1.96300786872978,-3.9571756956849,9
"172",-1.52262989294425,-3.9571756956849,9
"173",-1.08225191715872,-3.9571756956849,9
"174",-0.641873941373197,-3.9571756956849,9
"175",-0.201495965587669,-3.9571756956849,9
"176",0.238882010197859,-3.9571756956849,9
"177",0.679259985983387,-3.9571756956849,9
"178",1.11963796176891,-3.9571756956849,9
"179",1.56001593755444,-3.9571756956849,9
"180",2.00039391333997,-3.9571756956849,9
"181",-6.36678762658506,1.31955878558252,10
"182",-5.92640965079953,1.31955878558252,10
"183",-5.486031675014,1.31955878558252,10
"184",-5.04565369922847,1.31955878558252,10
"185",-4.60527572344295,1.05572206151915,10
"186",-4.16489774765742,-3.9571756956849,10
"187",-3.72451977187189,-3.9571756956849,10
"188",-3.28414179608636,-3.9571756956849,10
"189",-2.84376382030084,-3.9571756956849,10
"190",-2.40338584451531,-3.9571756956849,10
"191",-1.96300786872978,-3.9571756956849,10
"192",-1.52262989294425,-3.9571756956849,10
"193",-1.08225191715872,-3.9571756956849,10
"194",-0.641873941373197,-3.9571756956849,10
"195",-0.201495965587669,-3.9571756956849,10
"196",0.238882010197859,-3.9571756956849,10
"197",0.679259985983387,-3.9571756956849,10
"198",1.11963796176891,-3.9571756956849,10
"199",1.56001593755444,-3.9571756956849,10
"200",2.00039391333997,-3.9571756956849,10
"201",-6.36678762658506,1.31955878558252,11
"202",-5.92640965079953,1.31955878558252,11
"203",-5.486031675014,1.31955878558252,11
"204",-5.04565369922847,1.31955878558252,11
"205",-4.60527572344295,1.31955878558252,11
"206",-4.16489774765742,-3.42950224755816,11
"207",-3.72451977187189,-3.9571756956849,11
"208",-3.28414179608636,-3.9571756956849,11
"209",-2.84376382030084,-3.9571756956849,11
"210",-2.40338584451531,-3.9571756956849,11
"211",-1.96300786872978,-3.9571756956849,11
"212",-1.52262989294425,-3.9571756956849,11
"213",-1.08225191715872,-3.9571756956849,11
"214",-0.641873941373197,-3.9571756956849,11
"215",-0.201495965587669,-3.9571756956849,11
"216",0.238882010197859,-3.9571756956849,11
"217",0.679259985983387,-3.9571756956849,11
"218",1.11963796176891,-3.9571756956849,11
"219",1.56001593755444,-3.9571756956849,11
"220",2.00039391333997,-3.9571756956849,11
"221",-6.36678762658506,1.31955878558252,12
"222",-5.92640965079953,1.31955878558252,12
"223",-5.486031675014,1.31955878558252,12
"224",-5.04565369922847,1.31955878558252,12
"225",-4.60527572344295,0.264211889329037,12
"226",-4.16489774765742,-2.63799207536805,12
"227",-3.72451977187189,-3.9571756956849,12
"228",-3.28414179608636,-3.9571756956849,12
"229",-2.84376382030084,-3.9571756956849,12
"230",-2.40338584451531,-3.9571756956849,12
"231",-1.96300786872978,-3.9571756956849,12
"232",-1.52262989294425,-3.9571756956849,12
"233",-1.08225191715872,-3.9571756956849,12
"234",-0.641873941373197,-3.9571756956849,12
"235",-0.201495965587669,-3.9571756956849,12
"236",0.238882010197859,-3.9571756956849,12
"237",0.679259985983387,-3.9571756956849,12
"238",1.11963796176891,-3.9571756956849,12
"239",1.56001593755444,-3.9571756956849,12
"240",2.00039391333997,-3.9571756956849,12
"241",-6.36678762658506,1.31955878558252,13
"242",-5.92640965079953,1.31955878558252,13
"243",-5.486031675014,1.31955878558252,13
"244",-5.04565369922847,1.31955878558252,13
"245",-4.60527572344295,0.264211889329037,13
"246",-4.16489774765742,-3.9571756956849,13
"247",-3.72451977187189,-3.9571756956849,13
"248",-3.28414179608636,-3.9571756956849,13
"249",-2.84376382030084,-3.9571756956849,13
"250",-2.40338584451531,-3.9571756956849,13
"251",-1.96300786872978,-3.9571756956849,13
"252",-1.52262989294425,-3.9571756956849,13
"253",-1.08225191715872,-3.9571756956849,13
"254",-0.641873941373197,-3.9571756956849,13
"255",-0.201495965587669,-3.9571756956849,13
"256",0.238882010197859,-3.9571756956849,13
"257",0.679259985983387,-3.9571756956849,13
"258",1.11963796176891,-3.9571756956849,13
"259",1.56001593755444,-3.9571756956849,13
"260",2.00039391333997,-3.9571756956849,13
"261",-6.36678762658506,1.31955878558252,14
"262",-5.92640965079953,1.31955878558252,14
"263",-5.486031675014,1.31955878558252,14
"264",-5.04565369922847,1.31955878558252,14
"265",-4.60527572344295,1.31955878558252,14
"266",-4.16489774765742,-3.9571756956849,14
"267",-3.72451977187189,-3.9571756956849,14
"268",-3.28414179608636,-3.9571756956849,14
"269",-2.84376382030084,-3.9571756956849,14
"270",-2.40338584451531,-3.9571756956849,14
"271",-1.96300786872978,-3.9571756956849,14
"272",-1.52262989294425,-3.9571756956849,14
"273",-1.08225191715872,-3.9571756956849,14
"274",-0.641873941373197,-3.9571756956849,14
"275",-0.201495965587669,-3.9571756956849,14
"276",0.238882010197859,-3.9571756956849,14
"277",0.679259985983387,-3.9571756956849,14
"278",1.11963796176891,-3.9571756956849,14
"279",1.56001593755444,-3.9571756956849,14
"280",2.00039391333997,-3.9571756956849,14
"281",-6.36678762658506,1.31955878558252,15
"282",-5.92640965079953,1.31955878558252,15
"283",-5.486031675014,1.31955878558252,15
"284",-5.04565369922847,0.528048613392409,15
"285",-4.60527572344295,0.000375165265666499,15
"286",-4.16489774765742,-2.90182879943142,15
"287",-3.72451977187189,-3.42950224755816,15
"288",-3.28414179608636,-3.9571756956849,15
"289",-2.84376382030084,-3.9571756956849,15
"290",-2.40338584451531,-3.9571756956849,15
"291",-1.96300786872978,-3.9571756956849,15
"292",-1.52262989294425,-3.9571756956849,15
"293",-1.08225191715872,-3.9571756956849,15
"294",-0.641873941373197,-3.9571756956849,15
"295",-0.201495965587669,-3.9571756956849,15
"296",0.238882010197859,-3.9571756956849,15
"297",0.679259985983387,-3.9571756956849,15
"298",1.11963796176891,-3.9571756956849,15
"299",1.56001593755444,-3.9571756956849,15
"300",2.00039391333997,-3.9571756956849,15
"301",-6.36678762658506,1.31955878558252,16
"302",-5.92640965079953,1.31955878558252,16
"303",-5.486031675014,1.31955878558252,16
"304",-5.04565369922847,1.31955878558252,16
"305",-4.60527572344295,-0.527298282861076,16
"306",-4.16489774765742,-2.37415535130467,16
"307",-3.72451977187189,-3.9571756956849,16
"308",-3.28414179608636,-3.9571756956849,16
"309",-2.84376382030084,-3.9571756956849,16
"310",-2.40338584451531,-3.9571756956849,16
"311",-1.96300786872978,-3.9571756956849,16
"312",-1.52262989294425,-3.9571756956849,16
"313",-1.08225191715872,-3.9571756956849,16
"314",-0.641873941373197,-3.9571756956849,16
"315",-0.201495965587669,-3.9571756956849,16
"316",0.238882010197859,-3.9571756956849,16
"317",0.679259985983387,-3.9571756956849,16
"318",1.11963796176891,-3.9571756956849,16
"319",1.56001593755444,-3.9571756956849,16
"320",2.00039391333997,-3.9571756956849,16
"321",-6.36678762658506,1.31955878558252,17
"322",-5.92640965079953,1.31955878558252,17
"323",-5.486031675014,1.31955878558252,17
"324",-5.04565369922847,1.31955878558252,17
"325",-4.60527572344295,-0.791135006924447,17
"326",-4.16489774765742,-1.58264517911456,17
"327",-3.72451977187189,-2.1103186272413,17
"328",-3.28414179608636,-2.37415535130467,17
"329",-2.84376382030084,-2.90182879943142,17
"330",-2.40338584451531,-3.42950224755816,17
"331",-1.96300786872978,-3.9571756956849,17
"332",-1.52262989294425,-3.9571756956849,17
"333",-1.08225191715872,-3.9571756956849,17
"334",-0.641873941373197,-3.9571756956849,17
"335",-0.201495965587669,-3.9571756956849,17
"336",0.238882010197859,-3.9571756956849,17
"337",0.679259985983387,-3.9571756956849,17
"338",1.11963796176891,-3.9571756956849,17
"339",1.56001593755444,-3.9571756956849,17
"340",2.00039391333997,-3.9571756956849,17
"341",-6.36678762658506,1.31955878558252,18
"342",-5.92640965079953,1.31955878558252,18
"343",-5.486031675014,1.31955878558252,18
"344",-5.04565369922847,-0.527298282861076,18
"345",-4.60527572344295,-1.05497173098782,18
"346",-4.16489774765742,-1.31880845505119,18
"347",-3.72451977187189,-1.58264517911456,18
"348",-3.28414179608636,-1.58264517911456,18
"349",-2.84376382030084,-2.63799207536805,18
"350",-2.40338584451531,-3.16566552349479,18
"351",-1.96300786872978,-3.69333897162153,18
"352",-1.52262989294425,-3.9571756956849,18
"353",-1.08225191715872,-3.9571756956849,18
"354",-0.641873941373197,-3.9571756956849,18
"355",-0.201495965587669,-3.9571756956849,18
"356",0.238882010197859,-3.9571756956849,18
"357",0.679259985983387,-3.9571756956849,18
"358",1.11963796176891,-3.9571756956849,18
"359",1.56001593755444,-3.9571756956849,18
"360",2.00039391333997,-3.9571756956849,18
"361",-6.36678762658506,1.31955878558252,19
"362",-5.92640965079953,1.31955878558252,19
"363",-5.486031675014,1.31955878558252,19
"364",-5.04565369922847,1.31955878558252,19
"365",-4.60527572344295,1.31955878558252,19
"366",-4.16489774765742,-2.1103186272413,19
"367",-3.72451977187189,-2.90182879943142,19
"368",-3.28414179608636,-3.42950224755816,19
"369",-2.84376382030084,-3.42950224755816,19
"370",-2.40338584451531,-3.69333897162153,19
"371",-1.96300786872978,-3.69333897162153,19
"372",-1.52262989294425,-3.9571756956849,19
"373",-1.08225191715872,-3.9571756956849,19
"374",-0.641873941373197,-3.9571756956849,19
"375",-0.201495965587669,-3.9571756956849,19
"376",0.238882010197859,-3.9571756956849,19
"377",0.679259985983387,-3.9571756956849,19
"378",1.11963796176891,-3.9571756956849,19
"379",1.56001593755444,-3.9571756956849,19
"380",2.00039391333997,-3.9571756956849,19
"381",-6.36678762658506,1.31955878558252,20
"382",-5.92640965079953,1.31955878558252,20
"383",-5.486031675014,1.31955878558252,20
"384",-5.04565369922847,1.31955878558252,20
"385",-4.60527572344295,-0.527298282861076,20
"386",-4.16489774765742,-1.58264517911456,20
"387",-3.72451977187189,-2.1103186272413,20
"388",-3.28414179608636,-3.9571756956849,20
"389",-2.84376382030084,-3.9571756956849,20
"390",-2.40338584451531,-3.9571756956849,20
"391",-1.96300786872978,-3.9571756956849,20
"392",-1.52262989294425,-3.9571756956849,20
"393",-1.08225191715872,-3.9571756956849,20
"394",-0.641873941373197,-3.9571756956849,20
"395",-0.201495965587669,-3.9571756956849,20
"396",0.238882010197859,-3.9571756956849,20
"397",0.679259985983387,-3.9571756956849,20
"398",1.11963796176891,-3.9571756956849,20
"399",1.56001593755444,-3.9571756956849,20
"400",2.00039391333997,-3.9571756956849,20
"401",-6.36678762658506,1.31955878558252,21
"402",-5.92640965079953,1.31955878558252,21
"403",-5.486031675014,1.31955878558252,21
"404",-5.04565369922847,1.31955878558252,21
"405",-4.60527572344295,1.31955878558252,21
"406",-4.16489774765742,-3.42950224755816,21
"407",-3.72451977187189,-3.69333897162153,21
"408",-3.28414179608636,-3.69333897162153,21
"409",-2.84376382030084,-3.69333897162153,21
"410",-2.40338584451531,-3.9571756956849,21
"411",-1.96300786872978,-3.9571756956849,21
"412",-1.52262989294425,-3.9571756956849,21
"413",-1.08225191715872,-3.9571756956849,21
"414",-0.641873941373197,-3.9571756956849,21
"415",-0.201495965587669,-3.9571756956849,21
"416",0.238882010197859,-3.9571756956849,21
"417",0.679259985983387,-3.9571756956849,21
"418",1.11963796176891,-3.9571756956849,21
"419",1.56001593755444,-3.9571756956849,21
"420",2.00039391333997,-3.9571756956849,21
"421",-6.36678762658506,1.31955878558252,22
"422",-5.92640965079953,1.31955878558252,22
"423",-5.486031675014,1.31955878558252,22
"424",-5.04565369922847,1.31955878558252,22
"425",-4.60527572344295,0.791885337455779,22
"426",-4.16489774765742,-3.9571756956849,22
"427",-3.72451977187189,-3.9571756956849,22
"428",-3.28414179608636,-3.9571756956849,22
"429",-2.84376382030084,-3.9571756956849,22
"430",-2.40338584451531,-3.9571756956849,22
"431",-1.96300786872978,-3.9571756956849,22
"432",-1.52262989294425,-3.9571756956849,22
"433",-1.08225191715872,-3.9571756956849,22
"434",-0.641873941373197,-3.9571756956849,22
"435",-0.201495965587669,-3.9571756956849,22
"436",0.238882010197859,-3.9571756956849,22
"437",0.679259985983387,-3.9571756956849,22
"438",1.11963796176891,-3.9571756956849,22
"439",1.56001593755444,-3.9571756956849,22
"440",2.00039391333997,-3.9571756956849,22
"441",-6.36678762658506,1.31955878558252,23
"442",-5.92640965079953,1.31955878558252,23
"443",-5.486031675014,1.31955878558252,23
"444",-5.04565369922847,1.31955878558252,23
"445",-4.60527572344295,1.31955878558252,23
"446",-4.16489774765742,-1.84648190317793,23
"447",-3.72451977187189,-2.37415535130467,23
"448",-3.28414179608636,-2.63799207536805,23
"449",-2.84376382030084,-3.16566552349479,23
"450",-2.40338584451531,-3.9571756956849,23
"451",-1.96300786872978,-3.9571756956849,23
"452",-1.52262989294425,-3.9571756956849,23
"453",-1.08225191715872,-3.9571756956849,23
"454",-0.641873941373197,-3.9571756956849,23
"455",-0.201495965587669,-3.9571756956849,23
"456",0.238882010197859,-3.9571756956849,23
"457",0.679259985983387,-3.9571756956849,23
"458",1.11963796176891,-3.9571756956849,23
"459",1.56001593755444,-3.9571756956849,23
"460",2.00039391333997,-3.9571756956849,23
"461",-6.36678762658506,1.31955878558252,24
"462",-5.92640965079953,1.31955878558252,24
"463",-5.486031675014,1.31955878558252,24
"464",-5.04565369922847,1.31955878558252,24
"465",-4.60527572344295,1.31955878558252,24
"466",-4.16489774765742,-2.1103186272413,24
"467",-3.72451977187189,-3.16566552349479,24
"468",-3.28414179608636,-3.69333897162153,24
"469",-2.84376382030084,-3.9571756956849,24
"470",-2.40338584451531,-3.9571756956849,24
"471",-1.96300786872978,-3.9571756956849,24
"472",-1.52262989294425,-3.9571756956849,24
"473",-1.08225191715872,-3.9571756956849,24
"474",-0.641873941373197,-3.9571756956849,24
"475",-0.201495965587669,-3.9571756956849,24
"476",0.238882010197859,-3.9571756956849,24
"477",0.679259985983387,-3.9571756956849,24
"478",1.11963796176891,-3.9571756956849,24
"479",1.56001593755444,-3.9571756956849,24
"480",2.00039391333997,-3.9571756956849,24
"481",-6.36678762658506,1.31955878558252,25
"482",-5.92640965079953,1.31955878558252,25
"483",-5.486031675014,1.31955878558252,25
"484",-5.04565369922847,1.31955878558252,25
"485",-4.60527572344295,0.000375165265666499,25
"486",-4.16489774765742,-3.9571756956849,25
"487",-3.72451977187189,-3.9571756956849,25
"488",-3.28414179608636,-3.9571756956849,25
"489",-2.84376382030084,-3.9571756956849,25
"490",-2.40338584451531,-3.9571756956849,25
"491",-1.96300786872978,-3.9571756956849,25
"492",-1.52262989294425,-3.9571756956849,25
"493",-1.08225191715872,-3.9571756956849,25
"494",-0.641873941373197,-3.9571756956849,25
"495",-0.201495965587669,-3.9571756956849,25
"496",0.238882010197859,-3.9571756956849,25
"497",0.679259985983387,-3.9571756956849,25
"498",1.11963796176891,-3.9571756956849,25
"499",1.56001593755444,-3.9571756956849,25
"500",2.00039391333997,-3.9571756956849,25
"501",-6.36678762658506,1.31955878558252,26
"502",-5.92640965079953,1.31955878558252,26
"503",-5.486031675014,1.31955878558252,26
"504",-5.04565369922847,1.05572206151915,26
"505",-4.60527572344295,-0.527298282861076,26
"506",-4.16489774765742,-1.58264517911456,26
"507",-3.72451977187189,-2.1103186272413,26
"508",-3.28414179608636,-2.37415535130467,26
"509",-2.84376382030084,-2.63799207536805,26
"510",-2.40338584451531,-2.90182879943142,26
"511",-1.96300786872978,-3.16566552349479,26
"512",-1.52262989294425,-3.42950224755816,26
"513",-1.08225191715872,-3.69333897162153,26
"514",-0.641873941373197,-3.69333897162153,26
"515",-0.201495965587669,-3.69333897162153,26
"516",0.238882010197859,-3.69333897162153,26
"517",0.679259985983387,-3.69333897162153,26
"518",1.11963796176891,-3.69333897162153,26
"519",1.56001593755444,-3.69333897162153,26
"520",2.00039391333997,-3.69333897162153,26
"521",-6.36678762658506,1.31955878558252,27
"522",-5.92640965079953,1.31955878558252,27
"523",-5.486031675014,1.31955878558252,27
"524",-5.04565369922847,1.31955878558252,27
"525",-4.60527572344295,1.31955878558252,27
"526",-4.16489774765742,-3.16566552349479,27
"527",-3.72451977187189,-3.69333897162153,27
"528",-3.28414179608636,-3.9571756956849,27
"529",-2.84376382030084,-3.9571756956849,27
"530",-2.40338584451531,-3.9571756956849,27
"531",-1.96300786872978,-3.9571756956849,27
"532",-1.52262989294425,-3.9571756956849,27
"533",-1.08225191715872,-3.9571756956849,27
"534",-0.641873941373197,-3.9571756956849,27
"535",-0.201495965587669,-3.9571756956849,27
"536",0.238882010197859,-3.9571756956849,27
"537",0.679259985983387,-3.9571756956849,27
"538",1.11963796176891,-3.9571756956849,27
"539",1.56001593755444,-3.9571756956849,27
"540",2.00039391333997,-3.9571756956849,27
"541",-6.36678762658506,1.31955878558252,28
"542",-5.92640965079953,-0.263461558797705,28
"543",-5.486031675014,-0.791135006924447,28
"544",-5.04565369922847,-1.05497173098782,28
"545",-4.60527572344295,-1.31880845505119,28
"546",-4.16489774765742,-1.31880845505119,28
"547",-3.72451977187189,-1.58264517911456,28
"548",-3.28414179608636,-3.9571756956849,28
"549",-2.84376382030084,-3.9571756956849,28
"550",-2.40338584451531,-3.9571756956849,28
"551",-1.96300786872978,-3.9571756956849,28
"552",-1.52262989294425,-3.9571756956849,28
"553",-1.08225191715872,-3.9571756956849,28
"554",-0.641873941373197,-3.9571756956849,28
"555",-0.201495965587669,-3.9571756956849,28
"556",0.238882010197859,-3.9571756956849,28
"557",0.679259985983387,-3.9571756956849,28
"558",1.11963796176891,-3.9571756956849,28
"559",1.56001593755444,-3.9571756956849,28
"560",2.00039391333997,-3.9571756956849,28
"561",-6.36678762658506,1.31955878558252,29
"562",-5.92640965079953,1.31955878558252,29
"563",-5.486031675014,1.31955878558252,29
"564",-5.04565369922847,1.31955878558252,29
"565",-4.60527572344295,0.000375165265666499,29
"566",-4.16489774765742,-2.63799207536805,29
"567",-3.72451977187189,-3.69333897162153,29
"568",-3.28414179608636,-3.9571756956849,29
"569",-2.84376382030084,-3.9571756956849,29
"570",-2.40338584451531,-3.9571756956849,29
"571",-1.96300786872978,-3.9571756956849,29
"572",-1.52262989294425,-3.9571756956849,29
"573",-1.08225191715872,-3.9571756956849,29
"574",-0.641873941373197,-3.9571756956849,29
"575",-0.201495965587669,-3.9571756956849,29
"576",0.238882010197859,-3.9571756956849,29
"577",0.679259985983387,-3.9571756956849,29
"578",1.11963796176891,-3.9571756956849,29
"579",1.56001593755444,-3.9571756956849,29
"580",2.00039391333997,-3.9571756956849,29
"581",-6.36678762658506,1.31955878558252,30
"582",-5.92640965079953,1.31955878558252,30
"583",-5.486031675014,1.31955878558252,30
"584",-5.04565369922847,1.31955878558252,30
"585",-4.60527572344295,1.31955878558252,30
"586",-4.16489774765742,-3.9571756956849,30
"587",-3.72451977187189,-3.9571756956849,30
"588",-3.28414179608636,-3.9571756956849,30
"589",-2.84376382030084,-3.9571756956849,30
"590",-2.40338584451531,-3.9571756956849,30
"591",-1.96300786872978,-3.9571756956849,30
"592",-1.52262989294425,-3.9571756956849,30
"593",-1.08225191715872,-3.9571756956849,30
"594",-0.641873941373197,-3.9571756956849,30
"595",-0.201495965587669,-3.9571756956849,30
"596",0.238882010197859,-3.9571756956849,30
"597",0.679259985983387,-3.9571756956849,30
"598",1.11963796176891,-3.9571756956849,30
"599",1.56001593755444,-3.9571756956849,30
"600",2.00039391333997,-3.9571756956849,30
"601",-6.36678762658506,1.31955878558252,31
"602",-5.92640965079953,1.31955878558252,31
"603",-5.486031675014,1.31955878558252,31
"604",-5.04565369922847,1.31955878558252,31
"605",-4.60527572344295,0.791885337455779,31
"606",-4.16489774765742,-1.84648190317793,31
"607",-3.72451977187189,-2.1103186272413,31
"608",-3.28414179608636,-2.63799207536805,31
"609",-2.84376382030084,-3.9571756956849,31
"610",-2.40338584451531,-3.9571756956849,31
"611",-1.96300786872978,-3.9571756956849,31
"612",-1.52262989294425,-3.9571756956849,31
"613",-1.08225191715872,-3.9571756956849,31
"614",-0.641873941373197,-3.9571756956849,31
"615",-0.201495965587669,-3.9571756956849,31
"616",0.238882010197859,-3.9571756956849,31
"617",0.679259985983387,-3.9571756956849,31
"618",1.11963796176891,-3.9571756956849,31
"619",1.56001593755444,-3.9571756956849,31
"620",2.00039391333997,-3.9571756956849,31
"621",-6.36678762658506,1.31955878558252,32
"622",-5.92640965079953,1.31955878558252,32
"623",-5.486031675014,1.31955878558252,32
"624",-5.04565369922847,1.31955878558252,32
"625",-4.60527572344295,-0.527298282861076,32
"626",-4.16489774765742,-1.58264517911456,32
"627",-3.72451977187189,-2.1103186272413,32
"628",-3.28414179608636,-2.63799207536805,32
"629",-2.84376382030084,-2.90182879943142,32
"630",-2.40338584451531,-3.16566552349479,32
"631",-1.96300786872978,-3.42950224755816,32
"632",-1.52262989294425,-3.42950224755816,32
"633",-1.08225191715872,-3.69333897162153,32
"634",-0.641873941373197,-3.69333897162153,32
"635",-0.201495965587669,-3.69333897162153,32
"636",0.238882010197859,-3.9571756956849,32
"637",0.679259985983387,-3.9571756956849,32
"638",1.11963796176891,-3.9571756956849,32
"639",1.56001593755444,-3.9571756956849,32
"640",2.00039391333997,-3.9571756956849,32
"641",-6.36678762658506,0.791885337455779,33
"642",-5.92640965079953,0.528048613392409,33
"643",-5.486031675014,0.264211889329037,33
"644",-5.04565369922847,0.000375165265666499,33
"645",-4.60527572344295,-0.263461558797705,33
"646",-4.16489774765742,-2.1103186272413,33
"647",-3.72451977187189,-2.37415535130467,33
"648",-3.28414179608636,-3.9571756956849,33
"649",-2.84376382030084,-3.9571756956849,33
"650",-2.40338584451531,-3.9571756956849,33
"651",-1.96300786872978,-3.9571756956849,33
"652",-1.52262989294425,-3.9571756956849,33
"653",-1.08225191715872,-3.9571756956849,33
"654",-0.641873941373197,-3.9571756956849,33
"655",-0.201495965587669,-3.9571756956849,33
"656",0.238882010197859,-3.9571756956849,33
"657",0.679259985983387,-3.9571756956849,33
"658",1.11963796176891,-3.9571756956849,33
"659",1.56001593755444,-3.9571756956849,33
"660",2.00039391333997,-3.9571756956849,33
"661",-6.36678762658506,-0.527298282861076,34
"662",-5.92640965079953,-0.527298282861076,34
"663",-5.486031675014,-0.527298282861076,34
"664",-5.04565369922847,-0.791135006924447,34
"665",-4.60527572344295,-0.791135006924447,34
"666",-4.16489774765742,-1.58264517911456,34
"667",-3.72451977187189,-3.9571756956849,34
"668",-3.28414179608636,-3.9571756956849,34
"669",-2.84376382030084,-3.9571756956849,34
"670",-2.40338584451531,-3.9571756956849,34
"671",-1.96300786872978,-3.9571756956849,34
"672",-1.52262989294425,-3.9571756956849,34
"673",-1.08225191715872,-3.9571756956849,34
"674",-0.641873941373197,-3.9571756956849,34
"675",-0.201495965587669,-3.9571756956849,34
"676",0.238882010197859,-3.9571756956849,34
"677",0.679259985983387,-3.9571756956849,34
"678",1.11963796176891,-3.9571756956849,34
"679",1.56001593755444,-3.9571756956849,34
"680",2.00039391333997,-3.9571756956849,34
"681",-6.36678762658506,1.31955878558252,35
"682",-5.92640965079953,1.31955878558252,35
"683",-5.486031675014,1.31955878558252,35
"684",-5.04565369922847,1.31955878558252,35
"685",-4.60527572344295,1.31955878558252,35
"686",-4.16489774765742,-2.1103186272413,35
"687",-3.72451977187189,-2.63799207536805,35
"688",-3.28414179608636,-2.90182879943142,35
"689",-2.84376382030084,-2.90182879943142,35
"690",-2.40338584451531,-3.16566552349479,35
"691",-1.96300786872978,-3.16566552349479,35
"692",-1.52262989294425,-3.9571756956849,35
"693",-1.08225191715872,-3.9571756956849,35
"694",-0.641873941373197,-3.9571756956849,35
"695",-0.201495965587669,-3.9571756956849,35
"696",0.238882010197859,-3.9571756956849,35
"697",0.679259985983387,-3.9571756956849,35
"698",1.11963796176891,-3.9571756956849,35
"699",1.56001593755444,-3.9571756956849,35
"700",2.00039391333997,-3.9571756956849,35
"701",-6.36678762658506,1.31955878558252,36
"702",-5.92640965079953,1.31955878558252,36
"703",-5.486031675014,1.31955878558252,36
"704",-5.04565369922847,0.000375165265666499,36
"705",-4.60527572344295,-1.05497173098782,36
"706",-4.16489774765742,-1.58264517911456,36
"707",-3.72451977187189,-1.84648190317793,36
"708",-3.28414179608636,-2.37415535130467,36
"709",-2.84376382030084,-3.9571756956849,36
"710",-2.40338584451531,-3.9571756956849,36
"711",-1.96300786872978,-3.9571756956849,36
"712",-1.52262989294425,-3.9571756956849,36
"713",-1.08225191715872,-3.9571756956849,36
"714",-0.641873941373197,-3.9571756956849,36
"715",-0.201495965587669,-3.9571756956849,36
"716",0.238882010197859,-3.9571756956849,36
"717",0.679259985983387,-3.9571756956849,36
"718",1.11963796176891,-3.9571756956849,36
"719",1.56001593755444,-3.9571756956849,36
"720",2.00039391333997,-3.9571756956849,36
"721",-6.36678762658506,1.31955878558252,37
"722",-5.92640965079953,1.31955878558252,37
"723",-5.486031675014,1.31955878558252,37
"724",-5.04565369922847,1.31955878558252,37
"725",-4.60527572344295,1.31955878558252,37
"726",-4.16489774765742,-1.84648190317793,37
"727",-3.72451977187189,-1.84648190317793,37
"728",-3.28414179608636,-1.84648190317793,37
"729",-2.84376382030084,-1.84648190317793,37
"730",-2.40338584451531,-2.1103186272413,37
"731",-1.96300786872978,-2.1103186272413,37
"732",-1.52262989294425,-2.1103186272413,37
"733",-1.08225191715872,-2.37415535130467,37
"734",-0.641873941373197,-2.90182879943142,37
"735",-0.201495965587669,-3.42950224755816,37
"736",0.238882010197859,-3.42950224755816,37
"737",0.679259985983387,-3.42950224755816,37
"738",1.11963796176891,-3.42950224755816,37
"739",1.56001593755444,-3.42950224755816,37
"740",2.00039391333997,-3.42950224755816,37
"741",-6.36678762658506,1.31955878558252,38
"742",-5.92640965079953,1.31955878558252,38
"743",-5.486031675014,1.31955878558252,38
"744",-5.04565369922847,1.31955878558252,38
"745",-4.60527572344295,1.31955878558252,38
"746",-4.16489774765742,-3.9571756956849,38
"747",-3.72451977187189,-3.9571756956849,38
"748",-3.28414179608636,-3.9571756956849,38
"749",-2.84376382030084,-3.9571756956849,38
"750",-2.40338584451531,-3.9571756956849,38
"751",-1.96300786872978,-3.9571756956849,38
"752",-1.52262989294425,-3.9571756956849,38
"753",-1.08225191715872,-3.9571756956849,38
"754",-0.641873941373197,-3.9571756956849,38
"755",-0.201495965587669,-3.9571756956849,38
"756",0.238882010197859,-3.9571756956849,38
"757",0.679259985983387,-3.9571756956849,38
"758",1.11963796176891,-3.9571756956849,38
"759",1.56001593755444,-3.9571756956849,38
"760",2.00039391333997,-3.9571756956849,38
"761",-6.36678762658506,1.31955878558252,39
"762",-5.92640965079953,1.31955878558252,39
"763",-5.486031675014,0.528048613392409,39
"764",-5.04565369922847,-0.263461558797705,39
"765",-4.60527572344295,-1.05497173098782,39
"766",-4.16489774765742,-1.58264517911456,39
"767",-3.72451977187189,-3.16566552349479,39
"768",-3.28414179608636,-3.9571756956849,39
"769",-2.84376382030084,-3.9571756956849,39
"770",-2.40338584451531,-3.9571756956849,39
"771",-1.96300786872978,-3.9571756956849,39
"772",-1.52262989294425,-3.9571756956849,39
"773",-1.08225191715872,-3.9571756956849,39
"774",-0.641873941373197,-3.9571756956849,39
"775",-0.201495965587669,-3.9571756956849,39
"776",0.238882010197859,-3.9571756956849,39
"777",0.679259985983387,-3.9571756956849,39
"778",1.11963796176891,-3.9571756956849,39
"779",1.56001593755444,-3.9571756956849,39
"780",2.00039391333997,-3.9571756956849,39
"781",-6.36678762658506,1.31955878558252,40
"782",-5.92640965079953,1.31955878558252,40
"783",-5.486031675014,1.31955878558252,40
"784",-5.04565369922847,1.31955878558252,40
"785",-4.60527572344295,1.31955878558252,40
"786",-4.16489774765742,-3.16566552349479,40
"787",-3.72451977187189,-3.16566552349479,40
"788",-3.28414179608636,-3.16566552349479,40
"789",-2.84376382030084,-3.16566552349479,40
"790",-2.40338584451531,-3.16566552349479,40
"791",-1.96300786872978,-3.16566552349479,40
"792",-1.52262989294425,-3.42950224755816,40
"793",-1.08225191715872,-3.42950224755816,40
"794",-0.641873941373197,-3.69333897162153,40
"795",-0.201495965587669,-3.69333897162153,40
"796",0.238882010197859,-3.9571756956849,40
"797",0.679259985983387,-3.9571756956849,40
"798",1.11963796176891,-3.9571756956849,40
"799",1.56001593755444,-3.9571756956849,40
"800",2.00039391333997,-3.9571756956849,40
"801",-6.36678762658506,1.31955878558252,41
"802",-5.92640965079953,1.31955878558252,41
"803",-5.486031675014,1.31955878558252,41
"804",-5.04565369922847,1.31955878558252,41
"805",-4.60527572344295,-0.263461558797705,41
"806",-4.16489774765742,-1.84648190317793,41
"807",-3.72451977187189,-3.16566552349479,41
"808",-3.28414179608636,-3.9571756956849,41
"809",-2.84376382030084,-3.9571756956849,41
"810",-2.40338584451531,-3.9571756956849,41
"811",-1.96300786872978,-3.9571756956849,41
"812",-1.52262989294425,-3.9571756956849,41
"813",-1.08225191715872,-3.9571756956849,41
"814",-0.641873941373197,-3.9571756956849,41
"815",-0.201495965587669,-3.9571756956849,41
"816",0.238882010197859,-3.9571756956849,41
"817",0.679259985983387,-3.9571756956849,41
"818",1.11963796176891,-3.9571756956849,41
"819",1.56001593755444,-3.9571756956849,41
"820",2.00039391333997,-3.9571756956849,41
"821",-6.36678762658506,1.31955878558252,42
"822",-5.92640965079953,1.31955878558252,42
"823",-5.486031675014,1.31955878558252,42
"824",-5.04565369922847,1.31955878558252,42
"825",-4.60527572344295,-0.527298282861076,42
"826",-4.16489774765742,-1.58264517911456,42
"827",-3.72451977187189,-3.9571756956849,42
"828",-3.28414179608636,-3.9571756956849,42
"829",-2.84376382030084,-3.9571756956849,42
"830",-2.40338584451531,-3.9571756956849,42
"831",-1.96300786872978,-3.9571756956849,42
"832",-1.52262989294425,-3.9571756956849,42
"833",-1.08225191715872,-3.9571756956849,42
"834",-0.641873941373197,-3.9571756956849,42
"835",-0.201495965587669,-3.9571756956849,42
"836",0.238882010197859,-3.9571756956849,42
"837",0.679259985983387,-3.9571756956849,42
"838",1.11963796176891,-3.9571756956849,42
"839",1.56001593755444,-3.9571756956849,42
"840",2.00039391333997,-3.9571756956849,42
"841",-6.36678762658506,1.31955878558252,43
"842",-5.92640965079953,1.31955878558252,43
"843",-5.486031675014,1.31955878558252,43
"844",-5.04565369922847,1.31955878558252,43
"845",-4.60527572344295,-0.263461558797705,43
"846",-4.16489774765742,-1.58264517911456,43
"847",-3.72451977187189,-2.1103186272413,43
"848",-3.28414179608636,-2.63799207536805,43
"849",-2.84376382030084,-2.90182879943142,43
"850",-2.40338584451531,-3.16566552349479,43
"851",-1.96300786872978,-3.42950224755816,43
"852",-1.52262989294425,-3.42950224755816,43
"853",-1.08225191715872,-3.69333897162153,43
"854",-0.641873941373197,-3.69333897162153,43
"855",-0.201495965587669,-3.69333897162153,43
"856",0.238882010197859,-3.69333897162153,43
"857",0.679259985983387,-3.69333897162153,43
"858",1.11963796176891,-3.69333897162153,43
"859",1.56001593755444,-3.69333897162153,43
"860",2.00039391333997,-3.69333897162153,43
"861",-6.36678762658506,1.31955878558252,44
"862",-5.92640965079953,0.791885337455779,44
"863",-5.486031675014,0.528048613392409,44
"864",-5.04565369922847,0.264211889329037,44
"865",-4.60527572344295,-0.791135006924447,44
"866",-4.16489774765742,-1.58264517911456,44
"867",-3.72451977187189,-2.1103186272413,44
"868",-3.28414179608636,-2.63799207536805,44
"869",-2.84376382030084,-2.90182879943142,44
"870",-2.40338584451531,-3.9571756956849,44
"871",-1.96300786872978,-3.9571756956849,44
"872",-1.52262989294425,-3.9571756956849,44
"873",-1.08225191715872,-3.9571756956849,44
"874",-0.641873941373197,-3.9571756956849,44
"875",-0.201495965587669,-3.9571756956849,44
"876",0.238882010197859,-3.9571756956849,44
"877",0.679259985983387,-3.9571756956849,44
"878",1.11963796176891,-3.9571756956849,44
"879",1.56001593755444,-3.9571756956849,44
"880",2.00039391333997,-3.9571756956849,44
"881",-6.36678762658506,1.31955878558252,45
"882",-5.92640965079953,1.31955878558252,45
"883",-5.486031675014,1.31955878558252,45
"884",-5.04565369922847,1.31955878558252,45
"885",-4.60527572344295,1.31955878558252,45
"886",-4.16489774765742,-2.1103186272413,45
"887",-3.72451977187189,-2.90182879943142,45
"888",-3.28414179608636,-3.42950224755816,45
"889",-2.84376382030084,-3.69333897162153,45
"890",-2.40338584451531,-3.9571756956849,45
"891",-1.96300786872978,-3.9571756956849,45
"892",-1.52262989294425,-3.9571756956849,45
"893",-1.08225191715872,-3.9571756956849,45
"894",-0.641873941373197,-3.9571756956849,45
"895",-0.201495965587669,-3.9571756956849,45
"896",0.238882010197859,-3.9571756956849,45
"897",0.679259985983387,-3.9571756956849,45
"898",1.11963796176891,-3.9571756956849,45
"899",1.56001593755444,-3.9571756956849,45
"900",2.00039391333997,-3.9571756956849,45
"901",-6.36678762658506,1.31955878558252,46
"902",-5.92640965079953,1.31955878558252,46
"903",-5.486031675014,1.31955878558252,46
"904",-5.04565369922847,1.05572206151915,46
"905",-4.60527572344295,-0.791135006924447,46
"906",-4.16489774765742,-1.84648190317793,46
"907",-3.72451977187189,-2.63799207536805,46
"908",-3.28414179608636,-3.16566552349479,46
"909",-2.84376382030084,-3.69333897162153,46
"910",-2.40338584451531,-3.9571756956849,46
"911",-1.96300786872978,-3.9571756956849,46
"912",-1.52262989294425,-3.9571756956849,46
"913",-1.08225191715872,-3.9571756956849,46
"914",-0.641873941373197,-3.9571756956849,46
"915",-0.201495965587669,-3.9571756956849,46
"916",0.238882010197859,-3.9571756956849,46
"917",0.679259985983387,-3.9571756956849,46
"918",1.11963796176891,-3.9571756956849,46
"919",1.56001593755444,-3.9571756956849,46
"920",2.00039391333997,-3.9571756956849,46
"921",-6.36678762658506,1.31955878558252,47
"922",-5.92640965079953,1.31955878558252,47
"923",-5.486031675014,1.31955878558252,47
"924",-5.04565369922847,1.31955878558252,47
"925",-4.60527572344295,-0.527298282861076,47
"926",-4.16489774765742,-2.1103186272413,47
"927",-3.72451977187189,-2.63799207536805,47
"928",-3.28414179608636,-2.90182879943142,47
"929",-2.84376382030084,-3.16566552349479,47
"930",-2.40338584451531,-3.42950224755816,47
"931",-1.96300786872978,-3.69333897162153,47
"932",-1.52262989294425,-3.69333897162153,47
"933",-1.08225191715872,-3.9571756956849,47
"934",-0.641873941373197,-3.9571756956849,47
"935",-0.201495965587669,-3.9571756956849,47
"936",0.238882010197859,-3.9571756956849,47
"937",0.679259985983387,-3.9571756956849,47
"938",1.11963796176891,-3.9571756956849,47
"939",1.56001593755444,-3.9571756956849,47
"940",2.00039391333997,-3.9571756956849,47
"941",-6.36678762658506,1.31955878558252,48
"942",-5.92640965079953,1.31955878558252,48
"943",-5.486031675014,1.31955878558252,48
"944",-5.04565369922847,1.05572206151915,48
"945",-4.60527572344295,0.264211889329037,48
"946",-4.16489774765742,-3.42950224755816,48
"947",-3.72451977187189,-3.69333897162153,48
"948",-3.28414179608636,-3.69333897162153,48
"949",-2.84376382030084,-3.69333897162153,48
"950",-2.40338584451531,-3.69333897162153,48
"951",-1.96300786872978,-3.69333897162153,48
"952",-1.52262989294425,-3.9571756956849,48
"953",-1.08225191715872,-3.9571756956849,48
"954",-0.641873941373197,-3.9571756956849,48
"955",-0.201495965587669,-3.9571756956849,48
"956",0.238882010197859,-3.9571756956849,48
"957",0.679259985983387,-3.9571756956849,48
"958",1.11963796176891,-3.9571756956849,48
"959",1.56001593755444,-3.9571756956849,48
"960",2.00039391333997,-3.9571756956849,48
"961",-6.36678762658506,1.31955878558252,49
"962",-5.92640965079953,1.31955878558252,49
"963",-5.486031675014,1.31955878558252,49
"964",-5.04565369922847,0.000375165265666499,49
"965",-4.60527572344295,-1.05497173098782,49
"966",-4.16489774765742,-1.58264517911456,49
"967",-3.72451977187189,-1.84648190317793,49
"968",-3.28414179608636,-2.63799207536805,49
"969",-2.84376382030084,-3.42950224755816,49
"970",-2.40338584451531,-3.9571756956849,49
"971",-1.96300786872978,-3.9571756956849,49
"972",-1.52262989294425,-3.9571756956849,49
"973",-1.08225191715872,-3.9571756956849,49
"974",-0.641873941373197,-3.9571756956849,49
"975",-0.201495965587669,-3.9571756956849,49
"976",0.238882010197859,-3.9571756956849,49
"977",0.679259985983387,-3.9571756956849,49
"978",1.11963796176891,-3.9571756956849,49
"979",1.56001593755444,-3.9571756956849,49
"980",2.00039391333997,-3.9571756956849,49
"981",-6.36678762658506,1.31955878558252,50
"982",-5.92640965079953,1.31955878558252,50
"983",-5.486031675014,1.31955878558252,50
"984",-5.04565369922847,1.31955878558252,50
"985",-4.60527572344295,-0.263461558797705,50
"986",-4.16489774765742,-1.84648190317793,50
"987",-3.72451977187189,-2.63799207536805,50
"988",-3.28414179608636,-3.16566552349479,50
"989",-2.84376382030084,-3.69333897162153,50
"990",-2.40338584451531,-3.9571756956849,50
"991",-1.96300786872978,-3.9571756956849,50
"992",-1.52262989294425,-3.9571756956849,50
"993",-1.08225191715872,-3.9571756956849,50
"994",-0.641873941373197,-3.9571756956849,50
"995",-0.201495965587669,-3.9571756956849,50
"996",0.238882010197859,-3.9571756956849,50
"997",0.679259985983387,-3.9571756956849,50
"998",1.11963796176891,-3.9571756956849,50
"999",1.56001593755444,-3.9571756956849,50
"1000",2.00039391333997,-3.9571756956849,50
"1001",-6.36678762658506,1.31955878558252,51
"1002",-5.92640965079953,1.31955878558252,51
"1003",-5.486031675014,1.31955878558252,51
"1004",-5.04565369922847,1.31955878558252,51
"1005",-4.60527572344295,1.31955878558252,51
"1006",-4.16489774765742,-2.37415535130467,51
"1007",-3.72451977187189,-3.16566552349479,51
"1008",-3.28414179608636,-3.69333897162153,51
"1009",-2.84376382030084,-3.9571756956849,51
"1010",-2.40338584451531,-3.9571756956849,51
"1011",-1.96300786872978,-3.9571756956849,51
"1012",-1.52262989294425,-3.9571756956849,51
"1013",-1.08225191715872,-3.9571756956849,51
"1014",-0.641873941373197,-3.9571756956849,51
"1015",-0.201495965587669,-3.9571756956849,51
"1016",0.238882010197859,-3.9571756956849,51
"1017",0.679259985983387,-3.9571756956849,51
"1018",1.11963796176891,-3.9571756956849,51
"1019",1.56001593755444,-3.9571756956849,51
"1020",2.00039391333997,-3.9571756956849,51
"1021",-6.36678762658506,1.31955878558252,52
"1022",-5.92640965079953,1.31955878558252,52
"1023",-5.486031675014,1.31955878558252,52
"1024",-5.04565369922847,1.31955878558252,52
"1025",-4.60527572344295,-0.791135006924447,52
"1026",-4.16489774765742,-1.58264517911456,52
"1027",-3.72451977187189,-2.37415535130467,52
"1028",-3.28414179608636,-2.90182879943142,52
"1029",-2.84376382030084,-3.16566552349479,52
"1030",-2.40338584451531,-3.69333897162153,52
"1031",-1.96300786872978,-3.9571756956849,52
"1032",-1.52262989294425,-3.9571756956849,52
"1033",-1.08225191715872,-3.9571756956849,52
"1034",-0.641873941373197,-3.9571756956849,52
"1035",-0.201495965587669,-3.9571756956849,52
"1036",0.238882010197859,-3.9571756956849,52
"1037",0.679259985983387,-3.9571756956849,52
"1038",1.11963796176891,-3.9571756956849,52
"1039",1.56001593755444,-3.9571756956849,52
"1040",2.00039391333997,-3.9571756956849,52
"1041",-6.36678762658506,1.31955878558252,53
"1042",-5.92640965079953,1.31955878558252,53
"1043",-5.486031675014,1.31955878558252,53
"1044",-5.04565369922847,1.31955878558252,53
"1045",-4.60527572344295,1.31955878558252,53
"1046",-4.16489774765742,-1.84648190317793,53
"1047",-3.72451977187189,-2.37415535130467,53
"1048",-3.28414179608636,-2.90182879943142,53
"1049",-2.84376382030084,-3.16566552349479,53
"1050",-2.40338584451531,-3.16566552349479,53
"1051",-1.96300786872978,-3.42950224755816,53
"1052",-1.52262989294425,-3.42950224755816,53
"1053",-1.08225191715872,-3.42950224755816,53
"1054",-0.641873941373197,-3.42950224755816,53
"1055",-0.201495965587669,-3.69333897162153,53
"1056",0.238882010197859,-3.69333897162153,53
"1057",0.679259985983387,-3.69333897162153,53
"1058",1.11963796176891,-3.69333897162153,53
"1059",1.56001593755444,-3.69333897162153,53
"1060",2.00039391333997,-3.69333897162153,53
"1061",-6.36678762658506,1.31955878558252,54
"1062",-5.92640965079953,1.31955878558252,54
"1063",-5.486031675014,1.31955878558252,54
"1064",-5.04565369922847,1.31955878558252,54
"1065",-4.60527572344295,1.31955878558252,54
"1066",-4.16489774765742,-1.58264517911456,54
"1067",-3.72451977187189,-2.1103186272413,54
"1068",-3.28414179608636,-2.63799207536805,54
"1069",-2.84376382030084,-2.63799207536805,54
"1070",-2.40338584451531,-2.90182879943142,54
"1071",-1.96300786872978,-2.90182879943142,54
"1072",-1.52262989294425,-3.16566552349479,54
"1073",-1.08225191715872,-3.9571756956849,54
"1074",-0.641873941373197,-3.9571756956849,54
"1075",-0.201495965587669,-3.9571756956849,54
"1076",0.238882010197859,-3.9571756956849,54
"1077",0.679259985983387,-3.9571756956849,54
"1078",1.11963796176891,-3.9571756956849,54
"1079",1.56001593755444,-3.9571756956849,54
"1080",2.00039391333997,-3.9571756956849,54
"1081",-6.36678762658506,1.31955878558252,55
"1082",-5.92640965079953,1.31955878558252,55
"1083",-5.486031675014,1.31955878558252,55
"1084",-5.04565369922847,1.31955878558252,55
"1085",-4.60527572344295,1.31955878558252,55
"1086",-4.16489774765742,-2.1103186272413,55
"1087",-3.72451977187189,-2.63799207536805,55
"1088",-3.28414179608636,-3.69333897162153,55
"1089",-2.84376382030084,-3.9571756956849,55
"1090",-2.40338584451531,-3.9571756956849,55
"1091",-1.96300786872978,-3.9571756956849,55
"1092",-1.52262989294425,-3.9571756956849,55
"1093",-1.08225191715872,-3.9571756956849,55
"1094",-0.641873941373197,-3.9571756956849,55
"1095",-0.201495965587669,-3.9571756956849,55
"1096",0.238882010197859,-3.9571756956849,55
"1097",0.679259985983387,-3.9571756956849,55
"1098",1.11963796176891,-3.9571756956849,55
"1099",1.56001593755444,-3.9571756956849,55
"1100",2.00039391333997,-3.9571756956849,55
"1101",-6.36678762658506,1.31955878558252,56
"1102",-5.92640965079953,1.31955878558252,56
"1103",-5.486031675014,1.31955878558252,56
"1104",-5.04565369922847,1.31955878558252,56
"1105",-4.60527572344295,1.31955878558252,56
"1106",-4.16489774765742,-3.16566552349479,56
"1107",-3.72451977187189,-3.69333897162153,56
"1108",-3.28414179608636,-3.69333897162153,56
"1109",-2.84376382030084,-3.69333897162153,56
"1110",-2.40338584451531,-3.9571756956849,56
"1111",-1.96300786872978,-3.9571756956849,56
"1112",-1.52262989294425,-3.9571756956849,56
"1113",-1.08225191715872,-3.9571756956849,56
"1114",-0.641873941373197,-3.9571756956849,56
"1115",-0.201495965587669,-3.9571756956849,56
"1116",0.238882010197859,-3.9571756956849,56
"1117",0.679259985983387,-3.9571756956849,56
"1118",1.11963796176891,-3.9571756956849,56
"1119",1.56001593755444,-3.9571756956849,56
"1120",2.00039391333997,-3.9571756956849,56
"1121",-6.36678762658506,1.31955878558252,57
"1122",-5.92640965079953,1.31955878558252,57
"1123",-5.486031675014,1.31955878558252,57
"1124",-5.04565369922847,1.31955878558252,57
"1125",-4.60527572344295,-0.527298282861076,57
"1126",-4.16489774765742,-2.37415535130467,57
"1127",-3.72451977187189,-3.42950224755816,57
"1128",-3.28414179608636,-3.9571756956849,57
"1129",-2.84376382030084,-3.9571756956849,57
"1130",-2.40338584451531,-3.9571756956849,57
"1131",-1.96300786872978,-3.9571756956849,57
"1132",-1.52262989294425,-3.9571756956849,57
"1133",-1.08225191715872,-3.9571756956849,57
"1134",-0.641873941373197,-3.9571756956849,57
"1135",-0.201495965587669,-3.9571756956849,57
"1136",0.238882010197859,-3.9571756956849,57
"1137",0.679259985983387,-3.9571756956849,57
"1138",1.11963796176891,-3.9571756956849,57
"1139",1.56001593755444,-3.9571756956849,57
"1140",2.00039391333997,-3.9571756956849,57
"1141",-6.36678762658506,0.791885337455779,58
"1142",-5.92640965079953,0.264211889329037,58
"1143",-5.486031675014,0.000375165265666499,58
"1144",-5.04565369922847,-0.263461558797705,58
"1145",-4.60527572344295,-0.527298282861076,58
"1146",-4.16489774765742,-3.42950224755816,58
"1147",-3.72451977187189,-3.9571756956849,58
"1148",-3.28414179608636,-3.9571756956849,58
"1149",-2.84376382030084,-3.9571756956849,58
"1150",-2.40338584451531,-3.9571756956849,58
"1151",-1.96300786872978,-3.9571756956849,58
"1152",-1.52262989294425,-3.9571756956849,58
"1153",-1.08225191715872,-3.9571756956849,58
"1154",-0.641873941373197,-3.9571756956849,58
"1155",-0.201495965587669,-3.9571756956849,58
"1156",0.238882010197859,-3.9571756956849,58
"1157",0.679259985983387,-3.9571756956849,58
"1158",1.11963796176891,-3.9571756956849,58
"1159",1.56001593755444,-3.9571756956849,58
"1160",2.00039391333997,-3.9571756956849,58
"1161",-6.36678762658506,1.31955878558252,59
"1162",-5.92640965079953,1.31955878558252,59
"1163",-5.486031675014,1.31955878558252,59
"1164",-5.04565369922847,1.31955878558252,59
"1165",-4.60527572344295,1.31955878558252,59
"1166",-4.16489774765742,-2.37415535130467,59
"1167",-3.72451977187189,-2.90182879943142,59
"1168",-3.28414179608636,-2.90182879943142,59
"1169",-2.84376382030084,-3.16566552349479,59
"1170",-2.40338584451531,-3.9571756956849,59
"1171",-1.96300786872978,-3.9571756956849,59
"1172",-1.52262989294425,-3.9571756956849,59
"1173",-1.08225191715872,-3.9571756956849,59
"1174",-0.641873941373197,-3.9571756956849,59
"1175",-0.201495965587669,-3.9571756956849,59
"1176",0.238882010197859,-3.9571756956849,59
"1177",0.679259985983387,-3.9571756956849,59
"1178",1.11963796176891,-3.9571756956849,59
"1179",1.56001593755444,-3.9571756956849,59
"1180",2.00039391333997,-3.9571756956849,59
"1181",-6.36678762658506,1.31955878558252,60
"1182",-5.92640965079953,1.31955878558252,60
"1183",-5.486031675014,1.31955878558252,60
"1184",-5.04565369922847,0.791885337455779,60
"1185",-4.60527572344295,0.264211889329037,60
"1186",-4.16489774765742,-3.16566552349479,60
"1187",-3.72451977187189,-3.42950224755816,60
"1188",-3.28414179608636,-3.9571756956849,60
"1189",-2.84376382030084,-3.9571756956849,60
"1190",-2.40338584451531,-3.9571756956849,60
"1191",-1.96300786872978,-3.9571756956849,60
"1192",-1.52262989294425,-3.9571756956849,60
"1193",-1.08225191715872,-3.9571756956849,60
"1194",-0.641873941373197,-3.9571756956849,60
"1195",-0.201495965587669,-3.9571756956849,60
"1196",0.238882010197859,-3.9571756956849,60
"1197",0.679259985983387,-3.9571756956849,60
"1198",1.11963796176891,-3.9571756956849,60
"1199",1.56001593755444,-3.9571756956849,60
"1200",2.00039391333997,-3.9571756956849,60
"1201",-6.36678762658506,1.31955878558252,61
"1202",-5.92640965079953,1.31955878558252,61
"1203",-5.486031675014,1.31955878558252,61
"1204",-5.04565369922847,1.31955878558252,61
"1205",-4.60527572344295,1.31955878558252,61
"1206",-4.16489774765742,-1.84648190317793,61
"1207",-3.72451977187189,-2.37415535130467,61
"1208",-3.28414179608636,-2.63799207536805,61
"1209",-2.84376382030084,-2.63799207536805,61
"1210",-2.40338584451531,-2.63799207536805,61
"1211",-1.96300786872978,-2.90182879943142,61
"1212",-1.52262989294425,-2.90182879943142,61
"1213",-1.08225191715872,-2.90182879943142,61
"1214",-0.641873941373197,-2.90182879943142,61
"1215",-0.201495965587669,-3.16566552349479,61
"1216",0.238882010197859,-3.69333897162153,61
"1217",0.679259985983387,-3.9571756956849,61
"1218",1.11963796176891,-3.9571756956849,61
"1219",1.56001593755444,-3.9571756956849,61
"1220",2.00039391333997,-3.9571756956849,61
"1221",-6.36678762658506,1.31955878558252,62
"1222",-5.92640965079953,1.31955878558252,62
"1223",-5.486031675014,1.31955878558252,62
"1224",-5.04565369922847,1.31955878558252,62
"1225",-4.60527572344295,1.31955878558252,62
"1226",-4.16489774765742,-3.9571756956849,62
"1227",-3.72451977187189,-3.9571756956849,62
"1228",-3.28414179608636,-3.9571756956849,62
"1229",-2.84376382030084,-3.9571756956849,62
"1230",-2.40338584451531,-3.9571756956849,62
"1231",-1.96300786872978,-3.9571756956849,62
"1232",-1.52262989294425,-3.9571756956849,62
"1233",-1.08225191715872,-3.9571756956849,62
"1234",-0.641873941373197,-3.9571756956849,62
"1235",-0.201495965587669,-3.9571756956849,62
"1236",0.238882010197859,-3.9571756956849,62
"1237",0.679259985983387,-3.9571756956849,62
"1238",1.11963796176891,-3.9571756956849,62
"1239",1.56001593755444,-3.9571756956849,62
"1240",2.00039391333997,-3.9571756956849,62
"1241",-6.36678762658506,1.31955878558252,63
"1242",-5.92640965079953,1.31955878558252,63
"1243",-5.486031675014,1.31955878558252,63
"1244",-5.04565369922847,0.791885337455779,63
"1245",-4.60527572344295,0.528048613392409,63
"1246",-4.16489774765742,-3.9571756956849,63
"1247",-3.72451977187189,-3.9571756956849,63
"1248",-3.28414179608636,-3.9571756956849,63
"1249",-2.84376382030084,-3.9571756956849,63
"1250",-2.40338584451531,-3.9571756956849,63
"1251",-1.96300786872978,-3.9571756956849,63
"1252",-1.52262989294425,-3.9571756956849,63
"1253",-1.08225191715872,-3.9571756956849,63
"1254",-0.641873941373197,-3.9571756956849,63
"1255",-0.201495965587669,-3.9571756956849,63
"1256",0.238882010197859,-3.9571756956849,63
"1257",0.679259985983387,-3.9571756956849,63
"1258",1.11963796176891,-3.9571756956849,63
"1259",1.56001593755444,-3.9571756956849,63
"1260",2.00039391333997,-3.9571756956849,63
"1261",-6.36678762658506,1.31955878558252,64
"1262",-5.92640965079953,1.31955878558252,64
"1263",-5.486031675014,1.31955878558252,64
"1264",-5.04565369922847,-0.263461558797705,64
"1265",-4.60527572344295,-1.05497173098782,64
"1266",-4.16489774765742,-1.58264517911456,64
"1267",-3.72451977187189,-1.84648190317793,64
"1268",-3.28414179608636,-2.1103186272413,64
"1269",-2.84376382030084,-2.37415535130467,64
"1270",-2.40338584451531,-2.90182879943142,64
"1271",-1.96300786872978,-2.90182879943142,64
"1272",-1.52262989294425,-3.16566552349479,64
"1273",-1.08225191715872,-3.16566552349479,64
"1274",-0.641873941373197,-3.42950224755816,64
"1275",-0.201495965587669,-3.9571756956849,64
"1276",0.238882010197859,-3.9571756956849,64
"1277",0.679259985983387,-3.9571756956849,64
"1278",1.11963796176891,-3.9571756956849,64
"1279",1.56001593755444,-3.9571756956849,64
"1280",2.00039391333997,-3.9571756956849,64
"1281",-6.36678762658506,1.31955878558252,65
"1282",-5.92640965079953,1.31955878558252,65
"1283",-5.486031675014,1.31955878558252,65
"1284",-5.04565369922847,1.31955878558252,65
"1285",-4.60527572344295,-0.263461558797705,65
"1286",-4.16489774765742,-1.84648190317793,65
"1287",-3.72451977187189,-2.90182879943142,65
"1288",-3.28414179608636,-3.9571756956849,65
"1289",-2.84376382030084,-3.9571756956849,65
"1290",-2.40338584451531,-3.9571756956849,65
"1291",-1.96300786872978,-3.9571756956849,65
"1292",-1.52262989294425,-3.9571756956849,65
"1293",-1.08225191715872,-3.9571756956849,65
"1294",-0.641873941373197,-3.9571756956849,65
"1295",-0.201495965587669,-3.9571756956849,65
"1296",0.238882010197859,-3.9571756956849,65
"1297",0.679259985983387,-3.9571756956849,65
"1298",1.11963796176891,-3.9571756956849,65
"1299",1.56001593755444,-3.9571756956849,65
"1300",2.00039391333997,-3.9571756956849,65
"1301",-6.36678762658506,1.31955878558252,66
"1302",-5.92640965079953,1.31955878558252,66
"1303",-5.486031675014,1.31955878558252,66
"1304",-5.04565369922847,1.31955878558252,66
"1305",-4.60527572344295,1.31955878558252,66
"1306",-4.16489774765742,-2.37415535130467,66
"1307",-3.72451977187189,-3.16566552349479,66
"1308",-3.28414179608636,-3.42950224755816,66
"1309",-2.84376382030084,-3.69333897162153,66
"1310",-2.40338584451531,-3.9571756956849,66
"1311",-1.96300786872978,-3.9571756956849,66
"1312",-1.52262989294425,-3.9571756956849,66
"1313",-1.08225191715872,-3.9571756956849,66
"1314",-0.641873941373197,-3.9571756956849,66
"1315",-0.201495965587669,-3.9571756956849,66
"1316",0.238882010197859,-3.9571756956849,66
"1317",0.679259985983387,-3.9571756956849,66
"1318",1.11963796176891,-3.9571756956849,66
"1319",1.56001593755444,-3.9571756956849,66
"1320",2.00039391333997,-3.9571756956849,66
"1321",-6.36678762658506,1.31955878558252,67
"1322",-5.92640965079953,1.31955878558252,67
"1323",-5.486031675014,1.31955878558252,67
"1324",-5.04565369922847,0.528048613392409,67
"1325",-4.60527572344295,-0.791135006924447,67
"1326",-4.16489774765742,-1.58264517911456,67
"1327",-3.72451977187189,-2.1103186272413,67
"1328",-3.28414179608636,-2.63799207536805,67
"1329",-2.84376382030084,-3.16566552349479,67
"1330",-2.40338584451531,-3.42950224755816,67
"1331",-1.96300786872978,-3.69333897162153,67
"1332",-1.52262989294425,-3.9571756956849,67
"1333",-1.08225191715872,-3.9571756956849,67
"1334",-0.641873941373197,-3.9571756956849,67
"1335",-0.201495965587669,-3.9571756956849,67
"1336",0.238882010197859,-3.9571756956849,67
"1337",0.679259985983387,-3.9571756956849,67
"1338",1.11963796176891,-3.9571756956849,67
"1339",1.56001593755444,-3.9571756956849,67
"1340",2.00039391333997,-3.9571756956849,67
"1341",-6.36678762658506,-0.791135006924447,68
"1342",-5.92640965079953,-1.05497173098782,68
"1343",-5.486031675014,-1.05497173098782,68
"1344",-5.04565369922847,-1.05497173098782,68
"1345",-4.60527572344295,-1.31880845505119,68
"1346",-4.16489774765742,-1.31880845505119,68
"1347",-3.72451977187189,-2.63799207536805,68
"1348",-3.28414179608636,-3.42950224755816,68
"1349",-2.84376382030084,-3.9571756956849,68
"1350",-2.40338584451531,-3.9571756956849,68
"1351",-1.96300786872978,-3.9571756956849,68
"1352",-1.52262989294425,-3.9571756956849,68
"1353",-1.08225191715872,-3.9571756956849,68
"1354",-0.641873941373197,-3.9571756956849,68
"1355",-0.201495965587669,-3.9571756956849,68
"1356",0.238882010197859,-3.9571756956849,68
"1357",0.679259985983387,-3.9571756956849,68
"1358",1.11963796176891,-3.9571756956849,68
"1359",1.56001593755444,-3.9571756956849,68
"1360",2.00039391333997,-3.9571756956849,68
"1361",-6.36678762658506,1.31955878558252,69
"1362",-5.92640965079953,1.31955878558252,69
"1363",-5.486031675014,1.31955878558252,69
"1364",-5.04565369922847,1.31955878558252,69
"1365",-4.60527572344295,0.528048613392409,69
"1366",-4.16489774765742,-1.84648190317793,69
"1367",-3.72451977187189,-2.63799207536805,69
"1368",-3.28414179608636,-2.90182879943142,69
"1369",-2.84376382030084,-3.42950224755816,69
"1370",-2.40338584451531,-3.69333897162153,69
"1371",-1.96300786872978,-3.69333897162153,69
"1372",-1.52262989294425,-3.9571756956849,69
"1373",-1.08225191715872,-3.9571756956849,69
"1374",-0.641873941373197,-3.9571756956849,69
"1375",-0.201495965587669,-3.9571756956849,69
"1376",0.238882010197859,-3.9571756956849,69
"1377",0.679259985983387,-3.9571756956849,69
"1378",1.11963796176891,-3.9571756956849,69
"1379",1.56001593755444,-3.9571756956849,69
"1380",2.00039391333997,-3.9571756956849,69
"1381",-6.36678762658506,1.31955878558252,70
"1382",-5.92640965079953,1.31955878558252,70
"1383",-5.486031675014,1.31955878558252,70
"1384",-5.04565369922847,1.31955878558252,70
"1385",-4.60527572344295,-0.263461558797705,70
"1386",-4.16489774765742,-1.58264517911456,70
"1387",-3.72451977187189,-1.84648190317793,70
"1388",-3.28414179608636,-2.1103186272413,70
"1389",-2.84376382030084,-2.37415535130467,70
"1390",-2.40338584451531,-2.90182879943142,70
"1391",-1.96300786872978,-3.42950224755816,70
"1392",-1.52262989294425,-3.69333897162153,70
"1393",-1.08225191715872,-3.9571756956849,70
"1394",-0.641873941373197,-3.9571756956849,70
"1395",-0.201495965587669,-3.9571756956849,70
"1396",0.238882010197859,-3.9571756956849,70
"1397",0.679259985983387,-3.9571756956849,70
"1398",1.11963796176891,-3.9571756956849,70
"1399",1.56001593755444,-3.9571756956849,70
"1400",2.00039391333997,-3.9571756956849,70
"1401",-6.36678762658506,1.31955878558252,71
"1402",-5.92640965079953,1.31955878558252,71
"1403",-5.486031675014,1.31955878558252,71
"1404",-5.04565369922847,1.31955878558252,71
"1405",-4.60527572344295,-0.791135006924447,71
"1406",-4.16489774765742,-1.58264517911456,71
"1407",-3.72451977187189,-2.1103186272413,71
"1408",-3.28414179608636,-2.37415535130467,71
"1409",-2.84376382030084,-2.63799207536805,71
"1410",-2.40338584451531,-2.90182879943142,71
"1411",-1.96300786872978,-3.69333897162153,71
"1412",-1.52262989294425,-3.9571756956849,71
"1413",-1.08225191715872,-3.9571756956849,71
"1414",-0.641873941373197,-3.9571756956849,71
"1415",-0.201495965587669,-3.9571756956849,71
"1416",0.238882010197859,-3.9571756956849,71
"1417",0.679259985983387,-3.9571756956849,71
"1418",1.11963796176891,-3.9571756956849,71
"1419",1.56001593755444,-3.9571756956849,71
"1420",2.00039391333997,-3.9571756956849,71
"1421",-6.36678762658506,1.31955878558252,72
"1422",-5.92640965079953,1.31955878558252,72
"1423",-5.486031675014,1.31955878558252,72
"1424",-5.04565369922847,1.05572206151915,72
"1425",-4.60527572344295,0.264211889329037,72
"1426",-4.16489774765742,-2.1103186272413,72
"1427",-3.72451977187189,-3.16566552349479,72
"1428",-3.28414179608636,-3.9571756956849,72
"1429",-2.84376382030084,-3.9571756956849,72
"1430",-2.40338584451531,-3.9571756956849,72
"1431",-1.96300786872978,-3.9571756956849,72
"1432",-1.52262989294425,-3.9571756956849,72
"1433",-1.08225191715872,-3.9571756956849,72
"1434",-0.641873941373197,-3.9571756956849,72
"1435",-0.201495965587669,-3.9571756956849,72
"1436",0.238882010197859,-3.9571756956849,72
"1437",0.679259985983387,-3.9571756956849,72
"1438",1.11963796176891,-3.9571756956849,72
"1439",1.56001593755444,-3.9571756956849,72
"1440",2.00039391333997,-3.9571756956849,72
"1441",-6.36678762658506,1.31955878558252,73
"1442",-5.92640965079953,1.31955878558252,73
"1443",-5.486031675014,1.31955878558252,73
"1444",-5.04565369922847,1.31955878558252,73
"1445",-4.60527572344295,-0.791135006924447,73
"1446",-4.16489774765742,-1.58264517911456,73
"1447",-3.72451977187189,-2.37415535130467,73
"1448",-3.28414179608636,-2.63799207536805,73
"1449",-2.84376382030084,-3.16566552349479,73
"1450",-2.40338584451531,-3.42950224755816,73
"1451",-1.96300786872978,-3.69333897162153,73
"1452",-1.52262989294425,-3.69333897162153,73
"1453",-1.08225191715872,-3.9571756956849,73
"1454",-0.641873941373197,-3.9571756956849,73
"1455",-0.201495965587669,-3.9571756956849,73
"1456",0.238882010197859,-3.9571756956849,73
"1457",0.679259985983387,-3.9571756956849,73
"1458",1.11963796176891,-3.9571756956849,73
"1459",1.56001593755444,-3.9571756956849,73
"1460",2.00039391333997,-3.9571756956849,73
"1461",-6.36678762658506,1.31955878558252,74
"1462",-5.92640965079953,1.31955878558252,74
"1463",-5.486031675014,1.31955878558252,74
"1464",-5.04565369922847,1.31955878558252,74
"1465",-4.60527572344295,-0.263461558797705,74
"1466",-4.16489774765742,-1.84648190317793,74
"1467",-3.72451977187189,-2.63799207536805,74
"1468",-3.28414179608636,-2.90182879943142,74
"1469",-2.84376382030084,-3.42950224755816,74
"1470",-2.40338584451531,-3.69333897162153,74
"1471",-1.96300786872978,-3.9571756956849,74
"1472",-1.52262989294425,-3.9571756956849,74
"1473",-1.08225191715872,-3.9571756956849,74
"1474",-0.641873941373197,-3.9571756956849,74
"1475",-0.201495965587669,-3.9571756956849,74
"1476",0.238882010197859,-3.9571756956849,74
"1477",0.679259985983387,-3.9571756956849,74
"1478",1.11963796176891,-3.9571756956849,74
"1479",1.56001593755444,-3.9571756956849,74
"1480",2.00039391333997,-3.9571756956849,74
"1481",-6.36678762658506,1.31955878558252,75
"1482",-5.92640965079953,1.31955878558252,75
"1483",-5.486031675014,1.31955878558252,75
"1484",-5.04565369922847,0.528048613392409,75
"1485",-4.60527572344295,-0.791135006924447,75
"1486",-4.16489774765742,-1.58264517911456,75
"1487",-3.72451977187189,-2.1103186272413,75
"1488",-3.28414179608636,-2.37415535130467,75
"1489",-2.84376382030084,-2.90182879943142,75
"1490",-2.40338584451531,-3.16566552349479,75
"1491",-1.96300786872978,-3.42950224755816,75
"1492",-1.52262989294425,-3.42950224755816,75
"1493",-1.08225191715872,-3.69333897162153,75
"1494",-0.641873941373197,-3.69333897162153,75
"1495",-0.201495965587669,-3.9571756956849,75
"1496",0.238882010197859,-3.9571756956849,75
"1497",0.679259985983387,-3.9571756956849,75
"1498",1.11963796176891,-3.9571756956849,75
"1499",1.56001593755444,-3.9571756956849,75
"1500",2.00039391333997,-3.9571756956849,75
"1501",-6.36678762658506,1.31955878558252,76
"1502",-5.92640965079953,1.31955878558252,76
"1503",-5.486031675014,1.31955878558252,76
"1504",-5.04565369922847,1.31955878558252,76
"1505",-4.60527572344295,-0.527298282861076,76
"1506",-4.16489774765742,-1.84648190317793,76
"1507",-3.72451977187189,-2.37415535130467,76
"1508",-3.28414179608636,-2.90182879943142,76
"1509",-2.84376382030084,-3.42950224755816,76
"1510",-2.40338584451531,-3.69333897162153,76
"1511",-1.96300786872978,-3.9571756956849,76
"1512",-1.52262989294425,-3.9571756956849,76
"1513",-1.08225191715872,-3.9571756956849,76
"1514",-0.641873941373197,-3.9571756956849,76
"1515",-0.201495965587669,-3.9571756956849,76
"1516",0.238882010197859,-3.9571756956849,76
"1517",0.679259985983387,-3.9571756956849,76
"1518",1.11963796176891,-3.9571756956849,76
"1519",1.56001593755444,-3.9571756956849,76
"1520",2.00039391333997,-3.9571756956849,76
"1521",-6.36678762658506,1.31955878558252,77
"1522",-5.92640965079953,1.31955878558252,77
"1523",-5.486031675014,1.31955878558252,77
"1524",-5.04565369922847,1.31955878558252,77
"1525",-4.60527572344295,1.31955878558252,77
"1526",-4.16489774765742,-2.1103186272413,77
"1527",-3.72451977187189,-3.16566552349479,77
"1528",-3.28414179608636,-3.69333897162153,77
"1529",-2.84376382030084,-3.9571756956849,77
"1530",-2.40338584451531,-3.9571756956849,77
"1531",-1.96300786872978,-3.9571756956849,77
"1532",-1.52262989294425,-3.9571756956849,77
"1533",-1.08225191715872,-3.9571756956849,77
"1534",-0.641873941373197,-3.9571756956849,77
"1535",-0.201495965587669,-3.9571756956849,77
"1536",0.238882010197859,-3.9571756956849,77
"1537",0.679259985983387,-3.9571756956849,77
"1538",1.11963796176891,-3.9571756956849,77
"1539",1.56001593755444,-3.9571756956849,77
"1540",2.00039391333997,-3.9571756956849,77
"1541",-6.36678762658506,1.31955878558252,78
"1542",-5.92640965079953,1.31955878558252,78
"1543",-5.486031675014,1.31955878558252,78
"1544",-5.04565369922847,1.31955878558252,78
"1545",-4.60527572344295,-1.05497173098782,78
"1546",-4.16489774765742,-1.58264517911456,78
"1547",-3.72451977187189,-1.84648190317793,78
"1548",-3.28414179608636,-1.84648190317793,78
"1549",-2.84376382030084,-2.1103186272413,78
"1550",-2.40338584451531,-2.1103186272413,78
"1551",-1.96300786872978,-2.1103186272413,78
"1552",-1.52262989294425,-2.37415535130467,78
"1553",-1.08225191715872,-2.90182879943142,78
"1554",-0.641873941373197,-3.42950224755816,78
"1555",-0.201495965587669,-3.9571756956849,78
"1556",0.238882010197859,-3.9571756956849,78
"1557",0.679259985983387,-3.9571756956849,78
"1558",1.11963796176891,-3.9571756956849,78
"1559",1.56001593755444,-3.9571756956849,78
"1560",2.00039391333997,-3.9571756956849,78
"1561",-6.36678762658506,1.31955878558252,79
"1562",-5.92640965079953,1.31955878558252,79
"1563",-5.486031675014,1.31955878558252,79
"1564",-5.04565369922847,1.31955878558252,79
"1565",-4.60527572344295,-0.791135006924447,79
"1566",-4.16489774765742,-1.58264517911456,79
"1567",-3.72451977187189,-2.1103186272413,79
"1568",-3.28414179608636,-2.37415535130467,79
"1569",-2.84376382030084,-2.63799207536805,79
"1570",-2.40338584451531,-2.90182879943142,79
"1571",-1.96300786872978,-3.16566552349479,79
"1572",-1.52262989294425,-3.16566552349479,79
"1573",-1.08225191715872,-3.16566552349479,79
"1574",-0.641873941373197,-3.42950224755816,79
"1575",-0.201495965587669,-3.42950224755816,79
"1576",0.238882010197859,-3.69333897162153,79
"1577",0.679259985983387,-3.9571756956849,79
"1578",1.11963796176891,-3.9571756956849,79
"1579",1.56001593755444,-3.9571756956849,79
"1580",2.00039391333997,-3.9571756956849,79
"1581",-6.36678762658506,1.31955878558252,80
"1582",-5.92640965079953,1.31955878558252,80
"1583",-5.486031675014,1.31955878558252,80
"1584",-5.04565369922847,1.31955878558252,80
"1585",-4.60527572344295,-0.791135006924447,80
"1586",-4.16489774765742,-1.58264517911456,80
"1587",-3.72451977187189,-2.1103186272413,80
"1588",-3.28414179608636,-2.37415535130467,80
"1589",-2.84376382030084,-2.90182879943142,80
"1590",-2.40338584451531,-3.16566552349479,80
"1591",-1.96300786872978,-3.16566552349479,80
"1592",-1.52262989294425,-3.42950224755816,80
"1593",-1.08225191715872,-3.42950224755816,80
"1594",-0.641873941373197,-3.69333897162153,80
"1595",-0.201495965587669,-3.69333897162153,80
"1596",0.238882010197859,-3.69333897162153,80
"1597",0.679259985983387,-3.69333897162153,80
"1598",1.11963796176891,-3.69333897162153,80
"1599",1.56001593755444,-3.9571756956849,80
"1600",2.00039391333997,-3.9571756956849,80
"1601",-6.36678762658506,1.31955878558252,81
"1602",-5.92640965079953,1.31955878558252,81
"1603",-5.486031675014,1.31955878558252,81
"1604",-5.04565369922847,1.31955878558252,81
"1605",-4.60527572344295,-0.791135006924447,81
"1606",-4.16489774765742,-1.58264517911456,81
"1607",-3.72451977187189,-2.1103186272413,81
"1608",-3.28414179608636,-2.37415535130467,81
"1609",-2.84376382030084,-2.63799207536805,81
"1610",-2.40338584451531,-2.90182879943142,81
"1611",-1.96300786872978,-2.90182879943142,81
"1612",-1.52262989294425,-2.90182879943142,81
"1613",-1.08225191715872,-3.16566552349479,81
"1614",-0.641873941373197,-3.16566552349479,81
"1615",-0.201495965587669,-3.16566552349479,81
"1616",0.238882010197859,-3.16566552349479,81
"1617",0.679259985983387,-3.16566552349479,81
"1618",1.11963796176891,-3.16566552349479,81
"1619",1.56001593755444,-3.16566552349479,81
"1620",2.00039391333997,-3.16566552349479,81
"1621",-6.36678762658506,1.31955878558252,82
"1622",-5.92640965079953,1.31955878558252,82
"1623",-5.486031675014,1.31955878558252,82
"1624",-5.04565369922847,1.31955878558252,82
"1625",-4.60527572344295,-0.527298282861076,82
"1626",-4.16489774765742,-1.84648190317793,82
"1627",-3.72451977187189,-2.37415535130467,82
"1628",-3.28414179608636,-2.90182879943142,82
"1629",-2.84376382030084,-3.42950224755816,82
"1630",-2.40338584451531,-3.69333897162153,82
"1631",-1.96300786872978,-3.9571756956849,82
"1632",-1.52262989294425,-3.9571756956849,82
"1633",-1.08225191715872,-3.9571756956849,82
"1634",-0.641873941373197,-3.9571756956849,82
"1635",-0.201495965587669,-3.9571756956849,82
"1636",0.238882010197859,-3.9571756956849,82
"1637",0.679259985983387,-3.9571756956849,82
"1638",1.11963796176891,-3.9571756956849,82
"1639",1.56001593755444,-3.9571756956849,82
"1640",2.00039391333997,-3.9571756956849,82
"1641",-6.36678762658506,1.31955878558252,83
"1642",-5.92640965079953,1.31955878558252,83
"1643",-5.486031675014,1.31955878558252,83
"1644",-5.04565369922847,1.31955878558252,83
"1645",-4.60527572344295,1.31955878558252,83
"1646",-4.16489774765742,-2.63799207536805,83
"1647",-3.72451977187189,-3.69333897162153,83
"1648",-3.28414179608636,-3.9571756956849,83
"1649",-2.84376382030084,-3.9571756956849,83
"1650",-2.40338584451531,-3.9571756956849,83
"1651",-1.96300786872978,-3.9571756956849,83
"1652",-1.52262989294425,-3.9571756956849,83
"1653",-1.08225191715872,-3.9571756956849,83
"1654",-0.641873941373197,-3.9571756956849,83
"1655",-0.201495965587669,-3.9571756956849,83
"1656",0.238882010197859,-3.9571756956849,83
"1657",0.679259985983387,-3.9571756956849,83
"1658",1.11963796176891,-3.9571756956849,83
"1659",1.56001593755444,-3.9571756956849,83
"1660",2.00039391333997,-3.9571756956849,83
"1661",-6.36678762658506,1.31955878558252,84
"1662",-5.92640965079953,1.31955878558252,84
"1663",-5.486031675014,1.31955878558252,84
"1664",-5.04565369922847,1.31955878558252,84
"1665",-4.60527572344295,-0.791135006924447,84
"1666",-4.16489774765742,-1.58264517911456,84
"1667",-3.72451977187189,-2.1103186272413,84
"1668",-3.28414179608636,-2.63799207536805,84
"1669",-2.84376382030084,-3.16566552349479,84
"1670",-2.40338584451531,-3.42950224755816,84
"1671",-1.96300786872978,-3.69333897162153,84
"1672",-1.52262989294425,-3.9571756956849,84
"1673",-1.08225191715872,-3.9571756956849,84
"1674",-0.641873941373197,-3.9571756956849,84
"1675",-0.201495965587669,-3.9571756956849,84
"1676",0.238882010197859,-3.9571756956849,84
"1677",0.679259985983387,-3.9571756956849,84
"1678",1.11963796176891,-3.9571756956849,84
"1679",1.56001593755444,-3.9571756956849,84
"1680",2.00039391333997,-3.9571756956849,84
"1681",-6.36678762658506,1.31955878558252,85
"1682",-5.92640965079953,1.31955878558252,85
"1683",-5.486031675014,1.31955878558252,85
"1684",-5.04565369922847,1.31955878558252,85
"1685",-4.60527572344295,-0.791135006924447,85
"1686",-4.16489774765742,-1.58264517911456,85
"1687",-3.72451977187189,-2.1103186272413,85
"1688",-3.28414179608636,-2.63799207536805,85
"1689",-2.84376382030084,-2.90182879943142,85
"1690",-2.40338584451531,-3.16566552349479,85
"1691",-1.96300786872978,-3.16566552349479,85
"1692",-1.52262989294425,-3.42950224755816,85
"1693",-1.08225191715872,-3.69333897162153,85
"1694",-0.641873941373197,-3.69333897162153,85
"1695",-0.201495965587669,-3.69333897162153,85
"1696",0.238882010197859,-3.69333897162153,85
"1697",0.679259985983387,-3.69333897162153,85
"1698",1.11963796176891,-3.69333897162153,85
"1699",1.56001593755444,-3.9571756956849,85
"1700",2.00039391333997,-3.9571756956849,85
"1701",-6.36678762658506,1.31955878558252,86
"1702",-5.92640965079953,1.31955878558252,86
"1703",-5.486031675014,1.31955878558252,86
"1704",-5.04565369922847,1.31955878558252,86
"1705",-4.60527572344295,0.000375165265666499,86
"1706",-4.16489774765742,-1.84648190317793,86
"1707",-3.72451977187189,-2.90182879943142,86
"1708",-3.28414179608636,-3.42950224755816,86
"1709",-2.84376382030084,-3.9571756956849,86
"1710",-2.40338584451531,-3.9571756956849,86
"1711",-1.96300786872978,-3.9571756956849,86
"1712",-1.52262989294425,-3.9571756956849,86
"1713",-1.08225191715872,-3.9571756956849,86
"1714",-0.641873941373197,-3.9571756956849,86
"1715",-0.201495965587669,-3.9571756956849,86
"1716",0.238882010197859,-3.9571756956849,86
"1717",0.679259985983387,-3.9571756956849,86
"1718",1.11963796176891,-3.9571756956849,86
"1719",1.56001593755444,-3.9571756956849,86
"1720",2.00039391333997,-3.9571756956849,86
"1721",-6.36678762658506,1.31955878558252,87
"1722",-5.92640965079953,1.31955878558252,87
"1723",-5.486031675014,1.31955878558252,87
"1724",-5.04565369922847,1.31955878558252,87
"1725",-4.60527572344295,0.528048613392409,87
"1726",-4.16489774765742,-1.84648190317793,87
"1727",-3.72451977187189,-2.90182879943142,87
"1728",-3.28414179608636,-3.42950224755816,87
"1729",-2.84376382030084,-3.9571756956849,87
"1730",-2.40338584451531,-3.9571756956849,87
"1731",-1.96300786872978,-3.9571756956849,87
"1732",-1.52262989294425,-3.9571756956849,87
"1733",-1.08225191715872,-3.9571756956849,87
"1734",-0.641873941373197,-3.9571756956849,87
"1735",-0.201495965587669,-3.9571756956849,87
"1736",0.238882010197859,-3.9571756956849,87
"1737",0.679259985983387,-3.9571756956849,87
"1738",1.11963796176891,-3.9571756956849,87
"1739",1.56001593755444,-3.9571756956849,87
"1740",2.00039391333997,-3.9571756956849,87
"1741",-6.36678762658506,1.31955878558252,88
"1742",-5.92640965079953,1.31955878558252,88
"1743",-5.486031675014,1.31955878558252,88
"1744",-5.04565369922847,1.31955878558252,88
"1745",-4.60527572344295,-0.263461558797705,88
"1746",-4.16489774765742,-2.90182879943142,88
"1747",-3.72451977187189,-3.9571756956849,88
"1748",-3.28414179608636,-3.9571756956849,88
"1749",-2.84376382030084,-3.9571756956849,88
"1750",-2.40338584451531,-3.9571756956849,88
"1751",-1.96300786872978,-3.9571756956849,88
"1752",-1.52262989294425,-3.9571756956849,88
"1753",-1.08225191715872,-3.9571756956849,88
"1754",-0.641873941373197,-3.9571756956849,88
"1755",-0.201495965587669,-3.9571756956849,88
"1756",0.238882010197859,-3.9571756956849,88
"1757",0.679259985983387,-3.9571756956849,88
"1758",1.11963796176891,-3.9571756956849,88
"1759",1.56001593755444,-3.9571756956849,88
"1760",2.00039391333997,-3.9571756956849,88
"1761",-6.36678762658506,1.31955878558252,89
"1762",-5.92640965079953,1.31955878558252,89
"1763",-5.486031675014,1.31955878558252,89
"1764",-5.04565369922847,1.31955878558252,89
"1765",-4.60527572344295,1.31955878558252,89
"1766",-4.16489774765742,-3.69333897162153,89
"1767",-3.72451977187189,-3.9571756956849,89
"1768",-3.28414179608636,-3.9571756956849,89
"1769",-2.84376382030084,-3.9571756956849,89
"1770",-2.40338584451531,-3.9571756956849,89
"1771",-1.96300786872978,-3.9571756956849,89
"1772",-1.52262989294425,-3.9571756956849,89
"1773",-1.08225191715872,-3.9571756956849,89
"1774",-0.641873941373197,-3.9571756956849,89
"1775",-0.201495965587669,-3.9571756956849,89
"1776",0.238882010197859,-3.9571756956849,89
"1777",0.679259985983387,-3.9571756956849,89
"1778",1.11963796176891,-3.9571756956849,89
"1779",1.56001593755444,-3.9571756956849,89
"1780",2.00039391333997,-3.9571756956849,89
"1781",-6.36678762658506,1.31955878558252,90
"1782",-5.92640965079953,1.31955878558252,90
"1783",-5.486031675014,1.31955878558252,90
"1784",-5.04565369922847,1.31955878558252,90
"1785",-4.60527572344295,1.31955878558252,90
"1786",-4.16489774765742,-2.90182879943142,90
"1787",-3.72451977187189,-3.9571756956849,90
"1788",-3.28414179608636,-3.9571756956849,90
"1789",-2.84376382030084,-3.9571756956849,90
"1790",-2.40338584451531,-3.9571756956849,90
"1791",-1.96300786872978,-3.9571756956849,90
"1792",-1.52262989294425,-3.9571756956849,90
"1793",-1.08225191715872,-3.9571756956849,90
"1794",-0.641873941373197,-3.9571756956849,90
"1795",-0.201495965587669,-3.9571756956849,90
"1796",0.238882010197859,-3.9571756956849,90
"1797",0.679259985983387,-3.9571756956849,90
"1798",1.11963796176891,-3.9571756956849,90
"1799",1.56001593755444,-3.9571756956849,90
"1800",2.00039391333997,-3.9571756956849,90
"1801",-6.36678762658506,1.31955878558252,91
"1802",-5.92640965079953,1.31955878558252,91
"1803",-5.486031675014,1.31955878558252,91
"1804",-5.04565369922847,1.31955878558252,91
"1805",-4.60527572344295,0.000375165265666499,91
"1806",-4.16489774765742,-1.84648190317793,91
"1807",-3.72451977187189,-2.37415535130467,91
"1808",-3.28414179608636,-2.63799207536805,91
"1809",-2.84376382030084,-2.90182879943142,91
"1810",-2.40338584451531,-3.16566552349479,91
"1811",-1.96300786872978,-3.16566552349479,91
"1812",-1.52262989294425,-3.16566552349479,91
"1813",-1.08225191715872,-3.69333897162153,91
"1814",-0.641873941373197,-3.9571756956849,91
"1815",-0.201495965587669,-3.9571756956849,91
"1816",0.238882010197859,-3.9571756956849,91
"1817",0.679259985983387,-3.9571756956849,91
"1818",1.11963796176891,-3.9571756956849,91
"1819",1.56001593755444,-3.9571756956849,91
"1820",2.00039391333997,-3.9571756956849,91
"1821",-6.36678762658506,1.31955878558252,92
"1822",-5.92640965079953,1.31955878558252,92
"1823",-5.486031675014,1.31955878558252,92
"1824",-5.04565369922847,1.31955878558252,92
"1825",-4.60527572344295,1.31955878558252,92
"1826",-4.16489774765742,-3.69333897162153,92
"1827",-3.72451977187189,-3.9571756956849,92
"1828",-3.28414179608636,-3.9571756956849,92
"1829",-2.84376382030084,-3.9571756956849,92
"1830",-2.40338584451531,-3.9571756956849,92
"1831",-1.96300786872978,-3.9571756956849,92
"1832",-1.52262989294425,-3.9571756956849,92
"1833",-1.08225191715872,-3.9571756956849,92
"1834",-0.641873941373197,-3.9571756956849,92
"1835",-0.201495965587669,-3.9571756956849,92
"1836",0.238882010197859,-3.9571756956849,92
"1837",0.679259985983387,-3.9571756956849,92
"1838",1.11963796176891,-3.9571756956849,92
"1839",1.56001593755444,-3.9571756956849,92
"1840",2.00039391333997,-3.9571756956849,92
"1841",-6.36678762658506,1.31955878558252,93
"1842",-5.92640965079953,1.31955878558252,93
"1843",-5.486031675014,1.31955878558252,93
"1844",-5.04565369922847,1.31955878558252,93
"1845",-4.60527572344295,1.31955878558252,93
"1846",-4.16489774765742,-3.42950224755816,93
"1847",-3.72451977187189,-3.9571756956849,93
"1848",-3.28414179608636,-3.9571756956849,93
"1849",-2.84376382030084,-3.9571756956849,93
"1850",-2.40338584451531,-3.9571756956849,93
"1851",-1.96300786872978,-3.9571756956849,93
"1852",-1.52262989294425,-3.9571756956849,93
"1853",-1.08225191715872,-3.9571756956849,93
"1854",-0.641873941373197,-3.9571756956849,93
"1855",-0.201495965587669,-3.9571756956849,93
"1856",0.238882010197859,-3.9571756956849,93
"1857",0.679259985983387,-3.9571756956849,93
"1858",1.11963796176891,-3.9571756956849,93
"1859",1.56001593755444,-3.9571756956849,93
"1860",2.00039391333997,-3.9571756956849,93
"1861",-6.36678762658506,1.31955878558252,94
"1862",-5.92640965079953,1.31955878558252,94
"1863",-5.486031675014,1.31955878558252,94
"1864",-5.04565369922847,1.31955878558252,94
"1865",-4.60527572344295,1.31955878558252,94
"1866",-4.16489774765742,-2.1103186272413,94
"1867",-3.72451977187189,-2.90182879943142,94
"1868",-3.28414179608636,-3.42950224755816,94
"1869",-2.84376382030084,-3.69333897162153,94
"1870",-2.40338584451531,-3.9571756956849,94
"1871",-1.96300786872978,-3.9571756956849,94
"1872",-1.52262989294425,-3.9571756956849,94
"1873",-1.08225191715872,-3.9571756956849,94
"1874",-0.641873941373197,-3.9571756956849,94
"1875",-0.201495965587669,-3.9571756956849,94
"1876",0.238882010197859,-3.9571756956849,94
"1877",0.679259985983387,-3.9571756956849,94
"1878",1.11963796176891,-3.9571756956849,94
"1879",1.56001593755444,-3.9571756956849,94
"1880",2.00039391333997,-3.9571756956849,94
"1881",-6.36678762658506,1.31955878558252,95
"1882",-5.92640965079953,1.31955878558252,95
"1883",-5.486031675014,1.31955878558252,95
"1884",-5.04565369922847,1.31955878558252,95
"1885",-4.60527572344295,-0.791135006924447,95
"1886",-4.16489774765742,-1.58264517911456,95
"1887",-3.72451977187189,-2.37415535130467,95
"1888",-3.28414179608636,-2.90182879943142,95
"1889",-2.84376382030084,-3.42950224755816,95
"1890",-2.40338584451531,-3.9571756956849,95
"1891",-1.96300786872978,-3.9571756956849,95
"1892",-1.52262989294425,-3.9571756956849,95
"1893",-1.08225191715872,-3.9571756956849,95
"1894",-0.641873941373197,-3.9571756956849,95
"1895",-0.201495965587669,-3.9571756956849,95
"1896",0.238882010197859,-3.9571756956849,95
"1897",0.679259985983387,-3.9571756956849,95
"1898",1.11963796176891,-3.9571756956849,95
"1899",1.56001593755444,-3.9571756956849,95
"1900",2.00039391333997,-3.9571756956849,95
"1901",-6.36678762658506,1.31955878558252,96
"1902",-5.92640965079953,1.31955878558252,96
"1903",-5.486031675014,1.31955878558252,96
"1904",-5.04565369922847,1.31955878558252,96
"1905",-4.60527572344295,1.31955878558252,96
"1906",-4.16489774765742,-3.9571756956849,96
"1907",-3.72451977187189,-3.9571756956849,96
"1908",-3.28414179608636,-3.9571756956849,96
"1909",-2.84376382030084,-3.9571756956849,96
"1910",-2.40338584451531,-3.9571756956849,96
"1911",-1.96300786872978,-3.9571756956849,96
"1912",-1.52262989294425,-3.9571756956849,96
"1913",-1.08225191715872,-3.9571756956849,96
"1914",-0.641873941373197,-3.9571756956849,96
"1915",-0.201495965587669,-3.9571756956849,96
"1916",0.238882010197859,-3.9571756956849,96
"1917",0.679259985983387,-3.9571756956849,96
"1918",1.11963796176891,-3.9571756956849,96
"1919",1.56001593755444,-3.9571756956849,96
"1920",2.00039391333997,-3.9571756956849,96
"1921",-6.36678762658506,1.31955878558252,97
"1922",-5.92640965079953,1.31955878558252,97
"1923",-5.486031675014,1.31955878558252,97
"1924",-5.04565369922847,1.05572206151915,97
"1925",-4.60527572344295,-0.791135006924447,97
"1926",-4.16489774765742,-1.58264517911456,97
"1927",-3.72451977187189,-2.1103186272413,97
"1928",-3.28414179608636,-2.63799207536805,97
"1929",-2.84376382030084,-2.90182879943142,97
"1930",-2.40338584451531,-3.16566552349479,97
"1931",-1.96300786872978,-3.9571756956849,97
"1932",-1.52262989294425,-3.9571756956849,97
"1933",-1.08225191715872,-3.9571756956849,97
"1934",-0.641873941373197,-3.9571756956849,97
"1935",-0.201495965587669,-3.9571756956849,97
"1936",0.238882010197859,-3.9571756956849,97
"1937",0.679259985983387,-3.9571756956849,97
"1938",1.11963796176891,-3.9571756956849,97
"1939",1.56001593755444,-3.9571756956849,97
"1940",2.00039391333997,-3.9571756956849,97
"1941",-6.36678762658506,1.31955878558252,98
"1942",-5.92640965079953,1.31955878558252,98
"1943",-5.486031675014,1.31955878558252,98
"1944",-5.04565369922847,1.05572206151915,98
"1945",-4.60527572344295,-0.791135006924447,98
"1946",-4.16489774765742,-1.58264517911456,98
"1947",-3.72451977187189,-2.37415535130467,98
"1948",-3.28414179608636,-2.63799207536805,98
"1949",-2.84376382030084,-3.16566552349479,98
"1950",-2.40338584451531,-3.42950224755816,98
"1951",-1.96300786872978,-3.69333897162153,98
"1952",-1.52262989294425,-3.9571756956849,98
"1953",-1.08225191715872,-3.9571756956849,98
"1954",-0.641873941373197,-3.9571756956849,98
"1955",-0.201495965587669,-3.9571756956849,98
"1956",0.238882010197859,-3.9571756956849,98
"1957",0.679259985983387,-3.9571756956849,98
"1958",1.11963796176891,-3.9571756956849,98
"1959",1.56001593755444,-3.9571756956849,98
"1960",2.00039391333997,-3.9571756956849,98
"1961",-6.36678762658506,1.31955878558252,99
"1962",-5.92640965079953,1.31955878558252,99
"1963",-5.486031675014,1.31955878558252,99
"1964",-5.04565369922847,0.528048613392409,99
"1965",-4.60527572344295,-0.791135006924447,99
"1966",-4.16489774765742,-1.58264517911456,99
"1967",-3.72451977187189,-2.1103186272413,99
"1968",-3.28414179608636,-2.63799207536805,99
"1969",-2.84376382030084,-3.16566552349479,99
"1970",-2.40338584451531,-3.9571756956849,99
"1971",-1.96300786872978,-3.9571756956849,99
"1972",-1.52262989294425,-3.9571756956849,99
"1973",-1.08225191715872,-3.9571756956849,99
"1974",-0.641873941373197,-3.9571756956849,99
"1975",-0.201495965587669,-3.9571756956849,99
"1976",0.238882010197859,-3.9571756956849,99
"1977",0.679259985983387,-3.9571756956849,99
"1978",1.11963796176891,-3.9571756956849,99
"1979",1.56001593755444,-3.9571756956849,99
"1980",2.00039391333997,-3.9571756956849,99
"1981",-6.36678762658506,1.31955878558252,100
"1982",-5.92640965079953,1.31955878558252,100
"1983",-5.486031675014,1.31955878558252,100
"1984",-5.04565369922847,1.31955878558252,100
"1985",-4.60527572344295,1.31955878558252,100
"1986",-4.16489774765742,-3.9571756956849,100
"1987",-3.72451977187189,-3.9571756956849,100
"1988",-3.28414179608636,-3.9571756956849,100
"1989",-2.84376382030084,-3.9571756956849,100
"1990",-2.40338584451531,-3.9571756956849,100
"1991",-1.96300786872978,-3.9571756956849,100
"1992",-1.52262989294425,-3.9571756956849,100
"1993",-1.08225191715872,-3.9571756956849,100
"1994",-0.641873941373197,-3.9571756956849,100
"1995",-0.201495965587669,-3.9571756956849,100
"1996",0.238882010197859,-3.9571756956849,100
"1997",0.679259985983387,-3.9571756956849,100
"1998",1.11963796176891,-3.9571756956849,100
"1999",1.56001593755444,-3.9571756956849,100
"2000",2.00039391333997,-3.9571756956849,100
