"","x","y","sample"
"1",-9.2774548933895,-2.49668634096821,1
"2",-8.71311019014714,-2.78240062668249,1
"3",-8.14876548690479,-2.92525776953963,1
"4",-7.58442078366243,-3.06811491239678,1
"5",-7.02007608042008,-3.21097205525392,1
"6",-6.45573137717772,-3.35382919811106,1
"7",-5.89138667393537,-3.63954348382535,1
"8",-5.32704197069301,-3.78240062668249,1
"9",-4.76269726745065,-5.21097205525392,1
"10",-4.1983525642083,-5.21097205525392,1
"11",-3.63400786096594,-5.21097205525392,1
"12",-3.06966315772359,-5.21097205525392,1
"13",-2.50531845448123,-5.21097205525392,1
"14",-1.94097375123888,-5.21097205525392,1
"15",-1.37662904799652,-5.21097205525392,1
"16",-0.812284344754163,-5.21097205525392,1
"17",-0.247939641511808,-5.21097205525392,1
"18",0.316405061730547,-5.21097205525392,1
"19",0.880749764972904,-5.21097205525392,1
"20",1.44509446821526,-5.21097205525392,1
"21",-9.2774548933895,-2.35382919811106,2
"22",-8.71311019014714,-2.35382919811106,2
"23",-8.14876548690479,-2.35382919811106,2
"24",-7.58442078366243,-2.49668634096821,2
"25",-7.02007608042008,-3.63954348382535,2
"26",-6.45573137717772,-4.35382919811106,2
"27",-5.89138667393537,-5.06811491239678,2
"28",-5.32704197069301,-5.21097205525392,2
"29",-4.76269726745065,-5.21097205525392,2
"30",-4.1983525642083,-5.21097205525392,2
"31",-3.63400786096594,-5.21097205525392,2
"32",-3.06966315772359,-5.21097205525392,2
"33",-2.50531845448123,-5.21097205525392,2
"34",-1.94097375123888,-5.21097205525392,2
"35",-1.37662904799652,-5.21097205525392,2
"36",-0.812284344754163,-5.21097205525392,2
"37",-0.247939641511808,-5.21097205525392,2
"38",0.316405061730547,-5.21097205525392,2
"39",0.880749764972904,-5.21097205525392,2
"40",1.44509446821526,-5.21097205525392,2
"41",-9.2774548933895,-2.35382919811106,3
"42",-8.71311019014714,-2.35382919811106,3
"43",-8.14876548690479,-2.35382919811106,3
"44",-7.58442078366243,-2.78240062668249,3
"45",-7.02007608042008,-3.49668634096821,3
"46",-6.45573137717772,-4.06811491239678,3
"47",-5.89138667393537,-4.49668634096821,3
"48",-5.32704197069301,-4.78240062668249,3
"49",-4.76269726745065,-5.21097205525392,3
"50",-4.1983525642083,-5.21097205525392,3
"51",-3.63400786096594,-5.21097205525392,3
"52",-3.06966315772359,-5.21097205525392,3
"53",-2.50531845448123,-5.21097205525392,3
"54",-1.94097375123888,-5.21097205525392,3
"55",-1.37662904799652,-5.21097205525392,3
"56",-0.812284344754163,-5.21097205525392,3
"57",-0.247939641511808,-5.21097205525392,3
"58",0.316405061730547,-5.21097205525392,3
"59",0.880749764972904,-5.21097205525392,3
"60",1.44509446821526,-5.21097205525392,3
"61",-9.2774548933895,-2.35382919811106,4
"62",-8.71311019014714,-2.35382919811106,4
"63",-8.14876548690479,-2.35382919811106,4
"64",-7.58442078366243,-2.35382919811106,4
"65",-7.02007608042008,-3.63954348382535,4
"66",-6.45573137717772,-4.49668634096821,4
"67",-5.89138667393537,-5.21097205525392,4
"68",-5.32704197069301,-5.21097205525392,4
"69",-4.76269726745065,-5.21097205525392,4
"70",-4.1983525642083,-5.21097205525392,4
"71",-3.63400786096594,-5.21097205525392,4
"72",-3.06966315772359,-5.21097205525392,4
"73",-2.50531845448123,-5.21097205525392,4
"74",-1.94097375123888,-5.21097205525392,4
"75",-1.37662904799652,-5.21097205525392,4
"76",-0.812284344754163,-5.21097205525392,4
"77",-0.247939641511808,-5.21097205525392,4
"78",0.316405061730547,-5.21097205525392,4
"79",0.880749764972904,-5.21097205525392,4
"80",1.44509446821526,-5.21097205525392,4
"81",-9.2774548933895,-2.35382919811106,5
"82",-8.71311019014714,-2.35382919811106,5
"83",-8.14876548690479,-2.35382919811106,5
"84",-7.58442078366243,-2.35382919811106,5
"85",-7.02007608042008,-5.21097205525392,5
"86",-6.45573137717772,-5.21097205525392,5
"87",-5.89138667393537,-5.21097205525392,5
"88",-5.32704197069301,-5.21097205525392,5
"89",-4.76269726745065,-5.21097205525392,5
"90",-4.1983525642083,-5.21097205525392,5
"91",-3.63400786096594,-5.21097205525392,5
"92",-3.06966315772359,-5.21097205525392,5
"93",-2.50531845448123,-5.21097205525392,5
"94",-1.94097375123888,-5.21097205525392,5
"95",-1.37662904799652,-5.21097205525392,5
"96",-0.812284344754163,-5.21097205525392,5
"97",-0.247939641511808,-5.21097205525392,5
"98",0.316405061730547,-5.21097205525392,5
"99",0.880749764972904,-5.21097205525392,5
"100",1.44509446821526,-5.21097205525392,5
"101",-9.2774548933895,-2.35382919811106,6
"102",-8.71311019014714,-2.35382919811106,6
"103",-8.14876548690479,-2.35382919811106,6
"104",-7.58442078366243,-2.35382919811106,6
"105",-7.02007608042008,-5.21097205525392,6
"106",-6.45573137717772,-5.21097205525392,6
"107",-5.89138667393537,-5.21097205525392,6
"108",-5.32704197069301,-5.21097205525392,6
"109",-4.76269726745065,-5.21097205525392,6
"110",-4.1983525642083,-5.21097205525392,6
"111",-3.63400786096594,-5.21097205525392,6
"112",-3.06966315772359,-5.21097205525392,6
"113",-2.50531845448123,-5.21097205525392,6
"114",-1.94097375123888,-5.21097205525392,6
"115",-1.37662904799652,-5.21097205525392,6
"116",-0.812284344754163,-5.21097205525392,6
"117",-0.247939641511808,-5.21097205525392,6
"118",0.316405061730547,-5.21097205525392,6
"119",0.880749764972904,-5.21097205525392,6
"120",1.44509446821526,-5.21097205525392,6
"121",-9.2774548933895,-2.35382919811106,7
"122",-8.71311019014714,-2.35382919811106,7
"123",-8.14876548690479,-2.35382919811106,7
"124",-7.58442078366243,-2.35382919811106,7
"125",-7.02007608042008,-3.78240062668249,7
"126",-6.45573137717772,-4.49668634096821,7
"127",-5.89138667393537,-4.92525776953963,7
"128",-5.32704197069301,-5.06811491239678,7
"129",-4.76269726745065,-5.21097205525392,7
"130",-4.1983525642083,-5.21097205525392,7
"131",-3.63400786096594,-5.21097205525392,7
"132",-3.06966315772359,-5.21097205525392,7
"133",-2.50531845448123,-5.21097205525392,7
"134",-1.94097375123888,-5.21097205525392,7
"135",-1.37662904799652,-5.21097205525392,7
"136",-0.812284344754163,-5.21097205525392,7
"137",-0.247939641511808,-5.21097205525392,7
"138",0.316405061730547,-5.21097205525392,7
"139",0.880749764972904,-5.21097205525392,7
"140",1.44509446821526,-5.21097205525392,7
"141",-9.2774548933895,-2.35382919811106,8
"142",-8.71311019014714,-2.35382919811106,8
"143",-8.14876548690479,-2.35382919811106,8
"144",-7.58442078366243,-2.35382919811106,8
"145",-7.02007608042008,-3.63954348382535,8
"146",-6.45573137717772,-4.78240062668249,8
"147",-5.89138667393537,-5.21097205525392,8
"148",-5.32704197069301,-5.21097205525392,8
"149",-4.76269726745065,-5.21097205525392,8
"150",-4.1983525642083,-5.21097205525392,8
"151",-3.63400786096594,-5.21097205525392,8
"152",-3.06966315772359,-5.21097205525392,8
"153",-2.50531845448123,-5.21097205525392,8
"154",-1.94097375123888,-5.21097205525392,8
"155",-1.37662904799652,-5.21097205525392,8
"156",-0.812284344754163,-5.21097205525392,8
"157",-0.247939641511808,-5.21097205525392,8
"158",0.316405061730547,-5.21097205525392,8
"159",0.880749764972904,-5.21097205525392,8
"160",1.44509446821526,-5.21097205525392,8
"161",-9.2774548933895,-2.35382919811106,9
"162",-8.71311019014714,-2.35382919811106,9
"163",-8.14876548690479,-2.35382919811106,9
"164",-7.58442078366243,-2.78240062668249,9
"165",-7.02007608042008,-3.49668634096821,9
"166",-6.45573137717772,-4.06811491239678,9
"167",-5.89138667393537,-4.49668634096821,9
"168",-5.32704197069301,-4.92525776953963,9
"169",-4.76269726745065,-5.21097205525392,9
"170",-4.1983525642083,-5.21097205525392,9
"171",-3.63400786096594,-5.21097205525392,9
"172",-3.06966315772359,-5.21097205525392,9
"173",-2.50531845448123,-5.21097205525392,9
"174",-1.94097375123888,-5.21097205525392,9
"175",-1.37662904799652,-5.21097205525392,9
"176",-0.812284344754163,-5.21097205525392,9
"177",-0.247939641511808,-5.21097205525392,9
"178",0.316405061730547,-5.21097205525392,9
"179",0.880749764972904,-5.21097205525392,9
"180",1.44509446821526,-5.21097205525392,9
"181",-9.2774548933895,-2.35382919811106,10
"182",-8.71311019014714,-2.35382919811106,10
"183",-8.14876548690479,-2.35382919811106,10
"184",-7.58442078366243,-2.35382919811106,10
"185",-7.02007608042008,-3.92525776953963,10
"186",-6.45573137717772,-5.06811491239678,10
"187",-5.89138667393537,-5.21097205525392,10
"188",-5.32704197069301,-5.21097205525392,10
"189",-4.76269726745065,-5.21097205525392,10
"190",-4.1983525642083,-5.21097205525392,10
"191",-3.63400786096594,-5.21097205525392,10
"192",-3.06966315772359,-5.21097205525392,10
"193",-2.50531845448123,-5.21097205525392,10
"194",-1.94097375123888,-5.21097205525392,10
"195",-1.37662904799652,-5.21097205525392,10
"196",-0.812284344754163,-5.21097205525392,10
"197",-0.247939641511808,-5.21097205525392,10
"198",0.316405061730547,-5.21097205525392,10
"199",0.880749764972904,-5.21097205525392,10
"200",1.44509446821526,-5.21097205525392,10
"201",-9.2774548933895,-2.35382919811106,11
"202",-8.71311019014714,-2.35382919811106,11
"203",-8.14876548690479,-2.35382919811106,11
"204",-7.58442078366243,-2.35382919811106,11
"205",-7.02007608042008,-5.21097205525392,11
"206",-6.45573137717772,-5.21097205525392,11
"207",-5.89138667393537,-5.21097205525392,11
"208",-5.32704197069301,-5.21097205525392,11
"209",-4.76269726745065,-5.21097205525392,11
"210",-4.1983525642083,-5.21097205525392,11
"211",-3.63400786096594,-5.21097205525392,11
"212",-3.06966315772359,-5.21097205525392,11
"213",-2.50531845448123,-5.21097205525392,11
"214",-1.94097375123888,-5.21097205525392,11
"215",-1.37662904799652,-5.21097205525392,11
"216",-0.812284344754163,-5.21097205525392,11
"217",-0.247939641511808,-5.21097205525392,11
"218",0.316405061730547,-5.21097205525392,11
"219",0.880749764972904,-5.21097205525392,11
"220",1.44509446821526,-5.21097205525392,11
"221",-9.2774548933895,-2.35382919811106,12
"222",-8.71311019014714,-2.35382919811106,12
"223",-8.14876548690479,-2.35382919811106,12
"224",-7.58442078366243,-2.35382919811106,12
"225",-7.02007608042008,-3.92525776953963,12
"226",-6.45573137717772,-5.21097205525392,12
"227",-5.89138667393537,-5.21097205525392,12
"228",-5.32704197069301,-5.21097205525392,12
"229",-4.76269726745065,-5.21097205525392,12
"230",-4.1983525642083,-5.21097205525392,12
"231",-3.63400786096594,-5.21097205525392,12
"232",-3.06966315772359,-5.21097205525392,12
"233",-2.50531845448123,-5.21097205525392,12
"234",-1.94097375123888,-5.21097205525392,12
"235",-1.37662904799652,-5.21097205525392,12
"236",-0.812284344754163,-5.21097205525392,12
"237",-0.247939641511808,-5.21097205525392,12
"238",0.316405061730547,-5.21097205525392,12
"239",0.880749764972904,-5.21097205525392,12
"240",1.44509446821526,-5.21097205525392,12
"241",-9.2774548933895,-2.35382919811106,13
"242",-8.71311019014714,-2.35382919811106,13
"243",-8.14876548690479,-2.35382919811106,13
"244",-7.58442078366243,-2.35382919811106,13
"245",-7.02007608042008,-3.63954348382535,13
"246",-6.45573137717772,-4.35382919811106,13
"247",-5.89138667393537,-4.92525776953963,13
"248",-5.32704197069301,-5.21097205525392,13
"249",-4.76269726745065,-5.21097205525392,13
"250",-4.1983525642083,-5.21097205525392,13
"251",-3.63400786096594,-5.21097205525392,13
"252",-3.06966315772359,-5.21097205525392,13
"253",-2.50531845448123,-5.21097205525392,13
"254",-1.94097375123888,-5.21097205525392,13
"255",-1.37662904799652,-5.21097205525392,13
"256",-0.812284344754163,-5.21097205525392,13
"257",-0.247939641511808,-5.21097205525392,13
"258",0.316405061730547,-5.21097205525392,13
"259",0.880749764972904,-5.21097205525392,13
"260",1.44509446821526,-5.21097205525392,13
"261",-9.2774548933895,-2.35382919811106,14
"262",-8.71311019014714,-2.35382919811106,14
"263",-8.14876548690479,-2.35382919811106,14
"264",-7.58442078366243,-2.63954348382535,14
"265",-7.02007608042008,-3.49668634096821,14
"266",-6.45573137717772,-4.06811491239678,14
"267",-5.89138667393537,-4.49668634096821,14
"268",-5.32704197069301,-5.06811491239678,14
"269",-4.76269726745065,-5.21097205525392,14
"270",-4.1983525642083,-5.21097205525392,14
"271",-3.63400786096594,-5.21097205525392,14
"272",-3.06966315772359,-5.21097205525392,14
"273",-2.50531845448123,-5.21097205525392,14
"274",-1.94097375123888,-5.21097205525392,14
"275",-1.37662904799652,-5.21097205525392,14
"276",-0.812284344754163,-5.21097205525392,14
"277",-0.247939641511808,-5.21097205525392,14
"278",0.316405061730547,-5.21097205525392,14
"279",0.880749764972904,-5.21097205525392,14
"280",1.44509446821526,-5.21097205525392,14
"281",-9.2774548933895,-2.35382919811106,15
"282",-8.71311019014714,-2.35382919811106,15
"283",-8.14876548690479,-2.35382919811106,15
"284",-7.58442078366243,-2.49668634096821,15
"285",-7.02007608042008,-5.21097205525392,15
"286",-6.45573137717772,-5.21097205525392,15
"287",-5.89138667393537,-5.21097205525392,15
"288",-5.32704197069301,-5.21097205525392,15
"289",-4.76269726745065,-5.21097205525392,15
"290",-4.1983525642083,-5.21097205525392,15
"291",-3.63400786096594,-5.21097205525392,15
"292",-3.06966315772359,-5.21097205525392,15
"293",-2.50531845448123,-5.21097205525392,15
"294",-1.94097375123888,-5.21097205525392,15
"295",-1.37662904799652,-5.21097205525392,15
"296",-0.812284344754163,-5.21097205525392,15
"297",-0.247939641511808,-5.21097205525392,15
"298",0.316405061730547,-5.21097205525392,15
"299",0.880749764972904,-5.21097205525392,15
"300",1.44509446821526,-5.21097205525392,15
"301",-9.2774548933895,-2.35382919811106,16
"302",-8.71311019014714,-2.35382919811106,16
"303",-8.14876548690479,-2.35382919811106,16
"304",-7.58442078366243,-2.78240062668249,16
"305",-7.02007608042008,-3.35382919811106,16
"306",-6.45573137717772,-3.78240062668249,16
"307",-5.89138667393537,-3.92525776953963,16
"308",-5.32704197069301,-4.21097205525392,16
"309",-4.76269726745065,-4.21097205525392,16
"310",-4.1983525642083,-4.35382919811106,16
"311",-3.63400786096594,-4.49668634096821,16
"312",-3.06966315772359,-4.63954348382535,16
"313",-2.50531845448123,-4.78240062668249,16
"314",-1.94097375123888,-5.21097205525392,16
"315",-1.37662904799652,-5.21097205525392,16
"316",-0.812284344754163,-5.21097205525392,16
"317",-0.247939641511808,-5.21097205525392,16
"318",0.316405061730547,-5.21097205525392,16
"319",0.880749764972904,-5.21097205525392,16
"320",1.44509446821526,-5.21097205525392,16
"321",-9.2774548933895,-2.35382919811106,17
"322",-8.71311019014714,-2.35382919811106,17
"323",-8.14876548690479,-2.49668634096821,17
"324",-7.58442078366243,-2.92525776953963,17
"325",-7.02007608042008,-3.35382919811106,17
"326",-6.45573137717772,-3.63954348382535,17
"327",-5.89138667393537,-3.92525776953963,17
"328",-5.32704197069301,-4.21097205525392,17
"329",-4.76269726745065,-4.63954348382535,17
"330",-4.1983525642083,-5.21097205525392,17
"331",-3.63400786096594,-5.21097205525392,17
"332",-3.06966315772359,-5.21097205525392,17
"333",-2.50531845448123,-5.21097205525392,17
"334",-1.94097375123888,-5.21097205525392,17
"335",-1.37662904799652,-5.21097205525392,17
"336",-0.812284344754163,-5.21097205525392,17
"337",-0.247939641511808,-5.21097205525392,17
"338",0.316405061730547,-5.21097205525392,17
"339",0.880749764972904,-5.21097205525392,17
"340",1.44509446821526,-5.21097205525392,17
"341",-9.2774548933895,-2.35382919811106,18
"342",-8.71311019014714,-2.35382919811106,18
"343",-8.14876548690479,-2.35382919811106,18
"344",-7.58442078366243,-2.78240062668249,18
"345",-7.02007608042008,-3.35382919811106,18
"346",-6.45573137717772,-3.63954348382535,18
"347",-5.89138667393537,-3.92525776953963,18
"348",-5.32704197069301,-4.49668634096821,18
"349",-4.76269726745065,-5.06811491239678,18
"350",-4.1983525642083,-5.21097205525392,18
"351",-3.63400786096594,-5.21097205525392,18
"352",-3.06966315772359,-5.21097205525392,18
"353",-2.50531845448123,-5.21097205525392,18
"354",-1.94097375123888,-5.21097205525392,18
"355",-1.37662904799652,-5.21097205525392,18
"356",-0.812284344754163,-5.21097205525392,18
"357",-0.247939641511808,-5.21097205525392,18
"358",0.316405061730547,-5.21097205525392,18
"359",0.880749764972904,-5.21097205525392,18
"360",1.44509446821526,-5.21097205525392,18
"361",-9.2774548933895,-2.35382919811106,19
"362",-8.71311019014714,-2.35382919811106,19
"363",-8.14876548690479,-2.35382919811106,19
"364",-7.58442078366243,-2.78240062668249,19
"365",-7.02007608042008,-3.35382919811106,19
"366",-6.45573137717772,-3.92525776953963,19
"367",-5.89138667393537,-4.49668634096821,19
"368",-5.32704197069301,-5.06811491239678,19
"369",-4.76269726745065,-5.21097205525392,19
"370",-4.1983525642083,-5.21097205525392,19
"371",-3.63400786096594,-5.21097205525392,19
"372",-3.06966315772359,-5.21097205525392,19
"373",-2.50531845448123,-5.21097205525392,19
"374",-1.94097375123888,-5.21097205525392,19
"375",-1.37662904799652,-5.21097205525392,19
"376",-0.812284344754163,-5.21097205525392,19
"377",-0.247939641511808,-5.21097205525392,19
"378",0.316405061730547,-5.21097205525392,19
"379",0.880749764972904,-5.21097205525392,19
"380",1.44509446821526,-5.21097205525392,19
"381",-9.2774548933895,-2.35382919811106,20
"382",-8.71311019014714,-2.35382919811106,20
"383",-8.14876548690479,-2.35382919811106,20
"384",-7.58442078366243,-2.49668634096821,20
"385",-7.02007608042008,-3.63954348382535,20
"386",-6.45573137717772,-4.49668634096821,20
"387",-5.89138667393537,-5.21097205525392,20
"388",-5.32704197069301,-5.21097205525392,20
"389",-4.76269726745065,-5.21097205525392,20
"390",-4.1983525642083,-5.21097205525392,20
"391",-3.63400786096594,-5.21097205525392,20
"392",-3.06966315772359,-5.21097205525392,20
"393",-2.50531845448123,-5.21097205525392,20
"394",-1.94097375123888,-5.21097205525392,20
"395",-1.37662904799652,-5.21097205525392,20
"396",-0.812284344754163,-5.21097205525392,20
"397",-0.247939641511808,-5.21097205525392,20
"398",0.316405061730547,-5.21097205525392,20
"399",0.880749764972904,-5.21097205525392,20
"400",1.44509446821526,-5.21097205525392,20
"401",-9.2774548933895,-2.35382919811106,21
"402",-8.71311019014714,-2.35382919811106,21
"403",-8.14876548690479,-2.35382919811106,21
"404",-7.58442078366243,-2.35382919811106,21
"405",-7.02007608042008,-3.78240062668249,21
"406",-6.45573137717772,-4.78240062668249,21
"407",-5.89138667393537,-5.21097205525392,21
"408",-5.32704197069301,-5.21097205525392,21
"409",-4.76269726745065,-5.21097205525392,21
"410",-4.1983525642083,-5.21097205525392,21
"411",-3.63400786096594,-5.21097205525392,21
"412",-3.06966315772359,-5.21097205525392,21
"413",-2.50531845448123,-5.21097205525392,21
"414",-1.94097375123888,-5.21097205525392,21
"415",-1.37662904799652,-5.21097205525392,21
"416",-0.812284344754163,-5.21097205525392,21
"417",-0.247939641511808,-5.21097205525392,21
"418",0.316405061730547,-5.21097205525392,21
"419",0.880749764972904,-5.21097205525392,21
"420",1.44509446821526,-5.21097205525392,21
"421",-9.2774548933895,-2.35382919811106,22
"422",-8.71311019014714,-2.35382919811106,22
"423",-8.14876548690479,-2.35382919811106,22
"424",-7.58442078366243,-2.35382919811106,22
"425",-7.02007608042008,-3.78240062668249,22
"426",-6.45573137717772,-5.21097205525392,22
"427",-5.89138667393537,-5.21097205525392,22
"428",-5.32704197069301,-5.21097205525392,22
"429",-4.76269726745065,-5.21097205525392,22
"430",-4.1983525642083,-5.21097205525392,22
"431",-3.63400786096594,-5.21097205525392,22
"432",-3.06966315772359,-5.21097205525392,22
"433",-2.50531845448123,-5.21097205525392,22
"434",-1.94097375123888,-5.21097205525392,22
"435",-1.37662904799652,-5.21097205525392,22
"436",-0.812284344754163,-5.21097205525392,22
"437",-0.247939641511808,-5.21097205525392,22
"438",0.316405061730547,-5.21097205525392,22
"439",0.880749764972904,-5.21097205525392,22
"440",1.44509446821526,-5.21097205525392,22
"441",-9.2774548933895,-2.35382919811106,23
"442",-8.71311019014714,-2.35382919811106,23
"443",-8.14876548690479,-2.35382919811106,23
"444",-7.58442078366243,-2.35382919811106,23
"445",-7.02007608042008,-4.06811491239678,23
"446",-6.45573137717772,-5.21097205525392,23
"447",-5.89138667393537,-5.21097205525392,23
"448",-5.32704197069301,-5.21097205525392,23
"449",-4.76269726745065,-5.21097205525392,23
"450",-4.1983525642083,-5.21097205525392,23
"451",-3.63400786096594,-5.21097205525392,23
"452",-3.06966315772359,-5.21097205525392,23
"453",-2.50531845448123,-5.21097205525392,23
"454",-1.94097375123888,-5.21097205525392,23
"455",-1.37662904799652,-5.21097205525392,23
"456",-0.812284344754163,-5.21097205525392,23
"457",-0.247939641511808,-5.21097205525392,23
"458",0.316405061730547,-5.21097205525392,23
"459",0.880749764972904,-5.21097205525392,23
"460",1.44509446821526,-5.21097205525392,23
"461",-9.2774548933895,-2.35382919811106,24
"462",-8.71311019014714,-2.35382919811106,24
"463",-8.14876548690479,-2.35382919811106,24
"464",-7.58442078366243,-2.35382919811106,24
"465",-7.02007608042008,-3.78240062668249,24
"466",-6.45573137717772,-4.63954348382535,24
"467",-5.89138667393537,-5.21097205525392,24
"468",-5.32704197069301,-5.21097205525392,24
"469",-4.76269726745065,-5.21097205525392,24
"470",-4.1983525642083,-5.21097205525392,24
"471",-3.63400786096594,-5.21097205525392,24
"472",-3.06966315772359,-5.21097205525392,24
"473",-2.50531845448123,-5.21097205525392,24
"474",-1.94097375123888,-5.21097205525392,24
"475",-1.37662904799652,-5.21097205525392,24
"476",-0.812284344754163,-5.21097205525392,24
"477",-0.247939641511808,-5.21097205525392,24
"478",0.316405061730547,-5.21097205525392,24
"479",0.880749764972904,-5.21097205525392,24
"480",1.44509446821526,-5.21097205525392,24
"481",-9.2774548933895,-2.35382919811106,25
"482",-8.71311019014714,-2.35382919811106,25
"483",-8.14876548690479,-2.49668634096821,25
"484",-7.58442078366243,-2.92525776953963,25
"485",-7.02007608042008,-3.35382919811106,25
"486",-6.45573137717772,-3.63954348382535,25
"487",-5.89138667393537,-3.92525776953963,25
"488",-5.32704197069301,-4.06811491239678,25
"489",-4.76269726745065,-4.35382919811106,25
"490",-4.1983525642083,-4.49668634096821,25
"491",-3.63400786096594,-4.63954348382535,25
"492",-3.06966315772359,-5.06811491239678,25
"493",-2.50531845448123,-5.21097205525392,25
"494",-1.94097375123888,-5.21097205525392,25
"495",-1.37662904799652,-5.21097205525392,25
"496",-0.812284344754163,-5.21097205525392,25
"497",-0.247939641511808,-5.21097205525392,25
"498",0.316405061730547,-5.21097205525392,25
"499",0.880749764972904,-5.21097205525392,25
"500",1.44509446821526,-5.21097205525392,25
"501",-9.2774548933895,-2.35382919811106,26
"502",-8.71311019014714,-2.35382919811106,26
"503",-8.14876548690479,-2.35382919811106,26
"504",-7.58442078366243,-2.35382919811106,26
"505",-7.02007608042008,-3.78240062668249,26
"506",-6.45573137717772,-4.63954348382535,26
"507",-5.89138667393537,-5.06811491239678,26
"508",-5.32704197069301,-5.21097205525392,26
"509",-4.76269726745065,-5.21097205525392,26
"510",-4.1983525642083,-5.21097205525392,26
"511",-3.63400786096594,-5.21097205525392,26
"512",-3.06966315772359,-5.21097205525392,26
"513",-2.50531845448123,-5.21097205525392,26
"514",-1.94097375123888,-5.21097205525392,26
"515",-1.37662904799652,-5.21097205525392,26
"516",-0.812284344754163,-5.21097205525392,26
"517",-0.247939641511808,-5.21097205525392,26
"518",0.316405061730547,-5.21097205525392,26
"519",0.880749764972904,-5.21097205525392,26
"520",1.44509446821526,-5.21097205525392,26
"521",-9.2774548933895,-2.35382919811106,27
"522",-8.71311019014714,-2.35382919811106,27
"523",-8.14876548690479,-2.35382919811106,27
"524",-7.58442078366243,-2.35382919811106,27
"525",-7.02007608042008,-3.63954348382535,27
"526",-6.45573137717772,-3.92525776953963,27
"527",-5.89138667393537,-4.06811491239678,27
"528",-5.32704197069301,-4.06811491239678,27
"529",-4.76269726745065,-4.06811491239678,27
"530",-4.1983525642083,-4.06811491239678,27
"531",-3.63400786096594,-4.06811491239678,27
"532",-3.06966315772359,-4.06811491239678,27
"533",-2.50531845448123,-4.06811491239678,27
"534",-1.94097375123888,-4.35382919811106,27
"535",-1.37662904799652,-4.78240062668249,27
"536",-0.812284344754163,-5.21097205525392,27
"537",-0.247939641511808,-5.21097205525392,27
"538",0.316405061730547,-5.21097205525392,27
"539",0.880749764972904,-5.21097205525392,27
"540",1.44509446821526,-5.21097205525392,27
"541",-9.2774548933895,-2.35382919811106,28
"542",-8.71311019014714,-2.35382919811106,28
"543",-8.14876548690479,-2.49668634096821,28
"544",-7.58442078366243,-2.92525776953963,28
"545",-7.02007608042008,-3.35382919811106,28
"546",-6.45573137717772,-3.63954348382535,28
"547",-5.89138667393537,-4.06811491239678,28
"548",-5.32704197069301,-4.63954348382535,28
"549",-4.76269726745065,-5.06811491239678,28
"550",-4.1983525642083,-5.21097205525392,28
"551",-3.63400786096594,-5.21097205525392,28
"552",-3.06966315772359,-5.21097205525392,28
"553",-2.50531845448123,-5.21097205525392,28
"554",-1.94097375123888,-5.21097205525392,28
"555",-1.37662904799652,-5.21097205525392,28
"556",-0.812284344754163,-5.21097205525392,28
"557",-0.247939641511808,-5.21097205525392,28
"558",0.316405061730547,-5.21097205525392,28
"559",0.880749764972904,-5.21097205525392,28
"560",1.44509446821526,-5.21097205525392,28
"561",-9.2774548933895,-2.35382919811106,29
"562",-8.71311019014714,-2.35382919811106,29
"563",-8.14876548690479,-2.35382919811106,29
"564",-7.58442078366243,-2.35382919811106,29
"565",-7.02007608042008,-3.49668634096821,29
"566",-6.45573137717772,-3.78240062668249,29
"567",-5.89138667393537,-4.06811491239678,29
"568",-5.32704197069301,-4.06811491239678,29
"569",-4.76269726745065,-4.21097205525392,29
"570",-4.1983525642083,-4.21097205525392,29
"571",-3.63400786096594,-4.21097205525392,29
"572",-3.06966315772359,-4.21097205525392,29
"573",-2.50531845448123,-4.21097205525392,29
"574",-1.94097375123888,-4.78240062668249,29
"575",-1.37662904799652,-5.21097205525392,29
"576",-0.812284344754163,-5.21097205525392,29
"577",-0.247939641511808,-5.21097205525392,29
"578",0.316405061730547,-5.21097205525392,29
"579",0.880749764972904,-5.21097205525392,29
"580",1.44509446821526,-5.21097205525392,29
"581",-9.2774548933895,-2.35382919811106,30
"582",-8.71311019014714,-2.35382919811106,30
"583",-8.14876548690479,-2.35382919811106,30
"584",-7.58442078366243,-2.35382919811106,30
"585",-7.02007608042008,-5.21097205525392,30
"586",-6.45573137717772,-5.21097205525392,30
"587",-5.89138667393537,-5.21097205525392,30
"588",-5.32704197069301,-5.21097205525392,30
"589",-4.76269726745065,-5.21097205525392,30
"590",-4.1983525642083,-5.21097205525392,30
"591",-3.63400786096594,-5.21097205525392,30
"592",-3.06966315772359,-5.21097205525392,30
"593",-2.50531845448123,-5.21097205525392,30
"594",-1.94097375123888,-5.21097205525392,30
"595",-1.37662904799652,-5.21097205525392,30
"596",-0.812284344754163,-5.21097205525392,30
"597",-0.247939641511808,-5.21097205525392,30
"598",0.316405061730547,-5.21097205525392,30
"599",0.880749764972904,-5.21097205525392,30
"600",1.44509446821526,-5.21097205525392,30
"601",-9.2774548933895,-2.35382919811106,31
"602",-8.71311019014714,-2.35382919811106,31
"603",-8.14876548690479,-2.35382919811106,31
"604",-7.58442078366243,-2.35382919811106,31
"605",-7.02007608042008,-3.35382919811106,31
"606",-6.45573137717772,-3.63954348382535,31
"607",-5.89138667393537,-3.63954348382535,31
"608",-5.32704197069301,-3.63954348382535,31
"609",-4.76269726745065,-3.63954348382535,31
"610",-4.1983525642083,-3.63954348382535,31
"611",-3.63400786096594,-3.63954348382535,31
"612",-3.06966315772359,-3.63954348382535,31
"613",-2.50531845448123,-4.78240062668249,31
"614",-1.94097375123888,-5.21097205525392,31
"615",-1.37662904799652,-5.21097205525392,31
"616",-0.812284344754163,-5.21097205525392,31
"617",-0.247939641511808,-5.21097205525392,31
"618",0.316405061730547,-5.21097205525392,31
"619",0.880749764972904,-5.21097205525392,31
"620",1.44509446821526,-5.21097205525392,31
"621",-9.2774548933895,-2.35382919811106,32
"622",-8.71311019014714,-2.35382919811106,32
"623",-8.14876548690479,-2.35382919811106,32
"624",-7.58442078366243,-2.35382919811106,32
"625",-7.02007608042008,-3.92525776953963,32
"626",-6.45573137717772,-4.92525776953963,32
"627",-5.89138667393537,-5.21097205525392,32
"628",-5.32704197069301,-5.21097205525392,32
"629",-4.76269726745065,-5.21097205525392,32
"630",-4.1983525642083,-5.21097205525392,32
"631",-3.63400786096594,-5.21097205525392,32
"632",-3.06966315772359,-5.21097205525392,32
"633",-2.50531845448123,-5.21097205525392,32
"634",-1.94097375123888,-5.21097205525392,32
"635",-1.37662904799652,-5.21097205525392,32
"636",-0.812284344754163,-5.21097205525392,32
"637",-0.247939641511808,-5.21097205525392,32
"638",0.316405061730547,-5.21097205525392,32
"639",0.880749764972904,-5.21097205525392,32
"640",1.44509446821526,-5.21097205525392,32
"641",-9.2774548933895,-2.35382919811106,33
"642",-8.71311019014714,-2.35382919811106,33
"643",-8.14876548690479,-2.35382919811106,33
"644",-7.58442078366243,-2.35382919811106,33
"645",-7.02007608042008,-3.63954348382535,33
"646",-6.45573137717772,-4.49668634096821,33
"647",-5.89138667393537,-5.21097205525392,33
"648",-5.32704197069301,-5.21097205525392,33
"649",-4.76269726745065,-5.21097205525392,33
"650",-4.1983525642083,-5.21097205525392,33
"651",-3.63400786096594,-5.21097205525392,33
"652",-3.06966315772359,-5.21097205525392,33
"653",-2.50531845448123,-5.21097205525392,33
"654",-1.94097375123888,-5.21097205525392,33
"655",-1.37662904799652,-5.21097205525392,33
"656",-0.812284344754163,-5.21097205525392,33
"657",-0.247939641511808,-5.21097205525392,33
"658",0.316405061730547,-5.21097205525392,33
"659",0.880749764972904,-5.21097205525392,33
"660",1.44509446821526,-5.21097205525392,33
"661",-9.2774548933895,-2.35382919811106,34
"662",-8.71311019014714,-2.35382919811106,34
"663",-8.14876548690479,-2.35382919811106,34
"664",-7.58442078366243,-2.35382919811106,34
"665",-7.02007608042008,-4.35382919811106,34
"666",-6.45573137717772,-5.21097205525392,34
"667",-5.89138667393537,-5.21097205525392,34
"668",-5.32704197069301,-5.21097205525392,34
"669",-4.76269726745065,-5.21097205525392,34
"670",-4.1983525642083,-5.21097205525392,34
"671",-3.63400786096594,-5.21097205525392,34
"672",-3.06966315772359,-5.21097205525392,34
"673",-2.50531845448123,-5.21097205525392,34
"674",-1.94097375123888,-5.21097205525392,34
"675",-1.37662904799652,-5.21097205525392,34
"676",-0.812284344754163,-5.21097205525392,34
"677",-0.247939641511808,-5.21097205525392,34
"678",0.316405061730547,-5.21097205525392,34
"679",0.880749764972904,-5.21097205525392,34
"680",1.44509446821526,-5.21097205525392,34
"681",-9.2774548933895,-2.35382919811106,35
"682",-8.71311019014714,-2.35382919811106,35
"683",-8.14876548690479,-2.35382919811106,35
"684",-7.58442078366243,-2.35382919811106,35
"685",-7.02007608042008,-3.78240062668249,35
"686",-6.45573137717772,-4.92525776953963,35
"687",-5.89138667393537,-5.21097205525392,35
"688",-5.32704197069301,-5.21097205525392,35
"689",-4.76269726745065,-5.21097205525392,35
"690",-4.1983525642083,-5.21097205525392,35
"691",-3.63400786096594,-5.21097205525392,35
"692",-3.06966315772359,-5.21097205525392,35
"693",-2.50531845448123,-5.21097205525392,35
"694",-1.94097375123888,-5.21097205525392,35
"695",-1.37662904799652,-5.21097205525392,35
"696",-0.812284344754163,-5.21097205525392,35
"697",-0.247939641511808,-5.21097205525392,35
"698",0.316405061730547,-5.21097205525392,35
"699",0.880749764972904,-5.21097205525392,35
"700",1.44509446821526,-5.21097205525392,35
"701",-9.2774548933895,-2.35382919811106,36
"702",-8.71311019014714,-2.35382919811106,36
"703",-8.14876548690479,-2.35382919811106,36
"704",-7.58442078366243,-2.35382919811106,36
"705",-7.02007608042008,-3.78240062668249,36
"706",-6.45573137717772,-4.78240062668249,36
"707",-5.89138667393537,-5.21097205525392,36
"708",-5.32704197069301,-5.21097205525392,36
"709",-4.76269726745065,-5.21097205525392,36
"710",-4.1983525642083,-5.21097205525392,36
"711",-3.63400786096594,-5.21097205525392,36
"712",-3.06966315772359,-5.21097205525392,36
"713",-2.50531845448123,-5.21097205525392,36
"714",-1.94097375123888,-5.21097205525392,36
"715",-1.37662904799652,-5.21097205525392,36
"716",-0.812284344754163,-5.21097205525392,36
"717",-0.247939641511808,-5.21097205525392,36
"718",0.316405061730547,-5.21097205525392,36
"719",0.880749764972904,-5.21097205525392,36
"720",1.44509446821526,-5.21097205525392,36
"721",-9.2774548933895,-2.35382919811106,37
"722",-8.71311019014714,-2.35382919811106,37
"723",-8.14876548690479,-2.35382919811106,37
"724",-7.58442078366243,-2.35382919811106,37
"725",-7.02007608042008,-3.63954348382535,37
"726",-6.45573137717772,-4.49668634096821,37
"727",-5.89138667393537,-5.06811491239678,37
"728",-5.32704197069301,-5.21097205525392,37
"729",-4.76269726745065,-5.21097205525392,37
"730",-4.1983525642083,-5.21097205525392,37
"731",-3.63400786096594,-5.21097205525392,37
"732",-3.06966315772359,-5.21097205525392,37
"733",-2.50531845448123,-5.21097205525392,37
"734",-1.94097375123888,-5.21097205525392,37
"735",-1.37662904799652,-5.21097205525392,37
"736",-0.812284344754163,-5.21097205525392,37
"737",-0.247939641511808,-5.21097205525392,37
"738",0.316405061730547,-5.21097205525392,37
"739",0.880749764972904,-5.21097205525392,37
"740",1.44509446821526,-5.21097205525392,37
"741",-9.2774548933895,-2.35382919811106,38
"742",-8.71311019014714,-2.35382919811106,38
"743",-8.14876548690479,-2.35382919811106,38
"744",-7.58442078366243,-2.49668634096821,38
"745",-7.02007608042008,-3.63954348382535,38
"746",-6.45573137717772,-4.35382919811106,38
"747",-5.89138667393537,-5.06811491239678,38
"748",-5.32704197069301,-5.21097205525392,38
"749",-4.76269726745065,-5.21097205525392,38
"750",-4.1983525642083,-5.21097205525392,38
"751",-3.63400786096594,-5.21097205525392,38
"752",-3.06966315772359,-5.21097205525392,38
"753",-2.50531845448123,-5.21097205525392,38
"754",-1.94097375123888,-5.21097205525392,38
"755",-1.37662904799652,-5.21097205525392,38
"756",-0.812284344754163,-5.21097205525392,38
"757",-0.247939641511808,-5.21097205525392,38
"758",0.316405061730547,-5.21097205525392,38
"759",0.880749764972904,-5.21097205525392,38
"760",1.44509446821526,-5.21097205525392,38
"761",-9.2774548933895,-2.35382919811106,39
"762",-8.71311019014714,-2.35382919811106,39
"763",-8.14876548690479,-2.35382919811106,39
"764",-7.58442078366243,-2.35382919811106,39
"765",-7.02007608042008,-3.78240062668249,39
"766",-6.45573137717772,-4.78240062668249,39
"767",-5.89138667393537,-5.21097205525392,39
"768",-5.32704197069301,-5.21097205525392,39
"769",-4.76269726745065,-5.21097205525392,39
"770",-4.1983525642083,-5.21097205525392,39
"771",-3.63400786096594,-5.21097205525392,39
"772",-3.06966315772359,-5.21097205525392,39
"773",-2.50531845448123,-5.21097205525392,39
"774",-1.94097375123888,-5.21097205525392,39
"775",-1.37662904799652,-5.21097205525392,39
"776",-0.812284344754163,-5.21097205525392,39
"777",-0.247939641511808,-5.21097205525392,39
"778",0.316405061730547,-5.21097205525392,39
"779",0.880749764972904,-5.21097205525392,39
"780",1.44509446821526,-5.21097205525392,39
"781",-9.2774548933895,-2.35382919811106,40
"782",-8.71311019014714,-2.35382919811106,40
"783",-8.14876548690479,-2.35382919811106,40
"784",-7.58442078366243,-2.35382919811106,40
"785",-7.02007608042008,-5.06811491239678,40
"786",-6.45573137717772,-5.21097205525392,40
"787",-5.89138667393537,-5.21097205525392,40
"788",-5.32704197069301,-5.21097205525392,40
"789",-4.76269726745065,-5.21097205525392,40
"790",-4.1983525642083,-5.21097205525392,40
"791",-3.63400786096594,-5.21097205525392,40
"792",-3.06966315772359,-5.21097205525392,40
"793",-2.50531845448123,-5.21097205525392,40
"794",-1.94097375123888,-5.21097205525392,40
"795",-1.37662904799652,-5.21097205525392,40
"796",-0.812284344754163,-5.21097205525392,40
"797",-0.247939641511808,-5.21097205525392,40
"798",0.316405061730547,-5.21097205525392,40
"799",0.880749764972904,-5.21097205525392,40
"800",1.44509446821526,-5.21097205525392,40
"801",-9.2774548933895,-2.35382919811106,41
"802",-8.71311019014714,-2.35382919811106,41
"803",-8.14876548690479,-2.35382919811106,41
"804",-7.58442078366243,-2.78240062668249,41
"805",-7.02007608042008,-3.49668634096821,41
"806",-6.45573137717772,-4.06811491239678,41
"807",-5.89138667393537,-4.49668634096821,41
"808",-5.32704197069301,-5.06811491239678,41
"809",-4.76269726745065,-5.21097205525392,41
"810",-4.1983525642083,-5.21097205525392,41
"811",-3.63400786096594,-5.21097205525392,41
"812",-3.06966315772359,-5.21097205525392,41
"813",-2.50531845448123,-5.21097205525392,41
"814",-1.94097375123888,-5.21097205525392,41
"815",-1.37662904799652,-5.21097205525392,41
"816",-0.812284344754163,-5.21097205525392,41
"817",-0.247939641511808,-5.21097205525392,41
"818",0.316405061730547,-5.21097205525392,41
"819",0.880749764972904,-5.21097205525392,41
"820",1.44509446821526,-5.21097205525392,41
"821",-9.2774548933895,-2.35382919811106,42
"822",-8.71311019014714,-2.35382919811106,42
"823",-8.14876548690479,-2.35382919811106,42
"824",-7.58442078366243,-2.49668634096821,42
"825",-7.02007608042008,-3.49668634096821,42
"826",-6.45573137717772,-4.21097205525392,42
"827",-5.89138667393537,-4.78240062668249,42
"828",-5.32704197069301,-5.21097205525392,42
"829",-4.76269726745065,-5.21097205525392,42
"830",-4.1983525642083,-5.21097205525392,42
"831",-3.63400786096594,-5.21097205525392,42
"832",-3.06966315772359,-5.21097205525392,42
"833",-2.50531845448123,-5.21097205525392,42
"834",-1.94097375123888,-5.21097205525392,42
"835",-1.37662904799652,-5.21097205525392,42
"836",-0.812284344754163,-5.21097205525392,42
"837",-0.247939641511808,-5.21097205525392,42
"838",0.316405061730547,-5.21097205525392,42
"839",0.880749764972904,-5.21097205525392,42
"840",1.44509446821526,-5.21097205525392,42
"841",-9.2774548933895,-2.35382919811106,43
"842",-8.71311019014714,-2.35382919811106,43
"843",-8.14876548690479,-2.35382919811106,43
"844",-7.58442078366243,-2.35382919811106,43
"845",-7.02007608042008,-3.63954348382535,43
"846",-6.45573137717772,-4.35382919811106,43
"847",-5.89138667393537,-4.92525776953963,43
"848",-5.32704197069301,-5.21097205525392,43
"849",-4.76269726745065,-5.21097205525392,43
"850",-4.1983525642083,-5.21097205525392,43
"851",-3.63400786096594,-5.21097205525392,43
"852",-3.06966315772359,-5.21097205525392,43
"853",-2.50531845448123,-5.21097205525392,43
"854",-1.94097375123888,-5.21097205525392,43
"855",-1.37662904799652,-5.21097205525392,43
"856",-0.812284344754163,-5.21097205525392,43
"857",-0.247939641511808,-5.21097205525392,43
"858",0.316405061730547,-5.21097205525392,43
"859",0.880749764972904,-5.21097205525392,43
"860",1.44509446821526,-5.21097205525392,43
"861",-9.2774548933895,-2.35382919811106,44
"862",-8.71311019014714,-2.35382919811106,44
"863",-8.14876548690479,-2.35382919811106,44
"864",-7.58442078366243,-2.35382919811106,44
"865",-7.02007608042008,-3.63954348382535,44
"866",-6.45573137717772,-4.63954348382535,44
"867",-5.89138667393537,-5.21097205525392,44
"868",-5.32704197069301,-5.21097205525392,44
"869",-4.76269726745065,-5.21097205525392,44
"870",-4.1983525642083,-5.21097205525392,44
"871",-3.63400786096594,-5.21097205525392,44
"872",-3.06966315772359,-5.21097205525392,44
"873",-2.50531845448123,-5.21097205525392,44
"874",-1.94097375123888,-5.21097205525392,44
"875",-1.37662904799652,-5.21097205525392,44
"876",-0.812284344754163,-5.21097205525392,44
"877",-0.247939641511808,-5.21097205525392,44
"878",0.316405061730547,-5.21097205525392,44
"879",0.880749764972904,-5.21097205525392,44
"880",1.44509446821526,-5.21097205525392,44
"881",-9.2774548933895,-2.35382919811106,45
"882",-8.71311019014714,-2.35382919811106,45
"883",-8.14876548690479,-2.35382919811106,45
"884",-7.58442078366243,-2.35382919811106,45
"885",-7.02007608042008,-3.78240062668249,45
"886",-6.45573137717772,-4.92525776953963,45
"887",-5.89138667393537,-5.21097205525392,45
"888",-5.32704197069301,-5.21097205525392,45
"889",-4.76269726745065,-5.21097205525392,45
"890",-4.1983525642083,-5.21097205525392,45
"891",-3.63400786096594,-5.21097205525392,45
"892",-3.06966315772359,-5.21097205525392,45
"893",-2.50531845448123,-5.21097205525392,45
"894",-1.94097375123888,-5.21097205525392,45
"895",-1.37662904799652,-5.21097205525392,45
"896",-0.812284344754163,-5.21097205525392,45
"897",-0.247939641511808,-5.21097205525392,45
"898",0.316405061730547,-5.21097205525392,45
"899",0.880749764972904,-5.21097205525392,45
"900",1.44509446821526,-5.21097205525392,45
"901",-9.2774548933895,-2.35382919811106,46
"902",-8.71311019014714,-2.35382919811106,46
"903",-8.14876548690479,-2.35382919811106,46
"904",-7.58442078366243,-2.35382919811106,46
"905",-7.02007608042008,-4.21097205525392,46
"906",-6.45573137717772,-5.21097205525392,46
"907",-5.89138667393537,-5.21097205525392,46
"908",-5.32704197069301,-5.21097205525392,46
"909",-4.76269726745065,-5.21097205525392,46
"910",-4.1983525642083,-5.21097205525392,46
"911",-3.63400786096594,-5.21097205525392,46
"912",-3.06966315772359,-5.21097205525392,46
"913",-2.50531845448123,-5.21097205525392,46
"914",-1.94097375123888,-5.21097205525392,46
"915",-1.37662904799652,-5.21097205525392,46
"916",-0.812284344754163,-5.21097205525392,46
"917",-0.247939641511808,-5.21097205525392,46
"918",0.316405061730547,-5.21097205525392,46
"919",0.880749764972904,-5.21097205525392,46
"920",1.44509446821526,-5.21097205525392,46
"921",-9.2774548933895,-2.35382919811106,47
"922",-8.71311019014714,-2.35382919811106,47
"923",-8.14876548690479,-2.35382919811106,47
"924",-7.58442078366243,-2.35382919811106,47
"925",-7.02007608042008,-4.35382919811106,47
"926",-6.45573137717772,-5.21097205525392,47
"927",-5.89138667393537,-5.21097205525392,47
"928",-5.32704197069301,-5.21097205525392,47
"929",-4.76269726745065,-5.21097205525392,47
"930",-4.1983525642083,-5.21097205525392,47
"931",-3.63400786096594,-5.21097205525392,47
"932",-3.06966315772359,-5.21097205525392,47
"933",-2.50531845448123,-5.21097205525392,47
"934",-1.94097375123888,-5.21097205525392,47
"935",-1.37662904799652,-5.21097205525392,47
"936",-0.812284344754163,-5.21097205525392,47
"937",-0.247939641511808,-5.21097205525392,47
"938",0.316405061730547,-5.21097205525392,47
"939",0.880749764972904,-5.21097205525392,47
"940",1.44509446821526,-5.21097205525392,47
"941",-9.2774548933895,-2.35382919811106,48
"942",-8.71311019014714,-2.35382919811106,48
"943",-8.14876548690479,-2.35382919811106,48
"944",-7.58442078366243,-2.78240062668249,48
"945",-7.02007608042008,-3.35382919811106,48
"946",-6.45573137717772,-3.92525776953963,48
"947",-5.89138667393537,-4.35382919811106,48
"948",-5.32704197069301,-4.78240062668249,48
"949",-4.76269726745065,-5.21097205525392,48
"950",-4.1983525642083,-5.21097205525392,48
"951",-3.63400786096594,-5.21097205525392,48
"952",-3.06966315772359,-5.21097205525392,48
"953",-2.50531845448123,-5.21097205525392,48
"954",-1.94097375123888,-5.21097205525392,48
"955",-1.37662904799652,-5.21097205525392,48
"956",-0.812284344754163,-5.21097205525392,48
"957",-0.247939641511808,-5.21097205525392,48
"958",0.316405061730547,-5.21097205525392,48
"959",0.880749764972904,-5.21097205525392,48
"960",1.44509446821526,-5.21097205525392,48
"961",-9.2774548933895,-2.35382919811106,49
"962",-8.71311019014714,-2.49668634096821,49
"963",-8.14876548690479,-2.92525776953963,49
"964",-7.58442078366243,-3.06811491239678,49
"965",-7.02007608042008,-3.21097205525392,49
"966",-6.45573137717772,-3.21097205525392,49
"967",-5.89138667393537,-3.78240062668249,49
"968",-5.32704197069301,-4.49668634096821,49
"969",-4.76269726745065,-5.06811491239678,49
"970",-4.1983525642083,-5.21097205525392,49
"971",-3.63400786096594,-5.21097205525392,49
"972",-3.06966315772359,-5.21097205525392,49
"973",-2.50531845448123,-5.21097205525392,49
"974",-1.94097375123888,-5.21097205525392,49
"975",-1.37662904799652,-5.21097205525392,49
"976",-0.812284344754163,-5.21097205525392,49
"977",-0.247939641511808,-5.21097205525392,49
"978",0.316405061730547,-5.21097205525392,49
"979",0.880749764972904,-5.21097205525392,49
"980",1.44509446821526,-5.21097205525392,49
"981",-9.2774548933895,-2.35382919811106,50
"982",-8.71311019014714,-2.35382919811106,50
"983",-8.14876548690479,-2.35382919811106,50
"984",-7.58442078366243,-2.35382919811106,50
"985",-7.02007608042008,-3.78240062668249,50
"986",-6.45573137717772,-4.78240062668249,50
"987",-5.89138667393537,-5.21097205525392,50
"988",-5.32704197069301,-5.21097205525392,50
"989",-4.76269726745065,-5.21097205525392,50
"990",-4.1983525642083,-5.21097205525392,50
"991",-3.63400786096594,-5.21097205525392,50
"992",-3.06966315772359,-5.21097205525392,50
"993",-2.50531845448123,-5.21097205525392,50
"994",-1.94097375123888,-5.21097205525392,50
"995",-1.37662904799652,-5.21097205525392,50
"996",-0.812284344754163,-5.21097205525392,50
"997",-0.247939641511808,-5.21097205525392,50
"998",0.316405061730547,-5.21097205525392,50
"999",0.880749764972904,-5.21097205525392,50
"1000",1.44509446821526,-5.21097205525392,50
"1001",-9.2774548933895,-2.35382919811106,51
"1002",-8.71311019014714,-2.35382919811106,51
"1003",-8.14876548690479,-2.35382919811106,51
"1004",-7.58442078366243,-2.78240062668249,51
"1005",-7.02007608042008,-3.35382919811106,51
"1006",-6.45573137717772,-3.63954348382535,51
"1007",-5.89138667393537,-3.92525776953963,51
"1008",-5.32704197069301,-5.21097205525392,51
"1009",-4.76269726745065,-5.21097205525392,51
"1010",-4.1983525642083,-5.21097205525392,51
"1011",-3.63400786096594,-5.21097205525392,51
"1012",-3.06966315772359,-5.21097205525392,51
"1013",-2.50531845448123,-5.21097205525392,51
"1014",-1.94097375123888,-5.21097205525392,51
"1015",-1.37662904799652,-5.21097205525392,51
"1016",-0.812284344754163,-5.21097205525392,51
"1017",-0.247939641511808,-5.21097205525392,51
"1018",0.316405061730547,-5.21097205525392,51
"1019",0.880749764972904,-5.21097205525392,51
"1020",1.44509446821526,-5.21097205525392,51
"1021",-9.2774548933895,-2.35382919811106,52
"1022",-8.71311019014714,-2.35382919811106,52
"1023",-8.14876548690479,-2.49668634096821,52
"1024",-7.58442078366243,-2.78240062668249,52
"1025",-7.02007608042008,-3.49668634096821,52
"1026",-6.45573137717772,-4.06811491239678,52
"1027",-5.89138667393537,-4.63954348382535,52
"1028",-5.32704197069301,-5.06811491239678,52
"1029",-4.76269726745065,-5.21097205525392,52
"1030",-4.1983525642083,-5.21097205525392,52
"1031",-3.63400786096594,-5.21097205525392,52
"1032",-3.06966315772359,-5.21097205525392,52
"1033",-2.50531845448123,-5.21097205525392,52
"1034",-1.94097375123888,-5.21097205525392,52
"1035",-1.37662904799652,-5.21097205525392,52
"1036",-0.812284344754163,-5.21097205525392,52
"1037",-0.247939641511808,-5.21097205525392,52
"1038",0.316405061730547,-5.21097205525392,52
"1039",0.880749764972904,-5.21097205525392,52
"1040",1.44509446821526,-5.21097205525392,52
"1041",-9.2774548933895,-2.35382919811106,53
"1042",-8.71311019014714,-2.35382919811106,53
"1043",-8.14876548690479,-2.35382919811106,53
"1044",-7.58442078366243,-2.92525776953963,53
"1045",-7.02007608042008,-3.35382919811106,53
"1046",-6.45573137717772,-3.49668634096821,53
"1047",-5.89138667393537,-3.78240062668249,53
"1048",-5.32704197069301,-3.78240062668249,53
"1049",-4.76269726745065,-3.92525776953963,53
"1050",-4.1983525642083,-3.92525776953963,53
"1051",-3.63400786096594,-4.06811491239678,53
"1052",-3.06966315772359,-4.06811491239678,53
"1053",-2.50531845448123,-5.21097205525392,53
"1054",-1.94097375123888,-5.21097205525392,53
"1055",-1.37662904799652,-5.21097205525392,53
"1056",-0.812284344754163,-5.21097205525392,53
"1057",-0.247939641511808,-5.21097205525392,53
"1058",0.316405061730547,-5.21097205525392,53
"1059",0.880749764972904,-5.21097205525392,53
"1060",1.44509446821526,-5.21097205525392,53
"1061",-9.2774548933895,-2.35382919811106,54
"1062",-8.71311019014714,-2.35382919811106,54
"1063",-8.14876548690479,-2.49668634096821,54
"1064",-7.58442078366243,-2.92525776953963,54
"1065",-7.02007608042008,-3.21097205525392,54
"1066",-6.45573137717772,-3.35382919811106,54
"1067",-5.89138667393537,-3.49668634096821,54
"1068",-5.32704197069301,-3.63954348382535,54
"1069",-4.76269726745065,-3.63954348382535,54
"1070",-4.1983525642083,-3.63954348382535,54
"1071",-3.63400786096594,-3.78240062668249,54
"1072",-3.06966315772359,-3.92525776953963,54
"1073",-2.50531845448123,-4.63954348382535,54
"1074",-1.94097375123888,-5.21097205525392,54
"1075",-1.37662904799652,-5.21097205525392,54
"1076",-0.812284344754163,-5.21097205525392,54
"1077",-0.247939641511808,-5.21097205525392,54
"1078",0.316405061730547,-5.21097205525392,54
"1079",0.880749764972904,-5.21097205525392,54
"1080",1.44509446821526,-5.21097205525392,54
"1081",-9.2774548933895,-2.35382919811106,55
"1082",-8.71311019014714,-2.35382919811106,55
"1083",-8.14876548690479,-2.35382919811106,55
"1084",-7.58442078366243,-2.35382919811106,55
"1085",-7.02007608042008,-5.21097205525392,55
"1086",-6.45573137717772,-5.21097205525392,55
"1087",-5.89138667393537,-5.21097205525392,55
"1088",-5.32704197069301,-5.21097205525392,55
"1089",-4.76269726745065,-5.21097205525392,55
"1090",-4.1983525642083,-5.21097205525392,55
"1091",-3.63400786096594,-5.21097205525392,55
"1092",-3.06966315772359,-5.21097205525392,55
"1093",-2.50531845448123,-5.21097205525392,55
"1094",-1.94097375123888,-5.21097205525392,55
"1095",-1.37662904799652,-5.21097205525392,55
"1096",-0.812284344754163,-5.21097205525392,55
"1097",-0.247939641511808,-5.21097205525392,55
"1098",0.316405061730547,-5.21097205525392,55
"1099",0.880749764972904,-5.21097205525392,55
"1100",1.44509446821526,-5.21097205525392,55
"1101",-9.2774548933895,-2.35382919811106,56
"1102",-8.71311019014714,-2.35382919811106,56
"1103",-8.14876548690479,-2.35382919811106,56
"1104",-7.58442078366243,-2.92525776953963,56
"1105",-7.02007608042008,-3.21097205525392,56
"1106",-6.45573137717772,-3.35382919811106,56
"1107",-5.89138667393537,-3.49668634096821,56
"1108",-5.32704197069301,-3.78240062668249,56
"1109",-4.76269726745065,-5.21097205525392,56
"1110",-4.1983525642083,-5.21097205525392,56
"1111",-3.63400786096594,-5.21097205525392,56
"1112",-3.06966315772359,-5.21097205525392,56
"1113",-2.50531845448123,-5.21097205525392,56
"1114",-1.94097375123888,-5.21097205525392,56
"1115",-1.37662904799652,-5.21097205525392,56
"1116",-0.812284344754163,-5.21097205525392,56
"1117",-0.247939641511808,-5.21097205525392,56
"1118",0.316405061730547,-5.21097205525392,56
"1119",0.880749764972904,-5.21097205525392,56
"1120",1.44509446821526,-5.21097205525392,56
"1121",-9.2774548933895,-2.35382919811106,57
"1122",-8.71311019014714,-2.35382919811106,57
"1123",-8.14876548690479,-2.35382919811106,57
"1124",-7.58442078366243,-2.35382919811106,57
"1125",-7.02007608042008,-5.21097205525392,57
"1126",-6.45573137717772,-5.21097205525392,57
"1127",-5.89138667393537,-5.21097205525392,57
"1128",-5.32704197069301,-5.21097205525392,57
"1129",-4.76269726745065,-5.21097205525392,57
"1130",-4.1983525642083,-5.21097205525392,57
"1131",-3.63400786096594,-5.21097205525392,57
"1132",-3.06966315772359,-5.21097205525392,57
"1133",-2.50531845448123,-5.21097205525392,57
"1134",-1.94097375123888,-5.21097205525392,57
"1135",-1.37662904799652,-5.21097205525392,57
"1136",-0.812284344754163,-5.21097205525392,57
"1137",-0.247939641511808,-5.21097205525392,57
"1138",0.316405061730547,-5.21097205525392,57
"1139",0.880749764972904,-5.21097205525392,57
"1140",1.44509446821526,-5.21097205525392,57
"1141",-9.2774548933895,-2.35382919811106,58
"1142",-8.71311019014714,-2.35382919811106,58
"1143",-8.14876548690479,-2.35382919811106,58
"1144",-7.58442078366243,-2.49668634096821,58
"1145",-7.02007608042008,-3.63954348382535,58
"1146",-6.45573137717772,-4.63954348382535,58
"1147",-5.89138667393537,-5.21097205525392,58
"1148",-5.32704197069301,-5.21097205525392,58
"1149",-4.76269726745065,-5.21097205525392,58
"1150",-4.1983525642083,-5.21097205525392,58
"1151",-3.63400786096594,-5.21097205525392,58
"1152",-3.06966315772359,-5.21097205525392,58
"1153",-2.50531845448123,-5.21097205525392,58
"1154",-1.94097375123888,-5.21097205525392,58
"1155",-1.37662904799652,-5.21097205525392,58
"1156",-0.812284344754163,-5.21097205525392,58
"1157",-0.247939641511808,-5.21097205525392,58
"1158",0.316405061730547,-5.21097205525392,58
"1159",0.880749764972904,-5.21097205525392,58
"1160",1.44509446821526,-5.21097205525392,58
"1161",-9.2774548933895,-2.35382919811106,59
"1162",-8.71311019014714,-2.35382919811106,59
"1163",-8.14876548690479,-2.35382919811106,59
"1164",-7.58442078366243,-2.63954348382535,59
"1165",-7.02007608042008,-3.63954348382535,59
"1166",-6.45573137717772,-4.35382919811106,59
"1167",-5.89138667393537,-4.92525776953963,59
"1168",-5.32704197069301,-5.21097205525392,59
"1169",-4.76269726745065,-5.21097205525392,59
"1170",-4.1983525642083,-5.21097205525392,59
"1171",-3.63400786096594,-5.21097205525392,59
"1172",-3.06966315772359,-5.21097205525392,59
"1173",-2.50531845448123,-5.21097205525392,59
"1174",-1.94097375123888,-5.21097205525392,59
"1175",-1.37662904799652,-5.21097205525392,59
"1176",-0.812284344754163,-5.21097205525392,59
"1177",-0.247939641511808,-5.21097205525392,59
"1178",0.316405061730547,-5.21097205525392,59
"1179",0.880749764972904,-5.21097205525392,59
"1180",1.44509446821526,-5.21097205525392,59
"1181",-9.2774548933895,-2.35382919811106,60
"1182",-8.71311019014714,-2.35382919811106,60
"1183",-8.14876548690479,-2.35382919811106,60
"1184",-7.58442078366243,-2.78240062668249,60
"1185",-7.02007608042008,-3.35382919811106,60
"1186",-6.45573137717772,-3.78240062668249,60
"1187",-5.89138667393537,-4.06811491239678,60
"1188",-5.32704197069301,-4.35382919811106,60
"1189",-4.76269726745065,-4.49668634096821,60
"1190",-4.1983525642083,-5.21097205525392,60
"1191",-3.63400786096594,-5.21097205525392,60
"1192",-3.06966315772359,-5.21097205525392,60
"1193",-2.50531845448123,-5.21097205525392,60
"1194",-1.94097375123888,-5.21097205525392,60
"1195",-1.37662904799652,-5.21097205525392,60
"1196",-0.812284344754163,-5.21097205525392,60
"1197",-0.247939641511808,-5.21097205525392,60
"1198",0.316405061730547,-5.21097205525392,60
"1199",0.880749764972904,-5.21097205525392,60
"1200",1.44509446821526,-5.21097205525392,60
"1201",-9.2774548933895,-2.35382919811106,61
"1202",-8.71311019014714,-2.35382919811106,61
"1203",-8.14876548690479,-2.35382919811106,61
"1204",-7.58442078366243,-2.35382919811106,61
"1205",-7.02007608042008,-3.78240062668249,61
"1206",-6.45573137717772,-4.78240062668249,61
"1207",-5.89138667393537,-5.21097205525392,61
"1208",-5.32704197069301,-5.21097205525392,61
"1209",-4.76269726745065,-5.21097205525392,61
"1210",-4.1983525642083,-5.21097205525392,61
"1211",-3.63400786096594,-5.21097205525392,61
"1212",-3.06966315772359,-5.21097205525392,61
"1213",-2.50531845448123,-5.21097205525392,61
"1214",-1.94097375123888,-5.21097205525392,61
"1215",-1.37662904799652,-5.21097205525392,61
"1216",-0.812284344754163,-5.21097205525392,61
"1217",-0.247939641511808,-5.21097205525392,61
"1218",0.316405061730547,-5.21097205525392,61
"1219",0.880749764972904,-5.21097205525392,61
"1220",1.44509446821526,-5.21097205525392,61
"1221",-9.2774548933895,-2.35382919811106,62
"1222",-8.71311019014714,-2.35382919811106,62
"1223",-8.14876548690479,-2.35382919811106,62
"1224",-7.58442078366243,-2.35382919811106,62
"1225",-7.02007608042008,-4.78240062668249,62
"1226",-6.45573137717772,-5.21097205525392,62
"1227",-5.89138667393537,-5.21097205525392,62
"1228",-5.32704197069301,-5.21097205525392,62
"1229",-4.76269726745065,-5.21097205525392,62
"1230",-4.1983525642083,-5.21097205525392,62
"1231",-3.63400786096594,-5.21097205525392,62
"1232",-3.06966315772359,-5.21097205525392,62
"1233",-2.50531845448123,-5.21097205525392,62
"1234",-1.94097375123888,-5.21097205525392,62
"1235",-1.37662904799652,-5.21097205525392,62
"1236",-0.812284344754163,-5.21097205525392,62
"1237",-0.247939641511808,-5.21097205525392,62
"1238",0.316405061730547,-5.21097205525392,62
"1239",0.880749764972904,-5.21097205525392,62
"1240",1.44509446821526,-5.21097205525392,62
"1241",-9.2774548933895,-2.35382919811106,63
"1242",-8.71311019014714,-2.35382919811106,63
"1243",-8.14876548690479,-2.35382919811106,63
"1244",-7.58442078366243,-2.35382919811106,63
"1245",-7.02007608042008,-5.21097205525392,63
"1246",-6.45573137717772,-5.21097205525392,63
"1247",-5.89138667393537,-5.21097205525392,63
"1248",-5.32704197069301,-5.21097205525392,63
"1249",-4.76269726745065,-5.21097205525392,63
"1250",-4.1983525642083,-5.21097205525392,63
"1251",-3.63400786096594,-5.21097205525392,63
"1252",-3.06966315772359,-5.21097205525392,63
"1253",-2.50531845448123,-5.21097205525392,63
"1254",-1.94097375123888,-5.21097205525392,63
"1255",-1.37662904799652,-5.21097205525392,63
"1256",-0.812284344754163,-5.21097205525392,63
"1257",-0.247939641511808,-5.21097205525392,63
"1258",0.316405061730547,-5.21097205525392,63
"1259",0.880749764972904,-5.21097205525392,63
"1260",1.44509446821526,-5.21097205525392,63
"1261",-9.2774548933895,-2.35382919811106,64
"1262",-8.71311019014714,-2.35382919811106,64
"1263",-8.14876548690479,-2.35382919811106,64
"1264",-7.58442078366243,-2.35382919811106,64
"1265",-7.02007608042008,-5.21097205525392,64
"1266",-6.45573137717772,-5.21097205525392,64
"1267",-5.89138667393537,-5.21097205525392,64
"1268",-5.32704197069301,-5.21097205525392,64
"1269",-4.76269726745065,-5.21097205525392,64
"1270",-4.1983525642083,-5.21097205525392,64
"1271",-3.63400786096594,-5.21097205525392,64
"1272",-3.06966315772359,-5.21097205525392,64
"1273",-2.50531845448123,-5.21097205525392,64
"1274",-1.94097375123888,-5.21097205525392,64
"1275",-1.37662904799652,-5.21097205525392,64
"1276",-0.812284344754163,-5.21097205525392,64
"1277",-0.247939641511808,-5.21097205525392,64
"1278",0.316405061730547,-5.21097205525392,64
"1279",0.880749764972904,-5.21097205525392,64
"1280",1.44509446821526,-5.21097205525392,64
"1281",-9.2774548933895,-2.35382919811106,65
"1282",-8.71311019014714,-2.35382919811106,65
"1283",-8.14876548690479,-2.35382919811106,65
"1284",-7.58442078366243,-2.35382919811106,65
"1285",-7.02007608042008,-5.21097205525392,65
"1286",-6.45573137717772,-5.21097205525392,65
"1287",-5.89138667393537,-5.21097205525392,65
"1288",-5.32704197069301,-5.21097205525392,65
"1289",-4.76269726745065,-5.21097205525392,65
"1290",-4.1983525642083,-5.21097205525392,65
"1291",-3.63400786096594,-5.21097205525392,65
"1292",-3.06966315772359,-5.21097205525392,65
"1293",-2.50531845448123,-5.21097205525392,65
"1294",-1.94097375123888,-5.21097205525392,65
"1295",-1.37662904799652,-5.21097205525392,65
"1296",-0.812284344754163,-5.21097205525392,65
"1297",-0.247939641511808,-5.21097205525392,65
"1298",0.316405061730547,-5.21097205525392,65
"1299",0.880749764972904,-5.21097205525392,65
"1300",1.44509446821526,-5.21097205525392,65
"1301",-9.2774548933895,-2.35382919811106,66
"1302",-8.71311019014714,-2.35382919811106,66
"1303",-8.14876548690479,-2.35382919811106,66
"1304",-7.58442078366243,-2.78240062668249,66
"1305",-7.02007608042008,-3.35382919811106,66
"1306",-6.45573137717772,-3.92525776953963,66
"1307",-5.89138667393537,-4.35382919811106,66
"1308",-5.32704197069301,-4.63954348382535,66
"1309",-4.76269726745065,-5.06811491239678,66
"1310",-4.1983525642083,-5.21097205525392,66
"1311",-3.63400786096594,-5.21097205525392,66
"1312",-3.06966315772359,-5.21097205525392,66
"1313",-2.50531845448123,-5.21097205525392,66
"1314",-1.94097375123888,-5.21097205525392,66
"1315",-1.37662904799652,-5.21097205525392,66
"1316",-0.812284344754163,-5.21097205525392,66
"1317",-0.247939641511808,-5.21097205525392,66
"1318",0.316405061730547,-5.21097205525392,66
"1319",0.880749764972904,-5.21097205525392,66
"1320",1.44509446821526,-5.21097205525392,66
"1321",-9.2774548933895,-2.35382919811106,67
"1322",-8.71311019014714,-2.35382919811106,67
"1323",-8.14876548690479,-2.35382919811106,67
"1324",-7.58442078366243,-2.35382919811106,67
"1325",-7.02007608042008,-3.63954348382535,67
"1326",-6.45573137717772,-3.92525776953963,67
"1327",-5.89138667393537,-4.06811491239678,67
"1328",-5.32704197069301,-4.06811491239678,67
"1329",-4.76269726745065,-4.06811491239678,67
"1330",-4.1983525642083,-4.06811491239678,67
"1331",-3.63400786096594,-4.06811491239678,67
"1332",-3.06966315772359,-4.06811491239678,67
"1333",-2.50531845448123,-4.49668634096821,67
"1334",-1.94097375123888,-5.06811491239678,67
"1335",-1.37662904799652,-5.21097205525392,67
"1336",-0.812284344754163,-5.21097205525392,67
"1337",-0.247939641511808,-5.21097205525392,67
"1338",0.316405061730547,-5.21097205525392,67
"1339",0.880749764972904,-5.21097205525392,67
"1340",1.44509446821526,-5.21097205525392,67
"1341",-9.2774548933895,-2.35382919811106,68
"1342",-8.71311019014714,-2.35382919811106,68
"1343",-8.14876548690479,-2.49668634096821,68
"1344",-7.58442078366243,-2.92525776953963,68
"1345",-7.02007608042008,-3.35382919811106,68
"1346",-6.45573137717772,-3.63954348382535,68
"1347",-5.89138667393537,-3.92525776953963,68
"1348",-5.32704197069301,-4.21097205525392,68
"1349",-4.76269726745065,-4.49668634096821,68
"1350",-4.1983525642083,-4.63954348382535,68
"1351",-3.63400786096594,-4.92525776953963,68
"1352",-3.06966315772359,-5.21097205525392,68
"1353",-2.50531845448123,-5.21097205525392,68
"1354",-1.94097375123888,-5.21097205525392,68
"1355",-1.37662904799652,-5.21097205525392,68
"1356",-0.812284344754163,-5.21097205525392,68
"1357",-0.247939641511808,-5.21097205525392,68
"1358",0.316405061730547,-5.21097205525392,68
"1359",0.880749764972904,-5.21097205525392,68
"1360",1.44509446821526,-5.21097205525392,68
"1361",-9.2774548933895,-2.35382919811106,69
"1362",-8.71311019014714,-2.35382919811106,69
"1363",-8.14876548690479,-2.63954348382535,69
"1364",-7.58442078366243,-2.92525776953963,69
"1365",-7.02007608042008,-3.21097205525392,69
"1366",-6.45573137717772,-3.49668634096821,69
"1367",-5.89138667393537,-3.78240062668249,69
"1368",-5.32704197069301,-4.06811491239678,69
"1369",-4.76269726745065,-4.49668634096821,69
"1370",-4.1983525642083,-4.78240062668249,69
"1371",-3.63400786096594,-5.06811491239678,69
"1372",-3.06966315772359,-5.21097205525392,69
"1373",-2.50531845448123,-5.21097205525392,69
"1374",-1.94097375123888,-5.21097205525392,69
"1375",-1.37662904799652,-5.21097205525392,69
"1376",-0.812284344754163,-5.21097205525392,69
"1377",-0.247939641511808,-5.21097205525392,69
"1378",0.316405061730547,-5.21097205525392,69
"1379",0.880749764972904,-5.21097205525392,69
"1380",1.44509446821526,-5.21097205525392,69
"1381",-9.2774548933895,-2.35382919811106,70
"1382",-8.71311019014714,-2.35382919811106,70
"1383",-8.14876548690479,-2.35382919811106,70
"1384",-7.58442078366243,-2.35382919811106,70
"1385",-7.02007608042008,-3.78240062668249,70
"1386",-6.45573137717772,-4.35382919811106,70
"1387",-5.89138667393537,-4.78240062668249,70
"1388",-5.32704197069301,-5.06811491239678,70
"1389",-4.76269726745065,-5.21097205525392,70
"1390",-4.1983525642083,-5.21097205525392,70
"1391",-3.63400786096594,-5.21097205525392,70
"1392",-3.06966315772359,-5.21097205525392,70
"1393",-2.50531845448123,-5.21097205525392,70
"1394",-1.94097375123888,-5.21097205525392,70
"1395",-1.37662904799652,-5.21097205525392,70
"1396",-0.812284344754163,-5.21097205525392,70
"1397",-0.247939641511808,-5.21097205525392,70
"1398",0.316405061730547,-5.21097205525392,70
"1399",0.880749764972904,-5.21097205525392,70
"1400",1.44509446821526,-5.21097205525392,70
"1401",-9.2774548933895,-2.35382919811106,71
"1402",-8.71311019014714,-2.35382919811106,71
"1403",-8.14876548690479,-2.35382919811106,71
"1404",-7.58442078366243,-2.63954348382535,71
"1405",-7.02007608042008,-3.49668634096821,71
"1406",-6.45573137717772,-4.06811491239678,71
"1407",-5.89138667393537,-4.49668634096821,71
"1408",-5.32704197069301,-4.92525776953963,71
"1409",-4.76269726745065,-5.21097205525392,71
"1410",-4.1983525642083,-5.21097205525392,71
"1411",-3.63400786096594,-5.21097205525392,71
"1412",-3.06966315772359,-5.21097205525392,71
"1413",-2.50531845448123,-5.21097205525392,71
"1414",-1.94097375123888,-5.21097205525392,71
"1415",-1.37662904799652,-5.21097205525392,71
"1416",-0.812284344754163,-5.21097205525392,71
"1417",-0.247939641511808,-5.21097205525392,71
"1418",0.316405061730547,-5.21097205525392,71
"1419",0.880749764972904,-5.21097205525392,71
"1420",1.44509446821526,-5.21097205525392,71
"1421",-9.2774548933895,-2.35382919811106,72
"1422",-8.71311019014714,-2.35382919811106,72
"1423",-8.14876548690479,-2.35382919811106,72
"1424",-7.58442078366243,-2.49668634096821,72
"1425",-7.02007608042008,-3.63954348382535,72
"1426",-6.45573137717772,-4.49668634096821,72
"1427",-5.89138667393537,-5.06811491239678,72
"1428",-5.32704197069301,-5.21097205525392,72
"1429",-4.76269726745065,-5.21097205525392,72
"1430",-4.1983525642083,-5.21097205525392,72
"1431",-3.63400786096594,-5.21097205525392,72
"1432",-3.06966315772359,-5.21097205525392,72
"1433",-2.50531845448123,-5.21097205525392,72
"1434",-1.94097375123888,-5.21097205525392,72
"1435",-1.37662904799652,-5.21097205525392,72
"1436",-0.812284344754163,-5.21097205525392,72
"1437",-0.247939641511808,-5.21097205525392,72
"1438",0.316405061730547,-5.21097205525392,72
"1439",0.880749764972904,-5.21097205525392,72
"1440",1.44509446821526,-5.21097205525392,72
"1441",-9.2774548933895,-2.35382919811106,73
"1442",-8.71311019014714,-2.35382919811106,73
"1443",-8.14876548690479,-2.35382919811106,73
"1444",-7.58442078366243,-2.35382919811106,73
"1445",-7.02007608042008,-3.63954348382535,73
"1446",-6.45573137717772,-4.49668634096821,73
"1447",-5.89138667393537,-5.21097205525392,73
"1448",-5.32704197069301,-5.21097205525392,73
"1449",-4.76269726745065,-5.21097205525392,73
"1450",-4.1983525642083,-5.21097205525392,73
"1451",-3.63400786096594,-5.21097205525392,73
"1452",-3.06966315772359,-5.21097205525392,73
"1453",-2.50531845448123,-5.21097205525392,73
"1454",-1.94097375123888,-5.21097205525392,73
"1455",-1.37662904799652,-5.21097205525392,73
"1456",-0.812284344754163,-5.21097205525392,73
"1457",-0.247939641511808,-5.21097205525392,73
"1458",0.316405061730547,-5.21097205525392,73
"1459",0.880749764972904,-5.21097205525392,73
"1460",1.44509446821526,-5.21097205525392,73
"1461",-9.2774548933895,-2.35382919811106,74
"1462",-8.71311019014714,-2.35382919811106,74
"1463",-8.14876548690479,-2.35382919811106,74
"1464",-7.58442078366243,-2.49668634096821,74
"1465",-7.02007608042008,-3.63954348382535,74
"1466",-6.45573137717772,-4.35382919811106,74
"1467",-5.89138667393537,-5.06811491239678,74
"1468",-5.32704197069301,-5.21097205525392,74
"1469",-4.76269726745065,-5.21097205525392,74
"1470",-4.1983525642083,-5.21097205525392,74
"1471",-3.63400786096594,-5.21097205525392,74
"1472",-3.06966315772359,-5.21097205525392,74
"1473",-2.50531845448123,-5.21097205525392,74
"1474",-1.94097375123888,-5.21097205525392,74
"1475",-1.37662904799652,-5.21097205525392,74
"1476",-0.812284344754163,-5.21097205525392,74
"1477",-0.247939641511808,-5.21097205525392,74
"1478",0.316405061730547,-5.21097205525392,74
"1479",0.880749764972904,-5.21097205525392,74
"1480",1.44509446821526,-5.21097205525392,74
"1481",-9.2774548933895,-2.35382919811106,75
"1482",-8.71311019014714,-2.35382919811106,75
"1483",-8.14876548690479,-2.35382919811106,75
"1484",-7.58442078366243,-2.49668634096821,75
"1485",-7.02007608042008,-3.63954348382535,75
"1486",-6.45573137717772,-4.49668634096821,75
"1487",-5.89138667393537,-5.21097205525392,75
"1488",-5.32704197069301,-5.21097205525392,75
"1489",-4.76269726745065,-5.21097205525392,75
"1490",-4.1983525642083,-5.21097205525392,75
"1491",-3.63400786096594,-5.21097205525392,75
"1492",-3.06966315772359,-5.21097205525392,75
"1493",-2.50531845448123,-5.21097205525392,75
"1494",-1.94097375123888,-5.21097205525392,75
"1495",-1.37662904799652,-5.21097205525392,75
"1496",-0.812284344754163,-5.21097205525392,75
"1497",-0.247939641511808,-5.21097205525392,75
"1498",0.316405061730547,-5.21097205525392,75
"1499",0.880749764972904,-5.21097205525392,75
"1500",1.44509446821526,-5.21097205525392,75
"1501",-9.2774548933895,-2.35382919811106,76
"1502",-8.71311019014714,-2.35382919811106,76
"1503",-8.14876548690479,-2.35382919811106,76
"1504",-7.58442078366243,-2.35382919811106,76
"1505",-7.02007608042008,-3.63954348382535,76
"1506",-6.45573137717772,-4.49668634096821,76
"1507",-5.89138667393537,-5.06811491239678,76
"1508",-5.32704197069301,-5.21097205525392,76
"1509",-4.76269726745065,-5.21097205525392,76
"1510",-4.1983525642083,-5.21097205525392,76
"1511",-3.63400786096594,-5.21097205525392,76
"1512",-3.06966315772359,-5.21097205525392,76
"1513",-2.50531845448123,-5.21097205525392,76
"1514",-1.94097375123888,-5.21097205525392,76
"1515",-1.37662904799652,-5.21097205525392,76
"1516",-0.812284344754163,-5.21097205525392,76
"1517",-0.247939641511808,-5.21097205525392,76
"1518",0.316405061730547,-5.21097205525392,76
"1519",0.880749764972904,-5.21097205525392,76
"1520",1.44509446821526,-5.21097205525392,76
"1521",-9.2774548933895,-2.35382919811106,77
"1522",-8.71311019014714,-2.35382919811106,77
"1523",-8.14876548690479,-2.35382919811106,77
"1524",-7.58442078366243,-2.35382919811106,77
"1525",-7.02007608042008,-3.78240062668249,77
"1526",-6.45573137717772,-4.78240062668249,77
"1527",-5.89138667393537,-5.21097205525392,77
"1528",-5.32704197069301,-5.21097205525392,77
"1529",-4.76269726745065,-5.21097205525392,77
"1530",-4.1983525642083,-5.21097205525392,77
"1531",-3.63400786096594,-5.21097205525392,77
"1532",-3.06966315772359,-5.21097205525392,77
"1533",-2.50531845448123,-5.21097205525392,77
"1534",-1.94097375123888,-5.21097205525392,77
"1535",-1.37662904799652,-5.21097205525392,77
"1536",-0.812284344754163,-5.21097205525392,77
"1537",-0.247939641511808,-5.21097205525392,77
"1538",0.316405061730547,-5.21097205525392,77
"1539",0.880749764972904,-5.21097205525392,77
"1540",1.44509446821526,-5.21097205525392,77
"1541",-9.2774548933895,-2.35382919811106,78
"1542",-8.71311019014714,-2.35382919811106,78
"1543",-8.14876548690479,-2.35382919811106,78
"1544",-7.58442078366243,-2.49668634096821,78
"1545",-7.02007608042008,-3.49668634096821,78
"1546",-6.45573137717772,-4.35382919811106,78
"1547",-5.89138667393537,-4.92525776953963,78
"1548",-5.32704197069301,-5.21097205525392,78
"1549",-4.76269726745065,-5.21097205525392,78
"1550",-4.1983525642083,-5.21097205525392,78
"1551",-3.63400786096594,-5.21097205525392,78
"1552",-3.06966315772359,-5.21097205525392,78
"1553",-2.50531845448123,-5.21097205525392,78
"1554",-1.94097375123888,-5.21097205525392,78
"1555",-1.37662904799652,-5.21097205525392,78
"1556",-0.812284344754163,-5.21097205525392,78
"1557",-0.247939641511808,-5.21097205525392,78
"1558",0.316405061730547,-5.21097205525392,78
"1559",0.880749764972904,-5.21097205525392,78
"1560",1.44509446821526,-5.21097205525392,78
"1561",-9.2774548933895,-2.35382919811106,79
"1562",-8.71311019014714,-2.35382919811106,79
"1563",-8.14876548690479,-2.35382919811106,79
"1564",-7.58442078366243,-2.49668634096821,79
"1565",-7.02007608042008,-3.63954348382535,79
"1566",-6.45573137717772,-4.49668634096821,79
"1567",-5.89138667393537,-5.21097205525392,79
"1568",-5.32704197069301,-5.21097205525392,79
"1569",-4.76269726745065,-5.21097205525392,79
"1570",-4.1983525642083,-5.21097205525392,79
"1571",-3.63400786096594,-5.21097205525392,79
"1572",-3.06966315772359,-5.21097205525392,79
"1573",-2.50531845448123,-5.21097205525392,79
"1574",-1.94097375123888,-5.21097205525392,79
"1575",-1.37662904799652,-5.21097205525392,79
"1576",-0.812284344754163,-5.21097205525392,79
"1577",-0.247939641511808,-5.21097205525392,79
"1578",0.316405061730547,-5.21097205525392,79
"1579",0.880749764972904,-5.21097205525392,79
"1580",1.44509446821526,-5.21097205525392,79
"1581",-9.2774548933895,-2.35382919811106,80
"1582",-8.71311019014714,-2.35382919811106,80
"1583",-8.14876548690479,-2.35382919811106,80
"1584",-7.58442078366243,-2.35382919811106,80
"1585",-7.02007608042008,-4.35382919811106,80
"1586",-6.45573137717772,-5.21097205525392,80
"1587",-5.89138667393537,-5.21097205525392,80
"1588",-5.32704197069301,-5.21097205525392,80
"1589",-4.76269726745065,-5.21097205525392,80
"1590",-4.1983525642083,-5.21097205525392,80
"1591",-3.63400786096594,-5.21097205525392,80
"1592",-3.06966315772359,-5.21097205525392,80
"1593",-2.50531845448123,-5.21097205525392,80
"1594",-1.94097375123888,-5.21097205525392,80
"1595",-1.37662904799652,-5.21097205525392,80
"1596",-0.812284344754163,-5.21097205525392,80
"1597",-0.247939641511808,-5.21097205525392,80
"1598",0.316405061730547,-5.21097205525392,80
"1599",0.880749764972904,-5.21097205525392,80
"1600",1.44509446821526,-5.21097205525392,80
"1601",-9.2774548933895,-2.35382919811106,81
"1602",-8.71311019014714,-2.35382919811106,81
"1603",-8.14876548690479,-2.35382919811106,81
"1604",-7.58442078366243,-2.35382919811106,81
"1605",-7.02007608042008,-3.78240062668249,81
"1606",-6.45573137717772,-4.63954348382535,81
"1607",-5.89138667393537,-5.21097205525392,81
"1608",-5.32704197069301,-5.21097205525392,81
"1609",-4.76269726745065,-5.21097205525392,81
"1610",-4.1983525642083,-5.21097205525392,81
"1611",-3.63400786096594,-5.21097205525392,81
"1612",-3.06966315772359,-5.21097205525392,81
"1613",-2.50531845448123,-5.21097205525392,81
"1614",-1.94097375123888,-5.21097205525392,81
"1615",-1.37662904799652,-5.21097205525392,81
"1616",-0.812284344754163,-5.21097205525392,81
"1617",-0.247939641511808,-5.21097205525392,81
"1618",0.316405061730547,-5.21097205525392,81
"1619",0.880749764972904,-5.21097205525392,81
"1620",1.44509446821526,-5.21097205525392,81
"1621",-9.2774548933895,-2.35382919811106,82
"1622",-8.71311019014714,-2.35382919811106,82
"1623",-8.14876548690479,-2.49668634096821,82
"1624",-7.58442078366243,-2.92525776953963,82
"1625",-7.02007608042008,-3.21097205525392,82
"1626",-6.45573137717772,-3.49668634096821,82
"1627",-5.89138667393537,-3.78240062668249,82
"1628",-5.32704197069301,-3.92525776953963,82
"1629",-4.76269726745065,-4.21097205525392,82
"1630",-4.1983525642083,-4.35382919811106,82
"1631",-3.63400786096594,-4.35382919811106,82
"1632",-3.06966315772359,-4.49668634096821,82
"1633",-2.50531845448123,-4.63954348382535,82
"1634",-1.94097375123888,-4.63954348382535,82
"1635",-1.37662904799652,-5.21097205525392,82
"1636",-0.812284344754163,-5.21097205525392,82
"1637",-0.247939641511808,-5.21097205525392,82
"1638",0.316405061730547,-5.21097205525392,82
"1639",0.880749764972904,-5.21097205525392,82
"1640",1.44509446821526,-5.21097205525392,82
"1641",-9.2774548933895,-2.35382919811106,83
"1642",-8.71311019014714,-2.35382919811106,83
"1643",-8.14876548690479,-2.35382919811106,83
"1644",-7.58442078366243,-2.35382919811106,83
"1645",-7.02007608042008,-3.63954348382535,83
"1646",-6.45573137717772,-4.63954348382535,83
"1647",-5.89138667393537,-5.21097205525392,83
"1648",-5.32704197069301,-5.21097205525392,83
"1649",-4.76269726745065,-5.21097205525392,83
"1650",-4.1983525642083,-5.21097205525392,83
"1651",-3.63400786096594,-5.21097205525392,83
"1652",-3.06966315772359,-5.21097205525392,83
"1653",-2.50531845448123,-5.21097205525392,83
"1654",-1.94097375123888,-5.21097205525392,83
"1655",-1.37662904799652,-5.21097205525392,83
"1656",-0.812284344754163,-5.21097205525392,83
"1657",-0.247939641511808,-5.21097205525392,83
"1658",0.316405061730547,-5.21097205525392,83
"1659",0.880749764972904,-5.21097205525392,83
"1660",1.44509446821526,-5.21097205525392,83
"1661",-9.2774548933895,-2.35382919811106,84
"1662",-8.71311019014714,-2.35382919811106,84
"1663",-8.14876548690479,-2.35382919811106,84
"1664",-7.58442078366243,-2.35382919811106,84
"1665",-7.02007608042008,-3.63954348382535,84
"1666",-6.45573137717772,-4.63954348382535,84
"1667",-5.89138667393537,-5.21097205525392,84
"1668",-5.32704197069301,-5.21097205525392,84
"1669",-4.76269726745065,-5.21097205525392,84
"1670",-4.1983525642083,-5.21097205525392,84
"1671",-3.63400786096594,-5.21097205525392,84
"1672",-3.06966315772359,-5.21097205525392,84
"1673",-2.50531845448123,-5.21097205525392,84
"1674",-1.94097375123888,-5.21097205525392,84
"1675",-1.37662904799652,-5.21097205525392,84
"1676",-0.812284344754163,-5.21097205525392,84
"1677",-0.247939641511808,-5.21097205525392,84
"1678",0.316405061730547,-5.21097205525392,84
"1679",0.880749764972904,-5.21097205525392,84
"1680",1.44509446821526,-5.21097205525392,84
"1681",-9.2774548933895,-2.35382919811106,85
"1682",-8.71311019014714,-2.49668634096821,85
"1683",-8.14876548690479,-2.92525776953963,85
"1684",-7.58442078366243,-3.06811491239678,85
"1685",-7.02007608042008,-3.21097205525392,85
"1686",-6.45573137717772,-3.21097205525392,85
"1687",-5.89138667393537,-3.21097205525392,85
"1688",-5.32704197069301,-3.21097205525392,85
"1689",-4.76269726745065,-3.21097205525392,85
"1690",-4.1983525642083,-3.21097205525392,85
"1691",-3.63400786096594,-3.21097205525392,85
"1692",-3.06966315772359,-3.35382919811106,85
"1693",-2.50531845448123,-3.49668634096821,85
"1694",-1.94097375123888,-3.63954348382535,85
"1695",-1.37662904799652,-3.78240062668249,85
"1696",-0.812284344754163,-4.06811491239678,85
"1697",-0.247939641511808,-4.63954348382535,85
"1698",0.316405061730547,-5.06811491239678,85
"1699",0.880749764972904,-5.21097205525392,85
"1700",1.44509446821526,-5.21097205525392,85
"1701",-9.2774548933895,-2.35382919811106,86
"1702",-8.71311019014714,-2.35382919811106,86
"1703",-8.14876548690479,-2.35382919811106,86
"1704",-7.58442078366243,-2.35382919811106,86
"1705",-7.02007608042008,-4.06811491239678,86
"1706",-6.45573137717772,-4.63954348382535,86
"1707",-5.89138667393537,-4.92525776953963,86
"1708",-5.32704197069301,-5.06811491239678,86
"1709",-4.76269726745065,-5.06811491239678,86
"1710",-4.1983525642083,-5.06811491239678,86
"1711",-3.63400786096594,-5.06811491239678,86
"1712",-3.06966315772359,-5.06811491239678,86
"1713",-2.50531845448123,-5.21097205525392,86
"1714",-1.94097375123888,-5.21097205525392,86
"1715",-1.37662904799652,-5.21097205525392,86
"1716",-0.812284344754163,-5.21097205525392,86
"1717",-0.247939641511808,-5.21097205525392,86
"1718",0.316405061730547,-5.21097205525392,86
"1719",0.880749764972904,-5.21097205525392,86
"1720",1.44509446821526,-5.21097205525392,86
"1721",-9.2774548933895,-2.35382919811106,87
"1722",-8.71311019014714,-2.35382919811106,87
"1723",-8.14876548690479,-2.35382919811106,87
"1724",-7.58442078366243,-2.78240062668249,87
"1725",-7.02007608042008,-3.35382919811106,87
"1726",-6.45573137717772,-3.78240062668249,87
"1727",-5.89138667393537,-4.21097205525392,87
"1728",-5.32704197069301,-4.49668634096821,87
"1729",-4.76269726745065,-4.63954348382535,87
"1730",-4.1983525642083,-5.21097205525392,87
"1731",-3.63400786096594,-5.21097205525392,87
"1732",-3.06966315772359,-5.21097205525392,87
"1733",-2.50531845448123,-5.21097205525392,87
"1734",-1.94097375123888,-5.21097205525392,87
"1735",-1.37662904799652,-5.21097205525392,87
"1736",-0.812284344754163,-5.21097205525392,87
"1737",-0.247939641511808,-5.21097205525392,87
"1738",0.316405061730547,-5.21097205525392,87
"1739",0.880749764972904,-5.21097205525392,87
"1740",1.44509446821526,-5.21097205525392,87
"1741",-9.2774548933895,-2.35382919811106,88
"1742",-8.71311019014714,-2.35382919811106,88
"1743",-8.14876548690479,-2.35382919811106,88
"1744",-7.58442078366243,-2.63954348382535,88
"1745",-7.02007608042008,-3.49668634096821,88
"1746",-6.45573137717772,-4.06811491239678,88
"1747",-5.89138667393537,-4.49668634096821,88
"1748",-5.32704197069301,-4.92525776953963,88
"1749",-4.76269726745065,-5.21097205525392,88
"1750",-4.1983525642083,-5.21097205525392,88
"1751",-3.63400786096594,-5.21097205525392,88
"1752",-3.06966315772359,-5.21097205525392,88
"1753",-2.50531845448123,-5.21097205525392,88
"1754",-1.94097375123888,-5.21097205525392,88
"1755",-1.37662904799652,-5.21097205525392,88
"1756",-0.812284344754163,-5.21097205525392,88
"1757",-0.247939641511808,-5.21097205525392,88
"1758",0.316405061730547,-5.21097205525392,88
"1759",0.880749764972904,-5.21097205525392,88
"1760",1.44509446821526,-5.21097205525392,88
"1761",-9.2774548933895,-2.35382919811106,89
"1762",-8.71311019014714,-2.35382919811106,89
"1763",-8.14876548690479,-2.35382919811106,89
"1764",-7.58442078366243,-2.35382919811106,89
"1765",-7.02007608042008,-5.21097205525392,89
"1766",-6.45573137717772,-5.21097205525392,89
"1767",-5.89138667393537,-5.21097205525392,89
"1768",-5.32704197069301,-5.21097205525392,89
"1769",-4.76269726745065,-5.21097205525392,89
"1770",-4.1983525642083,-5.21097205525392,89
"1771",-3.63400786096594,-5.21097205525392,89
"1772",-3.06966315772359,-5.21097205525392,89
"1773",-2.50531845448123,-5.21097205525392,89
"1774",-1.94097375123888,-5.21097205525392,89
"1775",-1.37662904799652,-5.21097205525392,89
"1776",-0.812284344754163,-5.21097205525392,89
"1777",-0.247939641511808,-5.21097205525392,89
"1778",0.316405061730547,-5.21097205525392,89
"1779",0.880749764972904,-5.21097205525392,89
"1780",1.44509446821526,-5.21097205525392,89
"1781",-9.2774548933895,-2.35382919811106,90
"1782",-8.71311019014714,-2.35382919811106,90
"1783",-8.14876548690479,-2.49668634096821,90
"1784",-7.58442078366243,-2.92525776953963,90
"1785",-7.02007608042008,-3.35382919811106,90
"1786",-6.45573137717772,-3.63954348382535,90
"1787",-5.89138667393537,-3.78240062668249,90
"1788",-5.32704197069301,-4.92525776953963,90
"1789",-4.76269726745065,-5.21097205525392,90
"1790",-4.1983525642083,-5.21097205525392,90
"1791",-3.63400786096594,-5.21097205525392,90
"1792",-3.06966315772359,-5.21097205525392,90
"1793",-2.50531845448123,-5.21097205525392,90
"1794",-1.94097375123888,-5.21097205525392,90
"1795",-1.37662904799652,-5.21097205525392,90
"1796",-0.812284344754163,-5.21097205525392,90
"1797",-0.247939641511808,-5.21097205525392,90
"1798",0.316405061730547,-5.21097205525392,90
"1799",0.880749764972904,-5.21097205525392,90
"1800",1.44509446821526,-5.21097205525392,90
"1801",-9.2774548933895,-2.35382919811106,91
"1802",-8.71311019014714,-2.35382919811106,91
"1803",-8.14876548690479,-2.63954348382535,91
"1804",-7.58442078366243,-2.92525776953963,91
"1805",-7.02007608042008,-3.63954348382535,91
"1806",-6.45573137717772,-4.63954348382535,91
"1807",-5.89138667393537,-4.92525776953963,91
"1808",-5.32704197069301,-5.06811491239678,91
"1809",-4.76269726745065,-5.06811491239678,91
"1810",-4.1983525642083,-5.21097205525392,91
"1811",-3.63400786096594,-5.21097205525392,91
"1812",-3.06966315772359,-5.21097205525392,91
"1813",-2.50531845448123,-5.21097205525392,91
"1814",-1.94097375123888,-5.21097205525392,91
"1815",-1.37662904799652,-5.21097205525392,91
"1816",-0.812284344754163,-5.21097205525392,91
"1817",-0.247939641511808,-5.21097205525392,91
"1818",0.316405061730547,-5.21097205525392,91
"1819",0.880749764972904,-5.21097205525392,91
"1820",1.44509446821526,-5.21097205525392,91
"1821",-9.2774548933895,-2.35382919811106,92
"1822",-8.71311019014714,-2.35382919811106,92
"1823",-8.14876548690479,-2.35382919811106,92
"1824",-7.58442078366243,-2.92525776953963,92
"1825",-7.02007608042008,-3.21097205525392,92
"1826",-6.45573137717772,-3.49668634096821,92
"1827",-5.89138667393537,-4.06811491239678,92
"1828",-5.32704197069301,-4.35382919811106,92
"1829",-4.76269726745065,-4.78240062668249,92
"1830",-4.1983525642083,-4.92525776953963,92
"1831",-3.63400786096594,-5.21097205525392,92
"1832",-3.06966315772359,-5.21097205525392,92
"1833",-2.50531845448123,-5.21097205525392,92
"1834",-1.94097375123888,-5.21097205525392,92
"1835",-1.37662904799652,-5.21097205525392,92
"1836",-0.812284344754163,-5.21097205525392,92
"1837",-0.247939641511808,-5.21097205525392,92
"1838",0.316405061730547,-5.21097205525392,92
"1839",0.880749764972904,-5.21097205525392,92
"1840",1.44509446821526,-5.21097205525392,92
"1841",-9.2774548933895,-2.35382919811106,93
"1842",-8.71311019014714,-2.35382919811106,93
"1843",-8.14876548690479,-2.35382919811106,93
"1844",-7.58442078366243,-2.78240062668249,93
"1845",-7.02007608042008,-3.35382919811106,93
"1846",-6.45573137717772,-3.92525776953963,93
"1847",-5.89138667393537,-4.35382919811106,93
"1848",-5.32704197069301,-4.63954348382535,93
"1849",-4.76269726745065,-4.92525776953963,93
"1850",-4.1983525642083,-5.21097205525392,93
"1851",-3.63400786096594,-5.21097205525392,93
"1852",-3.06966315772359,-5.21097205525392,93
"1853",-2.50531845448123,-5.21097205525392,93
"1854",-1.94097375123888,-5.21097205525392,93
"1855",-1.37662904799652,-5.21097205525392,93
"1856",-0.812284344754163,-5.21097205525392,93
"1857",-0.247939641511808,-5.21097205525392,93
"1858",0.316405061730547,-5.21097205525392,93
"1859",0.880749764972904,-5.21097205525392,93
"1860",1.44509446821526,-5.21097205525392,93
"1861",-9.2774548933895,-2.35382919811106,94
"1862",-8.71311019014714,-2.35382919811106,94
"1863",-8.14876548690479,-2.35382919811106,94
"1864",-7.58442078366243,-2.63954348382535,94
"1865",-7.02007608042008,-3.49668634096821,94
"1866",-6.45573137717772,-4.21097205525392,94
"1867",-5.89138667393537,-4.78240062668249,94
"1868",-5.32704197069301,-5.21097205525392,94
"1869",-4.76269726745065,-5.21097205525392,94
"1870",-4.1983525642083,-5.21097205525392,94
"1871",-3.63400786096594,-5.21097205525392,94
"1872",-3.06966315772359,-5.21097205525392,94
"1873",-2.50531845448123,-5.21097205525392,94
"1874",-1.94097375123888,-5.21097205525392,94
"1875",-1.37662904799652,-5.21097205525392,94
"1876",-0.812284344754163,-5.21097205525392,94
"1877",-0.247939641511808,-5.21097205525392,94
"1878",0.316405061730547,-5.21097205525392,94
"1879",0.880749764972904,-5.21097205525392,94
"1880",1.44509446821526,-5.21097205525392,94
"1881",-9.2774548933895,-2.35382919811106,95
"1882",-8.71311019014714,-2.35382919811106,95
"1883",-8.14876548690479,-2.35382919811106,95
"1884",-7.58442078366243,-2.35382919811106,95
"1885",-7.02007608042008,-3.78240062668249,95
"1886",-6.45573137717772,-4.78240062668249,95
"1887",-5.89138667393537,-5.21097205525392,95
"1888",-5.32704197069301,-5.21097205525392,95
"1889",-4.76269726745065,-5.21097205525392,95
"1890",-4.1983525642083,-5.21097205525392,95
"1891",-3.63400786096594,-5.21097205525392,95
"1892",-3.06966315772359,-5.21097205525392,95
"1893",-2.50531845448123,-5.21097205525392,95
"1894",-1.94097375123888,-5.21097205525392,95
"1895",-1.37662904799652,-5.21097205525392,95
"1896",-0.812284344754163,-5.21097205525392,95
"1897",-0.247939641511808,-5.21097205525392,95
"1898",0.316405061730547,-5.21097205525392,95
"1899",0.880749764972904,-5.21097205525392,95
"1900",1.44509446821526,-5.21097205525392,95
"1901",-9.2774548933895,-2.35382919811106,96
"1902",-8.71311019014714,-2.35382919811106,96
"1903",-8.14876548690479,-2.35382919811106,96
"1904",-7.58442078366243,-2.92525776953963,96
"1905",-7.02007608042008,-3.35382919811106,96
"1906",-6.45573137717772,-3.63954348382535,96
"1907",-5.89138667393537,-4.06811491239678,96
"1908",-5.32704197069301,-4.35382919811106,96
"1909",-4.76269726745065,-4.63954348382535,96
"1910",-4.1983525642083,-4.78240062668249,96
"1911",-3.63400786096594,-4.92525776953963,96
"1912",-3.06966315772359,-5.06811491239678,96
"1913",-2.50531845448123,-5.21097205525392,96
"1914",-1.94097375123888,-5.21097205525392,96
"1915",-1.37662904799652,-5.21097205525392,96
"1916",-0.812284344754163,-5.21097205525392,96
"1917",-0.247939641511808,-5.21097205525392,96
"1918",0.316405061730547,-5.21097205525392,96
"1919",0.880749764972904,-5.21097205525392,96
"1920",1.44509446821526,-5.21097205525392,96
"1921",-9.2774548933895,-2.35382919811106,97
"1922",-8.71311019014714,-2.35382919811106,97
"1923",-8.14876548690479,-2.35382919811106,97
"1924",-7.58442078366243,-2.35382919811106,97
"1925",-7.02007608042008,-4.78240062668249,97
"1926",-6.45573137717772,-5.21097205525392,97
"1927",-5.89138667393537,-5.21097205525392,97
"1928",-5.32704197069301,-5.21097205525392,97
"1929",-4.76269726745065,-5.21097205525392,97
"1930",-4.1983525642083,-5.21097205525392,97
"1931",-3.63400786096594,-5.21097205525392,97
"1932",-3.06966315772359,-5.21097205525392,97
"1933",-2.50531845448123,-5.21097205525392,97
"1934",-1.94097375123888,-5.21097205525392,97
"1935",-1.37662904799652,-5.21097205525392,97
"1936",-0.812284344754163,-5.21097205525392,97
"1937",-0.247939641511808,-5.21097205525392,97
"1938",0.316405061730547,-5.21097205525392,97
"1939",0.880749764972904,-5.21097205525392,97
"1940",1.44509446821526,-5.21097205525392,97
"1941",-9.2774548933895,-2.35382919811106,98
"1942",-8.71311019014714,-2.35382919811106,98
"1943",-8.14876548690479,-2.35382919811106,98
"1944",-7.58442078366243,-2.78240062668249,98
"1945",-7.02007608042008,-3.35382919811106,98
"1946",-6.45573137717772,-3.92525776953963,98
"1947",-5.89138667393537,-4.35382919811106,98
"1948",-5.32704197069301,-5.21097205525392,98
"1949",-4.76269726745065,-5.21097205525392,98
"1950",-4.1983525642083,-5.21097205525392,98
"1951",-3.63400786096594,-5.21097205525392,98
"1952",-3.06966315772359,-5.21097205525392,98
"1953",-2.50531845448123,-5.21097205525392,98
"1954",-1.94097375123888,-5.21097205525392,98
"1955",-1.37662904799652,-5.21097205525392,98
"1956",-0.812284344754163,-5.21097205525392,98
"1957",-0.247939641511808,-5.21097205525392,98
"1958",0.316405061730547,-5.21097205525392,98
"1959",0.880749764972904,-5.21097205525392,98
"1960",1.44509446821526,-5.21097205525392,98
"1961",-9.2774548933895,-2.35382919811106,99
"1962",-8.71311019014714,-2.35382919811106,99
"1963",-8.14876548690479,-2.35382919811106,99
"1964",-7.58442078366243,-2.35382919811106,99
"1965",-7.02007608042008,-4.35382919811106,99
"1966",-6.45573137717772,-5.06811491239678,99
"1967",-5.89138667393537,-5.21097205525392,99
"1968",-5.32704197069301,-5.21097205525392,99
"1969",-4.76269726745065,-5.21097205525392,99
"1970",-4.1983525642083,-5.21097205525392,99
"1971",-3.63400786096594,-5.21097205525392,99
"1972",-3.06966315772359,-5.21097205525392,99
"1973",-2.50531845448123,-5.21097205525392,99
"1974",-1.94097375123888,-5.21097205525392,99
"1975",-1.37662904799652,-5.21097205525392,99
"1976",-0.812284344754163,-5.21097205525392,99
"1977",-0.247939641511808,-5.21097205525392,99
"1978",0.316405061730547,-5.21097205525392,99
"1979",0.880749764972904,-5.21097205525392,99
"1980",1.44509446821526,-5.21097205525392,99
"1981",-9.2774548933895,-2.35382919811106,100
"1982",-8.71311019014714,-2.35382919811106,100
"1983",-8.14876548690479,-2.35382919811106,100
"1984",-7.58442078366243,-2.63954348382535,100
"1985",-7.02007608042008,-5.06811491239678,100
"1986",-6.45573137717772,-5.21097205525392,100
"1987",-5.89138667393537,-5.21097205525392,100
"1988",-5.32704197069301,-5.21097205525392,100
"1989",-4.76269726745065,-5.21097205525392,100
"1990",-4.1983525642083,-5.21097205525392,100
"1991",-3.63400786096594,-5.21097205525392,100
"1992",-3.06966315772359,-5.21097205525392,100
"1993",-2.50531845448123,-5.21097205525392,100
"1994",-1.94097375123888,-5.21097205525392,100
"1995",-1.37662904799652,-5.21097205525392,100
"1996",-0.812284344754163,-5.21097205525392,100
"1997",-0.247939641511808,-5.21097205525392,100
"1998",0.316405061730547,-5.21097205525392,100
"1999",0.880749764972904,-5.21097205525392,100
"2000",1.44509446821526,-5.21097205525392,100
