"","x","y","sample"
"1",-4.816788420633,1.66989783112259,1
"2",-4.46043035741409,1.66989783112259,1
"3",-4.10407229419519,1.66989783112259,1
"4",-3.74771423097628,1.66989783112259,1
"5",-3.39135616775737,1.66989783112259,1
"6",-3.03499810453847,1.66989783112259,1
"7",-2.67864004131956,-0.053071957980384,1
"8",-2.32228197810065,-0.791487581881659,1
"9",-1.96592391488174,-1.52990320578293,1
"10",-1.60956585166284,-2.26831882968421,1
"11",-1.25320778844393,-2.76059591228506,1
"12",-0.896849725225022,-3.00673445358548,1
"13",-0.540491662006115,-3.25287299488591,1
"14",-0.184133598787207,-3.25287299488591,1
"15",0.172224464431699,-3.25287299488591,1
"16",0.528582527650606,-3.25287299488591,1
"17",0.884940590869514,-3.25287299488591,1
"18",1.24129865408842,-3.25287299488591,1
"19",1.59765671730733,-3.25287299488591,1
"20",1.95401478052623,-3.25287299488591,1
"21",-4.816788420633,1.66989783112259,2
"22",-4.46043035741409,1.66989783112259,2
"23",-4.10407229419519,1.66989783112259,2
"24",-3.74771423097628,1.66989783112259,2
"25",-3.39135616775737,1.66989783112259,2
"26",-3.03499810453847,1.66989783112259,2
"27",-2.67864004131956,0.439205124620466,2
"28",-2.32228197810065,-0.791487581881659,2
"29",-1.96592391488174,-2.02218028838378,2
"30",-1.60956585166284,-2.51445737098463,2
"31",-1.25320778844393,-2.76059591228506,2
"32",-0.896849725225022,-3.00673445358548,2
"33",-0.540491662006115,-3.00673445358548,2
"34",-0.184133598787207,-3.00673445358548,2
"35",0.172224464431699,-3.00673445358548,2
"36",0.528582527650606,-3.00673445358548,2
"37",0.884940590869514,-3.25287299488591,2
"38",1.24129865408842,-3.25287299488591,2
"39",1.59765671730733,-3.25287299488591,2
"40",1.95401478052623,-3.25287299488591,2
"41",-4.816788420633,1.66989783112259,3
"42",-4.46043035741409,1.66989783112259,3
"43",-4.10407229419519,1.66989783112259,3
"44",-3.74771423097628,1.66989783112259,3
"45",-3.39135616775737,1.66989783112259,3
"46",-3.03499810453847,1.66989783112259,3
"47",-2.67864004131956,-0.053071957980384,3
"48",-2.32228197810065,-1.52990320578293,3
"49",-1.96592391488174,-2.02218028838378,3
"50",-1.60956585166284,-2.51445737098463,3
"51",-1.25320778844393,-3.00673445358548,3
"52",-0.896849725225022,-3.25287299488591,3
"53",-0.540491662006115,-3.25287299488591,3
"54",-0.184133598787207,-3.25287299488591,3
"55",0.172224464431699,-3.25287299488591,3
"56",0.528582527650606,-3.25287299488591,3
"57",0.884940590869514,-3.25287299488591,3
"58",1.24129865408842,-3.25287299488591,3
"59",1.59765671730733,-3.25287299488591,3
"60",1.95401478052623,-3.25287299488591,3
"61",-4.816788420633,1.66989783112259,4
"62",-4.46043035741409,1.66989783112259,4
"63",-4.10407229419519,1.66989783112259,4
"64",-3.74771423097628,1.66989783112259,4
"65",-3.39135616775737,1.66989783112259,4
"66",-3.03499810453847,1.66989783112259,4
"67",-2.67864004131956,0.685343665920891,4
"68",-2.32228197810065,0.439205124620466,4
"69",-1.96592391488174,0.193066583320041,4
"70",-1.60956585166284,-0.299210499280809,4
"71",-1.25320778844393,-1.03762612318208,4
"72",-0.896849725225022,-1.52990320578293,4
"73",-0.540491662006115,-1.77604174708336,4
"74",-0.184133598787207,-2.02218028838378,4
"75",0.172224464431699,-2.26831882968421,4
"76",0.528582527650606,-2.26831882968421,4
"77",0.884940590869514,-2.51445737098463,4
"78",1.24129865408842,-2.51445737098463,4
"79",1.59765671730733,-2.51445737098463,4
"80",1.95401478052623,-2.51445737098463,4
"81",-4.816788420633,1.66989783112259,5
"82",-4.46043035741409,1.66989783112259,5
"83",-4.10407229419519,1.66989783112259,5
"84",-3.74771423097628,1.66989783112259,5
"85",-3.39135616775737,1.66989783112259,5
"86",-3.03499810453847,1.42375928982217,5
"87",-2.67864004131956,0.931482207221316,5
"88",-2.32228197810065,0.685343665920891,5
"89",-1.96592391488174,0.439205124620466,5
"90",-1.60956585166284,-0.299210499280809,5
"91",-1.25320778844393,-1.28376466448251,5
"92",-0.896849725225022,-2.02218028838378,5
"93",-0.540491662006115,-2.26831882968421,5
"94",-0.184133598787207,-2.51445737098463,5
"95",0.172224464431699,-2.76059591228506,5
"96",0.528582527650606,-2.76059591228506,5
"97",0.884940590869514,-2.76059591228506,5
"98",1.24129865408842,-2.76059591228506,5
"99",1.59765671730733,-2.76059591228506,5
"100",1.95401478052623,-2.76059591228506,5
"101",-4.816788420633,1.66989783112259,6
"102",-4.46043035741409,1.66989783112259,6
"103",-4.10407229419519,1.66989783112259,6
"104",-3.74771423097628,1.66989783112259,6
"105",-3.39135616775737,1.66989783112259,6
"106",-3.03499810453847,1.66989783112259,6
"107",-2.67864004131956,0.685343665920891,6
"108",-2.32228197810065,-0.053071957980384,6
"109",-1.96592391488174,-0.545349040581234,6
"110",-1.60956585166284,-1.52990320578293,6
"111",-1.25320778844393,-2.26831882968421,6
"112",-0.896849725225022,-2.51445737098463,6
"113",-0.540491662006115,-2.76059591228506,6
"114",-0.184133598787207,-2.76059591228506,6
"115",0.172224464431699,-2.76059591228506,6
"116",0.528582527650606,-3.00673445358548,6
"117",0.884940590869514,-3.00673445358548,6
"118",1.24129865408842,-3.00673445358548,6
"119",1.59765671730733,-3.00673445358548,6
"120",1.95401478052623,-3.00673445358548,6
"121",-4.816788420633,1.66989783112259,7
"122",-4.46043035741409,1.66989783112259,7
"123",-4.10407229419519,1.66989783112259,7
"124",-3.74771423097628,1.66989783112259,7
"125",-3.39135616775737,1.66989783112259,7
"126",-3.03499810453847,1.66989783112259,7
"127",-2.67864004131956,0.685343665920891,7
"128",-2.32228197810065,-0.299210499280809,7
"129",-1.96592391488174,-1.28376466448251,7
"130",-1.60956585166284,-1.77604174708336,7
"131",-1.25320778844393,-2.51445737098463,7
"132",-0.896849725225022,-2.76059591228506,7
"133",-0.540491662006115,-3.00673445358548,7
"134",-0.184133598787207,-3.25287299488591,7
"135",0.172224464431699,-3.25287299488591,7
"136",0.528582527650606,-3.25287299488591,7
"137",0.884940590869514,-3.25287299488591,7
"138",1.24129865408842,-3.25287299488591,7
"139",1.59765671730733,-3.25287299488591,7
"140",1.95401478052623,-3.25287299488591,7
"141",-4.816788420633,1.66989783112259,8
"142",-4.46043035741409,1.66989783112259,8
"143",-4.10407229419519,1.66989783112259,8
"144",-3.74771423097628,1.66989783112259,8
"145",-3.39135616775737,1.66989783112259,8
"146",-3.03499810453847,1.66989783112259,8
"147",-2.67864004131956,-0.299210499280809,8
"148",-2.32228197810065,-1.28376466448251,8
"149",-1.96592391488174,-2.02218028838378,8
"150",-1.60956585166284,-2.26831882968421,8
"151",-1.25320778844393,-2.51445737098463,8
"152",-0.896849725225022,-2.76059591228506,8
"153",-0.540491662006115,-3.00673445358548,8
"154",-0.184133598787207,-3.00673445358548,8
"155",0.172224464431699,-3.25287299488591,8
"156",0.528582527650606,-3.25287299488591,8
"157",0.884940590869514,-3.25287299488591,8
"158",1.24129865408842,-3.25287299488591,8
"159",1.59765671730733,-3.25287299488591,8
"160",1.95401478052623,-3.25287299488591,8
"161",-4.816788420633,1.66989783112259,9
"162",-4.46043035741409,1.66989783112259,9
"163",-4.10407229419519,1.66989783112259,9
"164",-3.74771423097628,1.66989783112259,9
"165",-3.39135616775737,1.66989783112259,9
"166",-3.03499810453847,1.66989783112259,9
"167",-2.67864004131956,-0.053071957980384,9
"168",-2.32228197810065,-1.03762612318208,9
"169",-1.96592391488174,-1.52990320578293,9
"170",-1.60956585166284,-2.26831882968421,9
"171",-1.25320778844393,-2.76059591228506,9
"172",-0.896849725225022,-3.00673445358548,9
"173",-0.540491662006115,-3.00673445358548,9
"174",-0.184133598787207,-3.00673445358548,9
"175",0.172224464431699,-3.00673445358548,9
"176",0.528582527650606,-3.00673445358548,9
"177",0.884940590869514,-3.00673445358548,9
"178",1.24129865408842,-3.00673445358548,9
"179",1.59765671730733,-3.00673445358548,9
"180",1.95401478052623,-3.00673445358548,9
"181",-4.816788420633,1.66989783112259,10
"182",-4.46043035741409,1.66989783112259,10
"183",-4.10407229419519,1.66989783112259,10
"184",-3.74771423097628,1.66989783112259,10
"185",-3.39135616775737,1.66989783112259,10
"186",-3.03499810453847,1.42375928982217,10
"187",-2.67864004131956,0.931482207221316,10
"188",-2.32228197810065,0.439205124620466,10
"189",-1.96592391488174,-0.053071957980384,10
"190",-1.60956585166284,-0.545349040581234,10
"191",-1.25320778844393,-1.03762612318208,10
"192",-0.896849725225022,-1.52990320578293,10
"193",-0.540491662006115,-1.77604174708336,10
"194",-0.184133598787207,-1.77604174708336,10
"195",0.172224464431699,-2.02218028838378,10
"196",0.528582527650606,-2.02218028838378,10
"197",0.884940590869514,-2.02218028838378,10
"198",1.24129865408842,-2.26831882968421,10
"199",1.59765671730733,-2.26831882968421,10
"200",1.95401478052623,-2.26831882968421,10
"201",-4.816788420633,1.66989783112259,11
"202",-4.46043035741409,1.66989783112259,11
"203",-4.10407229419519,1.66989783112259,11
"204",-3.74771423097628,1.66989783112259,11
"205",-3.39135616775737,1.66989783112259,11
"206",-3.03499810453847,1.66989783112259,11
"207",-2.67864004131956,-0.053071957980384,11
"208",-2.32228197810065,-1.28376466448251,11
"209",-1.96592391488174,-2.26831882968421,11
"210",-1.60956585166284,-3.25287299488591,11
"211",-1.25320778844393,-3.25287299488591,11
"212",-0.896849725225022,-3.25287299488591,11
"213",-0.540491662006115,-3.25287299488591,11
"214",-0.184133598787207,-3.25287299488591,11
"215",0.172224464431699,-3.25287299488591,11
"216",0.528582527650606,-3.25287299488591,11
"217",0.884940590869514,-3.25287299488591,11
"218",1.24129865408842,-3.25287299488591,11
"219",1.59765671730733,-3.25287299488591,11
"220",1.95401478052623,-3.25287299488591,11
"221",-4.816788420633,1.66989783112259,12
"222",-4.46043035741409,1.66989783112259,12
"223",-4.10407229419519,1.66989783112259,12
"224",-3.74771423097628,1.66989783112259,12
"225",-3.39135616775737,1.66989783112259,12
"226",-3.03499810453847,1.66989783112259,12
"227",-2.67864004131956,-0.299210499280809,12
"228",-2.32228197810065,-1.03762612318208,12
"229",-1.96592391488174,-1.28376466448251,12
"230",-1.60956585166284,-1.52990320578293,12
"231",-1.25320778844393,-1.52990320578293,12
"232",-0.896849725225022,-1.77604174708336,12
"233",-0.540491662006115,-2.26831882968421,12
"234",-0.184133598787207,-2.51445737098463,12
"235",0.172224464431699,-2.51445737098463,12
"236",0.528582527650606,-2.76059591228506,12
"237",0.884940590869514,-2.76059591228506,12
"238",1.24129865408842,-2.76059591228506,12
"239",1.59765671730733,-2.76059591228506,12
"240",1.95401478052623,-2.76059591228506,12
"241",-4.816788420633,1.66989783112259,13
"242",-4.46043035741409,1.66989783112259,13
"243",-4.10407229419519,1.66989783112259,13
"244",-3.74771423097628,1.66989783112259,13
"245",-3.39135616775737,1.66989783112259,13
"246",-3.03499810453847,1.66989783112259,13
"247",-2.67864004131956,-0.053071957980384,13
"248",-2.32228197810065,-0.545349040581234,13
"249",-1.96592391488174,-0.791487581881659,13
"250",-1.60956585166284,-1.28376466448251,13
"251",-1.25320778844393,-1.77604174708336,13
"252",-0.896849725225022,-2.26831882968421,13
"253",-0.540491662006115,-2.51445737098463,13
"254",-0.184133598787207,-2.76059591228506,13
"255",0.172224464431699,-2.76059591228506,13
"256",0.528582527650606,-2.76059591228506,13
"257",0.884940590869514,-2.76059591228506,13
"258",1.24129865408842,-2.76059591228506,13
"259",1.59765671730733,-2.76059591228506,13
"260",1.95401478052623,-2.76059591228506,13
"261",-4.816788420633,1.66989783112259,14
"262",-4.46043035741409,1.66989783112259,14
"263",-4.10407229419519,1.66989783112259,14
"264",-3.74771423097628,1.66989783112259,14
"265",-3.39135616775737,1.66989783112259,14
"266",-3.03499810453847,1.66989783112259,14
"267",-2.67864004131956,-0.791487581881659,14
"268",-2.32228197810065,-1.77604174708336,14
"269",-1.96592391488174,-2.76059591228506,14
"270",-1.60956585166284,-3.25287299488591,14
"271",-1.25320778844393,-3.25287299488591,14
"272",-0.896849725225022,-3.25287299488591,14
"273",-0.540491662006115,-3.25287299488591,14
"274",-0.184133598787207,-3.25287299488591,14
"275",0.172224464431699,-3.25287299488591,14
"276",0.528582527650606,-3.25287299488591,14
"277",0.884940590869514,-3.25287299488591,14
"278",1.24129865408842,-3.25287299488591,14
"279",1.59765671730733,-3.25287299488591,14
"280",1.95401478052623,-3.25287299488591,14
"281",-4.816788420633,1.66989783112259,15
"282",-4.46043035741409,1.66989783112259,15
"283",-4.10407229419519,1.66989783112259,15
"284",-3.74771423097628,1.66989783112259,15
"285",-3.39135616775737,1.66989783112259,15
"286",-3.03499810453847,1.66989783112259,15
"287",-2.67864004131956,0.685343665920891,15
"288",-2.32228197810065,-0.053071957980384,15
"289",-1.96592391488174,-0.299210499280809,15
"290",-1.60956585166284,-0.791487581881659,15
"291",-1.25320778844393,-1.28376466448251,15
"292",-0.896849725225022,-2.02218028838378,15
"293",-0.540491662006115,-2.26831882968421,15
"294",-0.184133598787207,-2.51445737098463,15
"295",0.172224464431699,-2.76059591228506,15
"296",0.528582527650606,-2.76059591228506,15
"297",0.884940590869514,-2.76059591228506,15
"298",1.24129865408842,-2.76059591228506,15
"299",1.59765671730733,-2.76059591228506,15
"300",1.95401478052623,-2.76059591228506,15
"301",-4.816788420633,1.66989783112259,16
"302",-4.46043035741409,1.66989783112259,16
"303",-4.10407229419519,1.66989783112259,16
"304",-3.74771423097628,1.66989783112259,16
"305",-3.39135616775737,1.66989783112259,16
"306",-3.03499810453847,1.66989783112259,16
"307",-2.67864004131956,0.439205124620466,16
"308",-2.32228197810065,-0.545349040581234,16
"309",-1.96592391488174,-1.77604174708336,16
"310",-1.60956585166284,-2.76059591228506,16
"311",-1.25320778844393,-3.25287299488591,16
"312",-0.896849725225022,-3.25287299488591,16
"313",-0.540491662006115,-3.25287299488591,16
"314",-0.184133598787207,-3.25287299488591,16
"315",0.172224464431699,-3.25287299488591,16
"316",0.528582527650606,-3.25287299488591,16
"317",0.884940590869514,-3.25287299488591,16
"318",1.24129865408842,-3.25287299488591,16
"319",1.59765671730733,-3.25287299488591,16
"320",1.95401478052623,-3.25287299488591,16
"321",-4.816788420633,1.66989783112259,17
"322",-4.46043035741409,1.66989783112259,17
"323",-4.10407229419519,1.66989783112259,17
"324",-3.74771423097628,1.66989783112259,17
"325",-3.39135616775737,1.66989783112259,17
"326",-3.03499810453847,1.66989783112259,17
"327",-2.67864004131956,-0.545349040581234,17
"328",-2.32228197810065,-1.28376466448251,17
"329",-1.96592391488174,-1.52990320578293,17
"330",-1.60956585166284,-1.77604174708336,17
"331",-1.25320778844393,-1.77604174708336,17
"332",-0.896849725225022,-2.02218028838378,17
"333",-0.540491662006115,-2.26831882968421,17
"334",-0.184133598787207,-2.26831882968421,17
"335",0.172224464431699,-2.51445737098463,17
"336",0.528582527650606,-2.76059591228506,17
"337",0.884940590869514,-2.76059591228506,17
"338",1.24129865408842,-3.00673445358548,17
"339",1.59765671730733,-3.00673445358548,17
"340",1.95401478052623,-3.00673445358548,17
"341",-4.816788420633,1.66989783112259,18
"342",-4.46043035741409,1.66989783112259,18
"343",-4.10407229419519,1.66989783112259,18
"344",-3.74771423097628,1.66989783112259,18
"345",-3.39135616775737,1.66989783112259,18
"346",-3.03499810453847,1.17762074852174,18
"347",-2.67864004131956,0.931482207221316,18
"348",-2.32228197810065,0.439205124620466,18
"349",-1.96592391488174,-0.791487581881659,18
"350",-1.60956585166284,-1.52990320578293,18
"351",-1.25320778844393,-2.51445737098463,18
"352",-0.896849725225022,-3.00673445358548,18
"353",-0.540491662006115,-3.25287299488591,18
"354",-0.184133598787207,-3.25287299488591,18
"355",0.172224464431699,-3.25287299488591,18
"356",0.528582527650606,-3.25287299488591,18
"357",0.884940590869514,-3.25287299488591,18
"358",1.24129865408842,-3.25287299488591,18
"359",1.59765671730733,-3.25287299488591,18
"360",1.95401478052623,-3.25287299488591,18
"361",-4.816788420633,1.66989783112259,19
"362",-4.46043035741409,1.66989783112259,19
"363",-4.10407229419519,1.66989783112259,19
"364",-3.74771423097628,1.66989783112259,19
"365",-3.39135616775737,1.42375928982217,19
"366",-3.03499810453847,1.17762074852174,19
"367",-2.67864004131956,0.931482207221316,19
"368",-2.32228197810065,0.685343665920891,19
"369",-1.96592391488174,0.439205124620466,19
"370",-1.60956585166284,-2.02218028838378,19
"371",-1.25320778844393,-2.26831882968421,19
"372",-0.896849725225022,-2.51445737098463,19
"373",-0.540491662006115,-2.76059591228506,19
"374",-0.184133598787207,-2.76059591228506,19
"375",0.172224464431699,-2.76059591228506,19
"376",0.528582527650606,-2.76059591228506,19
"377",0.884940590869514,-2.76059591228506,19
"378",1.24129865408842,-2.76059591228506,19
"379",1.59765671730733,-2.76059591228506,19
"380",1.95401478052623,-2.76059591228506,19
"381",-4.816788420633,1.66989783112259,20
"382",-4.46043035741409,1.66989783112259,20
"383",-4.10407229419519,1.66989783112259,20
"384",-3.74771423097628,1.66989783112259,20
"385",-3.39135616775737,1.66989783112259,20
"386",-3.03499810453847,1.66989783112259,20
"387",-2.67864004131956,0.685343665920891,20
"388",-2.32228197810065,-0.299210499280809,20
"389",-1.96592391488174,-1.03762612318208,20
"390",-1.60956585166284,-1.77604174708336,20
"391",-1.25320778844393,-2.26831882968421,20
"392",-0.896849725225022,-2.26831882968421,20
"393",-0.540491662006115,-2.51445737098463,20
"394",-0.184133598787207,-2.51445737098463,20
"395",0.172224464431699,-2.51445737098463,20
"396",0.528582527650606,-2.76059591228506,20
"397",0.884940590869514,-2.76059591228506,20
"398",1.24129865408842,-3.00673445358548,20
"399",1.59765671730733,-3.00673445358548,20
"400",1.95401478052623,-3.00673445358548,20
"401",-4.816788420633,1.66989783112259,21
"402",-4.46043035741409,1.66989783112259,21
"403",-4.10407229419519,1.66989783112259,21
"404",-3.74771423097628,1.66989783112259,21
"405",-3.39135616775737,1.66989783112259,21
"406",-3.03499810453847,1.66989783112259,21
"407",-2.67864004131956,0.439205124620466,21
"408",-2.32228197810065,-0.545349040581234,21
"409",-1.96592391488174,-1.28376466448251,21
"410",-1.60956585166284,-1.77604174708336,21
"411",-1.25320778844393,-2.26831882968421,21
"412",-0.896849725225022,-2.76059591228506,21
"413",-0.540491662006115,-3.00673445358548,21
"414",-0.184133598787207,-3.00673445358548,21
"415",0.172224464431699,-3.25287299488591,21
"416",0.528582527650606,-3.25287299488591,21
"417",0.884940590869514,-3.25287299488591,21
"418",1.24129865408842,-3.25287299488591,21
"419",1.59765671730733,-3.25287299488591,21
"420",1.95401478052623,-3.25287299488591,21
"421",-4.816788420633,1.66989783112259,22
"422",-4.46043035741409,1.66989783112259,22
"423",-4.10407229419519,1.66989783112259,22
"424",-3.74771423097628,1.66989783112259,22
"425",-3.39135616775737,1.66989783112259,22
"426",-3.03499810453847,1.66989783112259,22
"427",-2.67864004131956,0.439205124620466,22
"428",-2.32228197810065,-1.28376466448251,22
"429",-1.96592391488174,-2.26831882968421,22
"430",-1.60956585166284,-3.00673445358548,22
"431",-1.25320778844393,-3.25287299488591,22
"432",-0.896849725225022,-3.25287299488591,22
"433",-0.540491662006115,-3.25287299488591,22
"434",-0.184133598787207,-3.25287299488591,22
"435",0.172224464431699,-3.25287299488591,22
"436",0.528582527650606,-3.25287299488591,22
"437",0.884940590869514,-3.25287299488591,22
"438",1.24129865408842,-3.25287299488591,22
"439",1.59765671730733,-3.25287299488591,22
"440",1.95401478052623,-3.25287299488591,22
"441",-4.816788420633,1.66989783112259,23
"442",-4.46043035741409,1.66989783112259,23
"443",-4.10407229419519,1.66989783112259,23
"444",-3.74771423097628,1.66989783112259,23
"445",-3.39135616775737,1.66989783112259,23
"446",-3.03499810453847,1.42375928982217,23
"447",-2.67864004131956,0.685343665920891,23
"448",-2.32228197810065,0.193066583320041,23
"449",-1.96592391488174,-0.299210499280809,23
"450",-1.60956585166284,-1.03762612318208,23
"451",-1.25320778844393,-1.77604174708336,23
"452",-0.896849725225022,-2.51445737098463,23
"453",-0.540491662006115,-3.00673445358548,23
"454",-0.184133598787207,-3.25287299488591,23
"455",0.172224464431699,-3.25287299488591,23
"456",0.528582527650606,-3.25287299488591,23
"457",0.884940590869514,-3.25287299488591,23
"458",1.24129865408842,-3.25287299488591,23
"459",1.59765671730733,-3.25287299488591,23
"460",1.95401478052623,-3.25287299488591,23
"461",-4.816788420633,1.66989783112259,24
"462",-4.46043035741409,1.66989783112259,24
"463",-4.10407229419519,1.66989783112259,24
"464",-3.74771423097628,1.66989783112259,24
"465",-3.39135616775737,1.66989783112259,24
"466",-3.03499810453847,1.66989783112259,24
"467",-2.67864004131956,-2.02218028838378,24
"468",-2.32228197810065,-2.26831882968421,24
"469",-1.96592391488174,-2.51445737098463,24
"470",-1.60956585166284,-2.51445737098463,24
"471",-1.25320778844393,-2.51445737098463,24
"472",-0.896849725225022,-2.76059591228506,24
"473",-0.540491662006115,-3.00673445358548,24
"474",-0.184133598787207,-3.00673445358548,24
"475",0.172224464431699,-3.25287299488591,24
"476",0.528582527650606,-3.25287299488591,24
"477",0.884940590869514,-3.25287299488591,24
"478",1.24129865408842,-3.25287299488591,24
"479",1.59765671730733,-3.25287299488591,24
"480",1.95401478052623,-3.25287299488591,24
"481",-4.816788420633,1.66989783112259,25
"482",-4.46043035741409,1.66989783112259,25
"483",-4.10407229419519,1.66989783112259,25
"484",-3.74771423097628,1.66989783112259,25
"485",-3.39135616775737,1.66989783112259,25
"486",-3.03499810453847,1.42375928982217,25
"487",-2.67864004131956,0.931482207221316,25
"488",-2.32228197810065,0.439205124620466,25
"489",-1.96592391488174,-0.299210499280809,25
"490",-1.60956585166284,-0.791487581881659,25
"491",-1.25320778844393,-0.791487581881659,25
"492",-0.896849725225022,-1.03762612318208,25
"493",-0.540491662006115,-1.52990320578293,25
"494",-0.184133598787207,-2.02218028838378,25
"495",0.172224464431699,-2.02218028838378,25
"496",0.528582527650606,-2.26831882968421,25
"497",0.884940590869514,-2.26831882968421,25
"498",1.24129865408842,-2.26831882968421,25
"499",1.59765671730733,-2.26831882968421,25
"500",1.95401478052623,-2.26831882968421,25
"501",-4.816788420633,1.66989783112259,26
"502",-4.46043035741409,1.66989783112259,26
"503",-4.10407229419519,1.66989783112259,26
"504",-3.74771423097628,1.66989783112259,26
"505",-3.39135616775737,1.66989783112259,26
"506",-3.03499810453847,1.42375928982217,26
"507",-2.67864004131956,0.685343665920891,26
"508",-2.32228197810065,0.439205124620466,26
"509",-1.96592391488174,0.193066583320041,26
"510",-1.60956585166284,-0.299210499280809,26
"511",-1.25320778844393,-1.28376466448251,26
"512",-0.896849725225022,-1.77604174708336,26
"513",-0.540491662006115,-2.26831882968421,26
"514",-0.184133598787207,-2.51445737098463,26
"515",0.172224464431699,-2.76059591228506,26
"516",0.528582527650606,-2.76059591228506,26
"517",0.884940590869514,-2.76059591228506,26
"518",1.24129865408842,-2.76059591228506,26
"519",1.59765671730733,-2.76059591228506,26
"520",1.95401478052623,-3.00673445358548,26
"521",-4.816788420633,1.66989783112259,27
"522",-4.46043035741409,1.66989783112259,27
"523",-4.10407229419519,1.66989783112259,27
"524",-3.74771423097628,1.66989783112259,27
"525",-3.39135616775737,1.66989783112259,27
"526",-3.03499810453847,1.66989783112259,27
"527",-2.67864004131956,-1.52990320578293,27
"528",-2.32228197810065,-2.02218028838378,27
"529",-1.96592391488174,-2.02218028838378,27
"530",-1.60956585166284,-2.26831882968421,27
"531",-1.25320778844393,-2.26831882968421,27
"532",-0.896849725225022,-2.26831882968421,27
"533",-0.540491662006115,-2.51445737098463,27
"534",-0.184133598787207,-2.76059591228506,27
"535",0.172224464431699,-2.76059591228506,27
"536",0.528582527650606,-2.76059591228506,27
"537",0.884940590869514,-2.76059591228506,27
"538",1.24129865408842,-2.76059591228506,27
"539",1.59765671730733,-2.76059591228506,27
"540",1.95401478052623,-2.76059591228506,27
"541",-4.816788420633,1.66989783112259,28
"542",-4.46043035741409,1.66989783112259,28
"543",-4.10407229419519,1.66989783112259,28
"544",-3.74771423097628,1.66989783112259,28
"545",-3.39135616775737,1.66989783112259,28
"546",-3.03499810453847,1.66989783112259,28
"547",-2.67864004131956,0.439205124620466,28
"548",-2.32228197810065,-3.00673445358548,28
"549",-1.96592391488174,-3.25287299488591,28
"550",-1.60956585166284,-3.25287299488591,28
"551",-1.25320778844393,-3.25287299488591,28
"552",-0.896849725225022,-3.25287299488591,28
"553",-0.540491662006115,-3.25287299488591,28
"554",-0.184133598787207,-3.25287299488591,28
"555",0.172224464431699,-3.25287299488591,28
"556",0.528582527650606,-3.25287299488591,28
"557",0.884940590869514,-3.25287299488591,28
"558",1.24129865408842,-3.25287299488591,28
"559",1.59765671730733,-3.25287299488591,28
"560",1.95401478052623,-3.25287299488591,28
"561",-4.816788420633,1.66989783112259,29
"562",-4.46043035741409,1.66989783112259,29
"563",-4.10407229419519,1.66989783112259,29
"564",-3.74771423097628,1.66989783112259,29
"565",-3.39135616775737,1.66989783112259,29
"566",-3.03499810453847,1.66989783112259,29
"567",-2.67864004131956,0.685343665920891,29
"568",-2.32228197810065,0.193066583320041,29
"569",-1.96592391488174,-0.299210499280809,29
"570",-1.60956585166284,-0.545349040581234,29
"571",-1.25320778844393,-1.52990320578293,29
"572",-0.896849725225022,-1.77604174708336,29
"573",-0.540491662006115,-2.02218028838378,29
"574",-0.184133598787207,-2.02218028838378,29
"575",0.172224464431699,-2.02218028838378,29
"576",0.528582527650606,-2.02218028838378,29
"577",0.884940590869514,-2.02218028838378,29
"578",1.24129865408842,-2.02218028838378,29
"579",1.59765671730733,-2.26831882968421,29
"580",1.95401478052623,-2.26831882968421,29
"581",-4.816788420633,1.66989783112259,30
"582",-4.46043035741409,1.66989783112259,30
"583",-4.10407229419519,1.66989783112259,30
"584",-3.74771423097628,1.66989783112259,30
"585",-3.39135616775737,1.66989783112259,30
"586",-3.03499810453847,1.66989783112259,30
"587",-2.67864004131956,-1.03762612318208,30
"588",-2.32228197810065,-1.28376466448251,30
"589",-1.96592391488174,-1.28376466448251,30
"590",-1.60956585166284,-1.52990320578293,30
"591",-1.25320778844393,-1.52990320578293,30
"592",-0.896849725225022,-1.77604174708336,30
"593",-0.540491662006115,-2.02218028838378,30
"594",-0.184133598787207,-2.26831882968421,30
"595",0.172224464431699,-2.51445737098463,30
"596",0.528582527650606,-2.51445737098463,30
"597",0.884940590869514,-2.51445737098463,30
"598",1.24129865408842,-2.51445737098463,30
"599",1.59765671730733,-2.76059591228506,30
"600",1.95401478052623,-2.76059591228506,30
"601",-4.816788420633,1.66989783112259,31
"602",-4.46043035741409,1.66989783112259,31
"603",-4.10407229419519,1.66989783112259,31
"604",-3.74771423097628,1.66989783112259,31
"605",-3.39135616775737,1.66989783112259,31
"606",-3.03499810453847,1.66989783112259,31
"607",-2.67864004131956,-2.76059591228506,31
"608",-2.32228197810065,-3.25287299488591,31
"609",-1.96592391488174,-3.25287299488591,31
"610",-1.60956585166284,-3.25287299488591,31
"611",-1.25320778844393,-3.25287299488591,31
"612",-0.896849725225022,-3.25287299488591,31
"613",-0.540491662006115,-3.25287299488591,31
"614",-0.184133598787207,-3.25287299488591,31
"615",0.172224464431699,-3.25287299488591,31
"616",0.528582527650606,-3.25287299488591,31
"617",0.884940590869514,-3.25287299488591,31
"618",1.24129865408842,-3.25287299488591,31
"619",1.59765671730733,-3.25287299488591,31
"620",1.95401478052623,-3.25287299488591,31
"621",-4.816788420633,1.66989783112259,32
"622",-4.46043035741409,1.66989783112259,32
"623",-4.10407229419519,1.66989783112259,32
"624",-3.74771423097628,1.66989783112259,32
"625",-3.39135616775737,1.66989783112259,32
"626",-3.03499810453847,1.66989783112259,32
"627",-2.67864004131956,-0.299210499280809,32
"628",-2.32228197810065,-0.545349040581234,32
"629",-1.96592391488174,-0.791487581881659,32
"630",-1.60956585166284,-0.791487581881659,32
"631",-1.25320778844393,-1.28376466448251,32
"632",-0.896849725225022,-1.77604174708336,32
"633",-0.540491662006115,-2.02218028838378,32
"634",-0.184133598787207,-2.26831882968421,32
"635",0.172224464431699,-2.51445737098463,32
"636",0.528582527650606,-2.76059591228506,32
"637",0.884940590869514,-2.76059591228506,32
"638",1.24129865408842,-3.00673445358548,32
"639",1.59765671730733,-3.00673445358548,32
"640",1.95401478052623,-3.00673445358548,32
"641",-4.816788420633,1.66989783112259,33
"642",-4.46043035741409,1.66989783112259,33
"643",-4.10407229419519,1.66989783112259,33
"644",-3.74771423097628,1.66989783112259,33
"645",-3.39135616775737,1.66989783112259,33
"646",-3.03499810453847,1.66989783112259,33
"647",-2.67864004131956,-0.053071957980384,33
"648",-2.32228197810065,-0.299210499280809,33
"649",-1.96592391488174,-0.545349040581234,33
"650",-1.60956585166284,-2.02218028838378,33
"651",-1.25320778844393,-2.76059591228506,33
"652",-0.896849725225022,-3.25287299488591,33
"653",-0.540491662006115,-3.25287299488591,33
"654",-0.184133598787207,-3.25287299488591,33
"655",0.172224464431699,-3.25287299488591,33
"656",0.528582527650606,-3.25287299488591,33
"657",0.884940590869514,-3.25287299488591,33
"658",1.24129865408842,-3.25287299488591,33
"659",1.59765671730733,-3.25287299488591,33
"660",1.95401478052623,-3.25287299488591,33
"661",-4.816788420633,1.66989783112259,34
"662",-4.46043035741409,1.66989783112259,34
"663",-4.10407229419519,1.66989783112259,34
"664",-3.74771423097628,1.66989783112259,34
"665",-3.39135616775737,1.66989783112259,34
"666",-3.03499810453847,1.66989783112259,34
"667",-2.67864004131956,-0.299210499280809,34
"668",-2.32228197810065,-1.03762612318208,34
"669",-1.96592391488174,-1.52990320578293,34
"670",-1.60956585166284,-2.26831882968421,34
"671",-1.25320778844393,-2.76059591228506,34
"672",-0.896849725225022,-3.00673445358548,34
"673",-0.540491662006115,-3.25287299488591,34
"674",-0.184133598787207,-3.25287299488591,34
"675",0.172224464431699,-3.25287299488591,34
"676",0.528582527650606,-3.25287299488591,34
"677",0.884940590869514,-3.25287299488591,34
"678",1.24129865408842,-3.25287299488591,34
"679",1.59765671730733,-3.25287299488591,34
"680",1.95401478052623,-3.25287299488591,34
"681",-4.816788420633,1.66989783112259,35
"682",-4.46043035741409,1.66989783112259,35
"683",-4.10407229419519,1.66989783112259,35
"684",-3.74771423097628,1.66989783112259,35
"685",-3.39135616775737,1.66989783112259,35
"686",-3.03499810453847,1.66989783112259,35
"687",-2.67864004131956,0.439205124620466,35
"688",-2.32228197810065,-0.053071957980384,35
"689",-1.96592391488174,-0.791487581881659,35
"690",-1.60956585166284,-1.52990320578293,35
"691",-1.25320778844393,-2.26831882968421,35
"692",-0.896849725225022,-2.51445737098463,35
"693",-0.540491662006115,-2.76059591228506,35
"694",-0.184133598787207,-3.00673445358548,35
"695",0.172224464431699,-3.00673445358548,35
"696",0.528582527650606,-3.00673445358548,35
"697",0.884940590869514,-3.25287299488591,35
"698",1.24129865408842,-3.25287299488591,35
"699",1.59765671730733,-3.25287299488591,35
"700",1.95401478052623,-3.25287299488591,35
"701",-4.816788420633,1.66989783112259,36
"702",-4.46043035741409,1.66989783112259,36
"703",-4.10407229419519,1.66989783112259,36
"704",-3.74771423097628,1.66989783112259,36
"705",-3.39135616775737,1.66989783112259,36
"706",-3.03499810453847,1.66989783112259,36
"707",-2.67864004131956,0.685343665920891,36
"708",-2.32228197810065,0.193066583320041,36
"709",-1.96592391488174,-0.299210499280809,36
"710",-1.60956585166284,-0.791487581881659,36
"711",-1.25320778844393,-1.28376466448251,36
"712",-0.896849725225022,-1.77604174708336,36
"713",-0.540491662006115,-2.02218028838378,36
"714",-0.184133598787207,-2.26831882968421,36
"715",0.172224464431699,-2.51445737098463,36
"716",0.528582527650606,-2.76059591228506,36
"717",0.884940590869514,-2.76059591228506,36
"718",1.24129865408842,-2.76059591228506,36
"719",1.59765671730733,-2.76059591228506,36
"720",1.95401478052623,-2.76059591228506,36
"721",-4.816788420633,1.66989783112259,37
"722",-4.46043035741409,1.66989783112259,37
"723",-4.10407229419519,1.66989783112259,37
"724",-3.74771423097628,1.66989783112259,37
"725",-3.39135616775737,1.66989783112259,37
"726",-3.03499810453847,1.66989783112259,37
"727",-2.67864004131956,-0.053071957980384,37
"728",-2.32228197810065,-1.03762612318208,37
"729",-1.96592391488174,-1.52990320578293,37
"730",-1.60956585166284,-1.77604174708336,37
"731",-1.25320778844393,-2.02218028838378,37
"732",-0.896849725225022,-2.26831882968421,37
"733",-0.540491662006115,-2.26831882968421,37
"734",-0.184133598787207,-2.51445737098463,37
"735",0.172224464431699,-2.51445737098463,37
"736",0.528582527650606,-2.76059591228506,37
"737",0.884940590869514,-2.76059591228506,37
"738",1.24129865408842,-2.76059591228506,37
"739",1.59765671730733,-2.76059591228506,37
"740",1.95401478052623,-2.76059591228506,37
"741",-4.816788420633,1.66989783112259,38
"742",-4.46043035741409,1.66989783112259,38
"743",-4.10407229419519,1.66989783112259,38
"744",-3.74771423097628,1.66989783112259,38
"745",-3.39135616775737,1.66989783112259,38
"746",-3.03499810453847,1.66989783112259,38
"747",-2.67864004131956,-0.791487581881659,38
"748",-2.32228197810065,-1.03762612318208,38
"749",-1.96592391488174,-1.03762612318208,38
"750",-1.60956585166284,-1.28376466448251,38
"751",-1.25320778844393,-1.52990320578293,38
"752",-0.896849725225022,-2.26831882968421,38
"753",-0.540491662006115,-2.51445737098463,38
"754",-0.184133598787207,-2.76059591228506,38
"755",0.172224464431699,-3.00673445358548,38
"756",0.528582527650606,-3.00673445358548,38
"757",0.884940590869514,-3.00673445358548,38
"758",1.24129865408842,-3.00673445358548,38
"759",1.59765671730733,-3.00673445358548,38
"760",1.95401478052623,-3.00673445358548,38
"761",-4.816788420633,1.66989783112259,39
"762",-4.46043035741409,1.66989783112259,39
"763",-4.10407229419519,1.66989783112259,39
"764",-3.74771423097628,1.66989783112259,39
"765",-3.39135616775737,1.66989783112259,39
"766",-3.03499810453847,1.66989783112259,39
"767",-2.67864004131956,-0.053071957980384,39
"768",-2.32228197810065,-2.26831882968421,39
"769",-1.96592391488174,-3.25287299488591,39
"770",-1.60956585166284,-3.25287299488591,39
"771",-1.25320778844393,-3.25287299488591,39
"772",-0.896849725225022,-3.25287299488591,39
"773",-0.540491662006115,-3.25287299488591,39
"774",-0.184133598787207,-3.25287299488591,39
"775",0.172224464431699,-3.25287299488591,39
"776",0.528582527650606,-3.25287299488591,39
"777",0.884940590869514,-3.25287299488591,39
"778",1.24129865408842,-3.25287299488591,39
"779",1.59765671730733,-3.25287299488591,39
"780",1.95401478052623,-3.25287299488591,39
"781",-4.816788420633,1.66989783112259,40
"782",-4.46043035741409,1.66989783112259,40
"783",-4.10407229419519,1.66989783112259,40
"784",-3.74771423097628,1.66989783112259,40
"785",-3.39135616775737,1.66989783112259,40
"786",-3.03499810453847,1.66989783112259,40
"787",-2.67864004131956,-0.053071957980384,40
"788",-2.32228197810065,-1.03762612318208,40
"789",-1.96592391488174,-1.28376466448251,40
"790",-1.60956585166284,-2.76059591228506,40
"791",-1.25320778844393,-3.25287299488591,40
"792",-0.896849725225022,-3.25287299488591,40
"793",-0.540491662006115,-3.25287299488591,40
"794",-0.184133598787207,-3.25287299488591,40
"795",0.172224464431699,-3.25287299488591,40
"796",0.528582527650606,-3.25287299488591,40
"797",0.884940590869514,-3.25287299488591,40
"798",1.24129865408842,-3.25287299488591,40
"799",1.59765671730733,-3.25287299488591,40
"800",1.95401478052623,-3.25287299488591,40
"801",-4.816788420633,1.66989783112259,41
"802",-4.46043035741409,1.66989783112259,41
"803",-4.10407229419519,1.66989783112259,41
"804",-3.74771423097628,1.66989783112259,41
"805",-3.39135616775737,1.66989783112259,41
"806",-3.03499810453847,1.66989783112259,41
"807",-2.67864004131956,0.439205124620466,41
"808",-2.32228197810065,-0.545349040581234,41
"809",-1.96592391488174,-1.28376466448251,41
"810",-1.60956585166284,-1.77604174708336,41
"811",-1.25320778844393,-2.26831882968421,41
"812",-0.896849725225022,-2.51445737098463,41
"813",-0.540491662006115,-3.00673445358548,41
"814",-0.184133598787207,-3.25287299488591,41
"815",0.172224464431699,-3.25287299488591,41
"816",0.528582527650606,-3.25287299488591,41
"817",0.884940590869514,-3.25287299488591,41
"818",1.24129865408842,-3.25287299488591,41
"819",1.59765671730733,-3.25287299488591,41
"820",1.95401478052623,-3.25287299488591,41
"821",-4.816788420633,1.66989783112259,42
"822",-4.46043035741409,1.66989783112259,42
"823",-4.10407229419519,1.66989783112259,42
"824",-3.74771423097628,1.66989783112259,42
"825",-3.39135616775737,1.66989783112259,42
"826",-3.03499810453847,1.66989783112259,42
"827",-2.67864004131956,-0.053071957980384,42
"828",-2.32228197810065,-0.791487581881659,42
"829",-1.96592391488174,-1.03762612318208,42
"830",-1.60956585166284,-1.28376466448251,42
"831",-1.25320778844393,-1.52990320578293,42
"832",-0.896849725225022,-1.77604174708336,42
"833",-0.540491662006115,-2.02218028838378,42
"834",-0.184133598787207,-2.26831882968421,42
"835",0.172224464431699,-2.26831882968421,42
"836",0.528582527650606,-2.26831882968421,42
"837",0.884940590869514,-2.26831882968421,42
"838",1.24129865408842,-2.26831882968421,42
"839",1.59765671730733,-2.26831882968421,42
"840",1.95401478052623,-2.26831882968421,42
"841",-4.816788420633,1.66989783112259,43
"842",-4.46043035741409,1.66989783112259,43
"843",-4.10407229419519,1.66989783112259,43
"844",-3.74771423097628,1.66989783112259,43
"845",-3.39135616775737,1.66989783112259,43
"846",-3.03499810453847,1.42375928982217,43
"847",-2.67864004131956,0.931482207221316,43
"848",-2.32228197810065,0.439205124620466,43
"849",-1.96592391488174,-0.299210499280809,43
"850",-1.60956585166284,-1.52990320578293,43
"851",-1.25320778844393,-2.51445737098463,43
"852",-0.896849725225022,-2.76059591228506,43
"853",-0.540491662006115,-3.00673445358548,43
"854",-0.184133598787207,-3.00673445358548,43
"855",0.172224464431699,-3.25287299488591,43
"856",0.528582527650606,-3.25287299488591,43
"857",0.884940590869514,-3.25287299488591,43
"858",1.24129865408842,-3.25287299488591,43
"859",1.59765671730733,-3.25287299488591,43
"860",1.95401478052623,-3.25287299488591,43
"861",-4.816788420633,1.66989783112259,44
"862",-4.46043035741409,1.66989783112259,44
"863",-4.10407229419519,1.66989783112259,44
"864",-3.74771423097628,1.66989783112259,44
"865",-3.39135616775737,1.66989783112259,44
"866",-3.03499810453847,1.66989783112259,44
"867",-2.67864004131956,0.685343665920891,44
"868",-2.32228197810065,-0.545349040581234,44
"869",-1.96592391488174,-1.28376466448251,44
"870",-1.60956585166284,-1.77604174708336,44
"871",-1.25320778844393,-2.26831882968421,44
"872",-0.896849725225022,-2.51445737098463,44
"873",-0.540491662006115,-2.76059591228506,44
"874",-0.184133598787207,-2.76059591228506,44
"875",0.172224464431699,-3.00673445358548,44
"876",0.528582527650606,-3.00673445358548,44
"877",0.884940590869514,-3.00673445358548,44
"878",1.24129865408842,-3.00673445358548,44
"879",1.59765671730733,-3.00673445358548,44
"880",1.95401478052623,-3.00673445358548,44
"881",-4.816788420633,1.66989783112259,45
"882",-4.46043035741409,1.66989783112259,45
"883",-4.10407229419519,1.66989783112259,45
"884",-3.74771423097628,1.66989783112259,45
"885",-3.39135616775737,1.66989783112259,45
"886",-3.03499810453847,1.66989783112259,45
"887",-2.67864004131956,-1.03762612318208,45
"888",-2.32228197810065,-1.77604174708336,45
"889",-1.96592391488174,-2.26831882968421,45
"890",-1.60956585166284,-2.51445737098463,45
"891",-1.25320778844393,-2.76059591228506,45
"892",-0.896849725225022,-3.00673445358548,45
"893",-0.540491662006115,-3.25287299488591,45
"894",-0.184133598787207,-3.25287299488591,45
"895",0.172224464431699,-3.25287299488591,45
"896",0.528582527650606,-3.25287299488591,45
"897",0.884940590869514,-3.25287299488591,45
"898",1.24129865408842,-3.25287299488591,45
"899",1.59765671730733,-3.25287299488591,45
"900",1.95401478052623,-3.25287299488591,45
"901",-4.816788420633,1.66989783112259,46
"902",-4.46043035741409,1.66989783112259,46
"903",-4.10407229419519,1.66989783112259,46
"904",-3.74771423097628,1.66989783112259,46
"905",-3.39135616775737,1.66989783112259,46
"906",-3.03499810453847,1.66989783112259,46
"907",-2.67864004131956,0.439205124620466,46
"908",-2.32228197810065,-0.545349040581234,46
"909",-1.96592391488174,-1.03762612318208,46
"910",-1.60956585166284,-1.28376466448251,46
"911",-1.25320778844393,-1.77604174708336,46
"912",-0.896849725225022,-2.26831882968421,46
"913",-0.540491662006115,-2.76059591228506,46
"914",-0.184133598787207,-3.00673445358548,46
"915",0.172224464431699,-3.25287299488591,46
"916",0.528582527650606,-3.25287299488591,46
"917",0.884940590869514,-3.25287299488591,46
"918",1.24129865408842,-3.25287299488591,46
"919",1.59765671730733,-3.25287299488591,46
"920",1.95401478052623,-3.25287299488591,46
"921",-4.816788420633,1.66989783112259,47
"922",-4.46043035741409,1.66989783112259,47
"923",-4.10407229419519,1.66989783112259,47
"924",-3.74771423097628,1.66989783112259,47
"925",-3.39135616775737,1.66989783112259,47
"926",-3.03499810453847,1.66989783112259,47
"927",-2.67864004131956,-0.791487581881659,47
"928",-2.32228197810065,-1.77604174708336,47
"929",-1.96592391488174,-2.26831882968421,47
"930",-1.60956585166284,-3.00673445358548,47
"931",-1.25320778844393,-3.25287299488591,47
"932",-0.896849725225022,-3.25287299488591,47
"933",-0.540491662006115,-3.25287299488591,47
"934",-0.184133598787207,-3.25287299488591,47
"935",0.172224464431699,-3.25287299488591,47
"936",0.528582527650606,-3.25287299488591,47
"937",0.884940590869514,-3.25287299488591,47
"938",1.24129865408842,-3.25287299488591,47
"939",1.59765671730733,-3.25287299488591,47
"940",1.95401478052623,-3.25287299488591,47
"941",-4.816788420633,1.66989783112259,48
"942",-4.46043035741409,1.66989783112259,48
"943",-4.10407229419519,1.66989783112259,48
"944",-3.74771423097628,1.66989783112259,48
"945",-3.39135616775737,1.66989783112259,48
"946",-3.03499810453847,1.66989783112259,48
"947",-2.67864004131956,-1.28376466448251,48
"948",-2.32228197810065,-2.26831882968421,48
"949",-1.96592391488174,-3.00673445358548,48
"950",-1.60956585166284,-3.25287299488591,48
"951",-1.25320778844393,-3.25287299488591,48
"952",-0.896849725225022,-3.25287299488591,48
"953",-0.540491662006115,-3.25287299488591,48
"954",-0.184133598787207,-3.25287299488591,48
"955",0.172224464431699,-3.25287299488591,48
"956",0.528582527650606,-3.25287299488591,48
"957",0.884940590869514,-3.25287299488591,48
"958",1.24129865408842,-3.25287299488591,48
"959",1.59765671730733,-3.25287299488591,48
"960",1.95401478052623,-3.25287299488591,48
"961",-4.816788420633,1.66989783112259,49
"962",-4.46043035741409,1.66989783112259,49
"963",-4.10407229419519,1.66989783112259,49
"964",-3.74771423097628,1.66989783112259,49
"965",-3.39135616775737,1.66989783112259,49
"966",-3.03499810453847,1.66989783112259,49
"967",-2.67864004131956,0.439205124620466,49
"968",-2.32228197810065,-0.299210499280809,49
"969",-1.96592391488174,-0.791487581881659,49
"970",-1.60956585166284,-1.52990320578293,49
"971",-1.25320778844393,-2.02218028838378,49
"972",-0.896849725225022,-2.51445737098463,49
"973",-0.540491662006115,-3.00673445358548,49
"974",-0.184133598787207,-3.25287299488591,49
"975",0.172224464431699,-3.25287299488591,49
"976",0.528582527650606,-3.25287299488591,49
"977",0.884940590869514,-3.25287299488591,49
"978",1.24129865408842,-3.25287299488591,49
"979",1.59765671730733,-3.25287299488591,49
"980",1.95401478052623,-3.25287299488591,49
"981",-4.816788420633,1.66989783112259,50
"982",-4.46043035741409,1.66989783112259,50
"983",-4.10407229419519,1.66989783112259,50
"984",-3.74771423097628,1.66989783112259,50
"985",-3.39135616775737,1.66989783112259,50
"986",-3.03499810453847,1.66989783112259,50
"987",-2.67864004131956,-2.26831882968421,50
"988",-2.32228197810065,-3.00673445358548,50
"989",-1.96592391488174,-3.25287299488591,50
"990",-1.60956585166284,-3.25287299488591,50
"991",-1.25320778844393,-3.25287299488591,50
"992",-0.896849725225022,-3.25287299488591,50
"993",-0.540491662006115,-3.25287299488591,50
"994",-0.184133598787207,-3.25287299488591,50
"995",0.172224464431699,-3.25287299488591,50
"996",0.528582527650606,-3.25287299488591,50
"997",0.884940590869514,-3.25287299488591,50
"998",1.24129865408842,-3.25287299488591,50
"999",1.59765671730733,-3.25287299488591,50
"1000",1.95401478052623,-3.25287299488591,50
"1001",-4.816788420633,1.66989783112259,51
"1002",-4.46043035741409,1.66989783112259,51
"1003",-4.10407229419519,1.66989783112259,51
"1004",-3.74771423097628,1.66989783112259,51
"1005",-3.39135616775737,1.66989783112259,51
"1006",-3.03499810453847,1.42375928982217,51
"1007",-2.67864004131956,0.931482207221316,51
"1008",-2.32228197810065,0.439205124620466,51
"1009",-1.96592391488174,-0.053071957980384,51
"1010",-1.60956585166284,-0.545349040581234,51
"1011",-1.25320778844393,-1.03762612318208,51
"1012",-0.896849725225022,-1.28376466448251,51
"1013",-0.540491662006115,-1.77604174708336,51
"1014",-0.184133598787207,-2.02218028838378,51
"1015",0.172224464431699,-2.26831882968421,51
"1016",0.528582527650606,-2.26831882968421,51
"1017",0.884940590869514,-2.26831882968421,51
"1018",1.24129865408842,-2.26831882968421,51
"1019",1.59765671730733,-2.26831882968421,51
"1020",1.95401478052623,-2.26831882968421,51
"1021",-4.816788420633,1.66989783112259,52
"1022",-4.46043035741409,1.66989783112259,52
"1023",-4.10407229419519,1.66989783112259,52
"1024",-3.74771423097628,1.66989783112259,52
"1025",-3.39135616775737,1.66989783112259,52
"1026",-3.03499810453847,1.66989783112259,52
"1027",-2.67864004131956,0.685343665920891,52
"1028",-2.32228197810065,0.193066583320041,52
"1029",-1.96592391488174,-0.053071957980384,52
"1030",-1.60956585166284,-0.545349040581234,52
"1031",-1.25320778844393,-1.28376466448251,52
"1032",-0.896849725225022,-1.77604174708336,52
"1033",-0.540491662006115,-2.02218028838378,52
"1034",-0.184133598787207,-2.26831882968421,52
"1035",0.172224464431699,-2.51445737098463,52
"1036",0.528582527650606,-2.51445737098463,52
"1037",0.884940590869514,-2.76059591228506,52
"1038",1.24129865408842,-2.76059591228506,52
"1039",1.59765671730733,-2.76059591228506,52
"1040",1.95401478052623,-2.76059591228506,52
"1041",-4.816788420633,1.66989783112259,53
"1042",-4.46043035741409,1.66989783112259,53
"1043",-4.10407229419519,1.66989783112259,53
"1044",-3.74771423097628,1.66989783112259,53
"1045",-3.39135616775737,1.66989783112259,53
"1046",-3.03499810453847,1.66989783112259,53
"1047",-2.67864004131956,-0.053071957980384,53
"1048",-2.32228197810065,-0.545349040581234,53
"1049",-1.96592391488174,-0.791487581881659,53
"1050",-1.60956585166284,-1.52990320578293,53
"1051",-1.25320778844393,-2.02218028838378,53
"1052",-0.896849725225022,-2.51445737098463,53
"1053",-0.540491662006115,-2.76059591228506,53
"1054",-0.184133598787207,-3.00673445358548,53
"1055",0.172224464431699,-3.00673445358548,53
"1056",0.528582527650606,-3.00673445358548,53
"1057",0.884940590869514,-3.00673445358548,53
"1058",1.24129865408842,-3.00673445358548,53
"1059",1.59765671730733,-3.00673445358548,53
"1060",1.95401478052623,-3.00673445358548,53
"1061",-4.816788420633,1.66989783112259,54
"1062",-4.46043035741409,1.66989783112259,54
"1063",-4.10407229419519,1.66989783112259,54
"1064",-3.74771423097628,1.66989783112259,54
"1065",-3.39135616775737,1.66989783112259,54
"1066",-3.03499810453847,1.66989783112259,54
"1067",-2.67864004131956,0.439205124620466,54
"1068",-2.32228197810065,-0.053071957980384,54
"1069",-1.96592391488174,-0.545349040581234,54
"1070",-1.60956585166284,-0.791487581881659,54
"1071",-1.25320778844393,-1.03762612318208,54
"1072",-0.896849725225022,-1.52990320578293,54
"1073",-0.540491662006115,-1.77604174708336,54
"1074",-0.184133598787207,-2.26831882968421,54
"1075",0.172224464431699,-2.51445737098463,54
"1076",0.528582527650606,-2.51445737098463,54
"1077",0.884940590869514,-2.51445737098463,54
"1078",1.24129865408842,-2.51445737098463,54
"1079",1.59765671730733,-2.51445737098463,54
"1080",1.95401478052623,-2.51445737098463,54
"1081",-4.816788420633,1.66989783112259,55
"1082",-4.46043035741409,1.66989783112259,55
"1083",-4.10407229419519,1.66989783112259,55
"1084",-3.74771423097628,1.66989783112259,55
"1085",-3.39135616775737,1.66989783112259,55
"1086",-3.03499810453847,1.66989783112259,55
"1087",-2.67864004131956,0.685343665920891,55
"1088",-2.32228197810065,0.193066583320041,55
"1089",-1.96592391488174,-0.299210499280809,55
"1090",-1.60956585166284,-0.545349040581234,55
"1091",-1.25320778844393,-1.03762612318208,55
"1092",-0.896849725225022,-1.52990320578293,55
"1093",-0.540491662006115,-2.02218028838378,55
"1094",-0.184133598787207,-2.26831882968421,55
"1095",0.172224464431699,-2.51445737098463,55
"1096",0.528582527650606,-2.76059591228506,55
"1097",0.884940590869514,-2.76059591228506,55
"1098",1.24129865408842,-2.76059591228506,55
"1099",1.59765671730733,-2.76059591228506,55
"1100",1.95401478052623,-2.76059591228506,55
"1101",-4.816788420633,1.66989783112259,56
"1102",-4.46043035741409,1.66989783112259,56
"1103",-4.10407229419519,1.66989783112259,56
"1104",-3.74771423097628,1.66989783112259,56
"1105",-3.39135616775737,1.66989783112259,56
"1106",-3.03499810453847,1.66989783112259,56
"1107",-2.67864004131956,0.439205124620466,56
"1108",-2.32228197810065,-1.03762612318208,56
"1109",-1.96592391488174,-2.26831882968421,56
"1110",-1.60956585166284,-2.76059591228506,56
"1111",-1.25320778844393,-3.00673445358548,56
"1112",-0.896849725225022,-3.00673445358548,56
"1113",-0.540491662006115,-3.00673445358548,56
"1114",-0.184133598787207,-3.25287299488591,56
"1115",0.172224464431699,-3.25287299488591,56
"1116",0.528582527650606,-3.25287299488591,56
"1117",0.884940590869514,-3.25287299488591,56
"1118",1.24129865408842,-3.25287299488591,56
"1119",1.59765671730733,-3.25287299488591,56
"1120",1.95401478052623,-3.25287299488591,56
"1121",-4.816788420633,1.66989783112259,57
"1122",-4.46043035741409,1.66989783112259,57
"1123",-4.10407229419519,1.66989783112259,57
"1124",-3.74771423097628,1.66989783112259,57
"1125",-3.39135616775737,1.66989783112259,57
"1126",-3.03499810453847,1.66989783112259,57
"1127",-2.67864004131956,-2.26831882968421,57
"1128",-2.32228197810065,-3.25287299488591,57
"1129",-1.96592391488174,-3.25287299488591,57
"1130",-1.60956585166284,-3.25287299488591,57
"1131",-1.25320778844393,-3.25287299488591,57
"1132",-0.896849725225022,-3.25287299488591,57
"1133",-0.540491662006115,-3.25287299488591,57
"1134",-0.184133598787207,-3.25287299488591,57
"1135",0.172224464431699,-3.25287299488591,57
"1136",0.528582527650606,-3.25287299488591,57
"1137",0.884940590869514,-3.25287299488591,57
"1138",1.24129865408842,-3.25287299488591,57
"1139",1.59765671730733,-3.25287299488591,57
"1140",1.95401478052623,-3.25287299488591,57
"1141",-4.816788420633,1.66989783112259,58
"1142",-4.46043035741409,1.66989783112259,58
"1143",-4.10407229419519,1.66989783112259,58
"1144",-3.74771423097628,1.66989783112259,58
"1145",-3.39135616775737,1.66989783112259,58
"1146",-3.03499810453847,1.42375928982217,58
"1147",-2.67864004131956,0.685343665920891,58
"1148",-2.32228197810065,-0.053071957980384,58
"1149",-1.96592391488174,-0.791487581881659,58
"1150",-1.60956585166284,-1.52990320578293,58
"1151",-1.25320778844393,-2.02218028838378,58
"1152",-0.896849725225022,-2.51445737098463,58
"1153",-0.540491662006115,-2.76059591228506,58
"1154",-0.184133598787207,-3.00673445358548,58
"1155",0.172224464431699,-3.25287299488591,58
"1156",0.528582527650606,-3.25287299488591,58
"1157",0.884940590869514,-3.25287299488591,58
"1158",1.24129865408842,-3.25287299488591,58
"1159",1.59765671730733,-3.25287299488591,58
"1160",1.95401478052623,-3.25287299488591,58
"1161",-4.816788420633,1.66989783112259,59
"1162",-4.46043035741409,1.66989783112259,59
"1163",-4.10407229419519,1.66989783112259,59
"1164",-3.74771423097628,1.66989783112259,59
"1165",-3.39135616775737,1.66989783112259,59
"1166",-3.03499810453847,1.17762074852174,59
"1167",-2.67864004131956,0.931482207221316,59
"1168",-2.32228197810065,0.685343665920891,59
"1169",-1.96592391488174,0.193066583320041,59
"1170",-1.60956585166284,-1.03762612318208,59
"1171",-1.25320778844393,-2.02218028838378,59
"1172",-0.896849725225022,-2.76059591228506,59
"1173",-0.540491662006115,-3.25287299488591,59
"1174",-0.184133598787207,-3.25287299488591,59
"1175",0.172224464431699,-3.25287299488591,59
"1176",0.528582527650606,-3.25287299488591,59
"1177",0.884940590869514,-3.25287299488591,59
"1178",1.24129865408842,-3.25287299488591,59
"1179",1.59765671730733,-3.25287299488591,59
"1180",1.95401478052623,-3.25287299488591,59
"1181",-4.816788420633,1.66989783112259,60
"1182",-4.46043035741409,1.66989783112259,60
"1183",-4.10407229419519,1.66989783112259,60
"1184",-3.74771423097628,1.66989783112259,60
"1185",-3.39135616775737,1.66989783112259,60
"1186",-3.03499810453847,1.42375928982217,60
"1187",-2.67864004131956,0.685343665920891,60
"1188",-2.32228197810065,-0.791487581881659,60
"1189",-1.96592391488174,-1.03762612318208,60
"1190",-1.60956585166284,-2.02218028838378,60
"1191",-1.25320778844393,-2.76059591228506,60
"1192",-0.896849725225022,-3.00673445358548,60
"1193",-0.540491662006115,-3.25287299488591,60
"1194",-0.184133598787207,-3.25287299488591,60
"1195",0.172224464431699,-3.25287299488591,60
"1196",0.528582527650606,-3.25287299488591,60
"1197",0.884940590869514,-3.25287299488591,60
"1198",1.24129865408842,-3.25287299488591,60
"1199",1.59765671730733,-3.25287299488591,60
"1200",1.95401478052623,-3.25287299488591,60
"1201",-4.816788420633,1.66989783112259,61
"1202",-4.46043035741409,1.66989783112259,61
"1203",-4.10407229419519,1.66989783112259,61
"1204",-3.74771423097628,1.66989783112259,61
"1205",-3.39135616775737,1.66989783112259,61
"1206",-3.03499810453847,1.66989783112259,61
"1207",-2.67864004131956,-1.03762612318208,61
"1208",-2.32228197810065,-1.03762612318208,61
"1209",-1.96592391488174,-1.28376466448251,61
"1210",-1.60956585166284,-1.28376466448251,61
"1211",-1.25320778844393,-1.52990320578293,61
"1212",-0.896849725225022,-2.02218028838378,61
"1213",-0.540491662006115,-2.76059591228506,61
"1214",-0.184133598787207,-3.00673445358548,61
"1215",0.172224464431699,-3.00673445358548,61
"1216",0.528582527650606,-3.00673445358548,61
"1217",0.884940590869514,-3.00673445358548,61
"1218",1.24129865408842,-3.00673445358548,61
"1219",1.59765671730733,-3.00673445358548,61
"1220",1.95401478052623,-3.00673445358548,61
"1221",-4.816788420633,1.66989783112259,62
"1222",-4.46043035741409,1.66989783112259,62
"1223",-4.10407229419519,1.66989783112259,62
"1224",-3.74771423097628,1.66989783112259,62
"1225",-3.39135616775737,1.66989783112259,62
"1226",-3.03499810453847,1.66989783112259,62
"1227",-2.67864004131956,0.439205124620466,62
"1228",-2.32228197810065,-0.053071957980384,62
"1229",-1.96592391488174,-0.299210499280809,62
"1230",-1.60956585166284,-1.03762612318208,62
"1231",-1.25320778844393,-2.02218028838378,62
"1232",-0.896849725225022,-2.76059591228506,62
"1233",-0.540491662006115,-3.25287299488591,62
"1234",-0.184133598787207,-3.25287299488591,62
"1235",0.172224464431699,-3.25287299488591,62
"1236",0.528582527650606,-3.25287299488591,62
"1237",0.884940590869514,-3.25287299488591,62
"1238",1.24129865408842,-3.25287299488591,62
"1239",1.59765671730733,-3.25287299488591,62
"1240",1.95401478052623,-3.25287299488591,62
"1241",-4.816788420633,1.66989783112259,63
"1242",-4.46043035741409,1.66989783112259,63
"1243",-4.10407229419519,1.66989783112259,63
"1244",-3.74771423097628,1.66989783112259,63
"1245",-3.39135616775737,1.66989783112259,63
"1246",-3.03499810453847,1.66989783112259,63
"1247",-2.67864004131956,0.439205124620466,63
"1248",-2.32228197810065,0.193066583320041,63
"1249",-1.96592391488174,-0.053071957980384,63
"1250",-1.60956585166284,-0.545349040581234,63
"1251",-1.25320778844393,-1.03762612318208,63
"1252",-0.896849725225022,-1.52990320578293,63
"1253",-0.540491662006115,-1.77604174708336,63
"1254",-0.184133598787207,-2.26831882968421,63
"1255",0.172224464431699,-2.51445737098463,63
"1256",0.528582527650606,-2.76059591228506,63
"1257",0.884940590869514,-2.76059591228506,63
"1258",1.24129865408842,-3.00673445358548,63
"1259",1.59765671730733,-3.00673445358548,63
"1260",1.95401478052623,-3.00673445358548,63
"1261",-4.816788420633,1.66989783112259,64
"1262",-4.46043035741409,1.66989783112259,64
"1263",-4.10407229419519,1.66989783112259,64
"1264",-3.74771423097628,1.66989783112259,64
"1265",-3.39135616775737,1.66989783112259,64
"1266",-3.03499810453847,1.42375928982217,64
"1267",-2.67864004131956,0.685343665920891,64
"1268",-2.32228197810065,0.193066583320041,64
"1269",-1.96592391488174,-0.299210499280809,64
"1270",-1.60956585166284,-1.28376466448251,64
"1271",-1.25320778844393,-2.26831882968421,64
"1272",-0.896849725225022,-2.76059591228506,64
"1273",-0.540491662006115,-3.25287299488591,64
"1274",-0.184133598787207,-3.25287299488591,64
"1275",0.172224464431699,-3.25287299488591,64
"1276",0.528582527650606,-3.25287299488591,64
"1277",0.884940590869514,-3.25287299488591,64
"1278",1.24129865408842,-3.25287299488591,64
"1279",1.59765671730733,-3.25287299488591,64
"1280",1.95401478052623,-3.25287299488591,64
"1281",-4.816788420633,1.66989783112259,65
"1282",-4.46043035741409,1.66989783112259,65
"1283",-4.10407229419519,1.66989783112259,65
"1284",-3.74771423097628,1.66989783112259,65
"1285",-3.39135616775737,1.66989783112259,65
"1286",-3.03499810453847,1.66989783112259,65
"1287",-2.67864004131956,0.685343665920891,65
"1288",-2.32228197810065,-0.053071957980384,65
"1289",-1.96592391488174,-0.545349040581234,65
"1290",-1.60956585166284,-1.03762612318208,65
"1291",-1.25320778844393,-1.52990320578293,65
"1292",-0.896849725225022,-1.77604174708336,65
"1293",-0.540491662006115,-2.02218028838378,65
"1294",-0.184133598787207,-2.26831882968421,65
"1295",0.172224464431699,-2.51445737098463,65
"1296",0.528582527650606,-2.51445737098463,65
"1297",0.884940590869514,-2.76059591228506,65
"1298",1.24129865408842,-2.76059591228506,65
"1299",1.59765671730733,-2.76059591228506,65
"1300",1.95401478052623,-2.76059591228506,65
"1301",-4.816788420633,1.66989783112259,66
"1302",-4.46043035741409,1.66989783112259,66
"1303",-4.10407229419519,1.66989783112259,66
"1304",-3.74771423097628,1.66989783112259,66
"1305",-3.39135616775737,1.66989783112259,66
"1306",-3.03499810453847,1.66989783112259,66
"1307",-2.67864004131956,-0.053071957980384,66
"1308",-2.32228197810065,-1.03762612318208,66
"1309",-1.96592391488174,-1.52990320578293,66
"1310",-1.60956585166284,-2.02218028838378,66
"1311",-1.25320778844393,-2.26831882968421,66
"1312",-0.896849725225022,-2.51445737098463,66
"1313",-0.540491662006115,-2.51445737098463,66
"1314",-0.184133598787207,-2.76059591228506,66
"1315",0.172224464431699,-2.76059591228506,66
"1316",0.528582527650606,-2.76059591228506,66
"1317",0.884940590869514,-3.00673445358548,66
"1318",1.24129865408842,-3.00673445358548,66
"1319",1.59765671730733,-3.00673445358548,66
"1320",1.95401478052623,-3.00673445358548,66
"1321",-4.816788420633,1.66989783112259,67
"1322",-4.46043035741409,1.66989783112259,67
"1323",-4.10407229419519,1.66989783112259,67
"1324",-3.74771423097628,1.66989783112259,67
"1325",-3.39135616775737,1.66989783112259,67
"1326",-3.03499810453847,1.66989783112259,67
"1327",-2.67864004131956,-0.545349040581234,67
"1328",-2.32228197810065,-1.77604174708336,67
"1329",-1.96592391488174,-2.51445737098463,67
"1330",-1.60956585166284,-3.00673445358548,67
"1331",-1.25320778844393,-3.25287299488591,67
"1332",-0.896849725225022,-3.25287299488591,67
"1333",-0.540491662006115,-3.25287299488591,67
"1334",-0.184133598787207,-3.25287299488591,67
"1335",0.172224464431699,-3.25287299488591,67
"1336",0.528582527650606,-3.25287299488591,67
"1337",0.884940590869514,-3.25287299488591,67
"1338",1.24129865408842,-3.25287299488591,67
"1339",1.59765671730733,-3.25287299488591,67
"1340",1.95401478052623,-3.25287299488591,67
"1341",-4.816788420633,1.66989783112259,68
"1342",-4.46043035741409,1.66989783112259,68
"1343",-4.10407229419519,1.66989783112259,68
"1344",-3.74771423097628,1.66989783112259,68
"1345",-3.39135616775737,1.66989783112259,68
"1346",-3.03499810453847,1.42375928982217,68
"1347",-2.67864004131956,0.685343665920891,68
"1348",-2.32228197810065,-1.28376466448251,68
"1349",-1.96592391488174,-1.77604174708336,68
"1350",-1.60956585166284,-2.51445737098463,68
"1351",-1.25320778844393,-3.25287299488591,68
"1352",-0.896849725225022,-3.25287299488591,68
"1353",-0.540491662006115,-3.25287299488591,68
"1354",-0.184133598787207,-3.25287299488591,68
"1355",0.172224464431699,-3.25287299488591,68
"1356",0.528582527650606,-3.25287299488591,68
"1357",0.884940590869514,-3.25287299488591,68
"1358",1.24129865408842,-3.25287299488591,68
"1359",1.59765671730733,-3.25287299488591,68
"1360",1.95401478052623,-3.25287299488591,68
"1361",-4.816788420633,1.66989783112259,69
"1362",-4.46043035741409,1.66989783112259,69
"1363",-4.10407229419519,1.66989783112259,69
"1364",-3.74771423097628,1.66989783112259,69
"1365",-3.39135616775737,1.66989783112259,69
"1366",-3.03499810453847,1.66989783112259,69
"1367",-2.67864004131956,-0.299210499280809,69
"1368",-2.32228197810065,-0.791487581881659,69
"1369",-1.96592391488174,-0.791487581881659,69
"1370",-1.60956585166284,-1.03762612318208,69
"1371",-1.25320778844393,-1.52990320578293,69
"1372",-0.896849725225022,-2.26831882968421,69
"1373",-0.540491662006115,-2.76059591228506,69
"1374",-0.184133598787207,-3.00673445358548,69
"1375",0.172224464431699,-3.25287299488591,69
"1376",0.528582527650606,-3.25287299488591,69
"1377",0.884940590869514,-3.25287299488591,69
"1378",1.24129865408842,-3.25287299488591,69
"1379",1.59765671730733,-3.25287299488591,69
"1380",1.95401478052623,-3.25287299488591,69
"1381",-4.816788420633,1.66989783112259,70
"1382",-4.46043035741409,1.66989783112259,70
"1383",-4.10407229419519,1.66989783112259,70
"1384",-3.74771423097628,1.66989783112259,70
"1385",-3.39135616775737,1.66989783112259,70
"1386",-3.03499810453847,1.66989783112259,70
"1387",-2.67864004131956,-0.053071957980384,70
"1388",-2.32228197810065,-1.28376466448251,70
"1389",-1.96592391488174,-2.26831882968421,70
"1390",-1.60956585166284,-3.00673445358548,70
"1391",-1.25320778844393,-3.25287299488591,70
"1392",-0.896849725225022,-3.25287299488591,70
"1393",-0.540491662006115,-3.25287299488591,70
"1394",-0.184133598787207,-3.25287299488591,70
"1395",0.172224464431699,-3.25287299488591,70
"1396",0.528582527650606,-3.25287299488591,70
"1397",0.884940590869514,-3.25287299488591,70
"1398",1.24129865408842,-3.25287299488591,70
"1399",1.59765671730733,-3.25287299488591,70
"1400",1.95401478052623,-3.25287299488591,70
"1401",-4.816788420633,1.66989783112259,71
"1402",-4.46043035741409,1.66989783112259,71
"1403",-4.10407229419519,1.66989783112259,71
"1404",-3.74771423097628,1.66989783112259,71
"1405",-3.39135616775737,1.66989783112259,71
"1406",-3.03499810453847,1.66989783112259,71
"1407",-2.67864004131956,0.439205124620466,71
"1408",-2.32228197810065,-0.545349040581234,71
"1409",-1.96592391488174,-1.52990320578293,71
"1410",-1.60956585166284,-2.26831882968421,71
"1411",-1.25320778844393,-2.76059591228506,71
"1412",-0.896849725225022,-3.00673445358548,71
"1413",-0.540491662006115,-3.25287299488591,71
"1414",-0.184133598787207,-3.25287299488591,71
"1415",0.172224464431699,-3.25287299488591,71
"1416",0.528582527650606,-3.25287299488591,71
"1417",0.884940590869514,-3.25287299488591,71
"1418",1.24129865408842,-3.25287299488591,71
"1419",1.59765671730733,-3.25287299488591,71
"1420",1.95401478052623,-3.25287299488591,71
"1421",-4.816788420633,1.66989783112259,72
"1422",-4.46043035741409,1.66989783112259,72
"1423",-4.10407229419519,1.66989783112259,72
"1424",-3.74771423097628,1.66989783112259,72
"1425",-3.39135616775737,1.66989783112259,72
"1426",-3.03499810453847,1.66989783112259,72
"1427",-2.67864004131956,-1.28376466448251,72
"1428",-2.32228197810065,-2.02218028838378,72
"1429",-1.96592391488174,-2.26831882968421,72
"1430",-1.60956585166284,-2.51445737098463,72
"1431",-1.25320778844393,-2.76059591228506,72
"1432",-0.896849725225022,-2.76059591228506,72
"1433",-0.540491662006115,-2.76059591228506,72
"1434",-0.184133598787207,-3.00673445358548,72
"1435",0.172224464431699,-3.00673445358548,72
"1436",0.528582527650606,-3.00673445358548,72
"1437",0.884940590869514,-3.00673445358548,72
"1438",1.24129865408842,-3.00673445358548,72
"1439",1.59765671730733,-3.00673445358548,72
"1440",1.95401478052623,-3.00673445358548,72
"1441",-4.816788420633,1.66989783112259,73
"1442",-4.46043035741409,1.66989783112259,73
"1443",-4.10407229419519,1.66989783112259,73
"1444",-3.74771423097628,1.66989783112259,73
"1445",-3.39135616775737,1.66989783112259,73
"1446",-3.03499810453847,1.66989783112259,73
"1447",-2.67864004131956,-0.299210499280809,73
"1448",-2.32228197810065,-1.03762612318208,73
"1449",-1.96592391488174,-1.52990320578293,73
"1450",-1.60956585166284,-1.77604174708336,73
"1451",-1.25320778844393,-2.51445737098463,73
"1452",-0.896849725225022,-3.00673445358548,73
"1453",-0.540491662006115,-3.25287299488591,73
"1454",-0.184133598787207,-3.25287299488591,73
"1455",0.172224464431699,-3.25287299488591,73
"1456",0.528582527650606,-3.25287299488591,73
"1457",0.884940590869514,-3.25287299488591,73
"1458",1.24129865408842,-3.25287299488591,73
"1459",1.59765671730733,-3.25287299488591,73
"1460",1.95401478052623,-3.25287299488591,73
"1461",-4.816788420633,1.66989783112259,74
"1462",-4.46043035741409,1.66989783112259,74
"1463",-4.10407229419519,1.66989783112259,74
"1464",-3.74771423097628,1.66989783112259,74
"1465",-3.39135616775737,1.66989783112259,74
"1466",-3.03499810453847,1.66989783112259,74
"1467",-2.67864004131956,0.685343665920891,74
"1468",-2.32228197810065,-0.053071957980384,74
"1469",-1.96592391488174,-0.791487581881659,74
"1470",-1.60956585166284,-1.52990320578293,74
"1471",-1.25320778844393,-2.02218028838378,74
"1472",-0.896849725225022,-2.51445737098463,74
"1473",-0.540491662006115,-3.00673445358548,74
"1474",-0.184133598787207,-3.25287299488591,74
"1475",0.172224464431699,-3.25287299488591,74
"1476",0.528582527650606,-3.25287299488591,74
"1477",0.884940590869514,-3.25287299488591,74
"1478",1.24129865408842,-3.25287299488591,74
"1479",1.59765671730733,-3.25287299488591,74
"1480",1.95401478052623,-3.25287299488591,74
"1481",-4.816788420633,1.66989783112259,75
"1482",-4.46043035741409,1.66989783112259,75
"1483",-4.10407229419519,1.66989783112259,75
"1484",-3.74771423097628,1.66989783112259,75
"1485",-3.39135616775737,1.66989783112259,75
"1486",-3.03499810453847,1.66989783112259,75
"1487",-2.67864004131956,-1.28376466448251,75
"1488",-2.32228197810065,-2.02218028838378,75
"1489",-1.96592391488174,-2.51445737098463,75
"1490",-1.60956585166284,-2.76059591228506,75
"1491",-1.25320778844393,-3.25287299488591,75
"1492",-0.896849725225022,-3.25287299488591,75
"1493",-0.540491662006115,-3.25287299488591,75
"1494",-0.184133598787207,-3.25287299488591,75
"1495",0.172224464431699,-3.25287299488591,75
"1496",0.528582527650606,-3.25287299488591,75
"1497",0.884940590869514,-3.25287299488591,75
"1498",1.24129865408842,-3.25287299488591,75
"1499",1.59765671730733,-3.25287299488591,75
"1500",1.95401478052623,-3.25287299488591,75
"1501",-4.816788420633,1.66989783112259,76
"1502",-4.46043035741409,1.66989783112259,76
"1503",-4.10407229419519,1.66989783112259,76
"1504",-3.74771423097628,1.66989783112259,76
"1505",-3.39135616775737,1.66989783112259,76
"1506",-3.03499810453847,1.66989783112259,76
"1507",-2.67864004131956,0.193066583320041,76
"1508",-2.32228197810065,-0.791487581881659,76
"1509",-1.96592391488174,-1.03762612318208,76
"1510",-1.60956585166284,-3.25287299488591,76
"1511",-1.25320778844393,-3.25287299488591,76
"1512",-0.896849725225022,-3.25287299488591,76
"1513",-0.540491662006115,-3.25287299488591,76
"1514",-0.184133598787207,-3.25287299488591,76
"1515",0.172224464431699,-3.25287299488591,76
"1516",0.528582527650606,-3.25287299488591,76
"1517",0.884940590869514,-3.25287299488591,76
"1518",1.24129865408842,-3.25287299488591,76
"1519",1.59765671730733,-3.25287299488591,76
"1520",1.95401478052623,-3.25287299488591,76
"1521",-4.816788420633,1.66989783112259,77
"1522",-4.46043035741409,1.66989783112259,77
"1523",-4.10407229419519,1.66989783112259,77
"1524",-3.74771423097628,1.66989783112259,77
"1525",-3.39135616775737,1.66989783112259,77
"1526",-3.03499810453847,1.66989783112259,77
"1527",-2.67864004131956,-0.299210499280809,77
"1528",-2.32228197810065,-0.791487581881659,77
"1529",-1.96592391488174,-1.77604174708336,77
"1530",-1.60956585166284,-2.02218028838378,77
"1531",-1.25320778844393,-2.02218028838378,77
"1532",-0.896849725225022,-2.26831882968421,77
"1533",-0.540491662006115,-2.51445737098463,77
"1534",-0.184133598787207,-2.76059591228506,77
"1535",0.172224464431699,-2.76059591228506,77
"1536",0.528582527650606,-2.76059591228506,77
"1537",0.884940590869514,-2.76059591228506,77
"1538",1.24129865408842,-2.76059591228506,77
"1539",1.59765671730733,-2.76059591228506,77
"1540",1.95401478052623,-2.76059591228506,77
"1541",-4.816788420633,1.66989783112259,78
"1542",-4.46043035741409,1.66989783112259,78
"1543",-4.10407229419519,1.66989783112259,78
"1544",-3.74771423097628,1.66989783112259,78
"1545",-3.39135616775737,1.66989783112259,78
"1546",-3.03499810453847,1.66989783112259,78
"1547",-2.67864004131956,0.685343665920891,78
"1548",-2.32228197810065,-0.299210499280809,78
"1549",-1.96592391488174,-0.545349040581234,78
"1550",-1.60956585166284,-1.03762612318208,78
"1551",-1.25320778844393,-1.52990320578293,78
"1552",-0.896849725225022,-2.02218028838378,78
"1553",-0.540491662006115,-2.51445737098463,78
"1554",-0.184133598787207,-2.76059591228506,78
"1555",0.172224464431699,-3.00673445358548,78
"1556",0.528582527650606,-3.00673445358548,78
"1557",0.884940590869514,-3.00673445358548,78
"1558",1.24129865408842,-3.00673445358548,78
"1559",1.59765671730733,-3.00673445358548,78
"1560",1.95401478052623,-3.00673445358548,78
"1561",-4.816788420633,1.66989783112259,79
"1562",-4.46043035741409,1.66989783112259,79
"1563",-4.10407229419519,1.66989783112259,79
"1564",-3.74771423097628,1.66989783112259,79
"1565",-3.39135616775737,1.66989783112259,79
"1566",-3.03499810453847,1.66989783112259,79
"1567",-2.67864004131956,-0.299210499280809,79
"1568",-2.32228197810065,-1.03762612318208,79
"1569",-1.96592391488174,-1.28376466448251,79
"1570",-1.60956585166284,-1.52990320578293,79
"1571",-1.25320778844393,-1.77604174708336,79
"1572",-0.896849725225022,-2.26831882968421,79
"1573",-0.540491662006115,-2.51445737098463,79
"1574",-0.184133598787207,-2.76059591228506,79
"1575",0.172224464431699,-2.76059591228506,79
"1576",0.528582527650606,-2.76059591228506,79
"1577",0.884940590869514,-3.00673445358548,79
"1578",1.24129865408842,-3.00673445358548,79
"1579",1.59765671730733,-3.00673445358548,79
"1580",1.95401478052623,-3.00673445358548,79
"1581",-4.816788420633,1.66989783112259,80
"1582",-4.46043035741409,1.66989783112259,80
"1583",-4.10407229419519,1.66989783112259,80
"1584",-3.74771423097628,1.66989783112259,80
"1585",-3.39135616775737,1.66989783112259,80
"1586",-3.03499810453847,1.66989783112259,80
"1587",-2.67864004131956,-0.791487581881659,80
"1588",-2.32228197810065,-2.02218028838378,80
"1589",-1.96592391488174,-2.76059591228506,80
"1590",-1.60956585166284,-3.25287299488591,80
"1591",-1.25320778844393,-3.25287299488591,80
"1592",-0.896849725225022,-3.25287299488591,80
"1593",-0.540491662006115,-3.25287299488591,80
"1594",-0.184133598787207,-3.25287299488591,80
"1595",0.172224464431699,-3.25287299488591,80
"1596",0.528582527650606,-3.25287299488591,80
"1597",0.884940590869514,-3.25287299488591,80
"1598",1.24129865408842,-3.25287299488591,80
"1599",1.59765671730733,-3.25287299488591,80
"1600",1.95401478052623,-3.25287299488591,80
"1601",-4.816788420633,1.66989783112259,81
"1602",-4.46043035741409,1.66989783112259,81
"1603",-4.10407229419519,1.66989783112259,81
"1604",-3.74771423097628,1.66989783112259,81
"1605",-3.39135616775737,1.66989783112259,81
"1606",-3.03499810453847,1.66989783112259,81
"1607",-2.67864004131956,-0.791487581881659,81
"1608",-2.32228197810065,-2.26831882968421,81
"1609",-1.96592391488174,-3.00673445358548,81
"1610",-1.60956585166284,-3.25287299488591,81
"1611",-1.25320778844393,-3.25287299488591,81
"1612",-0.896849725225022,-3.25287299488591,81
"1613",-0.540491662006115,-3.25287299488591,81
"1614",-0.184133598787207,-3.25287299488591,81
"1615",0.172224464431699,-3.25287299488591,81
"1616",0.528582527650606,-3.25287299488591,81
"1617",0.884940590869514,-3.25287299488591,81
"1618",1.24129865408842,-3.25287299488591,81
"1619",1.59765671730733,-3.25287299488591,81
"1620",1.95401478052623,-3.25287299488591,81
"1621",-4.816788420633,1.66989783112259,82
"1622",-4.46043035741409,1.66989783112259,82
"1623",-4.10407229419519,1.66989783112259,82
"1624",-3.74771423097628,1.66989783112259,82
"1625",-3.39135616775737,1.66989783112259,82
"1626",-3.03499810453847,1.42375928982217,82
"1627",-2.67864004131956,0.931482207221316,82
"1628",-2.32228197810065,0.439205124620466,82
"1629",-1.96592391488174,-0.545349040581234,82
"1630",-1.60956585166284,-2.26831882968421,82
"1631",-1.25320778844393,-3.00673445358548,82
"1632",-0.896849725225022,-3.25287299488591,82
"1633",-0.540491662006115,-3.25287299488591,82
"1634",-0.184133598787207,-3.25287299488591,82
"1635",0.172224464431699,-3.25287299488591,82
"1636",0.528582527650606,-3.25287299488591,82
"1637",0.884940590869514,-3.25287299488591,82
"1638",1.24129865408842,-3.25287299488591,82
"1639",1.59765671730733,-3.25287299488591,82
"1640",1.95401478052623,-3.25287299488591,82
"1641",-4.816788420633,1.66989783112259,83
"1642",-4.46043035741409,1.66989783112259,83
"1643",-4.10407229419519,1.66989783112259,83
"1644",-3.74771423097628,1.66989783112259,83
"1645",-3.39135616775737,1.66989783112259,83
"1646",-3.03499810453847,1.17762074852174,83
"1647",-2.67864004131956,0.931482207221316,83
"1648",-2.32228197810065,0.439205124620466,83
"1649",-1.96592391488174,0.193066583320041,83
"1650",-1.60956585166284,-0.791487581881659,83
"1651",-1.25320778844393,-1.52990320578293,83
"1652",-0.896849725225022,-2.26831882968421,83
"1653",-0.540491662006115,-2.51445737098463,83
"1654",-0.184133598787207,-2.76059591228506,83
"1655",0.172224464431699,-2.76059591228506,83
"1656",0.528582527650606,-3.00673445358548,83
"1657",0.884940590869514,-3.00673445358548,83
"1658",1.24129865408842,-3.00673445358548,83
"1659",1.59765671730733,-3.00673445358548,83
"1660",1.95401478052623,-3.00673445358548,83
"1661",-4.816788420633,1.66989783112259,84
"1662",-4.46043035741409,1.66989783112259,84
"1663",-4.10407229419519,1.66989783112259,84
"1664",-3.74771423097628,1.66989783112259,84
"1665",-3.39135616775737,1.66989783112259,84
"1666",-3.03499810453847,1.42375928982217,84
"1667",-2.67864004131956,0.931482207221316,84
"1668",-2.32228197810065,0.193066583320041,84
"1669",-1.96592391488174,-0.299210499280809,84
"1670",-1.60956585166284,-1.03762612318208,84
"1671",-1.25320778844393,-1.77604174708336,84
"1672",-0.896849725225022,-2.26831882968421,84
"1673",-0.540491662006115,-2.76059591228506,84
"1674",-0.184133598787207,-2.76059591228506,84
"1675",0.172224464431699,-2.76059591228506,84
"1676",0.528582527650606,-2.76059591228506,84
"1677",0.884940590869514,-2.76059591228506,84
"1678",1.24129865408842,-2.76059591228506,84
"1679",1.59765671730733,-2.76059591228506,84
"1680",1.95401478052623,-3.00673445358548,84
"1681",-4.816788420633,1.66989783112259,85
"1682",-4.46043035741409,1.66989783112259,85
"1683",-4.10407229419519,1.66989783112259,85
"1684",-3.74771423097628,1.66989783112259,85
"1685",-3.39135616775737,1.66989783112259,85
"1686",-3.03499810453847,1.42375928982217,85
"1687",-2.67864004131956,0.685343665920891,85
"1688",-2.32228197810065,-1.77604174708336,85
"1689",-1.96592391488174,-2.02218028838378,85
"1690",-1.60956585166284,-2.26831882968421,85
"1691",-1.25320778844393,-2.51445737098463,85
"1692",-0.896849725225022,-3.25287299488591,85
"1693",-0.540491662006115,-3.25287299488591,85
"1694",-0.184133598787207,-3.25287299488591,85
"1695",0.172224464431699,-3.25287299488591,85
"1696",0.528582527650606,-3.25287299488591,85
"1697",0.884940590869514,-3.25287299488591,85
"1698",1.24129865408842,-3.25287299488591,85
"1699",1.59765671730733,-3.25287299488591,85
"1700",1.95401478052623,-3.25287299488591,85
"1701",-4.816788420633,1.66989783112259,86
"1702",-4.46043035741409,1.66989783112259,86
"1703",-4.10407229419519,1.66989783112259,86
"1704",-3.74771423097628,1.66989783112259,86
"1705",-3.39135616775737,1.66989783112259,86
"1706",-3.03499810453847,1.66989783112259,86
"1707",-2.67864004131956,-0.545349040581234,86
"1708",-2.32228197810065,-1.28376466448251,86
"1709",-1.96592391488174,-1.52990320578293,86
"1710",-1.60956585166284,-2.02218028838378,86
"1711",-1.25320778844393,-2.02218028838378,86
"1712",-0.896849725225022,-2.26831882968421,86
"1713",-0.540491662006115,-2.51445737098463,86
"1714",-0.184133598787207,-2.76059591228506,86
"1715",0.172224464431699,-2.76059591228506,86
"1716",0.528582527650606,-3.00673445358548,86
"1717",0.884940590869514,-3.25287299488591,86
"1718",1.24129865408842,-3.25287299488591,86
"1719",1.59765671730733,-3.25287299488591,86
"1720",1.95401478052623,-3.25287299488591,86
"1721",-4.816788420633,1.66989783112259,87
"1722",-4.46043035741409,1.66989783112259,87
"1723",-4.10407229419519,1.66989783112259,87
"1724",-3.74771423097628,1.66989783112259,87
"1725",-3.39135616775737,1.66989783112259,87
"1726",-3.03499810453847,1.66989783112259,87
"1727",-2.67864004131956,-0.053071957980384,87
"1728",-2.32228197810065,-1.03762612318208,87
"1729",-1.96592391488174,-1.77604174708336,87
"1730",-1.60956585166284,-2.26831882968421,87
"1731",-1.25320778844393,-2.76059591228506,87
"1732",-0.896849725225022,-3.00673445358548,87
"1733",-0.540491662006115,-3.25287299488591,87
"1734",-0.184133598787207,-3.25287299488591,87
"1735",0.172224464431699,-3.25287299488591,87
"1736",0.528582527650606,-3.25287299488591,87
"1737",0.884940590869514,-3.25287299488591,87
"1738",1.24129865408842,-3.25287299488591,87
"1739",1.59765671730733,-3.25287299488591,87
"1740",1.95401478052623,-3.25287299488591,87
"1741",-4.816788420633,1.66989783112259,88
"1742",-4.46043035741409,1.66989783112259,88
"1743",-4.10407229419519,1.66989783112259,88
"1744",-3.74771423097628,1.66989783112259,88
"1745",-3.39135616775737,1.66989783112259,88
"1746",-3.03499810453847,1.66989783112259,88
"1747",-2.67864004131956,0.685343665920891,88
"1748",-2.32228197810065,0.193066583320041,88
"1749",-1.96592391488174,-1.28376466448251,88
"1750",-1.60956585166284,-2.51445737098463,88
"1751",-1.25320778844393,-3.00673445358548,88
"1752",-0.896849725225022,-3.25287299488591,88
"1753",-0.540491662006115,-3.25287299488591,88
"1754",-0.184133598787207,-3.25287299488591,88
"1755",0.172224464431699,-3.25287299488591,88
"1756",0.528582527650606,-3.25287299488591,88
"1757",0.884940590869514,-3.25287299488591,88
"1758",1.24129865408842,-3.25287299488591,88
"1759",1.59765671730733,-3.25287299488591,88
"1760",1.95401478052623,-3.25287299488591,88
"1761",-4.816788420633,1.66989783112259,89
"1762",-4.46043035741409,1.66989783112259,89
"1763",-4.10407229419519,1.66989783112259,89
"1764",-3.74771423097628,1.66989783112259,89
"1765",-3.39135616775737,1.66989783112259,89
"1766",-3.03499810453847,1.66989783112259,89
"1767",-2.67864004131956,-1.52990320578293,89
"1768",-2.32228197810065,-2.76059591228506,89
"1769",-1.96592391488174,-3.25287299488591,89
"1770",-1.60956585166284,-3.25287299488591,89
"1771",-1.25320778844393,-3.25287299488591,89
"1772",-0.896849725225022,-3.25287299488591,89
"1773",-0.540491662006115,-3.25287299488591,89
"1774",-0.184133598787207,-3.25287299488591,89
"1775",0.172224464431699,-3.25287299488591,89
"1776",0.528582527650606,-3.25287299488591,89
"1777",0.884940590869514,-3.25287299488591,89
"1778",1.24129865408842,-3.25287299488591,89
"1779",1.59765671730733,-3.25287299488591,89
"1780",1.95401478052623,-3.25287299488591,89
"1781",-4.816788420633,1.66989783112259,90
"1782",-4.46043035741409,1.66989783112259,90
"1783",-4.10407229419519,1.66989783112259,90
"1784",-3.74771423097628,1.66989783112259,90
"1785",-3.39135616775737,1.66989783112259,90
"1786",-3.03499810453847,1.66989783112259,90
"1787",-2.67864004131956,0.931482207221316,90
"1788",-2.32228197810065,0.685343665920891,90
"1789",-1.96592391488174,-0.053071957980384,90
"1790",-1.60956585166284,-1.03762612318208,90
"1791",-1.25320778844393,-1.52990320578293,90
"1792",-0.896849725225022,-2.02218028838378,90
"1793",-0.540491662006115,-2.26831882968421,90
"1794",-0.184133598787207,-2.51445737098463,90
"1795",0.172224464431699,-2.76059591228506,90
"1796",0.528582527650606,-3.00673445358548,90
"1797",0.884940590869514,-3.00673445358548,90
"1798",1.24129865408842,-3.00673445358548,90
"1799",1.59765671730733,-3.00673445358548,90
"1800",1.95401478052623,-3.00673445358548,90
"1801",-4.816788420633,1.66989783112259,91
"1802",-4.46043035741409,1.66989783112259,91
"1803",-4.10407229419519,1.66989783112259,91
"1804",-3.74771423097628,1.66989783112259,91
"1805",-3.39135616775737,1.66989783112259,91
"1806",-3.03499810453847,1.66989783112259,91
"1807",-2.67864004131956,0.685343665920891,91
"1808",-2.32228197810065,-0.053071957980384,91
"1809",-1.96592391488174,-0.791487581881659,91
"1810",-1.60956585166284,-1.52990320578293,91
"1811",-1.25320778844393,-2.26831882968421,91
"1812",-0.896849725225022,-2.76059591228506,91
"1813",-0.540491662006115,-3.00673445358548,91
"1814",-0.184133598787207,-3.25287299488591,91
"1815",0.172224464431699,-3.25287299488591,91
"1816",0.528582527650606,-3.25287299488591,91
"1817",0.884940590869514,-3.25287299488591,91
"1818",1.24129865408842,-3.25287299488591,91
"1819",1.59765671730733,-3.25287299488591,91
"1820",1.95401478052623,-3.25287299488591,91
"1821",-4.816788420633,1.66989783112259,92
"1822",-4.46043035741409,1.66989783112259,92
"1823",-4.10407229419519,1.66989783112259,92
"1824",-3.74771423097628,1.66989783112259,92
"1825",-3.39135616775737,1.66989783112259,92
"1826",-3.03499810453847,1.66989783112259,92
"1827",-2.67864004131956,-0.053071957980384,92
"1828",-2.32228197810065,-1.03762612318208,92
"1829",-1.96592391488174,-1.77604174708336,92
"1830",-1.60956585166284,-2.51445737098463,92
"1831",-1.25320778844393,-2.76059591228506,92
"1832",-0.896849725225022,-3.00673445358548,92
"1833",-0.540491662006115,-3.00673445358548,92
"1834",-0.184133598787207,-3.00673445358548,92
"1835",0.172224464431699,-3.00673445358548,92
"1836",0.528582527650606,-3.25287299488591,92
"1837",0.884940590869514,-3.25287299488591,92
"1838",1.24129865408842,-3.25287299488591,92
"1839",1.59765671730733,-3.25287299488591,92
"1840",1.95401478052623,-3.25287299488591,92
"1841",-4.816788420633,1.66989783112259,93
"1842",-4.46043035741409,1.66989783112259,93
"1843",-4.10407229419519,1.66989783112259,93
"1844",-3.74771423097628,1.66989783112259,93
"1845",-3.39135616775737,1.66989783112259,93
"1846",-3.03499810453847,1.66989783112259,93
"1847",-2.67864004131956,-0.053071957980384,93
"1848",-2.32228197810065,-0.545349040581234,93
"1849",-1.96592391488174,-0.791487581881659,93
"1850",-1.60956585166284,-1.03762612318208,93
"1851",-1.25320778844393,-3.25287299488591,93
"1852",-0.896849725225022,-3.25287299488591,93
"1853",-0.540491662006115,-3.25287299488591,93
"1854",-0.184133598787207,-3.25287299488591,93
"1855",0.172224464431699,-3.25287299488591,93
"1856",0.528582527650606,-3.25287299488591,93
"1857",0.884940590869514,-3.25287299488591,93
"1858",1.24129865408842,-3.25287299488591,93
"1859",1.59765671730733,-3.25287299488591,93
"1860",1.95401478052623,-3.25287299488591,93
"1861",-4.816788420633,1.66989783112259,94
"1862",-4.46043035741409,1.66989783112259,94
"1863",-4.10407229419519,1.66989783112259,94
"1864",-3.74771423097628,1.66989783112259,94
"1865",-3.39135616775737,1.66989783112259,94
"1866",-3.03499810453847,1.66989783112259,94
"1867",-2.67864004131956,0.685343665920891,94
"1868",-2.32228197810065,-0.053071957980384,94
"1869",-1.96592391488174,-0.299210499280809,94
"1870",-1.60956585166284,-0.791487581881659,94
"1871",-1.25320778844393,-2.02218028838378,94
"1872",-0.896849725225022,-2.76059591228506,94
"1873",-0.540491662006115,-3.25287299488591,94
"1874",-0.184133598787207,-3.25287299488591,94
"1875",0.172224464431699,-3.25287299488591,94
"1876",0.528582527650606,-3.25287299488591,94
"1877",0.884940590869514,-3.25287299488591,94
"1878",1.24129865408842,-3.25287299488591,94
"1879",1.59765671730733,-3.25287299488591,94
"1880",1.95401478052623,-3.25287299488591,94
"1881",-4.816788420633,1.66989783112259,95
"1882",-4.46043035741409,1.66989783112259,95
"1883",-4.10407229419519,1.66989783112259,95
"1884",-3.74771423097628,1.66989783112259,95
"1885",-3.39135616775737,1.66989783112259,95
"1886",-3.03499810453847,1.66989783112259,95
"1887",-2.67864004131956,0.439205124620466,95
"1888",-2.32228197810065,-1.03762612318208,95
"1889",-1.96592391488174,-2.26831882968421,95
"1890",-1.60956585166284,-2.76059591228506,95
"1891",-1.25320778844393,-3.00673445358548,95
"1892",-0.896849725225022,-3.00673445358548,95
"1893",-0.540491662006115,-3.00673445358548,95
"1894",-0.184133598787207,-3.00673445358548,95
"1895",0.172224464431699,-3.25287299488591,95
"1896",0.528582527650606,-3.25287299488591,95
"1897",0.884940590869514,-3.25287299488591,95
"1898",1.24129865408842,-3.25287299488591,95
"1899",1.59765671730733,-3.25287299488591,95
"1900",1.95401478052623,-3.25287299488591,95
"1901",-4.816788420633,1.66989783112259,96
"1902",-4.46043035741409,1.66989783112259,96
"1903",-4.10407229419519,1.66989783112259,96
"1904",-3.74771423097628,1.66989783112259,96
"1905",-3.39135616775737,1.66989783112259,96
"1906",-3.03499810453847,1.66989783112259,96
"1907",-2.67864004131956,0.685343665920891,96
"1908",-2.32228197810065,0.193066583320041,96
"1909",-1.96592391488174,-0.053071957980384,96
"1910",-1.60956585166284,-0.545349040581234,96
"1911",-1.25320778844393,-0.791487581881659,96
"1912",-0.896849725225022,-1.28376466448251,96
"1913",-0.540491662006115,-2.02218028838378,96
"1914",-0.184133598787207,-2.26831882968421,96
"1915",0.172224464431699,-2.26831882968421,96
"1916",0.528582527650606,-2.26831882968421,96
"1917",0.884940590869514,-2.26831882968421,96
"1918",1.24129865408842,-2.26831882968421,96
"1919",1.59765671730733,-2.26831882968421,96
"1920",1.95401478052623,-2.26831882968421,96
"1921",-4.816788420633,1.66989783112259,97
"1922",-4.46043035741409,1.66989783112259,97
"1923",-4.10407229419519,1.66989783112259,97
"1924",-3.74771423097628,1.66989783112259,97
"1925",-3.39135616775737,1.66989783112259,97
"1926",-3.03499810453847,1.66989783112259,97
"1927",-2.67864004131956,0.439205124620466,97
"1928",-2.32228197810065,-0.053071957980384,97
"1929",-1.96592391488174,-0.545349040581234,97
"1930",-1.60956585166284,-1.03762612318208,97
"1931",-1.25320778844393,-1.52990320578293,97
"1932",-0.896849725225022,-1.77604174708336,97
"1933",-0.540491662006115,-2.26831882968421,97
"1934",-0.184133598787207,-2.51445737098463,97
"1935",0.172224464431699,-2.76059591228506,97
"1936",0.528582527650606,-2.76059591228506,97
"1937",0.884940590869514,-2.76059591228506,97
"1938",1.24129865408842,-2.76059591228506,97
"1939",1.59765671730733,-2.76059591228506,97
"1940",1.95401478052623,-2.76059591228506,97
"1941",-4.816788420633,1.66989783112259,98
"1942",-4.46043035741409,1.66989783112259,98
"1943",-4.10407229419519,1.66989783112259,98
"1944",-3.74771423097628,1.66989783112259,98
"1945",-3.39135616775737,1.66989783112259,98
"1946",-3.03499810453847,1.66989783112259,98
"1947",-2.67864004131956,-1.03762612318208,98
"1948",-2.32228197810065,-1.77604174708336,98
"1949",-1.96592391488174,-2.02218028838378,98
"1950",-1.60956585166284,-2.26831882968421,98
"1951",-1.25320778844393,-3.00673445358548,98
"1952",-0.896849725225022,-3.25287299488591,98
"1953",-0.540491662006115,-3.25287299488591,98
"1954",-0.184133598787207,-3.25287299488591,98
"1955",0.172224464431699,-3.25287299488591,98
"1956",0.528582527650606,-3.25287299488591,98
"1957",0.884940590869514,-3.25287299488591,98
"1958",1.24129865408842,-3.25287299488591,98
"1959",1.59765671730733,-3.25287299488591,98
"1960",1.95401478052623,-3.25287299488591,98
"1961",-4.816788420633,1.66989783112259,99
"1962",-4.46043035741409,1.66989783112259,99
"1963",-4.10407229419519,1.66989783112259,99
"1964",-3.74771423097628,1.66989783112259,99
"1965",-3.39135616775737,1.66989783112259,99
"1966",-3.03499810453847,1.66989783112259,99
"1967",-2.67864004131956,0.685343665920891,99
"1968",-2.32228197810065,0.193066583320041,99
"1969",-1.96592391488174,-0.299210499280809,99
"1970",-1.60956585166284,-0.791487581881659,99
"1971",-1.25320778844393,-1.52990320578293,99
"1972",-0.896849725225022,-2.26831882968421,99
"1973",-0.540491662006115,-2.76059591228506,99
"1974",-0.184133598787207,-3.00673445358548,99
"1975",0.172224464431699,-3.00673445358548,99
"1976",0.528582527650606,-3.25287299488591,99
"1977",0.884940590869514,-3.25287299488591,99
"1978",1.24129865408842,-3.25287299488591,99
"1979",1.59765671730733,-3.25287299488591,99
"1980",1.95401478052623,-3.25287299488591,99
"1981",-4.816788420633,1.66989783112259,100
"1982",-4.46043035741409,1.66989783112259,100
"1983",-4.10407229419519,1.66989783112259,100
"1984",-3.74771423097628,1.66989783112259,100
"1985",-3.39135616775737,1.66989783112259,100
"1986",-3.03499810453847,1.66989783112259,100
"1987",-2.67864004131956,0.193066583320041,100
"1988",-2.32228197810065,-0.545349040581234,100
"1989",-1.96592391488174,-0.791487581881659,100
"1990",-1.60956585166284,-1.52990320578293,100
"1991",-1.25320778844393,-2.26831882968421,100
"1992",-0.896849725225022,-2.76059591228506,100
"1993",-0.540491662006115,-3.00673445358548,100
"1994",-0.184133598787207,-3.25287299488591,100
"1995",0.172224464431699,-3.25287299488591,100
"1996",0.528582527650606,-3.25287299488591,100
"1997",0.884940590869514,-3.25287299488591,100
"1998",1.24129865408842,-3.25287299488591,100
"1999",1.59765671730733,-3.25287299488591,100
"2000",1.95401478052623,-3.25287299488591,100
