"","x","y","sample"
"1",-6.57447179334042,2.06225125799654,1
"2",-6.11991537773779,2.06225125799654,1
"3",-5.66535896213515,2.06225125799654,1
"4",-5.21080254653252,2.06225125799654,1
"5",-4.75624613092989,2.06225125799654,1
"6",-4.30168971532726,-2.14238329430922,1
"7",-3.84713329972463,-2.7892501485101,1
"8",-3.392576884122,-3.11268357561055,1
"9",-2.93802046851936,-3.11268357561055,1
"10",-2.48346405291673,-3.11268357561055,1
"11",-2.0289076373141,-3.11268357561055,1
"12",-1.57435122171147,-3.11268357561055,1
"13",-1.11979480610884,-3.11268357561055,1
"14",-0.665238390506206,-3.11268357561055,1
"15",-0.210681974903573,-3.11268357561055,1
"16",0.243874440699059,-3.43611700271099,1
"17",0.69843085630169,-3.43611700271099,1
"18",1.15298727190432,-3.43611700271099,1
"19",1.60754368750695,-3.43611700271099,1
"20",2.06210010310959,-3.43611700271099,1
"21",-6.57447179334042,2.06225125799654,2
"22",-6.11991537773779,2.06225125799654,2
"23",-5.66535896213515,2.06225125799654,2
"24",-5.21080254653252,2.06225125799654,2
"25",-4.75624613092989,2.06225125799654,2
"26",-4.30168971532726,-1.17208301300789,2
"27",-3.84713329972463,-1.49551644010833,2
"28",-3.392576884122,-2.46581672140966,2
"29",-2.93802046851936,-3.75955042981143,2
"30",-2.48346405291673,-4.40641728401232,2
"31",-2.0289076373141,-4.40641728401232,2
"32",-1.57435122171147,-4.40641728401232,2
"33",-1.11979480610884,-4.40641728401232,2
"34",-0.665238390506206,-4.40641728401232,2
"35",-0.210681974903573,-4.40641728401232,2
"36",0.243874440699059,-4.40641728401232,2
"37",0.69843085630169,-4.40641728401232,2
"38",1.15298727190432,-4.40641728401232,2
"39",1.60754368750695,-4.40641728401232,2
"40",2.06210010310959,-4.40641728401232,2
"41",-6.57447179334042,2.06225125799654,3
"42",-6.11991537773779,2.06225125799654,3
"43",-5.66535896213515,2.06225125799654,3
"44",-5.21080254653252,2.06225125799654,3
"45",-4.75624613092989,2.06225125799654,3
"46",-4.30168971532726,-2.14238329430922,3
"47",-3.84713329972463,-3.11268357561055,3
"48",-3.392576884122,-3.43611700271099,3
"49",-2.93802046851936,-3.75955042981143,3
"50",-2.48346405291673,-4.08298385691187,3
"51",-2.0289076373141,-4.40641728401232,3
"52",-1.57435122171147,-4.40641728401232,3
"53",-1.11979480610884,-4.40641728401232,3
"54",-0.665238390506206,-4.40641728401232,3
"55",-0.210681974903573,-4.40641728401232,3
"56",0.243874440699059,-4.40641728401232,3
"57",0.69843085630169,-4.40641728401232,3
"58",1.15298727190432,-4.40641728401232,3
"59",1.60754368750695,-4.40641728401232,3
"60",2.06210010310959,-4.40641728401232,3
"61",-6.57447179334042,2.06225125799654,4
"62",-6.11991537773779,2.06225125799654,4
"63",-5.66535896213515,2.06225125799654,4
"64",-5.21080254653252,2.06225125799654,4
"65",-4.75624613092989,2.06225125799654,4
"66",-4.30168971532726,-4.40641728401232,4
"67",-3.84713329972463,-4.40641728401232,4
"68",-3.392576884122,-4.40641728401232,4
"69",-2.93802046851936,-4.40641728401232,4
"70",-2.48346405291673,-4.40641728401232,4
"71",-2.0289076373141,-4.40641728401232,4
"72",-1.57435122171147,-4.40641728401232,4
"73",-1.11979480610884,-4.40641728401232,4
"74",-0.665238390506206,-4.40641728401232,4
"75",-0.210681974903573,-4.40641728401232,4
"76",0.243874440699059,-4.40641728401232,4
"77",0.69843085630169,-4.40641728401232,4
"78",1.15298727190432,-4.40641728401232,4
"79",1.60754368750695,-4.40641728401232,4
"80",2.06210010310959,-4.40641728401232,4
"81",-6.57447179334042,2.06225125799654,5
"82",-6.11991537773779,2.06225125799654,5
"83",-5.66535896213515,2.06225125799654,5
"84",-5.21080254653252,2.06225125799654,5
"85",-4.75624613092989,2.06225125799654,5
"86",-4.30168971532726,-1.81894986720877,5
"87",-3.84713329972463,-2.46581672140966,5
"88",-3.392576884122,-2.7892501485101,5
"89",-2.93802046851936,-3.11268357561055,5
"90",-2.48346405291673,-3.43611700271099,5
"91",-2.0289076373141,-3.43611700271099,5
"92",-1.57435122171147,-3.75955042981143,5
"93",-1.11979480610884,-4.40641728401232,5
"94",-0.665238390506206,-4.40641728401232,5
"95",-0.210681974903573,-4.40641728401232,5
"96",0.243874440699059,-4.40641728401232,5
"97",0.69843085630169,-4.40641728401232,5
"98",1.15298727190432,-4.40641728401232,5
"99",1.60754368750695,-4.40641728401232,5
"100",2.06210010310959,-4.40641728401232,5
"101",-6.57447179334042,2.06225125799654,6
"102",-6.11991537773779,2.06225125799654,6
"103",-5.66535896213515,2.06225125799654,6
"104",-5.21080254653252,2.06225125799654,6
"105",-4.75624613092989,2.06225125799654,6
"106",-4.30168971532726,-3.43611700271099,6
"107",-3.84713329972463,-4.08298385691187,6
"108",-3.392576884122,-4.08298385691187,6
"109",-2.93802046851936,-4.08298385691187,6
"110",-2.48346405291673,-4.08298385691187,6
"111",-2.0289076373141,-4.08298385691187,6
"112",-1.57435122171147,-4.08298385691187,6
"113",-1.11979480610884,-4.08298385691187,6
"114",-0.665238390506206,-4.08298385691187,6
"115",-0.210681974903573,-4.08298385691187,6
"116",0.243874440699059,-4.08298385691187,6
"117",0.69843085630169,-4.08298385691187,6
"118",1.15298727190432,-4.08298385691187,6
"119",1.60754368750695,-4.08298385691187,6
"120",2.06210010310959,-4.08298385691187,6
"121",-6.57447179334042,2.06225125799654,7
"122",-6.11991537773779,2.06225125799654,7
"123",-5.66535896213515,2.06225125799654,7
"124",-5.21080254653252,2.06225125799654,7
"125",-4.75624613092989,2.06225125799654,7
"126",-4.30168971532726,-2.14238329430922,7
"127",-3.84713329972463,-2.46581672140966,7
"128",-3.392576884122,-2.7892501485101,7
"129",-2.93802046851936,-2.7892501485101,7
"130",-2.48346405291673,-2.7892501485101,7
"131",-2.0289076373141,-2.7892501485101,7
"132",-1.57435122171147,-2.7892501485101,7
"133",-1.11979480610884,-2.7892501485101,7
"134",-0.665238390506206,-2.7892501485101,7
"135",-0.210681974903573,-2.7892501485101,7
"136",0.243874440699059,-2.7892501485101,7
"137",0.69843085630169,-3.11268357561055,7
"138",1.15298727190432,-3.43611700271099,7
"139",1.60754368750695,-3.75955042981143,7
"140",2.06210010310959,-3.75955042981143,7
"141",-6.57447179334042,2.06225125799654,8
"142",-6.11991537773779,2.06225125799654,8
"143",-5.66535896213515,2.06225125799654,8
"144",-5.21080254653252,2.06225125799654,8
"145",-4.75624613092989,2.06225125799654,8
"146",-4.30168971532726,-1.17208301300789,8
"147",-3.84713329972463,-1.49551644010833,8
"148",-3.392576884122,-1.49551644010833,8
"149",-2.93802046851936,-1.49551644010833,8
"150",-2.48346405291673,-1.81894986720877,8
"151",-2.0289076373141,-1.81894986720877,8
"152",-1.57435122171147,-1.81894986720877,8
"153",-1.11979480610884,-1.81894986720877,8
"154",-0.665238390506206,-2.14238329430922,8
"155",-0.210681974903573,-2.46581672140966,8
"156",0.243874440699059,-2.7892501485101,8
"157",0.69843085630169,-2.7892501485101,8
"158",1.15298727190432,-3.11268357561055,8
"159",1.60754368750695,-3.11268357561055,8
"160",2.06210010310959,-3.11268357561055,8
"161",-6.57447179334042,2.06225125799654,9
"162",-6.11991537773779,2.06225125799654,9
"163",-5.66535896213515,2.06225125799654,9
"164",-5.21080254653252,2.06225125799654,9
"165",-4.75624613092989,2.06225125799654,9
"166",-4.30168971532726,-1.81894986720877,9
"167",-3.84713329972463,-2.14238329430922,9
"168",-3.392576884122,-2.14238329430922,9
"169",-2.93802046851936,-2.14238329430922,9
"170",-2.48346405291673,-2.46581672140966,9
"171",-2.0289076373141,-2.46581672140966,9
"172",-1.57435122171147,-2.46581672140966,9
"173",-1.11979480610884,-2.7892501485101,9
"174",-0.665238390506206,-2.7892501485101,9
"175",-0.210681974903573,-2.7892501485101,9
"176",0.243874440699059,-2.7892501485101,9
"177",0.69843085630169,-2.7892501485101,9
"178",1.15298727190432,-2.7892501485101,9
"179",1.60754368750695,-3.11268357561055,9
"180",2.06210010310959,-3.11268357561055,9
"181",-6.57447179334042,2.06225125799654,10
"182",-6.11991537773779,2.06225125799654,10
"183",-5.66535896213515,2.06225125799654,10
"184",-5.21080254653252,2.06225125799654,10
"185",-4.75624613092989,2.06225125799654,10
"186",-4.30168971532726,-1.17208301300789,10
"187",-3.84713329972463,-1.49551644010833,10
"188",-3.392576884122,-1.49551644010833,10
"189",-2.93802046851936,-1.49551644010833,10
"190",-2.48346405291673,-1.81894986720877,10
"191",-2.0289076373141,-1.81894986720877,10
"192",-1.57435122171147,-1.81894986720877,10
"193",-1.11979480610884,-1.81894986720877,10
"194",-0.665238390506206,-1.81894986720877,10
"195",-0.210681974903573,-1.81894986720877,10
"196",0.243874440699059,-2.14238329430922,10
"197",0.69843085630169,-2.14238329430922,10
"198",1.15298727190432,-2.14238329430922,10
"199",1.60754368750695,-2.46581672140966,10
"200",2.06210010310959,-2.46581672140966,10
"201",-6.57447179334042,2.06225125799654,11
"202",-6.11991537773779,2.06225125799654,11
"203",-5.66535896213515,2.06225125799654,11
"204",-5.21080254653252,2.06225125799654,11
"205",-4.75624613092989,2.06225125799654,11
"206",-4.30168971532726,-2.14238329430922,11
"207",-3.84713329972463,-2.46581672140966,11
"208",-3.392576884122,-2.46581672140966,11
"209",-2.93802046851936,-2.46581672140966,11
"210",-2.48346405291673,-2.7892501485101,11
"211",-2.0289076373141,-3.43611700271099,11
"212",-1.57435122171147,-4.40641728401232,11
"213",-1.11979480610884,-4.40641728401232,11
"214",-0.665238390506206,-4.40641728401232,11
"215",-0.210681974903573,-4.40641728401232,11
"216",0.243874440699059,-4.40641728401232,11
"217",0.69843085630169,-4.40641728401232,11
"218",1.15298727190432,-4.40641728401232,11
"219",1.60754368750695,-4.40641728401232,11
"220",2.06210010310959,-4.40641728401232,11
"221",-6.57447179334042,2.06225125799654,12
"222",-6.11991537773779,2.06225125799654,12
"223",-5.66535896213515,2.06225125799654,12
"224",-5.21080254653252,2.06225125799654,12
"225",-4.75624613092989,2.06225125799654,12
"226",-4.30168971532726,-1.49551644010833,12
"227",-3.84713329972463,-1.81894986720877,12
"228",-3.392576884122,-2.14238329430922,12
"229",-2.93802046851936,-2.14238329430922,12
"230",-2.48346405291673,-2.14238329430922,12
"231",-2.0289076373141,-3.11268357561055,12
"232",-1.57435122171147,-4.08298385691187,12
"233",-1.11979480610884,-4.40641728401232,12
"234",-0.665238390506206,-4.40641728401232,12
"235",-0.210681974903573,-4.40641728401232,12
"236",0.243874440699059,-4.40641728401232,12
"237",0.69843085630169,-4.40641728401232,12
"238",1.15298727190432,-4.40641728401232,12
"239",1.60754368750695,-4.40641728401232,12
"240",2.06210010310959,-4.40641728401232,12
"241",-6.57447179334042,2.06225125799654,13
"242",-6.11991537773779,2.06225125799654,13
"243",-5.66535896213515,2.06225125799654,13
"244",-5.21080254653252,2.06225125799654,13
"245",-4.75624613092989,2.06225125799654,13
"246",-4.30168971532726,-1.49551644010833,13
"247",-3.84713329972463,-2.14238329430922,13
"248",-3.392576884122,-2.46581672140966,13
"249",-2.93802046851936,-2.7892501485101,13
"250",-2.48346405291673,-2.7892501485101,13
"251",-2.0289076373141,-3.11268357561055,13
"252",-1.57435122171147,-4.08298385691187,13
"253",-1.11979480610884,-4.40641728401232,13
"254",-0.665238390506206,-4.40641728401232,13
"255",-0.210681974903573,-4.40641728401232,13
"256",0.243874440699059,-4.40641728401232,13
"257",0.69843085630169,-4.40641728401232,13
"258",1.15298727190432,-4.40641728401232,13
"259",1.60754368750695,-4.40641728401232,13
"260",2.06210010310959,-4.40641728401232,13
"261",-6.57447179334042,2.06225125799654,14
"262",-6.11991537773779,2.06225125799654,14
"263",-5.66535896213515,2.06225125799654,14
"264",-5.21080254653252,2.06225125799654,14
"265",-4.75624613092989,2.06225125799654,14
"266",-4.30168971532726,-2.14238329430922,14
"267",-3.84713329972463,-2.7892501485101,14
"268",-3.392576884122,-3.11268357561055,14
"269",-2.93802046851936,-3.11268357561055,14
"270",-2.48346405291673,-3.11268357561055,14
"271",-2.0289076373141,-3.43611700271099,14
"272",-1.57435122171147,-3.43611700271099,14
"273",-1.11979480610884,-3.43611700271099,14
"274",-0.665238390506206,-3.43611700271099,14
"275",-0.210681974903573,-3.43611700271099,14
"276",0.243874440699059,-3.43611700271099,14
"277",0.69843085630169,-3.43611700271099,14
"278",1.15298727190432,-3.75955042981143,14
"279",1.60754368750695,-3.75955042981143,14
"280",2.06210010310959,-3.75955042981143,14
"281",-6.57447179334042,2.06225125799654,15
"282",-6.11991537773779,2.06225125799654,15
"283",-5.66535896213515,2.06225125799654,15
"284",-5.21080254653252,0.76851754959477,15
"285",-4.75624613092989,-0.201782731706559,15
"286",-4.30168971532726,-0.848649585907445,15
"287",-3.84713329972463,-1.49551644010833,15
"288",-3.392576884122,-2.14238329430922,15
"289",-2.93802046851936,-2.46581672140966,15
"290",-2.48346405291673,-2.7892501485101,15
"291",-2.0289076373141,-2.7892501485101,15
"292",-1.57435122171147,-3.11268357561055,15
"293",-1.11979480610884,-4.40641728401232,15
"294",-0.665238390506206,-4.40641728401232,15
"295",-0.210681974903573,-4.40641728401232,15
"296",0.243874440699059,-4.40641728401232,15
"297",0.69843085630169,-4.40641728401232,15
"298",1.15298727190432,-4.40641728401232,15
"299",1.60754368750695,-4.40641728401232,15
"300",2.06210010310959,-4.40641728401232,15
"301",-6.57447179334042,2.06225125799654,16
"302",-6.11991537773779,2.06225125799654,16
"303",-5.66535896213515,2.06225125799654,16
"304",-5.21080254653252,2.06225125799654,16
"305",-4.75624613092989,2.06225125799654,16
"306",-4.30168971532726,-1.49551644010833,16
"307",-3.84713329972463,-2.14238329430922,16
"308",-3.392576884122,-2.46581672140966,16
"309",-2.93802046851936,-2.7892501485101,16
"310",-2.48346405291673,-2.7892501485101,16
"311",-2.0289076373141,-3.11268357561055,16
"312",-1.57435122171147,-3.11268357561055,16
"313",-1.11979480610884,-3.43611700271099,16
"314",-0.665238390506206,-3.43611700271099,16
"315",-0.210681974903573,-3.43611700271099,16
"316",0.243874440699059,-3.43611700271099,16
"317",0.69843085630169,-3.43611700271099,16
"318",1.15298727190432,-3.43611700271099,16
"319",1.60754368750695,-3.43611700271099,16
"320",2.06210010310959,-3.43611700271099,16
"321",-6.57447179334042,2.06225125799654,17
"322",-6.11991537773779,2.06225125799654,17
"323",-5.66535896213515,2.06225125799654,17
"324",-5.21080254653252,2.06225125799654,17
"325",-4.75624613092989,2.06225125799654,17
"326",-4.30168971532726,-2.46581672140966,17
"327",-3.84713329972463,-3.43611700271099,17
"328",-3.392576884122,-4.08298385691187,17
"329",-2.93802046851936,-4.40641728401232,17
"330",-2.48346405291673,-4.40641728401232,17
"331",-2.0289076373141,-4.40641728401232,17
"332",-1.57435122171147,-4.40641728401232,17
"333",-1.11979480610884,-4.40641728401232,17
"334",-0.665238390506206,-4.40641728401232,17
"335",-0.210681974903573,-4.40641728401232,17
"336",0.243874440699059,-4.40641728401232,17
"337",0.69843085630169,-4.40641728401232,17
"338",1.15298727190432,-4.40641728401232,17
"339",1.60754368750695,-4.40641728401232,17
"340",2.06210010310959,-4.40641728401232,17
"341",-6.57447179334042,2.06225125799654,18
"342",-6.11991537773779,2.06225125799654,18
"343",-5.66535896213515,2.06225125799654,18
"344",-5.21080254653252,2.06225125799654,18
"345",-4.75624613092989,2.06225125799654,18
"346",-4.30168971532726,-1.81894986720877,18
"347",-3.84713329972463,-3.11268357561055,18
"348",-3.392576884122,-3.75955042981143,18
"349",-2.93802046851936,-4.08298385691187,18
"350",-2.48346405291673,-4.40641728401232,18
"351",-2.0289076373141,-4.40641728401232,18
"352",-1.57435122171147,-4.40641728401232,18
"353",-1.11979480610884,-4.40641728401232,18
"354",-0.665238390506206,-4.40641728401232,18
"355",-0.210681974903573,-4.40641728401232,18
"356",0.243874440699059,-4.40641728401232,18
"357",0.69843085630169,-4.40641728401232,18
"358",1.15298727190432,-4.40641728401232,18
"359",1.60754368750695,-4.40641728401232,18
"360",2.06210010310959,-4.40641728401232,18
"361",-6.57447179334042,2.06225125799654,19
"362",-6.11991537773779,2.06225125799654,19
"363",-5.66535896213515,2.06225125799654,19
"364",-5.21080254653252,2.06225125799654,19
"365",-4.75624613092989,2.06225125799654,19
"366",-4.30168971532726,-1.49551644010833,19
"367",-3.84713329972463,-3.43611700271099,19
"368",-3.392576884122,-3.75955042981143,19
"369",-2.93802046851936,-4.08298385691187,19
"370",-2.48346405291673,-4.08298385691187,19
"371",-2.0289076373141,-4.08298385691187,19
"372",-1.57435122171147,-4.40641728401232,19
"373",-1.11979480610884,-4.40641728401232,19
"374",-0.665238390506206,-4.40641728401232,19
"375",-0.210681974903573,-4.40641728401232,19
"376",0.243874440699059,-4.40641728401232,19
"377",0.69843085630169,-4.40641728401232,19
"378",1.15298727190432,-4.40641728401232,19
"379",1.60754368750695,-4.40641728401232,19
"380",2.06210010310959,-4.40641728401232,19
"381",-6.57447179334042,2.06225125799654,20
"382",-6.11991537773779,2.06225125799654,20
"383",-5.66535896213515,2.06225125799654,20
"384",-5.21080254653252,2.06225125799654,20
"385",-4.75624613092989,2.06225125799654,20
"386",-4.30168971532726,-1.49551644010833,20
"387",-3.84713329972463,-2.14238329430922,20
"388",-3.392576884122,-2.7892501485101,20
"389",-2.93802046851936,-3.11268357561055,20
"390",-2.48346405291673,-3.11268357561055,20
"391",-2.0289076373141,-3.43611700271099,20
"392",-1.57435122171147,-3.43611700271099,20
"393",-1.11979480610884,-3.43611700271099,20
"394",-0.665238390506206,-3.75955042981143,20
"395",-0.210681974903573,-3.75955042981143,20
"396",0.243874440699059,-3.75955042981143,20
"397",0.69843085630169,-3.75955042981143,20
"398",1.15298727190432,-3.75955042981143,20
"399",1.60754368750695,-3.75955042981143,20
"400",2.06210010310959,-3.75955042981143,20
"401",-6.57447179334042,2.06225125799654,21
"402",-6.11991537773779,2.06225125799654,21
"403",-5.66535896213515,2.06225125799654,21
"404",-5.21080254653252,2.06225125799654,21
"405",-4.75624613092989,2.06225125799654,21
"406",-4.30168971532726,-1.49551644010833,21
"407",-3.84713329972463,-2.14238329430922,21
"408",-3.392576884122,-2.7892501485101,21
"409",-2.93802046851936,-3.11268357561055,21
"410",-2.48346405291673,-3.11268357561055,21
"411",-2.0289076373141,-3.43611700271099,21
"412",-1.57435122171147,-3.43611700271099,21
"413",-1.11979480610884,-3.43611700271099,21
"414",-0.665238390506206,-3.43611700271099,21
"415",-0.210681974903573,-3.43611700271099,21
"416",0.243874440699059,-3.75955042981143,21
"417",0.69843085630169,-3.75955042981143,21
"418",1.15298727190432,-3.75955042981143,21
"419",1.60754368750695,-3.75955042981143,21
"420",2.06210010310959,-3.75955042981143,21
"421",-6.57447179334042,2.06225125799654,22
"422",-6.11991537773779,2.06225125799654,22
"423",-5.66535896213515,2.06225125799654,22
"424",-5.21080254653252,2.06225125799654,22
"425",-4.75624613092989,1.09195097669521,22
"426",-4.30168971532726,-1.49551644010833,22
"427",-3.84713329972463,-2.14238329430922,22
"428",-3.392576884122,-2.7892501485101,22
"429",-2.93802046851936,-3.11268357561055,22
"430",-2.48346405291673,-3.43611700271099,22
"431",-2.0289076373141,-3.75955042981143,22
"432",-1.57435122171147,-4.08298385691187,22
"433",-1.11979480610884,-4.08298385691187,22
"434",-0.665238390506206,-4.40641728401232,22
"435",-0.210681974903573,-4.40641728401232,22
"436",0.243874440699059,-4.40641728401232,22
"437",0.69843085630169,-4.40641728401232,22
"438",1.15298727190432,-4.40641728401232,22
"439",1.60754368750695,-4.40641728401232,22
"440",2.06210010310959,-4.40641728401232,22
"441",-6.57447179334042,2.06225125799654,23
"442",-6.11991537773779,2.06225125799654,23
"443",-5.66535896213515,2.06225125799654,23
"444",-5.21080254653252,2.06225125799654,23
"445",-4.75624613092989,2.06225125799654,23
"446",-4.30168971532726,-1.49551644010833,23
"447",-3.84713329972463,-2.46581672140966,23
"448",-3.392576884122,-2.7892501485101,23
"449",-2.93802046851936,-3.11268357561055,23
"450",-2.48346405291673,-3.43611700271099,23
"451",-2.0289076373141,-3.75955042981143,23
"452",-1.57435122171147,-3.75955042981143,23
"453",-1.11979480610884,-4.08298385691187,23
"454",-0.665238390506206,-4.08298385691187,23
"455",-0.210681974903573,-4.08298385691187,23
"456",0.243874440699059,-4.08298385691187,23
"457",0.69843085630169,-4.08298385691187,23
"458",1.15298727190432,-4.08298385691187,23
"459",1.60754368750695,-4.08298385691187,23
"460",2.06210010310959,-4.08298385691187,23
"461",-6.57447179334042,2.06225125799654,24
"462",-6.11991537773779,2.06225125799654,24
"463",-5.66535896213515,2.06225125799654,24
"464",-5.21080254653252,2.06225125799654,24
"465",-4.75624613092989,2.06225125799654,24
"466",-4.30168971532726,-3.11268357561055,24
"467",-3.84713329972463,-3.75955042981143,24
"468",-3.392576884122,-4.08298385691187,24
"469",-2.93802046851936,-4.40641728401232,24
"470",-2.48346405291673,-4.40641728401232,24
"471",-2.0289076373141,-4.40641728401232,24
"472",-1.57435122171147,-4.40641728401232,24
"473",-1.11979480610884,-4.40641728401232,24
"474",-0.665238390506206,-4.40641728401232,24
"475",-0.210681974903573,-4.40641728401232,24
"476",0.243874440699059,-4.40641728401232,24
"477",0.69843085630169,-4.40641728401232,24
"478",1.15298727190432,-4.40641728401232,24
"479",1.60754368750695,-4.40641728401232,24
"480",2.06210010310959,-4.40641728401232,24
"481",-6.57447179334042,2.06225125799654,25
"482",-6.11991537773779,2.06225125799654,25
"483",-5.66535896213515,2.06225125799654,25
"484",-5.21080254653252,2.06225125799654,25
"485",-4.75624613092989,2.06225125799654,25
"486",-4.30168971532726,-2.46581672140966,25
"487",-3.84713329972463,-2.7892501485101,25
"488",-3.392576884122,-2.7892501485101,25
"489",-2.93802046851936,-2.7892501485101,25
"490",-2.48346405291673,-2.7892501485101,25
"491",-2.0289076373141,-2.7892501485101,25
"492",-1.57435122171147,-3.11268357561055,25
"493",-1.11979480610884,-3.11268357561055,25
"494",-0.665238390506206,-3.11268357561055,25
"495",-0.210681974903573,-3.11268357561055,25
"496",0.243874440699059,-3.11268357561055,25
"497",0.69843085630169,-3.43611700271099,25
"498",1.15298727190432,-3.43611700271099,25
"499",1.60754368750695,-3.43611700271099,25
"500",2.06210010310959,-3.75955042981143,25
"501",-6.57447179334042,2.06225125799654,26
"502",-6.11991537773779,2.06225125799654,26
"503",-5.66535896213515,2.06225125799654,26
"504",-5.21080254653252,2.06225125799654,26
"505",-4.75624613092989,2.06225125799654,26
"506",-4.30168971532726,-2.14238329430922,26
"507",-3.84713329972463,-2.7892501485101,26
"508",-3.392576884122,-3.11268357561055,26
"509",-2.93802046851936,-3.11268357561055,26
"510",-2.48346405291673,-3.43611700271099,26
"511",-2.0289076373141,-3.43611700271099,26
"512",-1.57435122171147,-3.43611700271099,26
"513",-1.11979480610884,-3.43611700271099,26
"514",-0.665238390506206,-3.43611700271099,26
"515",-0.210681974903573,-3.43611700271099,26
"516",0.243874440699059,-3.43611700271099,26
"517",0.69843085630169,-3.43611700271099,26
"518",1.15298727190432,-3.43611700271099,26
"519",1.60754368750695,-3.43611700271099,26
"520",2.06210010310959,-3.43611700271099,26
"521",-6.57447179334042,2.06225125799654,27
"522",-6.11991537773779,2.06225125799654,27
"523",-5.66535896213515,2.06225125799654,27
"524",-5.21080254653252,2.06225125799654,27
"525",-4.75624613092989,-0.201782731706559,27
"526",-4.30168971532726,-0.525216158807002,27
"527",-3.84713329972463,-0.848649585907445,27
"528",-3.392576884122,-0.848649585907445,27
"529",-2.93802046851936,-1.49551644010833,27
"530",-2.48346405291673,-2.46581672140966,27
"531",-2.0289076373141,-3.11268357561055,27
"532",-1.57435122171147,-3.43611700271099,27
"533",-1.11979480610884,-3.75955042981143,27
"534",-0.665238390506206,-4.08298385691187,27
"535",-0.210681974903573,-4.08298385691187,27
"536",0.243874440699059,-4.08298385691187,27
"537",0.69843085630169,-4.08298385691187,27
"538",1.15298727190432,-4.08298385691187,27
"539",1.60754368750695,-4.08298385691187,27
"540",2.06210010310959,-4.08298385691187,27
"541",-6.57447179334042,2.06225125799654,28
"542",-6.11991537773779,2.06225125799654,28
"543",-5.66535896213515,2.06225125799654,28
"544",-5.21080254653252,2.06225125799654,28
"545",-4.75624613092989,2.06225125799654,28
"546",-4.30168971532726,-1.17208301300789,28
"547",-3.84713329972463,-1.81894986720877,28
"548",-3.392576884122,-2.14238329430922,28
"549",-2.93802046851936,-2.46581672140966,28
"550",-2.48346405291673,-2.7892501485101,28
"551",-2.0289076373141,-2.7892501485101,28
"552",-1.57435122171147,-2.7892501485101,28
"553",-1.11979480610884,-3.11268357561055,28
"554",-0.665238390506206,-3.11268357561055,28
"555",-0.210681974903573,-3.75955042981143,28
"556",0.243874440699059,-4.08298385691187,28
"557",0.69843085630169,-4.40641728401232,28
"558",1.15298727190432,-4.40641728401232,28
"559",1.60754368750695,-4.40641728401232,28
"560",2.06210010310959,-4.40641728401232,28
"561",-6.57447179334042,2.06225125799654,29
"562",-6.11991537773779,2.06225125799654,29
"563",-5.66535896213515,2.06225125799654,29
"564",-5.21080254653252,2.06225125799654,29
"565",-4.75624613092989,2.06225125799654,29
"566",-4.30168971532726,-2.7892501485101,29
"567",-3.84713329972463,-3.75955042981143,29
"568",-3.392576884122,-4.08298385691187,29
"569",-2.93802046851936,-4.08298385691187,29
"570",-2.48346405291673,-4.08298385691187,29
"571",-2.0289076373141,-4.08298385691187,29
"572",-1.57435122171147,-4.40641728401232,29
"573",-1.11979480610884,-4.40641728401232,29
"574",-0.665238390506206,-4.40641728401232,29
"575",-0.210681974903573,-4.40641728401232,29
"576",0.243874440699059,-4.40641728401232,29
"577",0.69843085630169,-4.40641728401232,29
"578",1.15298727190432,-4.40641728401232,29
"579",1.60754368750695,-4.40641728401232,29
"580",2.06210010310959,-4.40641728401232,29
"581",-6.57447179334042,2.06225125799654,30
"582",-6.11991537773779,2.06225125799654,30
"583",-5.66535896213515,2.06225125799654,30
"584",-5.21080254653252,2.06225125799654,30
"585",-4.75624613092989,2.06225125799654,30
"586",-4.30168971532726,-0.848649585907445,30
"587",-3.84713329972463,-1.17208301300789,30
"588",-3.392576884122,-1.17208301300789,30
"589",-2.93802046851936,-1.17208301300789,30
"590",-2.48346405291673,-3.11268357561055,30
"591",-2.0289076373141,-3.43611700271099,30
"592",-1.57435122171147,-3.75955042981143,30
"593",-1.11979480610884,-3.75955042981143,30
"594",-0.665238390506206,-3.75955042981143,30
"595",-0.210681974903573,-3.75955042981143,30
"596",0.243874440699059,-3.75955042981143,30
"597",0.69843085630169,-3.75955042981143,30
"598",1.15298727190432,-3.75955042981143,30
"599",1.60754368750695,-3.75955042981143,30
"600",2.06210010310959,-3.75955042981143,30
"601",-6.57447179334042,2.06225125799654,31
"602",-6.11991537773779,2.06225125799654,31
"603",-5.66535896213515,2.06225125799654,31
"604",-5.21080254653252,2.06225125799654,31
"605",-4.75624613092989,2.06225125799654,31
"606",-4.30168971532726,-1.81894986720877,31
"607",-3.84713329972463,-2.46581672140966,31
"608",-3.392576884122,-2.46581672140966,31
"609",-2.93802046851936,-2.7892501485101,31
"610",-2.48346405291673,-2.7892501485101,31
"611",-2.0289076373141,-2.7892501485101,31
"612",-1.57435122171147,-2.7892501485101,31
"613",-1.11979480610884,-3.43611700271099,31
"614",-0.665238390506206,-4.08298385691187,31
"615",-0.210681974903573,-4.40641728401232,31
"616",0.243874440699059,-4.40641728401232,31
"617",0.69843085630169,-4.40641728401232,31
"618",1.15298727190432,-4.40641728401232,31
"619",1.60754368750695,-4.40641728401232,31
"620",2.06210010310959,-4.40641728401232,31
"621",-6.57447179334042,2.06225125799654,32
"622",-6.11991537773779,2.06225125799654,32
"623",-5.66535896213515,2.06225125799654,32
"624",-5.21080254653252,2.06225125799654,32
"625",-4.75624613092989,-0.201782731706559,32
"626",-4.30168971532726,-0.848649585907445,32
"627",-3.84713329972463,-1.81894986720877,32
"628",-3.392576884122,-2.14238329430922,32
"629",-2.93802046851936,-2.46581672140966,32
"630",-2.48346405291673,-2.7892501485101,32
"631",-2.0289076373141,-3.11268357561055,32
"632",-1.57435122171147,-3.11268357561055,32
"633",-1.11979480610884,-3.11268357561055,32
"634",-0.665238390506206,-3.43611700271099,32
"635",-0.210681974903573,-3.43611700271099,32
"636",0.243874440699059,-3.43611700271099,32
"637",0.69843085630169,-3.43611700271099,32
"638",1.15298727190432,-3.75955042981143,32
"639",1.60754368750695,-4.40641728401232,32
"640",2.06210010310959,-4.40641728401232,32
"641",-6.57447179334042,2.06225125799654,33
"642",-6.11991537773779,2.06225125799654,33
"643",-5.66535896213515,2.06225125799654,33
"644",-5.21080254653252,2.06225125799654,33
"645",-4.75624613092989,2.06225125799654,33
"646",-4.30168971532726,-0.848649585907445,33
"647",-3.84713329972463,-1.17208301300789,33
"648",-3.392576884122,-1.17208301300789,33
"649",-2.93802046851936,-1.49551644010833,33
"650",-2.48346405291673,-1.49551644010833,33
"651",-2.0289076373141,-2.14238329430922,33
"652",-1.57435122171147,-2.7892501485101,33
"653",-1.11979480610884,-3.43611700271099,33
"654",-0.665238390506206,-3.75955042981143,33
"655",-0.210681974903573,-4.08298385691187,33
"656",0.243874440699059,-4.08298385691187,33
"657",0.69843085630169,-4.08298385691187,33
"658",1.15298727190432,-4.40641728401232,33
"659",1.60754368750695,-4.40641728401232,33
"660",2.06210010310959,-4.40641728401232,33
"661",-6.57447179334042,2.06225125799654,34
"662",-6.11991537773779,2.06225125799654,34
"663",-5.66535896213515,2.06225125799654,34
"664",-5.21080254653252,2.06225125799654,34
"665",-4.75624613092989,0.76851754959477,34
"666",-4.30168971532726,-1.17208301300789,34
"667",-3.84713329972463,-1.81894986720877,34
"668",-3.392576884122,-2.46581672140966,34
"669",-2.93802046851936,-2.7892501485101,34
"670",-2.48346405291673,-3.11268357561055,34
"671",-2.0289076373141,-3.43611700271099,34
"672",-1.57435122171147,-3.75955042981143,34
"673",-1.11979480610884,-3.75955042981143,34
"674",-0.665238390506206,-4.08298385691187,34
"675",-0.210681974903573,-4.08298385691187,34
"676",0.243874440699059,-4.40641728401232,34
"677",0.69843085630169,-4.40641728401232,34
"678",1.15298727190432,-4.40641728401232,34
"679",1.60754368750695,-4.40641728401232,34
"680",2.06210010310959,-4.40641728401232,34
"681",-6.57447179334042,2.06225125799654,35
"682",-6.11991537773779,2.06225125799654,35
"683",-5.66535896213515,2.06225125799654,35
"684",-5.21080254653252,2.06225125799654,35
"685",-4.75624613092989,2.06225125799654,35
"686",-4.30168971532726,-1.49551644010833,35
"687",-3.84713329972463,-2.46581672140966,35
"688",-3.392576884122,-2.7892501485101,35
"689",-2.93802046851936,-3.11268357561055,35
"690",-2.48346405291673,-3.43611700271099,35
"691",-2.0289076373141,-3.43611700271099,35
"692",-1.57435122171147,-3.75955042981143,35
"693",-1.11979480610884,-3.75955042981143,35
"694",-0.665238390506206,-3.75955042981143,35
"695",-0.210681974903573,-3.75955042981143,35
"696",0.243874440699059,-3.75955042981143,35
"697",0.69843085630169,-3.75955042981143,35
"698",1.15298727190432,-3.75955042981143,35
"699",1.60754368750695,-3.75955042981143,35
"700",2.06210010310959,-3.75955042981143,35
"701",-6.57447179334042,2.06225125799654,36
"702",-6.11991537773779,2.06225125799654,36
"703",-5.66535896213515,2.06225125799654,36
"704",-5.21080254653252,2.06225125799654,36
"705",-4.75624613092989,2.06225125799654,36
"706",-4.30168971532726,-1.49551644010833,36
"707",-3.84713329972463,-2.7892501485101,36
"708",-3.392576884122,-3.43611700271099,36
"709",-2.93802046851936,-3.75955042981143,36
"710",-2.48346405291673,-4.40641728401232,36
"711",-2.0289076373141,-4.40641728401232,36
"712",-1.57435122171147,-4.40641728401232,36
"713",-1.11979480610884,-4.40641728401232,36
"714",-0.665238390506206,-4.40641728401232,36
"715",-0.210681974903573,-4.40641728401232,36
"716",0.243874440699059,-4.40641728401232,36
"717",0.69843085630169,-4.40641728401232,36
"718",1.15298727190432,-4.40641728401232,36
"719",1.60754368750695,-4.40641728401232,36
"720",2.06210010310959,-4.40641728401232,36
"721",-6.57447179334042,2.06225125799654,37
"722",-6.11991537773779,2.06225125799654,37
"723",-5.66535896213515,2.06225125799654,37
"724",-5.21080254653252,2.06225125799654,37
"725",-4.75624613092989,2.06225125799654,37
"726",-4.30168971532726,-1.81894986720877,37
"727",-3.84713329972463,-2.46581672140966,37
"728",-3.392576884122,-2.7892501485101,37
"729",-2.93802046851936,-2.7892501485101,37
"730",-2.48346405291673,-2.7892501485101,37
"731",-2.0289076373141,-3.11268357561055,37
"732",-1.57435122171147,-3.43611700271099,37
"733",-1.11979480610884,-4.08298385691187,37
"734",-0.665238390506206,-4.40641728401232,37
"735",-0.210681974903573,-4.40641728401232,37
"736",0.243874440699059,-4.40641728401232,37
"737",0.69843085630169,-4.40641728401232,37
"738",1.15298727190432,-4.40641728401232,37
"739",1.60754368750695,-4.40641728401232,37
"740",2.06210010310959,-4.40641728401232,37
"741",-6.57447179334042,2.06225125799654,38
"742",-6.11991537773779,2.06225125799654,38
"743",-5.66535896213515,2.06225125799654,38
"744",-5.21080254653252,2.06225125799654,38
"745",-4.75624613092989,2.06225125799654,38
"746",-4.30168971532726,-2.14238329430922,38
"747",-3.84713329972463,-2.46581672140966,38
"748",-3.392576884122,-2.46581672140966,38
"749",-2.93802046851936,-2.46581672140966,38
"750",-2.48346405291673,-2.46581672140966,38
"751",-2.0289076373141,-2.46581672140966,38
"752",-1.57435122171147,-2.46581672140966,38
"753",-1.11979480610884,-2.46581672140966,38
"754",-0.665238390506206,-2.7892501485101,38
"755",-0.210681974903573,-2.7892501485101,38
"756",0.243874440699059,-2.7892501485101,38
"757",0.69843085630169,-2.7892501485101,38
"758",1.15298727190432,-3.11268357561055,38
"759",1.60754368750695,-3.11268357561055,38
"760",2.06210010310959,-3.11268357561055,38
"761",-6.57447179334042,2.06225125799654,39
"762",-6.11991537773779,2.06225125799654,39
"763",-5.66535896213515,2.06225125799654,39
"764",-5.21080254653252,2.06225125799654,39
"765",-4.75624613092989,2.06225125799654,39
"766",-4.30168971532726,-3.11268357561055,39
"767",-3.84713329972463,-3.75955042981143,39
"768",-3.392576884122,-4.40641728401232,39
"769",-2.93802046851936,-4.40641728401232,39
"770",-2.48346405291673,-4.40641728401232,39
"771",-2.0289076373141,-4.40641728401232,39
"772",-1.57435122171147,-4.40641728401232,39
"773",-1.11979480610884,-4.40641728401232,39
"774",-0.665238390506206,-4.40641728401232,39
"775",-0.210681974903573,-4.40641728401232,39
"776",0.243874440699059,-4.40641728401232,39
"777",0.69843085630169,-4.40641728401232,39
"778",1.15298727190432,-4.40641728401232,39
"779",1.60754368750695,-4.40641728401232,39
"780",2.06210010310959,-4.40641728401232,39
"781",-6.57447179334042,2.06225125799654,40
"782",-6.11991537773779,2.06225125799654,40
"783",-5.66535896213515,2.06225125799654,40
"784",-5.21080254653252,2.06225125799654,40
"785",-4.75624613092989,2.06225125799654,40
"786",-4.30168971532726,-3.11268357561055,40
"787",-3.84713329972463,-3.75955042981143,40
"788",-3.392576884122,-4.08298385691187,40
"789",-2.93802046851936,-4.40641728401232,40
"790",-2.48346405291673,-4.40641728401232,40
"791",-2.0289076373141,-4.40641728401232,40
"792",-1.57435122171147,-4.40641728401232,40
"793",-1.11979480610884,-4.40641728401232,40
"794",-0.665238390506206,-4.40641728401232,40
"795",-0.210681974903573,-4.40641728401232,40
"796",0.243874440699059,-4.40641728401232,40
"797",0.69843085630169,-4.40641728401232,40
"798",1.15298727190432,-4.40641728401232,40
"799",1.60754368750695,-4.40641728401232,40
"800",2.06210010310959,-4.40641728401232,40
"801",-6.57447179334042,2.06225125799654,41
"802",-6.11991537773779,2.06225125799654,41
"803",-5.66535896213515,2.06225125799654,41
"804",-5.21080254653252,2.06225125799654,41
"805",-4.75624613092989,2.06225125799654,41
"806",-4.30168971532726,-2.14238329430922,41
"807",-3.84713329972463,-2.7892501485101,41
"808",-3.392576884122,-3.43611700271099,41
"809",-2.93802046851936,-3.43611700271099,41
"810",-2.48346405291673,-3.75955042981143,41
"811",-2.0289076373141,-3.75955042981143,41
"812",-1.57435122171147,-3.75955042981143,41
"813",-1.11979480610884,-4.08298385691187,41
"814",-0.665238390506206,-4.08298385691187,41
"815",-0.210681974903573,-4.08298385691187,41
"816",0.243874440699059,-4.08298385691187,41
"817",0.69843085630169,-4.40641728401232,41
"818",1.15298727190432,-4.40641728401232,41
"819",1.60754368750695,-4.40641728401232,41
"820",2.06210010310959,-4.40641728401232,41
"821",-6.57447179334042,2.06225125799654,42
"822",-6.11991537773779,2.06225125799654,42
"823",-5.66535896213515,2.06225125799654,42
"824",-5.21080254653252,2.06225125799654,42
"825",-4.75624613092989,2.06225125799654,42
"826",-4.30168971532726,-2.14238329430922,42
"827",-3.84713329972463,-2.46581672140966,42
"828",-3.392576884122,-2.46581672140966,42
"829",-2.93802046851936,-2.7892501485101,42
"830",-2.48346405291673,-3.43611700271099,42
"831",-2.0289076373141,-4.08298385691187,42
"832",-1.57435122171147,-4.40641728401232,42
"833",-1.11979480610884,-4.40641728401232,42
"834",-0.665238390506206,-4.40641728401232,42
"835",-0.210681974903573,-4.40641728401232,42
"836",0.243874440699059,-4.40641728401232,42
"837",0.69843085630169,-4.40641728401232,42
"838",1.15298727190432,-4.40641728401232,42
"839",1.60754368750695,-4.40641728401232,42
"840",2.06210010310959,-4.40641728401232,42
"841",-6.57447179334042,2.06225125799654,43
"842",-6.11991537773779,2.06225125799654,43
"843",-5.66535896213515,2.06225125799654,43
"844",-5.21080254653252,2.06225125799654,43
"845",-4.75624613092989,2.06225125799654,43
"846",-4.30168971532726,-1.81894986720877,43
"847",-3.84713329972463,-3.11268357561055,43
"848",-3.392576884122,-3.75955042981143,43
"849",-2.93802046851936,-4.08298385691187,43
"850",-2.48346405291673,-4.40641728401232,43
"851",-2.0289076373141,-4.40641728401232,43
"852",-1.57435122171147,-4.40641728401232,43
"853",-1.11979480610884,-4.40641728401232,43
"854",-0.665238390506206,-4.40641728401232,43
"855",-0.210681974903573,-4.40641728401232,43
"856",0.243874440699059,-4.40641728401232,43
"857",0.69843085630169,-4.40641728401232,43
"858",1.15298727190432,-4.40641728401232,43
"859",1.60754368750695,-4.40641728401232,43
"860",2.06210010310959,-4.40641728401232,43
"861",-6.57447179334042,2.06225125799654,44
"862",-6.11991537773779,2.06225125799654,44
"863",-5.66535896213515,2.06225125799654,44
"864",-5.21080254653252,2.06225125799654,44
"865",-4.75624613092989,2.06225125799654,44
"866",-4.30168971532726,-1.49551644010833,44
"867",-3.84713329972463,-2.14238329430922,44
"868",-3.392576884122,-2.46581672140966,44
"869",-2.93802046851936,-2.7892501485101,44
"870",-2.48346405291673,-2.7892501485101,44
"871",-2.0289076373141,-2.7892501485101,44
"872",-1.57435122171147,-2.7892501485101,44
"873",-1.11979480610884,-3.11268357561055,44
"874",-0.665238390506206,-3.11268357561055,44
"875",-0.210681974903573,-3.11268357561055,44
"876",0.243874440699059,-3.11268357561055,44
"877",0.69843085630169,-3.11268357561055,44
"878",1.15298727190432,-3.11268357561055,44
"879",1.60754368750695,-3.11268357561055,44
"880",2.06210010310959,-3.11268357561055,44
"881",-6.57447179334042,2.06225125799654,45
"882",-6.11991537773779,2.06225125799654,45
"883",-5.66535896213515,2.06225125799654,45
"884",-5.21080254653252,2.06225125799654,45
"885",-4.75624613092989,2.06225125799654,45
"886",-4.30168971532726,-0.848649585907445,45
"887",-3.84713329972463,-1.17208301300789,45
"888",-3.392576884122,-2.46581672140966,45
"889",-2.93802046851936,-2.7892501485101,45
"890",-2.48346405291673,-3.11268357561055,45
"891",-2.0289076373141,-3.43611700271099,45
"892",-1.57435122171147,-3.43611700271099,45
"893",-1.11979480610884,-3.43611700271099,45
"894",-0.665238390506206,-4.40641728401232,45
"895",-0.210681974903573,-4.40641728401232,45
"896",0.243874440699059,-4.40641728401232,45
"897",0.69843085630169,-4.40641728401232,45
"898",1.15298727190432,-4.40641728401232,45
"899",1.60754368750695,-4.40641728401232,45
"900",2.06210010310959,-4.40641728401232,45
"901",-6.57447179334042,2.06225125799654,46
"902",-6.11991537773779,2.06225125799654,46
"903",-5.66535896213515,2.06225125799654,46
"904",-5.21080254653252,2.06225125799654,46
"905",-4.75624613092989,2.06225125799654,46
"906",-4.30168971532726,-1.81894986720877,46
"907",-3.84713329972463,-2.46581672140966,46
"908",-3.392576884122,-3.11268357561055,46
"909",-2.93802046851936,-3.43611700271099,46
"910",-2.48346405291673,-3.43611700271099,46
"911",-2.0289076373141,-3.43611700271099,46
"912",-1.57435122171147,-3.43611700271099,46
"913",-1.11979480610884,-3.43611700271099,46
"914",-0.665238390506206,-3.43611700271099,46
"915",-0.210681974903573,-3.43611700271099,46
"916",0.243874440699059,-3.43611700271099,46
"917",0.69843085630169,-3.43611700271099,46
"918",1.15298727190432,-3.43611700271099,46
"919",1.60754368750695,-3.43611700271099,46
"920",2.06210010310959,-3.75955042981143,46
"921",-6.57447179334042,2.06225125799654,47
"922",-6.11991537773779,2.06225125799654,47
"923",-5.66535896213515,2.06225125799654,47
"924",-5.21080254653252,2.06225125799654,47
"925",-4.75624613092989,1.41538440379566,47
"926",-4.30168971532726,-1.49551644010833,47
"927",-3.84713329972463,-2.14238329430922,47
"928",-3.392576884122,-2.7892501485101,47
"929",-2.93802046851936,-3.11268357561055,47
"930",-2.48346405291673,-3.43611700271099,47
"931",-2.0289076373141,-3.75955042981143,47
"932",-1.57435122171147,-4.08298385691187,47
"933",-1.11979480610884,-4.08298385691187,47
"934",-0.665238390506206,-4.40641728401232,47
"935",-0.210681974903573,-4.40641728401232,47
"936",0.243874440699059,-4.40641728401232,47
"937",0.69843085630169,-4.40641728401232,47
"938",1.15298727190432,-4.40641728401232,47
"939",1.60754368750695,-4.40641728401232,47
"940",2.06210010310959,-4.40641728401232,47
"941",-6.57447179334042,2.06225125799654,48
"942",-6.11991537773779,2.06225125799654,48
"943",-5.66535896213515,2.06225125799654,48
"944",-5.21080254653252,2.06225125799654,48
"945",-4.75624613092989,2.06225125799654,48
"946",-4.30168971532726,-1.81894986720877,48
"947",-3.84713329972463,-3.11268357561055,48
"948",-3.392576884122,-3.75955042981143,48
"949",-2.93802046851936,-4.40641728401232,48
"950",-2.48346405291673,-4.40641728401232,48
"951",-2.0289076373141,-4.40641728401232,48
"952",-1.57435122171147,-4.40641728401232,48
"953",-1.11979480610884,-4.40641728401232,48
"954",-0.665238390506206,-4.40641728401232,48
"955",-0.210681974903573,-4.40641728401232,48
"956",0.243874440699059,-4.40641728401232,48
"957",0.69843085630169,-4.40641728401232,48
"958",1.15298727190432,-4.40641728401232,48
"959",1.60754368750695,-4.40641728401232,48
"960",2.06210010310959,-4.40641728401232,48
"961",-6.57447179334042,2.06225125799654,49
"962",-6.11991537773779,2.06225125799654,49
"963",-5.66535896213515,2.06225125799654,49
"964",-5.21080254653252,2.06225125799654,49
"965",-4.75624613092989,0.121650695393884,49
"966",-4.30168971532726,-1.17208301300789,49
"967",-3.84713329972463,-1.81894986720877,49
"968",-3.392576884122,-2.46581672140966,49
"969",-2.93802046851936,-2.7892501485101,49
"970",-2.48346405291673,-3.11268357561055,49
"971",-2.0289076373141,-3.43611700271099,49
"972",-1.57435122171147,-3.43611700271099,49
"973",-1.11979480610884,-3.75955042981143,49
"974",-0.665238390506206,-3.75955042981143,49
"975",-0.210681974903573,-4.08298385691187,49
"976",0.243874440699059,-4.08298385691187,49
"977",0.69843085630169,-4.08298385691187,49
"978",1.15298727190432,-4.08298385691187,49
"979",1.60754368750695,-4.08298385691187,49
"980",2.06210010310959,-4.08298385691187,49
"981",-6.57447179334042,2.06225125799654,50
"982",-6.11991537773779,2.06225125799654,50
"983",-5.66535896213515,2.06225125799654,50
"984",-5.21080254653252,2.06225125799654,50
"985",-4.75624613092989,2.06225125799654,50
"986",-4.30168971532726,-1.49551644010833,50
"987",-3.84713329972463,-2.46581672140966,50
"988",-3.392576884122,-2.7892501485101,50
"989",-2.93802046851936,-3.43611700271099,50
"990",-2.48346405291673,-3.43611700271099,50
"991",-2.0289076373141,-3.75955042981143,50
"992",-1.57435122171147,-4.08298385691187,50
"993",-1.11979480610884,-4.08298385691187,50
"994",-0.665238390506206,-4.08298385691187,50
"995",-0.210681974903573,-4.08298385691187,50
"996",0.243874440699059,-4.40641728401232,50
"997",0.69843085630169,-4.40641728401232,50
"998",1.15298727190432,-4.40641728401232,50
"999",1.60754368750695,-4.40641728401232,50
"1000",2.06210010310959,-4.40641728401232,50
"1001",-6.57447179334042,2.06225125799654,51
"1002",-6.11991537773779,2.06225125799654,51
"1003",-5.66535896213515,2.06225125799654,51
"1004",-5.21080254653252,2.06225125799654,51
"1005",-4.75624613092989,2.06225125799654,51
"1006",-4.30168971532726,-3.43611700271099,51
"1007",-3.84713329972463,-4.40641728401232,51
"1008",-3.392576884122,-4.40641728401232,51
"1009",-2.93802046851936,-4.40641728401232,51
"1010",-2.48346405291673,-4.40641728401232,51
"1011",-2.0289076373141,-4.40641728401232,51
"1012",-1.57435122171147,-4.40641728401232,51
"1013",-1.11979480610884,-4.40641728401232,51
"1014",-0.665238390506206,-4.40641728401232,51
"1015",-0.210681974903573,-4.40641728401232,51
"1016",0.243874440699059,-4.40641728401232,51
"1017",0.69843085630169,-4.40641728401232,51
"1018",1.15298727190432,-4.40641728401232,51
"1019",1.60754368750695,-4.40641728401232,51
"1020",2.06210010310959,-4.40641728401232,51
"1021",-6.57447179334042,2.06225125799654,52
"1022",-6.11991537773779,2.06225125799654,52
"1023",-5.66535896213515,2.06225125799654,52
"1024",-5.21080254653252,2.06225125799654,52
"1025",-4.75624613092989,2.06225125799654,52
"1026",-4.30168971532726,-1.81894986720877,52
"1027",-3.84713329972463,-2.46581672140966,52
"1028",-3.392576884122,-2.7892501485101,52
"1029",-2.93802046851936,-3.11268357561055,52
"1030",-2.48346405291673,-3.11268357561055,52
"1031",-2.0289076373141,-3.11268357561055,52
"1032",-1.57435122171147,-3.43611700271099,52
"1033",-1.11979480610884,-3.43611700271099,52
"1034",-0.665238390506206,-3.43611700271099,52
"1035",-0.210681974903573,-3.43611700271099,52
"1036",0.243874440699059,-3.75955042981143,52
"1037",0.69843085630169,-4.08298385691187,52
"1038",1.15298727190432,-4.40641728401232,52
"1039",1.60754368750695,-4.40641728401232,52
"1040",2.06210010310959,-4.40641728401232,52
"1041",-6.57447179334042,2.06225125799654,53
"1042",-6.11991537773779,2.06225125799654,53
"1043",-5.66535896213515,2.06225125799654,53
"1044",-5.21080254653252,2.06225125799654,53
"1045",-4.75624613092989,0.121650695393884,53
"1046",-4.30168971532726,-0.848649585907445,53
"1047",-3.84713329972463,-1.49551644010833,53
"1048",-3.392576884122,-1.81894986720877,53
"1049",-2.93802046851936,-2.14238329430922,53
"1050",-2.48346405291673,-2.14238329430922,53
"1051",-2.0289076373141,-2.46581672140966,53
"1052",-1.57435122171147,-3.11268357561055,53
"1053",-1.11979480610884,-3.43611700271099,53
"1054",-0.665238390506206,-3.75955042981143,53
"1055",-0.210681974903573,-4.08298385691187,53
"1056",0.243874440699059,-4.40641728401232,53
"1057",0.69843085630169,-4.40641728401232,53
"1058",1.15298727190432,-4.40641728401232,53
"1059",1.60754368750695,-4.40641728401232,53
"1060",2.06210010310959,-4.40641728401232,53
"1061",-6.57447179334042,2.06225125799654,54
"1062",-6.11991537773779,2.06225125799654,54
"1063",-5.66535896213515,2.06225125799654,54
"1064",-5.21080254653252,2.06225125799654,54
"1065",-4.75624613092989,2.06225125799654,54
"1066",-4.30168971532726,-2.14238329430922,54
"1067",-3.84713329972463,-2.46581672140966,54
"1068",-3.392576884122,-2.46581672140966,54
"1069",-2.93802046851936,-2.46581672140966,54
"1070",-2.48346405291673,-2.46581672140966,54
"1071",-2.0289076373141,-2.46581672140966,54
"1072",-1.57435122171147,-2.46581672140966,54
"1073",-1.11979480610884,-2.7892501485101,54
"1074",-0.665238390506206,-3.11268357561055,54
"1075",-0.210681974903573,-3.43611700271099,54
"1076",0.243874440699059,-4.08298385691187,54
"1077",0.69843085630169,-4.40641728401232,54
"1078",1.15298727190432,-4.40641728401232,54
"1079",1.60754368750695,-4.40641728401232,54
"1080",2.06210010310959,-4.40641728401232,54
"1081",-6.57447179334042,2.06225125799654,55
"1082",-6.11991537773779,2.06225125799654,55
"1083",-5.66535896213515,2.06225125799654,55
"1084",-5.21080254653252,2.06225125799654,55
"1085",-4.75624613092989,2.06225125799654,55
"1086",-4.30168971532726,-1.49551644010833,55
"1087",-3.84713329972463,-2.46581672140966,55
"1088",-3.392576884122,-3.11268357561055,55
"1089",-2.93802046851936,-3.43611700271099,55
"1090",-2.48346405291673,-3.75955042981143,55
"1091",-2.0289076373141,-4.08298385691187,55
"1092",-1.57435122171147,-4.08298385691187,55
"1093",-1.11979480610884,-4.40641728401232,55
"1094",-0.665238390506206,-4.40641728401232,55
"1095",-0.210681974903573,-4.40641728401232,55
"1096",0.243874440699059,-4.40641728401232,55
"1097",0.69843085630169,-4.40641728401232,55
"1098",1.15298727190432,-4.40641728401232,55
"1099",1.60754368750695,-4.40641728401232,55
"1100",2.06210010310959,-4.40641728401232,55
"1101",-6.57447179334042,2.06225125799654,56
"1102",-6.11991537773779,2.06225125799654,56
"1103",-5.66535896213515,2.06225125799654,56
"1104",-5.21080254653252,2.06225125799654,56
"1105",-4.75624613092989,2.06225125799654,56
"1106",-4.30168971532726,-2.7892501485101,56
"1107",-3.84713329972463,-3.43611700271099,56
"1108",-3.392576884122,-4.08298385691187,56
"1109",-2.93802046851936,-4.08298385691187,56
"1110",-2.48346405291673,-4.40641728401232,56
"1111",-2.0289076373141,-4.40641728401232,56
"1112",-1.57435122171147,-4.40641728401232,56
"1113",-1.11979480610884,-4.40641728401232,56
"1114",-0.665238390506206,-4.40641728401232,56
"1115",-0.210681974903573,-4.40641728401232,56
"1116",0.243874440699059,-4.40641728401232,56
"1117",0.69843085630169,-4.40641728401232,56
"1118",1.15298727190432,-4.40641728401232,56
"1119",1.60754368750695,-4.40641728401232,56
"1120",2.06210010310959,-4.40641728401232,56
"1121",-6.57447179334042,2.06225125799654,57
"1122",-6.11991537773779,2.06225125799654,57
"1123",-5.66535896213515,2.06225125799654,57
"1124",-5.21080254653252,2.06225125799654,57
"1125",-4.75624613092989,2.06225125799654,57
"1126",-4.30168971532726,-1.17208301300789,57
"1127",-3.84713329972463,-1.81894986720877,57
"1128",-3.392576884122,-2.46581672140966,57
"1129",-2.93802046851936,-2.7892501485101,57
"1130",-2.48346405291673,-2.7892501485101,57
"1131",-2.0289076373141,-3.11268357561055,57
"1132",-1.57435122171147,-3.11268357561055,57
"1133",-1.11979480610884,-3.43611700271099,57
"1134",-0.665238390506206,-3.43611700271099,57
"1135",-0.210681974903573,-3.43611700271099,57
"1136",0.243874440699059,-3.43611700271099,57
"1137",0.69843085630169,-3.43611700271099,57
"1138",1.15298727190432,-3.43611700271099,57
"1139",1.60754368750695,-3.43611700271099,57
"1140",2.06210010310959,-3.43611700271099,57
"1141",-6.57447179334042,2.06225125799654,58
"1142",-6.11991537773779,2.06225125799654,58
"1143",-5.66535896213515,2.06225125799654,58
"1144",-5.21080254653252,2.06225125799654,58
"1145",-4.75624613092989,2.06225125799654,58
"1146",-4.30168971532726,-2.14238329430922,58
"1147",-3.84713329972463,-3.11268357561055,58
"1148",-3.392576884122,-3.75955042981143,58
"1149",-2.93802046851936,-4.08298385691187,58
"1150",-2.48346405291673,-4.40641728401232,58
"1151",-2.0289076373141,-4.40641728401232,58
"1152",-1.57435122171147,-4.40641728401232,58
"1153",-1.11979480610884,-4.40641728401232,58
"1154",-0.665238390506206,-4.40641728401232,58
"1155",-0.210681974903573,-4.40641728401232,58
"1156",0.243874440699059,-4.40641728401232,58
"1157",0.69843085630169,-4.40641728401232,58
"1158",1.15298727190432,-4.40641728401232,58
"1159",1.60754368750695,-4.40641728401232,58
"1160",2.06210010310959,-4.40641728401232,58
"1161",-6.57447179334042,2.06225125799654,59
"1162",-6.11991537773779,2.06225125799654,59
"1163",-5.66535896213515,2.06225125799654,59
"1164",-5.21080254653252,2.06225125799654,59
"1165",-4.75624613092989,2.06225125799654,59
"1166",-4.30168971532726,-2.46581672140966,59
"1167",-3.84713329972463,-3.43611700271099,59
"1168",-3.392576884122,-4.08298385691187,59
"1169",-2.93802046851936,-4.40641728401232,59
"1170",-2.48346405291673,-4.40641728401232,59
"1171",-2.0289076373141,-4.40641728401232,59
"1172",-1.57435122171147,-4.40641728401232,59
"1173",-1.11979480610884,-4.40641728401232,59
"1174",-0.665238390506206,-4.40641728401232,59
"1175",-0.210681974903573,-4.40641728401232,59
"1176",0.243874440699059,-4.40641728401232,59
"1177",0.69843085630169,-4.40641728401232,59
"1178",1.15298727190432,-4.40641728401232,59
"1179",1.60754368750695,-4.40641728401232,59
"1180",2.06210010310959,-4.40641728401232,59
"1181",-6.57447179334042,2.06225125799654,60
"1182",-6.11991537773779,2.06225125799654,60
"1183",-5.66535896213515,2.06225125799654,60
"1184",-5.21080254653252,2.06225125799654,60
"1185",-4.75624613092989,2.06225125799654,60
"1186",-4.30168971532726,-1.17208301300789,60
"1187",-3.84713329972463,-1.49551644010833,60
"1188",-3.392576884122,-1.81894986720877,60
"1189",-2.93802046851936,-2.46581672140966,60
"1190",-2.48346405291673,-2.7892501485101,60
"1191",-2.0289076373141,-3.43611700271099,60
"1192",-1.57435122171147,-3.75955042981143,60
"1193",-1.11979480610884,-3.75955042981143,60
"1194",-0.665238390506206,-4.08298385691187,60
"1195",-0.210681974903573,-4.08298385691187,60
"1196",0.243874440699059,-4.08298385691187,60
"1197",0.69843085630169,-4.08298385691187,60
"1198",1.15298727190432,-4.08298385691187,60
"1199",1.60754368750695,-4.40641728401232,60
"1200",2.06210010310959,-4.40641728401232,60
"1201",-6.57447179334042,2.06225125799654,61
"1202",-6.11991537773779,2.06225125799654,61
"1203",-5.66535896213515,2.06225125799654,61
"1204",-5.21080254653252,2.06225125799654,61
"1205",-4.75624613092989,2.06225125799654,61
"1206",-4.30168971532726,-1.17208301300789,61
"1207",-3.84713329972463,-1.17208301300789,61
"1208",-3.392576884122,-1.49551644010833,61
"1209",-2.93802046851936,-1.49551644010833,61
"1210",-2.48346405291673,-1.49551644010833,61
"1211",-2.0289076373141,-1.81894986720877,61
"1212",-1.57435122171147,-2.46581672140966,61
"1213",-1.11979480610884,-3.43611700271099,61
"1214",-0.665238390506206,-3.75955042981143,61
"1215",-0.210681974903573,-3.75955042981143,61
"1216",0.243874440699059,-3.75955042981143,61
"1217",0.69843085630169,-3.75955042981143,61
"1218",1.15298727190432,-3.75955042981143,61
"1219",1.60754368750695,-3.75955042981143,61
"1220",2.06210010310959,-3.75955042981143,61
"1221",-6.57447179334042,2.06225125799654,62
"1222",-6.11991537773779,2.06225125799654,62
"1223",-5.66535896213515,2.06225125799654,62
"1224",-5.21080254653252,2.06225125799654,62
"1225",-4.75624613092989,2.06225125799654,62
"1226",-4.30168971532726,-1.49551644010833,62
"1227",-3.84713329972463,-1.81894986720877,62
"1228",-3.392576884122,-2.14238329430922,62
"1229",-2.93802046851936,-2.7892501485101,62
"1230",-2.48346405291673,-3.11268357561055,62
"1231",-2.0289076373141,-3.11268357561055,62
"1232",-1.57435122171147,-3.11268357561055,62
"1233",-1.11979480610884,-3.11268357561055,62
"1234",-0.665238390506206,-3.11268357561055,62
"1235",-0.210681974903573,-3.75955042981143,62
"1236",0.243874440699059,-4.40641728401232,62
"1237",0.69843085630169,-4.40641728401232,62
"1238",1.15298727190432,-4.40641728401232,62
"1239",1.60754368750695,-4.40641728401232,62
"1240",2.06210010310959,-4.40641728401232,62
"1241",-6.57447179334042,2.06225125799654,63
"1242",-6.11991537773779,2.06225125799654,63
"1243",-5.66535896213515,2.06225125799654,63
"1244",-5.21080254653252,2.06225125799654,63
"1245",-4.75624613092989,2.06225125799654,63
"1246",-4.30168971532726,-1.81894986720877,63
"1247",-3.84713329972463,-2.14238329430922,63
"1248",-3.392576884122,-2.46581672140966,63
"1249",-2.93802046851936,-3.11268357561055,63
"1250",-2.48346405291673,-3.43611700271099,63
"1251",-2.0289076373141,-3.43611700271099,63
"1252",-1.57435122171147,-3.75955042981143,63
"1253",-1.11979480610884,-4.08298385691187,63
"1254",-0.665238390506206,-4.40641728401232,63
"1255",-0.210681974903573,-4.40641728401232,63
"1256",0.243874440699059,-4.40641728401232,63
"1257",0.69843085630169,-4.40641728401232,63
"1258",1.15298727190432,-4.40641728401232,63
"1259",1.60754368750695,-4.40641728401232,63
"1260",2.06210010310959,-4.40641728401232,63
"1261",-6.57447179334042,2.06225125799654,64
"1262",-6.11991537773779,2.06225125799654,64
"1263",-5.66535896213515,2.06225125799654,64
"1264",-5.21080254653252,2.06225125799654,64
"1265",-4.75624613092989,2.06225125799654,64
"1266",-4.30168971532726,-1.17208301300789,64
"1267",-3.84713329972463,-1.49551644010833,64
"1268",-3.392576884122,-1.49551644010833,64
"1269",-2.93802046851936,-1.49551644010833,64
"1270",-2.48346405291673,-1.81894986720877,64
"1271",-2.0289076373141,-1.81894986720877,64
"1272",-1.57435122171147,-2.46581672140966,64
"1273",-1.11979480610884,-2.7892501485101,64
"1274",-0.665238390506206,-3.43611700271099,64
"1275",-0.210681974903573,-3.75955042981143,64
"1276",0.243874440699059,-4.08298385691187,64
"1277",0.69843085630169,-4.40641728401232,64
"1278",1.15298727190432,-4.40641728401232,64
"1279",1.60754368750695,-4.40641728401232,64
"1280",2.06210010310959,-4.40641728401232,64
"1281",-6.57447179334042,2.06225125799654,65
"1282",-6.11991537773779,2.06225125799654,65
"1283",-5.66535896213515,2.06225125799654,65
"1284",-5.21080254653252,2.06225125799654,65
"1285",-4.75624613092989,2.06225125799654,65
"1286",-4.30168971532726,-3.11268357561055,65
"1287",-3.84713329972463,-3.75955042981143,65
"1288",-3.392576884122,-3.75955042981143,65
"1289",-2.93802046851936,-4.08298385691187,65
"1290",-2.48346405291673,-4.08298385691187,65
"1291",-2.0289076373141,-4.08298385691187,65
"1292",-1.57435122171147,-4.08298385691187,65
"1293",-1.11979480610884,-4.08298385691187,65
"1294",-0.665238390506206,-4.08298385691187,65
"1295",-0.210681974903573,-4.08298385691187,65
"1296",0.243874440699059,-4.40641728401232,65
"1297",0.69843085630169,-4.40641728401232,65
"1298",1.15298727190432,-4.40641728401232,65
"1299",1.60754368750695,-4.40641728401232,65
"1300",2.06210010310959,-4.40641728401232,65
"1301",-6.57447179334042,2.06225125799654,66
"1302",-6.11991537773779,2.06225125799654,66
"1303",-5.66535896213515,2.06225125799654,66
"1304",-5.21080254653252,2.06225125799654,66
"1305",-4.75624613092989,2.06225125799654,66
"1306",-4.30168971532726,-1.17208301300789,66
"1307",-3.84713329972463,-1.81894986720877,66
"1308",-3.392576884122,-2.14238329430922,66
"1309",-2.93802046851936,-2.46581672140966,66
"1310",-2.48346405291673,-2.7892501485101,66
"1311",-2.0289076373141,-2.7892501485101,66
"1312",-1.57435122171147,-3.11268357561055,66
"1313",-1.11979480610884,-3.11268357561055,66
"1314",-0.665238390506206,-3.11268357561055,66
"1315",-0.210681974903573,-3.11268357561055,66
"1316",0.243874440699059,-3.43611700271099,66
"1317",0.69843085630169,-4.08298385691187,66
"1318",1.15298727190432,-4.40641728401232,66
"1319",1.60754368750695,-4.40641728401232,66
"1320",2.06210010310959,-4.40641728401232,66
"1321",-6.57447179334042,2.06225125799654,67
"1322",-6.11991537773779,2.06225125799654,67
"1323",-5.66535896213515,2.06225125799654,67
"1324",-5.21080254653252,2.06225125799654,67
"1325",-4.75624613092989,2.06225125799654,67
"1326",-4.30168971532726,-1.17208301300789,67
"1327",-3.84713329972463,-1.81894986720877,67
"1328",-3.392576884122,-2.46581672140966,67
"1329",-2.93802046851936,-2.46581672140966,67
"1330",-2.48346405291673,-2.7892501485101,67
"1331",-2.0289076373141,-2.7892501485101,67
"1332",-1.57435122171147,-2.7892501485101,67
"1333",-1.11979480610884,-3.11268357561055,67
"1334",-0.665238390506206,-3.11268357561055,67
"1335",-0.210681974903573,-3.11268357561055,67
"1336",0.243874440699059,-3.11268357561055,67
"1337",0.69843085630169,-3.11268357561055,67
"1338",1.15298727190432,-3.43611700271099,67
"1339",1.60754368750695,-3.43611700271099,67
"1340",2.06210010310959,-3.43611700271099,67
"1341",-6.57447179334042,2.06225125799654,68
"1342",-6.11991537773779,2.06225125799654,68
"1343",-5.66535896213515,2.06225125799654,68
"1344",-5.21080254653252,2.06225125799654,68
"1345",-4.75624613092989,2.06225125799654,68
"1346",-4.30168971532726,-1.17208301300789,68
"1347",-3.84713329972463,-1.81894986720877,68
"1348",-3.392576884122,-3.11268357561055,68
"1349",-2.93802046851936,-3.75955042981143,68
"1350",-2.48346405291673,-3.75955042981143,68
"1351",-2.0289076373141,-3.75955042981143,68
"1352",-1.57435122171147,-3.75955042981143,68
"1353",-1.11979480610884,-3.75955042981143,68
"1354",-0.665238390506206,-3.75955042981143,68
"1355",-0.210681974903573,-3.75955042981143,68
"1356",0.243874440699059,-4.08298385691187,68
"1357",0.69843085630169,-4.40641728401232,68
"1358",1.15298727190432,-4.40641728401232,68
"1359",1.60754368750695,-4.40641728401232,68
"1360",2.06210010310959,-4.40641728401232,68
"1361",-6.57447179334042,2.06225125799654,69
"1362",-6.11991537773779,2.06225125799654,69
"1363",-5.66535896213515,2.06225125799654,69
"1364",-5.21080254653252,2.06225125799654,69
"1365",-4.75624613092989,1.41538440379566,69
"1366",-4.30168971532726,-1.49551644010833,69
"1367",-3.84713329972463,-1.81894986720877,69
"1368",-3.392576884122,-1.81894986720877,69
"1369",-2.93802046851936,-2.14238329430922,69
"1370",-2.48346405291673,-2.14238329430922,69
"1371",-2.0289076373141,-2.7892501485101,69
"1372",-1.57435122171147,-4.08298385691187,69
"1373",-1.11979480610884,-4.40641728401232,69
"1374",-0.665238390506206,-4.40641728401232,69
"1375",-0.210681974903573,-4.40641728401232,69
"1376",0.243874440699059,-4.40641728401232,69
"1377",0.69843085630169,-4.40641728401232,69
"1378",1.15298727190432,-4.40641728401232,69
"1379",1.60754368750695,-4.40641728401232,69
"1380",2.06210010310959,-4.40641728401232,69
"1381",-6.57447179334042,2.06225125799654,70
"1382",-6.11991537773779,2.06225125799654,70
"1383",-5.66535896213515,2.06225125799654,70
"1384",-5.21080254653252,2.06225125799654,70
"1385",-4.75624613092989,2.06225125799654,70
"1386",-4.30168971532726,-1.49551644010833,70
"1387",-3.84713329972463,-2.46581672140966,70
"1388",-3.392576884122,-3.11268357561055,70
"1389",-2.93802046851936,-3.43611700271099,70
"1390",-2.48346405291673,-3.75955042981143,70
"1391",-2.0289076373141,-4.08298385691187,70
"1392",-1.57435122171147,-4.40641728401232,70
"1393",-1.11979480610884,-4.40641728401232,70
"1394",-0.665238390506206,-4.40641728401232,70
"1395",-0.210681974903573,-4.40641728401232,70
"1396",0.243874440699059,-4.40641728401232,70
"1397",0.69843085630169,-4.40641728401232,70
"1398",1.15298727190432,-4.40641728401232,70
"1399",1.60754368750695,-4.40641728401232,70
"1400",2.06210010310959,-4.40641728401232,70
"1401",-6.57447179334042,2.06225125799654,71
"1402",-6.11991537773779,2.06225125799654,71
"1403",-5.66535896213515,2.06225125799654,71
"1404",-5.21080254653252,2.06225125799654,71
"1405",-4.75624613092989,2.06225125799654,71
"1406",-4.30168971532726,-1.49551644010833,71
"1407",-3.84713329972463,-2.46581672140966,71
"1408",-3.392576884122,-2.7892501485101,71
"1409",-2.93802046851936,-2.7892501485101,71
"1410",-2.48346405291673,-3.11268357561055,71
"1411",-2.0289076373141,-3.11268357561055,71
"1412",-1.57435122171147,-3.11268357561055,71
"1413",-1.11979480610884,-3.75955042981143,71
"1414",-0.665238390506206,-4.40641728401232,71
"1415",-0.210681974903573,-4.40641728401232,71
"1416",0.243874440699059,-4.40641728401232,71
"1417",0.69843085630169,-4.40641728401232,71
"1418",1.15298727190432,-4.40641728401232,71
"1419",1.60754368750695,-4.40641728401232,71
"1420",2.06210010310959,-4.40641728401232,71
"1421",-6.57447179334042,2.06225125799654,72
"1422",-6.11991537773779,2.06225125799654,72
"1423",-5.66535896213515,2.06225125799654,72
"1424",-5.21080254653252,2.06225125799654,72
"1425",-4.75624613092989,2.06225125799654,72
"1426",-4.30168971532726,-2.14238329430922,72
"1427",-3.84713329972463,-2.7892501485101,72
"1428",-3.392576884122,-2.7892501485101,72
"1429",-2.93802046851936,-3.11268357561055,72
"1430",-2.48346405291673,-3.11268357561055,72
"1431",-2.0289076373141,-3.11268357561055,72
"1432",-1.57435122171147,-3.11268357561055,72
"1433",-1.11979480610884,-3.11268357561055,72
"1434",-0.665238390506206,-3.11268357561055,72
"1435",-0.210681974903573,-3.11268357561055,72
"1436",0.243874440699059,-3.75955042981143,72
"1437",0.69843085630169,-4.08298385691187,72
"1438",1.15298727190432,-4.40641728401232,72
"1439",1.60754368750695,-4.40641728401232,72
"1440",2.06210010310959,-4.40641728401232,72
"1441",-6.57447179334042,2.06225125799654,73
"1442",-6.11991537773779,2.06225125799654,73
"1443",-5.66535896213515,2.06225125799654,73
"1444",-5.21080254653252,2.06225125799654,73
"1445",-4.75624613092989,2.06225125799654,73
"1446",-4.30168971532726,-2.14238329430922,73
"1447",-3.84713329972463,-2.46581672140966,73
"1448",-3.392576884122,-2.46581672140966,73
"1449",-2.93802046851936,-2.46581672140966,73
"1450",-2.48346405291673,-2.46581672140966,73
"1451",-2.0289076373141,-2.46581672140966,73
"1452",-1.57435122171147,-2.46581672140966,73
"1453",-1.11979480610884,-2.46581672140966,73
"1454",-0.665238390506206,-2.7892501485101,73
"1455",-0.210681974903573,-2.7892501485101,73
"1456",0.243874440699059,-3.11268357561055,73
"1457",0.69843085630169,-3.43611700271099,73
"1458",1.15298727190432,-3.75955042981143,73
"1459",1.60754368750695,-3.75955042981143,73
"1460",2.06210010310959,-4.08298385691187,73
"1461",-6.57447179334042,2.06225125799654,74
"1462",-6.11991537773779,2.06225125799654,74
"1463",-5.66535896213515,2.06225125799654,74
"1464",-5.21080254653252,2.06225125799654,74
"1465",-4.75624613092989,2.06225125799654,74
"1466",-4.30168971532726,-0.848649585907445,74
"1467",-3.84713329972463,-1.49551644010833,74
"1468",-3.392576884122,-1.81894986720877,74
"1469",-2.93802046851936,-1.81894986720877,74
"1470",-2.48346405291673,-2.14238329430922,74
"1471",-2.0289076373141,-2.14238329430922,74
"1472",-1.57435122171147,-2.14238329430922,74
"1473",-1.11979480610884,-2.14238329430922,74
"1474",-0.665238390506206,-2.46581672140966,74
"1475",-0.210681974903573,-2.46581672140966,74
"1476",0.243874440699059,-2.7892501485101,74
"1477",0.69843085630169,-3.11268357561055,74
"1478",1.15298727190432,-3.11268357561055,74
"1479",1.60754368750695,-3.43611700271099,74
"1480",2.06210010310959,-3.43611700271099,74
"1481",-6.57447179334042,2.06225125799654,75
"1482",-6.11991537773779,2.06225125799654,75
"1483",-5.66535896213515,2.06225125799654,75
"1484",-5.21080254653252,2.06225125799654,75
"1485",-4.75624613092989,2.06225125799654,75
"1486",-4.30168971532726,-1.81894986720877,75
"1487",-3.84713329972463,-2.46581672140966,75
"1488",-3.392576884122,-2.7892501485101,75
"1489",-2.93802046851936,-2.7892501485101,75
"1490",-2.48346405291673,-3.11268357561055,75
"1491",-2.0289076373141,-3.11268357561055,75
"1492",-1.57435122171147,-3.43611700271099,75
"1493",-1.11979480610884,-3.43611700271099,75
"1494",-0.665238390506206,-3.43611700271099,75
"1495",-0.210681974903573,-3.75955042981143,75
"1496",0.243874440699059,-3.75955042981143,75
"1497",0.69843085630169,-3.75955042981143,75
"1498",1.15298727190432,-3.75955042981143,75
"1499",1.60754368750695,-3.75955042981143,75
"1500",2.06210010310959,-3.75955042981143,75
"1501",-6.57447179334042,2.06225125799654,76
"1502",-6.11991537773779,2.06225125799654,76
"1503",-5.66535896213515,2.06225125799654,76
"1504",-5.21080254653252,2.06225125799654,76
"1505",-4.75624613092989,0.121650695393884,76
"1506",-4.30168971532726,-0.848649585907445,76
"1507",-3.84713329972463,-2.14238329430922,76
"1508",-3.392576884122,-2.46581672140966,76
"1509",-2.93802046851936,-2.46581672140966,76
"1510",-2.48346405291673,-2.46581672140966,76
"1511",-2.0289076373141,-2.46581672140966,76
"1512",-1.57435122171147,-2.7892501485101,76
"1513",-1.11979480610884,-2.7892501485101,76
"1514",-0.665238390506206,-2.7892501485101,76
"1515",-0.210681974903573,-2.7892501485101,76
"1516",0.243874440699059,-3.11268357561055,76
"1517",0.69843085630169,-3.11268357561055,76
"1518",1.15298727190432,-3.11268357561055,76
"1519",1.60754368750695,-3.11268357561055,76
"1520",2.06210010310959,-3.11268357561055,76
"1521",-6.57447179334042,2.06225125799654,77
"1522",-6.11991537773779,2.06225125799654,77
"1523",-5.66535896213515,2.06225125799654,77
"1524",-5.21080254653252,2.06225125799654,77
"1525",-4.75624613092989,2.06225125799654,77
"1526",-4.30168971532726,-2.14238329430922,77
"1527",-3.84713329972463,-2.7892501485101,77
"1528",-3.392576884122,-2.7892501485101,77
"1529",-2.93802046851936,-3.11268357561055,77
"1530",-2.48346405291673,-3.11268357561055,77
"1531",-2.0289076373141,-3.11268357561055,77
"1532",-1.57435122171147,-3.43611700271099,77
"1533",-1.11979480610884,-3.43611700271099,77
"1534",-0.665238390506206,-3.75955042981143,77
"1535",-0.210681974903573,-4.08298385691187,77
"1536",0.243874440699059,-4.08298385691187,77
"1537",0.69843085630169,-4.40641728401232,77
"1538",1.15298727190432,-4.40641728401232,77
"1539",1.60754368750695,-4.40641728401232,77
"1540",2.06210010310959,-4.40641728401232,77
"1541",-6.57447179334042,2.06225125799654,78
"1542",-6.11991537773779,2.06225125799654,78
"1543",-5.66535896213515,2.06225125799654,78
"1544",-5.21080254653252,2.06225125799654,78
"1545",-4.75624613092989,0.445084122494327,78
"1546",-4.30168971532726,-3.75955042981143,78
"1547",-3.84713329972463,-4.40641728401232,78
"1548",-3.392576884122,-4.40641728401232,78
"1549",-2.93802046851936,-4.40641728401232,78
"1550",-2.48346405291673,-4.40641728401232,78
"1551",-2.0289076373141,-4.40641728401232,78
"1552",-1.57435122171147,-4.40641728401232,78
"1553",-1.11979480610884,-4.40641728401232,78
"1554",-0.665238390506206,-4.40641728401232,78
"1555",-0.210681974903573,-4.40641728401232,78
"1556",0.243874440699059,-4.40641728401232,78
"1557",0.69843085630169,-4.40641728401232,78
"1558",1.15298727190432,-4.40641728401232,78
"1559",1.60754368750695,-4.40641728401232,78
"1560",2.06210010310959,-4.40641728401232,78
"1561",-6.57447179334042,2.06225125799654,79
"1562",-6.11991537773779,2.06225125799654,79
"1563",-5.66535896213515,2.06225125799654,79
"1564",-5.21080254653252,2.06225125799654,79
"1565",-4.75624613092989,2.06225125799654,79
"1566",-4.30168971532726,-1.49551644010833,79
"1567",-3.84713329972463,-2.14238329430922,79
"1568",-3.392576884122,-2.7892501485101,79
"1569",-2.93802046851936,-2.7892501485101,79
"1570",-2.48346405291673,-3.11268357561055,79
"1571",-2.0289076373141,-3.11268357561055,79
"1572",-1.57435122171147,-3.11268357561055,79
"1573",-1.11979480610884,-3.11268357561055,79
"1574",-0.665238390506206,-3.75955042981143,79
"1575",-0.210681974903573,-4.40641728401232,79
"1576",0.243874440699059,-4.40641728401232,79
"1577",0.69843085630169,-4.40641728401232,79
"1578",1.15298727190432,-4.40641728401232,79
"1579",1.60754368750695,-4.40641728401232,79
"1580",2.06210010310959,-4.40641728401232,79
"1581",-6.57447179334042,2.06225125799654,80
"1582",-6.11991537773779,2.06225125799654,80
"1583",-5.66535896213515,2.06225125799654,80
"1584",-5.21080254653252,2.06225125799654,80
"1585",-4.75624613092989,2.06225125799654,80
"1586",-4.30168971532726,-0.848649585907445,80
"1587",-3.84713329972463,-1.17208301300789,80
"1588",-3.392576884122,-1.81894986720877,80
"1589",-2.93802046851936,-2.46581672140966,80
"1590",-2.48346405291673,-2.7892501485101,80
"1591",-2.0289076373141,-2.7892501485101,80
"1592",-1.57435122171147,-3.11268357561055,80
"1593",-1.11979480610884,-3.11268357561055,80
"1594",-0.665238390506206,-3.11268357561055,80
"1595",-0.210681974903573,-3.75955042981143,80
"1596",0.243874440699059,-4.08298385691187,80
"1597",0.69843085630169,-4.40641728401232,80
"1598",1.15298727190432,-4.40641728401232,80
"1599",1.60754368750695,-4.40641728401232,80
"1600",2.06210010310959,-4.40641728401232,80
"1601",-6.57447179334042,2.06225125799654,81
"1602",-6.11991537773779,2.06225125799654,81
"1603",-5.66535896213515,2.06225125799654,81
"1604",-5.21080254653252,2.06225125799654,81
"1605",-4.75624613092989,2.06225125799654,81
"1606",-4.30168971532726,-2.7892501485101,81
"1607",-3.84713329972463,-3.75955042981143,81
"1608",-3.392576884122,-4.40641728401232,81
"1609",-2.93802046851936,-4.40641728401232,81
"1610",-2.48346405291673,-4.40641728401232,81
"1611",-2.0289076373141,-4.40641728401232,81
"1612",-1.57435122171147,-4.40641728401232,81
"1613",-1.11979480610884,-4.40641728401232,81
"1614",-0.665238390506206,-4.40641728401232,81
"1615",-0.210681974903573,-4.40641728401232,81
"1616",0.243874440699059,-4.40641728401232,81
"1617",0.69843085630169,-4.40641728401232,81
"1618",1.15298727190432,-4.40641728401232,81
"1619",1.60754368750695,-4.40641728401232,81
"1620",2.06210010310959,-4.40641728401232,81
"1621",-6.57447179334042,2.06225125799654,82
"1622",-6.11991537773779,2.06225125799654,82
"1623",-5.66535896213515,2.06225125799654,82
"1624",-5.21080254653252,2.06225125799654,82
"1625",-4.75624613092989,2.06225125799654,82
"1626",-4.30168971532726,-1.81894986720877,82
"1627",-3.84713329972463,-2.7892501485101,82
"1628",-3.392576884122,-3.43611700271099,82
"1629",-2.93802046851936,-4.08298385691187,82
"1630",-2.48346405291673,-4.40641728401232,82
"1631",-2.0289076373141,-4.40641728401232,82
"1632",-1.57435122171147,-4.40641728401232,82
"1633",-1.11979480610884,-4.40641728401232,82
"1634",-0.665238390506206,-4.40641728401232,82
"1635",-0.210681974903573,-4.40641728401232,82
"1636",0.243874440699059,-4.40641728401232,82
"1637",0.69843085630169,-4.40641728401232,82
"1638",1.15298727190432,-4.40641728401232,82
"1639",1.60754368750695,-4.40641728401232,82
"1640",2.06210010310959,-4.40641728401232,82
"1641",-6.57447179334042,2.06225125799654,83
"1642",-6.11991537773779,2.06225125799654,83
"1643",-5.66535896213515,2.06225125799654,83
"1644",-5.21080254653252,2.06225125799654,83
"1645",-4.75624613092989,2.06225125799654,83
"1646",-4.30168971532726,-2.7892501485101,83
"1647",-3.84713329972463,-3.11268357561055,83
"1648",-3.392576884122,-3.11268357561055,83
"1649",-2.93802046851936,-3.11268357561055,83
"1650",-2.48346405291673,-3.11268357561055,83
"1651",-2.0289076373141,-3.11268357561055,83
"1652",-1.57435122171147,-3.11268357561055,83
"1653",-1.11979480610884,-3.11268357561055,83
"1654",-0.665238390506206,-3.43611700271099,83
"1655",-0.210681974903573,-3.43611700271099,83
"1656",0.243874440699059,-3.43611700271099,83
"1657",0.69843085630169,-3.75955042981143,83
"1658",1.15298727190432,-3.75955042981143,83
"1659",1.60754368750695,-3.75955042981143,83
"1660",2.06210010310959,-3.75955042981143,83
"1661",-6.57447179334042,2.06225125799654,84
"1662",-6.11991537773779,2.06225125799654,84
"1663",-5.66535896213515,2.06225125799654,84
"1664",-5.21080254653252,2.06225125799654,84
"1665",-4.75624613092989,1.41538440379566,84
"1666",-4.30168971532726,-1.49551644010833,84
"1667",-3.84713329972463,-2.46581672140966,84
"1668",-3.392576884122,-3.11268357561055,84
"1669",-2.93802046851936,-3.75955042981143,84
"1670",-2.48346405291673,-4.08298385691187,84
"1671",-2.0289076373141,-4.40641728401232,84
"1672",-1.57435122171147,-4.40641728401232,84
"1673",-1.11979480610884,-4.40641728401232,84
"1674",-0.665238390506206,-4.40641728401232,84
"1675",-0.210681974903573,-4.40641728401232,84
"1676",0.243874440699059,-4.40641728401232,84
"1677",0.69843085630169,-4.40641728401232,84
"1678",1.15298727190432,-4.40641728401232,84
"1679",1.60754368750695,-4.40641728401232,84
"1680",2.06210010310959,-4.40641728401232,84
"1681",-6.57447179334042,2.06225125799654,85
"1682",-6.11991537773779,2.06225125799654,85
"1683",-5.66535896213515,2.06225125799654,85
"1684",-5.21080254653252,2.06225125799654,85
"1685",-4.75624613092989,2.06225125799654,85
"1686",-4.30168971532726,-1.49551644010833,85
"1687",-3.84713329972463,-2.46581672140966,85
"1688",-3.392576884122,-3.11268357561055,85
"1689",-2.93802046851936,-3.43611700271099,85
"1690",-2.48346405291673,-3.43611700271099,85
"1691",-2.0289076373141,-3.75955042981143,85
"1692",-1.57435122171147,-3.75955042981143,85
"1693",-1.11979480610884,-4.08298385691187,85
"1694",-0.665238390506206,-4.08298385691187,85
"1695",-0.210681974903573,-4.08298385691187,85
"1696",0.243874440699059,-4.08298385691187,85
"1697",0.69843085630169,-4.08298385691187,85
"1698",1.15298727190432,-4.08298385691187,85
"1699",1.60754368750695,-4.08298385691187,85
"1700",2.06210010310959,-4.08298385691187,85
"1701",-6.57447179334042,2.06225125799654,86
"1702",-6.11991537773779,2.06225125799654,86
"1703",-5.66535896213515,2.06225125799654,86
"1704",-5.21080254653252,2.06225125799654,86
"1705",-4.75624613092989,1.09195097669521,86
"1706",-4.30168971532726,-1.49551644010833,86
"1707",-3.84713329972463,-2.46581672140966,86
"1708",-3.392576884122,-3.11268357561055,86
"1709",-2.93802046851936,-3.43611700271099,86
"1710",-2.48346405291673,-3.75955042981143,86
"1711",-2.0289076373141,-4.08298385691187,86
"1712",-1.57435122171147,-4.40641728401232,86
"1713",-1.11979480610884,-4.40641728401232,86
"1714",-0.665238390506206,-4.40641728401232,86
"1715",-0.210681974903573,-4.40641728401232,86
"1716",0.243874440699059,-4.40641728401232,86
"1717",0.69843085630169,-4.40641728401232,86
"1718",1.15298727190432,-4.40641728401232,86
"1719",1.60754368750695,-4.40641728401232,86
"1720",2.06210010310959,-4.40641728401232,86
"1721",-6.57447179334042,2.06225125799654,87
"1722",-6.11991537773779,2.06225125799654,87
"1723",-5.66535896213515,2.06225125799654,87
"1724",-5.21080254653252,2.06225125799654,87
"1725",-4.75624613092989,2.06225125799654,87
"1726",-4.30168971532726,-2.14238329430922,87
"1727",-3.84713329972463,-2.7892501485101,87
"1728",-3.392576884122,-3.43611700271099,87
"1729",-2.93802046851936,-3.75955042981143,87
"1730",-2.48346405291673,-3.75955042981143,87
"1731",-2.0289076373141,-4.08298385691187,87
"1732",-1.57435122171147,-4.08298385691187,87
"1733",-1.11979480610884,-4.08298385691187,87
"1734",-0.665238390506206,-4.08298385691187,87
"1735",-0.210681974903573,-4.40641728401232,87
"1736",0.243874440699059,-4.40641728401232,87
"1737",0.69843085630169,-4.40641728401232,87
"1738",1.15298727190432,-4.40641728401232,87
"1739",1.60754368750695,-4.40641728401232,87
"1740",2.06210010310959,-4.40641728401232,87
"1741",-6.57447179334042,2.06225125799654,88
"1742",-6.11991537773779,2.06225125799654,88
"1743",-5.66535896213515,2.06225125799654,88
"1744",-5.21080254653252,2.06225125799654,88
"1745",-4.75624613092989,2.06225125799654,88
"1746",-4.30168971532726,-1.49551644010833,88
"1747",-3.84713329972463,-2.14238329430922,88
"1748",-3.392576884122,-2.7892501485101,88
"1749",-2.93802046851936,-3.11268357561055,88
"1750",-2.48346405291673,-3.43611700271099,88
"1751",-2.0289076373141,-3.43611700271099,88
"1752",-1.57435122171147,-3.43611700271099,88
"1753",-1.11979480610884,-3.75955042981143,88
"1754",-0.665238390506206,-3.75955042981143,88
"1755",-0.210681974903573,-4.08298385691187,88
"1756",0.243874440699059,-4.08298385691187,88
"1757",0.69843085630169,-4.08298385691187,88
"1758",1.15298727190432,-4.08298385691187,88
"1759",1.60754368750695,-4.08298385691187,88
"1760",2.06210010310959,-4.08298385691187,88
"1761",-6.57447179334042,2.06225125799654,89
"1762",-6.11991537773779,2.06225125799654,89
"1763",-5.66535896213515,2.06225125799654,89
"1764",-5.21080254653252,2.06225125799654,89
"1765",-4.75624613092989,2.06225125799654,89
"1766",-4.30168971532726,-1.81894986720877,89
"1767",-3.84713329972463,-2.14238329430922,89
"1768",-3.392576884122,-2.46581672140966,89
"1769",-2.93802046851936,-2.7892501485101,89
"1770",-2.48346405291673,-3.43611700271099,89
"1771",-2.0289076373141,-3.43611700271099,89
"1772",-1.57435122171147,-3.75955042981143,89
"1773",-1.11979480610884,-3.75955042981143,89
"1774",-0.665238390506206,-3.75955042981143,89
"1775",-0.210681974903573,-3.75955042981143,89
"1776",0.243874440699059,-3.75955042981143,89
"1777",0.69843085630169,-3.75955042981143,89
"1778",1.15298727190432,-3.75955042981143,89
"1779",1.60754368750695,-3.75955042981143,89
"1780",2.06210010310959,-3.75955042981143,89
"1781",-6.57447179334042,2.06225125799654,90
"1782",-6.11991537773779,2.06225125799654,90
"1783",-5.66535896213515,2.06225125799654,90
"1784",-5.21080254653252,2.06225125799654,90
"1785",-4.75624613092989,2.06225125799654,90
"1786",-4.30168971532726,-0.848649585907445,90
"1787",-3.84713329972463,-1.17208301300789,90
"1788",-3.392576884122,-1.17208301300789,90
"1789",-2.93802046851936,-1.49551644010833,90
"1790",-2.48346405291673,-1.49551644010833,90
"1791",-2.0289076373141,-1.49551644010833,90
"1792",-1.57435122171147,-1.81894986720877,90
"1793",-1.11979480610884,-4.40641728401232,90
"1794",-0.665238390506206,-4.40641728401232,90
"1795",-0.210681974903573,-4.40641728401232,90
"1796",0.243874440699059,-4.40641728401232,90
"1797",0.69843085630169,-4.40641728401232,90
"1798",1.15298727190432,-4.40641728401232,90
"1799",1.60754368750695,-4.40641728401232,90
"1800",2.06210010310959,-4.40641728401232,90
"1801",-6.57447179334042,2.06225125799654,91
"1802",-6.11991537773779,2.06225125799654,91
"1803",-5.66535896213515,2.06225125799654,91
"1804",-5.21080254653252,2.06225125799654,91
"1805",-4.75624613092989,2.06225125799654,91
"1806",-4.30168971532726,-1.17208301300789,91
"1807",-3.84713329972463,-1.49551644010833,91
"1808",-3.392576884122,-1.49551644010833,91
"1809",-2.93802046851936,-1.81894986720877,91
"1810",-2.48346405291673,-2.14238329430922,91
"1811",-2.0289076373141,-2.7892501485101,91
"1812",-1.57435122171147,-3.11268357561055,91
"1813",-1.11979480610884,-3.43611700271099,91
"1814",-0.665238390506206,-3.75955042981143,91
"1815",-0.210681974903573,-4.08298385691187,91
"1816",0.243874440699059,-4.40641728401232,91
"1817",0.69843085630169,-4.40641728401232,91
"1818",1.15298727190432,-4.40641728401232,91
"1819",1.60754368750695,-4.40641728401232,91
"1820",2.06210010310959,-4.40641728401232,91
"1821",-6.57447179334042,2.06225125799654,92
"1822",-6.11991537773779,2.06225125799654,92
"1823",-5.66535896213515,2.06225125799654,92
"1824",-5.21080254653252,2.06225125799654,92
"1825",-4.75624613092989,0.445084122494327,92
"1826",-4.30168971532726,-0.848649585907445,92
"1827",-3.84713329972463,-1.49551644010833,92
"1828",-3.392576884122,-1.81894986720877,92
"1829",-2.93802046851936,-1.81894986720877,92
"1830",-2.48346405291673,-2.14238329430922,92
"1831",-2.0289076373141,-2.14238329430922,92
"1832",-1.57435122171147,-2.7892501485101,92
"1833",-1.11979480610884,-3.11268357561055,92
"1834",-0.665238390506206,-3.43611700271099,92
"1835",-0.210681974903573,-3.75955042981143,92
"1836",0.243874440699059,-3.75955042981143,92
"1837",0.69843085630169,-3.75955042981143,92
"1838",1.15298727190432,-3.75955042981143,92
"1839",1.60754368750695,-3.75955042981143,92
"1840",2.06210010310959,-3.75955042981143,92
"1841",-6.57447179334042,2.06225125799654,93
"1842",-6.11991537773779,2.06225125799654,93
"1843",-5.66535896213515,2.06225125799654,93
"1844",-5.21080254653252,2.06225125799654,93
"1845",-4.75624613092989,2.06225125799654,93
"1846",-4.30168971532726,-1.49551644010833,93
"1847",-3.84713329972463,-2.14238329430922,93
"1848",-3.392576884122,-2.46581672140966,93
"1849",-2.93802046851936,-2.46581672140966,93
"1850",-2.48346405291673,-2.46581672140966,93
"1851",-2.0289076373141,-2.7892501485101,93
"1852",-1.57435122171147,-2.7892501485101,93
"1853",-1.11979480610884,-2.7892501485101,93
"1854",-0.665238390506206,-2.7892501485101,93
"1855",-0.210681974903573,-2.7892501485101,93
"1856",0.243874440699059,-2.7892501485101,93
"1857",0.69843085630169,-2.7892501485101,93
"1858",1.15298727190432,-2.7892501485101,93
"1859",1.60754368750695,-3.11268357561055,93
"1860",2.06210010310959,-3.11268357561055,93
"1861",-6.57447179334042,2.06225125799654,94
"1862",-6.11991537773779,2.06225125799654,94
"1863",-5.66535896213515,2.06225125799654,94
"1864",-5.21080254653252,2.06225125799654,94
"1865",-4.75624613092989,2.06225125799654,94
"1866",-4.30168971532726,-1.49551644010833,94
"1867",-3.84713329972463,-2.46581672140966,94
"1868",-3.392576884122,-3.11268357561055,94
"1869",-2.93802046851936,-3.75955042981143,94
"1870",-2.48346405291673,-4.08298385691187,94
"1871",-2.0289076373141,-4.08298385691187,94
"1872",-1.57435122171147,-4.40641728401232,94
"1873",-1.11979480610884,-4.40641728401232,94
"1874",-0.665238390506206,-4.40641728401232,94
"1875",-0.210681974903573,-4.40641728401232,94
"1876",0.243874440699059,-4.40641728401232,94
"1877",0.69843085630169,-4.40641728401232,94
"1878",1.15298727190432,-4.40641728401232,94
"1879",1.60754368750695,-4.40641728401232,94
"1880",2.06210010310959,-4.40641728401232,94
"1881",-6.57447179334042,2.06225125799654,95
"1882",-6.11991537773779,2.06225125799654,95
"1883",-5.66535896213515,2.06225125799654,95
"1884",-5.21080254653252,2.06225125799654,95
"1885",-4.75624613092989,2.06225125799654,95
"1886",-4.30168971532726,-2.46581672140966,95
"1887",-3.84713329972463,-3.75955042981143,95
"1888",-3.392576884122,-4.40641728401232,95
"1889",-2.93802046851936,-4.40641728401232,95
"1890",-2.48346405291673,-4.40641728401232,95
"1891",-2.0289076373141,-4.40641728401232,95
"1892",-1.57435122171147,-4.40641728401232,95
"1893",-1.11979480610884,-4.40641728401232,95
"1894",-0.665238390506206,-4.40641728401232,95
"1895",-0.210681974903573,-4.40641728401232,95
"1896",0.243874440699059,-4.40641728401232,95
"1897",0.69843085630169,-4.40641728401232,95
"1898",1.15298727190432,-4.40641728401232,95
"1899",1.60754368750695,-4.40641728401232,95
"1900",2.06210010310959,-4.40641728401232,95
"1901",-6.57447179334042,2.06225125799654,96
"1902",-6.11991537773779,2.06225125799654,96
"1903",-5.66535896213515,2.06225125799654,96
"1904",-5.21080254653252,2.06225125799654,96
"1905",-4.75624613092989,2.06225125799654,96
"1906",-4.30168971532726,-2.14238329430922,96
"1907",-3.84713329972463,-3.11268357561055,96
"1908",-3.392576884122,-3.75955042981143,96
"1909",-2.93802046851936,-4.40641728401232,96
"1910",-2.48346405291673,-4.40641728401232,96
"1911",-2.0289076373141,-4.40641728401232,96
"1912",-1.57435122171147,-4.40641728401232,96
"1913",-1.11979480610884,-4.40641728401232,96
"1914",-0.665238390506206,-4.40641728401232,96
"1915",-0.210681974903573,-4.40641728401232,96
"1916",0.243874440699059,-4.40641728401232,96
"1917",0.69843085630169,-4.40641728401232,96
"1918",1.15298727190432,-4.40641728401232,96
"1919",1.60754368750695,-4.40641728401232,96
"1920",2.06210010310959,-4.40641728401232,96
"1921",-6.57447179334042,2.06225125799654,97
"1922",-6.11991537773779,2.06225125799654,97
"1923",-5.66535896213515,2.06225125799654,97
"1924",-5.21080254653252,2.06225125799654,97
"1925",-4.75624613092989,2.06225125799654,97
"1926",-4.30168971532726,-1.49551644010833,97
"1927",-3.84713329972463,-2.14238329430922,97
"1928",-3.392576884122,-2.7892501485101,97
"1929",-2.93802046851936,-3.11268357561055,97
"1930",-2.48346405291673,-3.11268357561055,97
"1931",-2.0289076373141,-3.43611700271099,97
"1932",-1.57435122171147,-3.43611700271099,97
"1933",-1.11979480610884,-3.75955042981143,97
"1934",-0.665238390506206,-3.75955042981143,97
"1935",-0.210681974903573,-3.75955042981143,97
"1936",0.243874440699059,-3.75955042981143,97
"1937",0.69843085630169,-3.75955042981143,97
"1938",1.15298727190432,-3.75955042981143,97
"1939",1.60754368750695,-3.75955042981143,97
"1940",2.06210010310959,-3.75955042981143,97
"1941",-6.57447179334042,2.06225125799654,98
"1942",-6.11991537773779,2.06225125799654,98
"1943",-5.66535896213515,2.06225125799654,98
"1944",-5.21080254653252,2.06225125799654,98
"1945",-4.75624613092989,2.06225125799654,98
"1946",-4.30168971532726,-2.46581672140966,98
"1947",-3.84713329972463,-3.11268357561055,98
"1948",-3.392576884122,-3.75955042981143,98
"1949",-2.93802046851936,-4.08298385691187,98
"1950",-2.48346405291673,-4.08298385691187,98
"1951",-2.0289076373141,-4.40641728401232,98
"1952",-1.57435122171147,-4.40641728401232,98
"1953",-1.11979480610884,-4.40641728401232,98
"1954",-0.665238390506206,-4.40641728401232,98
"1955",-0.210681974903573,-4.40641728401232,98
"1956",0.243874440699059,-4.40641728401232,98
"1957",0.69843085630169,-4.40641728401232,98
"1958",1.15298727190432,-4.40641728401232,98
"1959",1.60754368750695,-4.40641728401232,98
"1960",2.06210010310959,-4.40641728401232,98
"1961",-6.57447179334042,2.06225125799654,99
"1962",-6.11991537773779,2.06225125799654,99
"1963",-5.66535896213515,2.06225125799654,99
"1964",-5.21080254653252,2.06225125799654,99
"1965",-4.75624613092989,0.76851754959477,99
"1966",-4.30168971532726,-1.49551644010833,99
"1967",-3.84713329972463,-2.46581672140966,99
"1968",-3.392576884122,-3.43611700271099,99
"1969",-2.93802046851936,-4.08298385691187,99
"1970",-2.48346405291673,-4.40641728401232,99
"1971",-2.0289076373141,-4.40641728401232,99
"1972",-1.57435122171147,-4.40641728401232,99
"1973",-1.11979480610884,-4.40641728401232,99
"1974",-0.665238390506206,-4.40641728401232,99
"1975",-0.210681974903573,-4.40641728401232,99
"1976",0.243874440699059,-4.40641728401232,99
"1977",0.69843085630169,-4.40641728401232,99
"1978",1.15298727190432,-4.40641728401232,99
"1979",1.60754368750695,-4.40641728401232,99
"1980",2.06210010310959,-4.40641728401232,99
"1981",-6.57447179334042,2.06225125799654,100
"1982",-6.11991537773779,2.06225125799654,100
"1983",-5.66535896213515,2.06225125799654,100
"1984",-5.21080254653252,2.06225125799654,100
"1985",-4.75624613092989,2.06225125799654,100
"1986",-4.30168971532726,-1.49551644010833,100
"1987",-3.84713329972463,-2.14238329430922,100
"1988",-3.392576884122,-2.46581672140966,100
"1989",-2.93802046851936,-2.7892501485101,100
"1990",-2.48346405291673,-2.7892501485101,100
"1991",-2.0289076373141,-3.11268357561055,100
"1992",-1.57435122171147,-3.11268357561055,100
"1993",-1.11979480610884,-3.11268357561055,100
"1994",-0.665238390506206,-3.11268357561055,100
"1995",-0.210681974903573,-3.43611700271099,100
"1996",0.243874440699059,-3.75955042981143,100
"1997",0.69843085630169,-4.08298385691187,100
"1998",1.15298727190432,-4.08298385691187,100
"1999",1.60754368750695,-4.08298385691187,100
"2000",2.06210010310959,-4.08298385691187,100
