"","x","y","sample"
"1",-3.90515688470778,-0.486437413416804,1
"2",-3.55659951164773,-0.486437413416804,1
"3",-3.20804213858768,-0.486437413416804,1
"4",-2.85948476552764,-0.486437413416804,1
"5",-2.51092739246759,-0.486437413416804,1
"6",-2.16237001940754,-0.486437413416804,1
"7",-1.81381264634749,-0.486437413416804,1
"8",-1.46525527328744,-0.486437413416804,1
"9",-1.1166979002274,-0.486437413416804,1
"10",-0.768140527167348,-0.486437413416804,1
"11",-0.4195831541073,-0.486437413416804,1
"12",-0.0710257810472514,-0.841897070945325,1
"13",0.277531592012796,-1.01962689970959,1
"14",0.626088965072845,-1.19735672847385,1
"15",0.974646338132893,-1.37508655723811,1
"16",1.32320371119294,-1.37508655723811,1
"17",1.67176108425299,-1.37508655723811,1
"18",2.02031845731304,-1.37508655723811,1
"19",2.36887583037309,-1.37508655723811,1
"20",2.71743320343313,-1.37508655723811,1
"21",-3.90515688470778,-0.486437413416804,2
"22",-3.55659951164773,-0.486437413416804,2
"23",-3.20804213858768,-0.486437413416804,2
"24",-2.85948476552764,-0.486437413416804,2
"25",-2.51092739246759,-0.486437413416804,2
"26",-2.16237001940754,-0.486437413416804,2
"27",-1.81381264634749,-0.486437413416804,2
"28",-1.46525527328744,-0.486437413416804,2
"29",-1.1166979002274,-0.486437413416804,2
"30",-0.768140527167348,-0.486437413416804,2
"31",-0.4195831541073,-0.486437413416804,2
"32",-0.0710257810472514,-0.841897070945325,2
"33",0.277531592012796,-1.01962689970959,2
"34",0.626088965072845,-1.19735672847385,2
"35",0.974646338132893,-1.37508655723811,2
"36",1.32320371119294,-1.37508655723811,2
"37",1.67176108425299,-1.37508655723811,2
"38",2.02031845731304,-1.37508655723811,2
"39",2.36887583037309,-1.37508655723811,2
"40",2.71743320343313,-1.37508655723811,2
"41",-3.90515688470778,-0.486437413416804,3
"42",-3.55659951164773,-0.486437413416804,3
"43",-3.20804213858768,-0.486437413416804,3
"44",-2.85948476552764,-0.486437413416804,3
"45",-2.51092739246759,-0.486437413416804,3
"46",-2.16237001940754,-0.486437413416804,3
"47",-1.81381264634749,-0.486437413416804,3
"48",-1.46525527328744,-0.486437413416804,3
"49",-1.1166979002274,-0.486437413416804,3
"50",-0.768140527167348,-0.486437413416804,3
"51",-0.4195831541073,-0.486437413416804,3
"52",-0.0710257810472514,-0.841897070945325,3
"53",0.277531592012796,-1.01962689970959,3
"54",0.626088965072845,-1.19735672847385,3
"55",0.974646338132893,-1.37508655723811,3
"56",1.32320371119294,-1.37508655723811,3
"57",1.67176108425299,-1.37508655723811,3
"58",2.02031845731304,-1.37508655723811,3
"59",2.36887583037309,-1.37508655723811,3
"60",2.71743320343313,-1.37508655723811,3
"61",-3.90515688470778,-0.486437413416804,4
"62",-3.55659951164773,-0.486437413416804,4
"63",-3.20804213858768,-0.486437413416804,4
"64",-2.85948476552764,-0.486437413416804,4
"65",-2.51092739246759,-0.486437413416804,4
"66",-2.16237001940754,-0.486437413416804,4
"67",-1.81381264634749,-0.486437413416804,4
"68",-1.46525527328744,-0.486437413416804,4
"69",-1.1166979002274,-0.486437413416804,4
"70",-0.768140527167348,-0.486437413416804,4
"71",-0.4195831541073,-0.664167242181064,4
"72",-0.0710257810472514,-1.01962689970959,4
"73",0.277531592012796,-1.19735672847385,4
"74",0.626088965072845,-1.19735672847385,4
"75",0.974646338132893,-1.19735672847385,4
"76",1.32320371119294,-1.37508655723811,4
"77",1.67176108425299,-1.37508655723811,4
"78",2.02031845731304,-1.37508655723811,4
"79",2.36887583037309,-1.37508655723811,4
"80",2.71743320343313,-1.37508655723811,4
"81",-3.90515688470778,-0.486437413416804,5
"82",-3.55659951164773,-0.486437413416804,5
"83",-3.20804213858768,-0.486437413416804,5
"84",-2.85948476552764,-0.486437413416804,5
"85",-2.51092739246759,-0.486437413416804,5
"86",-2.16237001940754,-0.486437413416804,5
"87",-1.81381264634749,-0.486437413416804,5
"88",-1.46525527328744,-0.486437413416804,5
"89",-1.1166979002274,-0.486437413416804,5
"90",-0.768140527167348,-0.486437413416804,5
"91",-0.4195831541073,-0.664167242181064,5
"92",-0.0710257810472514,-1.01962689970959,5
"93",0.277531592012796,-1.19735672847385,5
"94",0.626088965072845,-1.19735672847385,5
"95",0.974646338132893,-1.37508655723811,5
"96",1.32320371119294,-1.37508655723811,5
"97",1.67176108425299,-1.37508655723811,5
"98",2.02031845731304,-1.37508655723811,5
"99",2.36887583037309,-1.37508655723811,5
"100",2.71743320343313,-1.37508655723811,5
"101",-3.90515688470778,-0.486437413416804,6
"102",-3.55659951164773,-0.486437413416804,6
"103",-3.20804213858768,-0.486437413416804,6
"104",-2.85948476552764,-0.486437413416804,6
"105",-2.51092739246759,-0.486437413416804,6
"106",-2.16237001940754,-0.486437413416804,6
"107",-1.81381264634749,-0.486437413416804,6
"108",-1.46525527328744,-0.486437413416804,6
"109",-1.1166979002274,-0.486437413416804,6
"110",-0.768140527167348,-0.486437413416804,6
"111",-0.4195831541073,-0.486437413416804,6
"112",-0.0710257810472514,-0.841897070945325,6
"113",0.277531592012796,-1.01962689970959,6
"114",0.626088965072845,-1.19735672847385,6
"115",0.974646338132893,-1.37508655723811,6
"116",1.32320371119294,-1.37508655723811,6
"117",1.67176108425299,-1.55281638600237,6
"118",2.02031845731304,-1.55281638600237,6
"119",2.36887583037309,-1.55281638600237,6
"120",2.71743320343313,-1.55281638600237,6
"121",-3.90515688470778,-0.486437413416804,7
"122",-3.55659951164773,-0.486437413416804,7
"123",-3.20804213858768,-0.486437413416804,7
"124",-2.85948476552764,-0.486437413416804,7
"125",-2.51092739246759,-0.486437413416804,7
"126",-2.16237001940754,-0.486437413416804,7
"127",-1.81381264634749,-0.486437413416804,7
"128",-1.46525527328744,-0.486437413416804,7
"129",-1.1166979002274,-0.486437413416804,7
"130",-0.768140527167348,-0.486437413416804,7
"131",-0.4195831541073,-0.486437413416804,7
"132",-0.0710257810472514,-0.841897070945325,7
"133",0.277531592012796,-1.01962689970959,7
"134",0.626088965072845,-1.19735672847385,7
"135",0.974646338132893,-1.37508655723811,7
"136",1.32320371119294,-1.37508655723811,7
"137",1.67176108425299,-1.55281638600237,7
"138",2.02031845731304,-1.55281638600237,7
"139",2.36887583037309,-1.55281638600237,7
"140",2.71743320343313,-1.55281638600237,7
"141",-3.90515688470778,-0.486437413416804,8
"142",-3.55659951164773,-0.486437413416804,8
"143",-3.20804213858768,-0.486437413416804,8
"144",-2.85948476552764,-0.486437413416804,8
"145",-2.51092739246759,-0.486437413416804,8
"146",-2.16237001940754,-0.486437413416804,8
"147",-1.81381264634749,-0.486437413416804,8
"148",-1.46525527328744,-0.486437413416804,8
"149",-1.1166979002274,-0.486437413416804,8
"150",-0.768140527167348,-0.486437413416804,8
"151",-0.4195831541073,-0.841897070945325,8
"152",-0.0710257810472514,-1.01962689970959,8
"153",0.277531592012796,-1.19735672847385,8
"154",0.626088965072845,-1.19735672847385,8
"155",0.974646338132893,-1.19735672847385,8
"156",1.32320371119294,-1.37508655723811,8
"157",1.67176108425299,-1.37508655723811,8
"158",2.02031845731304,-1.37508655723811,8
"159",2.36887583037309,-1.37508655723811,8
"160",2.71743320343313,-1.37508655723811,8
"161",-3.90515688470778,-0.486437413416804,9
"162",-3.55659951164773,-0.486437413416804,9
"163",-3.20804213858768,-0.486437413416804,9
"164",-2.85948476552764,-0.486437413416804,9
"165",-2.51092739246759,-0.486437413416804,9
"166",-2.16237001940754,-0.486437413416804,9
"167",-1.81381264634749,-0.486437413416804,9
"168",-1.46525527328744,-0.486437413416804,9
"169",-1.1166979002274,-0.486437413416804,9
"170",-0.768140527167348,-0.486437413416804,9
"171",-0.4195831541073,-0.664167242181064,9
"172",-0.0710257810472514,-0.841897070945325,9
"173",0.277531592012796,-1.01962689970959,9
"174",0.626088965072845,-1.19735672847385,9
"175",0.974646338132893,-1.37508655723811,9
"176",1.32320371119294,-1.37508655723811,9
"177",1.67176108425299,-1.55281638600237,9
"178",2.02031845731304,-1.55281638600237,9
"179",2.36887583037309,-1.55281638600237,9
"180",2.71743320343313,-1.55281638600237,9
"181",-3.90515688470778,-0.486437413416804,10
"182",-3.55659951164773,-0.486437413416804,10
"183",-3.20804213858768,-0.486437413416804,10
"184",-2.85948476552764,-0.486437413416804,10
"185",-2.51092739246759,-0.486437413416804,10
"186",-2.16237001940754,-0.486437413416804,10
"187",-1.81381264634749,-0.486437413416804,10
"188",-1.46525527328744,-0.486437413416804,10
"189",-1.1166979002274,-0.486437413416804,10
"190",-0.768140527167348,-0.486437413416804,10
"191",-0.4195831541073,-0.841897070945325,10
"192",-0.0710257810472514,-1.01962689970959,10
"193",0.277531592012796,-1.19735672847385,10
"194",0.626088965072845,-1.19735672847385,10
"195",0.974646338132893,-1.37508655723811,10
"196",1.32320371119294,-1.37508655723811,10
"197",1.67176108425299,-1.37508655723811,10
"198",2.02031845731304,-1.37508655723811,10
"199",2.36887583037309,-1.37508655723811,10
"200",2.71743320343313,-1.37508655723811,10
"201",-3.90515688470778,-0.486437413416804,11
"202",-3.55659951164773,-0.486437413416804,11
"203",-3.20804213858768,-0.486437413416804,11
"204",-2.85948476552764,-0.486437413416804,11
"205",-2.51092739246759,-0.486437413416804,11
"206",-2.16237001940754,-0.486437413416804,11
"207",-1.81381264634749,-0.486437413416804,11
"208",-1.46525527328744,-0.486437413416804,11
"209",-1.1166979002274,-0.486437413416804,11
"210",-0.768140527167348,-0.486437413416804,11
"211",-0.4195831541073,-0.486437413416804,11
"212",-0.0710257810472514,-0.664167242181064,11
"213",0.277531592012796,-1.01962689970959,11
"214",0.626088965072845,-1.19735672847385,11
"215",0.974646338132893,-1.37508655723811,11
"216",1.32320371119294,-1.37508655723811,11
"217",1.67176108425299,-1.37508655723811,11
"218",2.02031845731304,-1.37508655723811,11
"219",2.36887583037309,-1.37508655723811,11
"220",2.71743320343313,-1.37508655723811,11
"221",-3.90515688470778,-0.486437413416804,12
"222",-3.55659951164773,-0.486437413416804,12
"223",-3.20804213858768,-0.486437413416804,12
"224",-2.85948476552764,-0.486437413416804,12
"225",-2.51092739246759,-0.486437413416804,12
"226",-2.16237001940754,-0.486437413416804,12
"227",-1.81381264634749,-0.486437413416804,12
"228",-1.46525527328744,-0.486437413416804,12
"229",-1.1166979002274,-0.486437413416804,12
"230",-0.768140527167348,-0.486437413416804,12
"231",-0.4195831541073,-0.486437413416804,12
"232",-0.0710257810472514,-0.664167242181064,12
"233",0.277531592012796,-1.01962689970959,12
"234",0.626088965072845,-1.19735672847385,12
"235",0.974646338132893,-1.37508655723811,12
"236",1.32320371119294,-1.37508655723811,12
"237",1.67176108425299,-1.37508655723811,12
"238",2.02031845731304,-1.55281638600237,12
"239",2.36887583037309,-1.55281638600237,12
"240",2.71743320343313,-1.55281638600237,12
"241",-3.90515688470778,-0.486437413416804,13
"242",-3.55659951164773,-0.486437413416804,13
"243",-3.20804213858768,-0.486437413416804,13
"244",-2.85948476552764,-0.486437413416804,13
"245",-2.51092739246759,-0.486437413416804,13
"246",-2.16237001940754,-0.486437413416804,13
"247",-1.81381264634749,-0.486437413416804,13
"248",-1.46525527328744,-0.486437413416804,13
"249",-1.1166979002274,-0.486437413416804,13
"250",-0.768140527167348,-0.486437413416804,13
"251",-0.4195831541073,-0.486437413416804,13
"252",-0.0710257810472514,-0.664167242181064,13
"253",0.277531592012796,-1.01962689970959,13
"254",0.626088965072845,-1.19735672847385,13
"255",0.974646338132893,-1.37508655723811,13
"256",1.32320371119294,-1.37508655723811,13
"257",1.67176108425299,-1.37508655723811,13
"258",2.02031845731304,-1.37508655723811,13
"259",2.36887583037309,-1.55281638600237,13
"260",2.71743320343313,-1.55281638600237,13
"261",-3.90515688470778,-0.486437413416804,14
"262",-3.55659951164773,-0.486437413416804,14
"263",-3.20804213858768,-0.486437413416804,14
"264",-2.85948476552764,-0.486437413416804,14
"265",-2.51092739246759,-0.486437413416804,14
"266",-2.16237001940754,-0.486437413416804,14
"267",-1.81381264634749,-0.486437413416804,14
"268",-1.46525527328744,-0.486437413416804,14
"269",-1.1166979002274,-0.486437413416804,14
"270",-0.768140527167348,-0.486437413416804,14
"271",-0.4195831541073,-0.486437413416804,14
"272",-0.0710257810472514,-0.841897070945325,14
"273",0.277531592012796,-1.01962689970959,14
"274",0.626088965072845,-1.19735672847385,14
"275",0.974646338132893,-1.37508655723811,14
"276",1.32320371119294,-1.55281638600237,14
"277",1.67176108425299,-1.55281638600237,14
"278",2.02031845731304,-1.55281638600237,14
"279",2.36887583037309,-1.55281638600237,14
"280",2.71743320343313,-1.55281638600237,14
"281",-3.90515688470778,-0.486437413416804,15
"282",-3.55659951164773,-0.486437413416804,15
"283",-3.20804213858768,-0.486437413416804,15
"284",-2.85948476552764,-0.486437413416804,15
"285",-2.51092739246759,-0.486437413416804,15
"286",-2.16237001940754,-0.486437413416804,15
"287",-1.81381264634749,-0.486437413416804,15
"288",-1.46525527328744,-0.486437413416804,15
"289",-1.1166979002274,-0.486437413416804,15
"290",-0.768140527167348,-0.486437413416804,15
"291",-0.4195831541073,-0.486437413416804,15
"292",-0.0710257810472514,-0.664167242181064,15
"293",0.277531592012796,-1.01962689970959,15
"294",0.626088965072845,-1.19735672847385,15
"295",0.974646338132893,-1.37508655723811,15
"296",1.32320371119294,-1.37508655723811,15
"297",1.67176108425299,-1.55281638600237,15
"298",2.02031845731304,-1.55281638600237,15
"299",2.36887583037309,-1.55281638600237,15
"300",2.71743320343313,-1.55281638600237,15
"301",-3.90515688470778,-0.486437413416804,16
"302",-3.55659951164773,-0.486437413416804,16
"303",-3.20804213858768,-0.486437413416804,16
"304",-2.85948476552764,-0.486437413416804,16
"305",-2.51092739246759,-0.486437413416804,16
"306",-2.16237001940754,-0.486437413416804,16
"307",-1.81381264634749,-0.486437413416804,16
"308",-1.46525527328744,-0.486437413416804,16
"309",-1.1166979002274,-0.486437413416804,16
"310",-0.768140527167348,-0.486437413416804,16
"311",-0.4195831541073,-0.664167242181064,16
"312",-0.0710257810472514,-0.841897070945325,16
"313",0.277531592012796,-1.01962689970959,16
"314",0.626088965072845,-1.19735672847385,16
"315",0.974646338132893,-1.37508655723811,16
"316",1.32320371119294,-1.55281638600237,16
"317",1.67176108425299,-1.55281638600237,16
"318",2.02031845731304,-1.55281638600237,16
"319",2.36887583037309,-1.55281638600237,16
"320",2.71743320343313,-1.73054621476663,16
"321",-3.90515688470778,-0.486437413416804,17
"322",-3.55659951164773,-0.486437413416804,17
"323",-3.20804213858768,-0.486437413416804,17
"324",-2.85948476552764,-0.486437413416804,17
"325",-2.51092739246759,-0.486437413416804,17
"326",-2.16237001940754,-0.486437413416804,17
"327",-1.81381264634749,-0.486437413416804,17
"328",-1.46525527328744,-0.486437413416804,17
"329",-1.1166979002274,-0.486437413416804,17
"330",-0.768140527167348,-0.486437413416804,17
"331",-0.4195831541073,-0.841897070945325,17
"332",-0.0710257810472514,-1.01962689970959,17
"333",0.277531592012796,-1.19735672847385,17
"334",0.626088965072845,-1.19735672847385,17
"335",0.974646338132893,-1.19735672847385,17
"336",1.32320371119294,-1.37508655723811,17
"337",1.67176108425299,-1.37508655723811,17
"338",2.02031845731304,-1.37508655723811,17
"339",2.36887583037309,-1.37508655723811,17
"340",2.71743320343313,-1.37508655723811,17
"341",-3.90515688470778,-0.486437413416804,18
"342",-3.55659951164773,-0.486437413416804,18
"343",-3.20804213858768,-0.486437413416804,18
"344",-2.85948476552764,-0.486437413416804,18
"345",-2.51092739246759,-0.486437413416804,18
"346",-2.16237001940754,-0.486437413416804,18
"347",-1.81381264634749,-0.486437413416804,18
"348",-1.46525527328744,-0.486437413416804,18
"349",-1.1166979002274,-0.664167242181064,18
"350",-0.768140527167348,-0.841897070945325,18
"351",-0.4195831541073,-1.01962689970959,18
"352",-0.0710257810472514,-1.19735672847385,18
"353",0.277531592012796,-1.19735672847385,18
"354",0.626088965072845,-1.19735672847385,18
"355",0.974646338132893,-1.19735672847385,18
"356",1.32320371119294,-1.19735672847385,18
"357",1.67176108425299,-1.19735672847385,18
"358",2.02031845731304,-1.19735672847385,18
"359",2.36887583037309,-1.37508655723811,18
"360",2.71743320343313,-1.37508655723811,18
"361",-3.90515688470778,-0.486437413416804,19
"362",-3.55659951164773,-0.486437413416804,19
"363",-3.20804213858768,-0.486437413416804,19
"364",-2.85948476552764,-0.486437413416804,19
"365",-2.51092739246759,-0.486437413416804,19
"366",-2.16237001940754,-0.486437413416804,19
"367",-1.81381264634749,-0.486437413416804,19
"368",-1.46525527328744,-0.486437413416804,19
"369",-1.1166979002274,-0.486437413416804,19
"370",-0.768140527167348,-0.486437413416804,19
"371",-0.4195831541073,-0.841897070945325,19
"372",-0.0710257810472514,-1.01962689970959,19
"373",0.277531592012796,-1.19735672847385,19
"374",0.626088965072845,-1.19735672847385,19
"375",0.974646338132893,-1.37508655723811,19
"376",1.32320371119294,-1.37508655723811,19
"377",1.67176108425299,-1.37508655723811,19
"378",2.02031845731304,-1.37508655723811,19
"379",2.36887583037309,-1.37508655723811,19
"380",2.71743320343313,-1.37508655723811,19
"381",-3.90515688470778,-0.486437413416804,20
"382",-3.55659951164773,-0.486437413416804,20
"383",-3.20804213858768,-0.486437413416804,20
"384",-2.85948476552764,-0.486437413416804,20
"385",-2.51092739246759,-0.486437413416804,20
"386",-2.16237001940754,-0.486437413416804,20
"387",-1.81381264634749,-0.486437413416804,20
"388",-1.46525527328744,-0.486437413416804,20
"389",-1.1166979002274,-0.486437413416804,20
"390",-0.768140527167348,-0.486437413416804,20
"391",-0.4195831541073,-0.486437413416804,20
"392",-0.0710257810472514,-0.841897070945325,20
"393",0.277531592012796,-1.19735672847385,20
"394",0.626088965072845,-1.19735672847385,20
"395",0.974646338132893,-1.19735672847385,20
"396",1.32320371119294,-1.37508655723811,20
"397",1.67176108425299,-1.37508655723811,20
"398",2.02031845731304,-1.37508655723811,20
"399",2.36887583037309,-1.37508655723811,20
"400",2.71743320343313,-1.37508655723811,20
"401",-3.90515688470778,-0.486437413416804,21
"402",-3.55659951164773,-0.486437413416804,21
"403",-3.20804213858768,-0.486437413416804,21
"404",-2.85948476552764,-0.486437413416804,21
"405",-2.51092739246759,-0.486437413416804,21
"406",-2.16237001940754,-0.486437413416804,21
"407",-1.81381264634749,-0.486437413416804,21
"408",-1.46525527328744,-0.486437413416804,21
"409",-1.1166979002274,-0.486437413416804,21
"410",-0.768140527167348,-0.486437413416804,21
"411",-0.4195831541073,-0.486437413416804,21
"412",-0.0710257810472514,-0.664167242181064,21
"413",0.277531592012796,-1.01962689970959,21
"414",0.626088965072845,-1.19735672847385,21
"415",0.974646338132893,-1.37508655723811,21
"416",1.32320371119294,-1.37508655723811,21
"417",1.67176108425299,-1.37508655723811,21
"418",2.02031845731304,-1.37508655723811,21
"419",2.36887583037309,-1.37508655723811,21
"420",2.71743320343313,-1.37508655723811,21
"421",-3.90515688470778,-0.486437413416804,22
"422",-3.55659951164773,-0.486437413416804,22
"423",-3.20804213858768,-0.486437413416804,22
"424",-2.85948476552764,-0.486437413416804,22
"425",-2.51092739246759,-0.486437413416804,22
"426",-2.16237001940754,-0.486437413416804,22
"427",-1.81381264634749,-0.486437413416804,22
"428",-1.46525527328744,-0.486437413416804,22
"429",-1.1166979002274,-0.486437413416804,22
"430",-0.768140527167348,-0.486437413416804,22
"431",-0.4195831541073,-0.841897070945325,22
"432",-0.0710257810472514,-1.01962689970959,22
"433",0.277531592012796,-1.19735672847385,22
"434",0.626088965072845,-1.19735672847385,22
"435",0.974646338132893,-1.37508655723811,22
"436",1.32320371119294,-1.37508655723811,22
"437",1.67176108425299,-1.37508655723811,22
"438",2.02031845731304,-1.37508655723811,22
"439",2.36887583037309,-1.37508655723811,22
"440",2.71743320343313,-1.37508655723811,22
"441",-3.90515688470778,-0.486437413416804,23
"442",-3.55659951164773,-0.486437413416804,23
"443",-3.20804213858768,-0.486437413416804,23
"444",-2.85948476552764,-0.486437413416804,23
"445",-2.51092739246759,-0.486437413416804,23
"446",-2.16237001940754,-0.486437413416804,23
"447",-1.81381264634749,-0.486437413416804,23
"448",-1.46525527328744,-0.486437413416804,23
"449",-1.1166979002274,-0.486437413416804,23
"450",-0.768140527167348,-0.486437413416804,23
"451",-0.4195831541073,-0.664167242181064,23
"452",-0.0710257810472514,-0.841897070945325,23
"453",0.277531592012796,-1.01962689970959,23
"454",0.626088965072845,-1.19735672847385,23
"455",0.974646338132893,-1.37508655723811,23
"456",1.32320371119294,-1.37508655723811,23
"457",1.67176108425299,-1.37508655723811,23
"458",2.02031845731304,-1.37508655723811,23
"459",2.36887583037309,-1.37508655723811,23
"460",2.71743320343313,-1.37508655723811,23
"461",-3.90515688470778,-0.486437413416804,24
"462",-3.55659951164773,-0.486437413416804,24
"463",-3.20804213858768,-0.486437413416804,24
"464",-2.85948476552764,-0.486437413416804,24
"465",-2.51092739246759,-0.486437413416804,24
"466",-2.16237001940754,-0.486437413416804,24
"467",-1.81381264634749,-0.486437413416804,24
"468",-1.46525527328744,-0.486437413416804,24
"469",-1.1166979002274,-0.486437413416804,24
"470",-0.768140527167348,-0.486437413416804,24
"471",-0.4195831541073,-0.664167242181064,24
"472",-0.0710257810472514,-1.01962689970959,24
"473",0.277531592012796,-1.19735672847385,24
"474",0.626088965072845,-1.19735672847385,24
"475",0.974646338132893,-1.37508655723811,24
"476",1.32320371119294,-1.37508655723811,24
"477",1.67176108425299,-1.37508655723811,24
"478",2.02031845731304,-1.37508655723811,24
"479",2.36887583037309,-1.55281638600237,24
"480",2.71743320343313,-1.55281638600237,24
"481",-3.90515688470778,-0.486437413416804,25
"482",-3.55659951164773,-0.486437413416804,25
"483",-3.20804213858768,-0.486437413416804,25
"484",-2.85948476552764,-0.486437413416804,25
"485",-2.51092739246759,-0.486437413416804,25
"486",-2.16237001940754,-0.486437413416804,25
"487",-1.81381264634749,-0.486437413416804,25
"488",-1.46525527328744,-0.486437413416804,25
"489",-1.1166979002274,-0.486437413416804,25
"490",-0.768140527167348,-0.486437413416804,25
"491",-0.4195831541073,-0.486437413416804,25
"492",-0.0710257810472514,-0.841897070945325,25
"493",0.277531592012796,-1.01962689970959,25
"494",0.626088965072845,-1.19735672847385,25
"495",0.974646338132893,-1.37508655723811,25
"496",1.32320371119294,-1.37508655723811,25
"497",1.67176108425299,-1.37508655723811,25
"498",2.02031845731304,-1.37508655723811,25
"499",2.36887583037309,-1.37508655723811,25
"500",2.71743320343313,-1.37508655723811,25
"501",-3.90515688470778,-0.486437413416804,26
"502",-3.55659951164773,-0.486437413416804,26
"503",-3.20804213858768,-0.486437413416804,26
"504",-2.85948476552764,-0.486437413416804,26
"505",-2.51092739246759,-0.486437413416804,26
"506",-2.16237001940754,-0.486437413416804,26
"507",-1.81381264634749,-0.486437413416804,26
"508",-1.46525527328744,-0.486437413416804,26
"509",-1.1166979002274,-0.486437413416804,26
"510",-0.768140527167348,-0.486437413416804,26
"511",-0.4195831541073,-0.486437413416804,26
"512",-0.0710257810472514,-0.664167242181064,26
"513",0.277531592012796,-0.841897070945325,26
"514",0.626088965072845,-1.19735672847385,26
"515",0.974646338132893,-1.37508655723811,26
"516",1.32320371119294,-1.55281638600237,26
"517",1.67176108425299,-1.55281638600237,26
"518",2.02031845731304,-1.55281638600237,26
"519",2.36887583037309,-1.55281638600237,26
"520",2.71743320343313,-1.55281638600237,26
"521",-3.90515688470778,-0.486437413416804,27
"522",-3.55659951164773,-0.486437413416804,27
"523",-3.20804213858768,-0.486437413416804,27
"524",-2.85948476552764,-0.486437413416804,27
"525",-2.51092739246759,-0.486437413416804,27
"526",-2.16237001940754,-0.486437413416804,27
"527",-1.81381264634749,-0.486437413416804,27
"528",-1.46525527328744,-0.486437413416804,27
"529",-1.1166979002274,-0.486437413416804,27
"530",-0.768140527167348,-0.486437413416804,27
"531",-0.4195831541073,-0.486437413416804,27
"532",-0.0710257810472514,-0.664167242181064,27
"533",0.277531592012796,-1.01962689970959,27
"534",0.626088965072845,-1.19735672847385,27
"535",0.974646338132893,-1.37508655723811,27
"536",1.32320371119294,-1.37508655723811,27
"537",1.67176108425299,-1.37508655723811,27
"538",2.02031845731304,-1.37508655723811,27
"539",2.36887583037309,-1.37508655723811,27
"540",2.71743320343313,-1.37508655723811,27
"541",-3.90515688470778,-0.486437413416804,28
"542",-3.55659951164773,-0.486437413416804,28
"543",-3.20804213858768,-0.486437413416804,28
"544",-2.85948476552764,-0.486437413416804,28
"545",-2.51092739246759,-0.486437413416804,28
"546",-2.16237001940754,-0.486437413416804,28
"547",-1.81381264634749,-0.486437413416804,28
"548",-1.46525527328744,-0.486437413416804,28
"549",-1.1166979002274,-0.486437413416804,28
"550",-0.768140527167348,-0.486437413416804,28
"551",-0.4195831541073,-0.486437413416804,28
"552",-0.0710257810472514,-0.841897070945325,28
"553",0.277531592012796,-1.01962689970959,28
"554",0.626088965072845,-1.19735672847385,28
"555",0.974646338132893,-1.37508655723811,28
"556",1.32320371119294,-1.37508655723811,28
"557",1.67176108425299,-1.37508655723811,28
"558",2.02031845731304,-1.37508655723811,28
"559",2.36887583037309,-1.37508655723811,28
"560",2.71743320343313,-1.37508655723811,28
"561",-3.90515688470778,-0.486437413416804,29
"562",-3.55659951164773,-0.486437413416804,29
"563",-3.20804213858768,-0.486437413416804,29
"564",-2.85948476552764,-0.486437413416804,29
"565",-2.51092739246759,-0.486437413416804,29
"566",-2.16237001940754,-0.486437413416804,29
"567",-1.81381264634749,-0.486437413416804,29
"568",-1.46525527328744,-0.486437413416804,29
"569",-1.1166979002274,-0.486437413416804,29
"570",-0.768140527167348,-0.664167242181064,29
"571",-0.4195831541073,-0.841897070945325,29
"572",-0.0710257810472514,-1.01962689970959,29
"573",0.277531592012796,-1.19735672847385,29
"574",0.626088965072845,-1.19735672847385,29
"575",0.974646338132893,-1.19735672847385,29
"576",1.32320371119294,-1.19735672847385,29
"577",1.67176108425299,-1.19735672847385,29
"578",2.02031845731304,-1.19735672847385,29
"579",2.36887583037309,-1.19735672847385,29
"580",2.71743320343313,-1.19735672847385,29
"581",-3.90515688470778,-0.486437413416804,30
"582",-3.55659951164773,-0.486437413416804,30
"583",-3.20804213858768,-0.486437413416804,30
"584",-2.85948476552764,-0.486437413416804,30
"585",-2.51092739246759,-0.486437413416804,30
"586",-2.16237001940754,-0.486437413416804,30
"587",-1.81381264634749,-0.486437413416804,30
"588",-1.46525527328744,-0.486437413416804,30
"589",-1.1166979002274,-0.486437413416804,30
"590",-0.768140527167348,-0.486437413416804,30
"591",-0.4195831541073,-0.486437413416804,30
"592",-0.0710257810472514,-0.841897070945325,30
"593",0.277531592012796,-1.01962689970959,30
"594",0.626088965072845,-1.19735672847385,30
"595",0.974646338132893,-1.37508655723811,30
"596",1.32320371119294,-1.37508655723811,30
"597",1.67176108425299,-1.37508655723811,30
"598",2.02031845731304,-1.37508655723811,30
"599",2.36887583037309,-1.37508655723811,30
"600",2.71743320343313,-1.37508655723811,30
"601",-3.90515688470778,-0.486437413416804,31
"602",-3.55659951164773,-0.486437413416804,31
"603",-3.20804213858768,-0.486437413416804,31
"604",-2.85948476552764,-0.486437413416804,31
"605",-2.51092739246759,-0.486437413416804,31
"606",-2.16237001940754,-0.486437413416804,31
"607",-1.81381264634749,-0.486437413416804,31
"608",-1.46525527328744,-0.486437413416804,31
"609",-1.1166979002274,-0.486437413416804,31
"610",-0.768140527167348,-0.486437413416804,31
"611",-0.4195831541073,-0.664167242181064,31
"612",-0.0710257810472514,-0.841897070945325,31
"613",0.277531592012796,-1.01962689970959,31
"614",0.626088965072845,-1.19735672847385,31
"615",0.974646338132893,-1.37508655723811,31
"616",1.32320371119294,-1.37508655723811,31
"617",1.67176108425299,-1.37508655723811,31
"618",2.02031845731304,-1.37508655723811,31
"619",2.36887583037309,-1.37508655723811,31
"620",2.71743320343313,-1.37508655723811,31
"621",-3.90515688470778,-0.486437413416804,32
"622",-3.55659951164773,-0.486437413416804,32
"623",-3.20804213858768,-0.486437413416804,32
"624",-2.85948476552764,-0.486437413416804,32
"625",-2.51092739246759,-0.486437413416804,32
"626",-2.16237001940754,-0.486437413416804,32
"627",-1.81381264634749,-0.486437413416804,32
"628",-1.46525527328744,-0.486437413416804,32
"629",-1.1166979002274,-0.486437413416804,32
"630",-0.768140527167348,-0.486437413416804,32
"631",-0.4195831541073,-0.664167242181064,32
"632",-0.0710257810472514,-0.841897070945325,32
"633",0.277531592012796,-1.19735672847385,32
"634",0.626088965072845,-1.19735672847385,32
"635",0.974646338132893,-1.37508655723811,32
"636",1.32320371119294,-1.37508655723811,32
"637",1.67176108425299,-1.37508655723811,32
"638",2.02031845731304,-1.37508655723811,32
"639",2.36887583037309,-1.37508655723811,32
"640",2.71743320343313,-1.37508655723811,32
"641",-3.90515688470778,-0.486437413416804,33
"642",-3.55659951164773,-0.486437413416804,33
"643",-3.20804213858768,-0.486437413416804,33
"644",-2.85948476552764,-0.486437413416804,33
"645",-2.51092739246759,-0.486437413416804,33
"646",-2.16237001940754,-0.486437413416804,33
"647",-1.81381264634749,-0.486437413416804,33
"648",-1.46525527328744,-0.486437413416804,33
"649",-1.1166979002274,-0.486437413416804,33
"650",-0.768140527167348,-0.486437413416804,33
"651",-0.4195831541073,-0.841897070945325,33
"652",-0.0710257810472514,-1.01962689970959,33
"653",0.277531592012796,-1.19735672847385,33
"654",0.626088965072845,-1.19735672847385,33
"655",0.974646338132893,-1.19735672847385,33
"656",1.32320371119294,-1.37508655723811,33
"657",1.67176108425299,-1.37508655723811,33
"658",2.02031845731304,-1.37508655723811,33
"659",2.36887583037309,-1.37508655723811,33
"660",2.71743320343313,-1.37508655723811,33
"661",-3.90515688470778,-0.486437413416804,34
"662",-3.55659951164773,-0.486437413416804,34
"663",-3.20804213858768,-0.486437413416804,34
"664",-2.85948476552764,-0.486437413416804,34
"665",-2.51092739246759,-0.486437413416804,34
"666",-2.16237001940754,-0.486437413416804,34
"667",-1.81381264634749,-0.486437413416804,34
"668",-1.46525527328744,-0.486437413416804,34
"669",-1.1166979002274,-0.486437413416804,34
"670",-0.768140527167348,-0.486437413416804,34
"671",-0.4195831541073,-0.664167242181064,34
"672",-0.0710257810472514,-1.01962689970959,34
"673",0.277531592012796,-1.19735672847385,34
"674",0.626088965072845,-1.19735672847385,34
"675",0.974646338132893,-1.19735672847385,34
"676",1.32320371119294,-1.19735672847385,34
"677",1.67176108425299,-1.19735672847385,34
"678",2.02031845731304,-1.19735672847385,34
"679",2.36887583037309,-1.37508655723811,34
"680",2.71743320343313,-1.37508655723811,34
"681",-3.90515688470778,-0.486437413416804,35
"682",-3.55659951164773,-0.486437413416804,35
"683",-3.20804213858768,-0.486437413416804,35
"684",-2.85948476552764,-0.486437413416804,35
"685",-2.51092739246759,-0.486437413416804,35
"686",-2.16237001940754,-0.486437413416804,35
"687",-1.81381264634749,-0.486437413416804,35
"688",-1.46525527328744,-0.486437413416804,35
"689",-1.1166979002274,-0.486437413416804,35
"690",-0.768140527167348,-0.486437413416804,35
"691",-0.4195831541073,-0.664167242181064,35
"692",-0.0710257810472514,-0.841897070945325,35
"693",0.277531592012796,-1.01962689970959,35
"694",0.626088965072845,-1.19735672847385,35
"695",0.974646338132893,-1.37508655723811,35
"696",1.32320371119294,-1.37508655723811,35
"697",1.67176108425299,-1.37508655723811,35
"698",2.02031845731304,-1.37508655723811,35
"699",2.36887583037309,-1.37508655723811,35
"700",2.71743320343313,-1.37508655723811,35
"701",-3.90515688470778,-0.486437413416804,36
"702",-3.55659951164773,-0.486437413416804,36
"703",-3.20804213858768,-0.486437413416804,36
"704",-2.85948476552764,-0.486437413416804,36
"705",-2.51092739246759,-0.486437413416804,36
"706",-2.16237001940754,-0.486437413416804,36
"707",-1.81381264634749,-0.486437413416804,36
"708",-1.46525527328744,-0.486437413416804,36
"709",-1.1166979002274,-0.486437413416804,36
"710",-0.768140527167348,-0.486437413416804,36
"711",-0.4195831541073,-0.664167242181064,36
"712",-0.0710257810472514,-1.01962689970959,36
"713",0.277531592012796,-1.19735672847385,36
"714",0.626088965072845,-1.19735672847385,36
"715",0.974646338132893,-1.19735672847385,36
"716",1.32320371119294,-1.19735672847385,36
"717",1.67176108425299,-1.19735672847385,36
"718",2.02031845731304,-1.19735672847385,36
"719",2.36887583037309,-1.19735672847385,36
"720",2.71743320343313,-1.19735672847385,36
"721",-3.90515688470778,-0.486437413416804,37
"722",-3.55659951164773,-0.486437413416804,37
"723",-3.20804213858768,-0.486437413416804,37
"724",-2.85948476552764,-0.486437413416804,37
"725",-2.51092739246759,-0.486437413416804,37
"726",-2.16237001940754,-0.486437413416804,37
"727",-1.81381264634749,-0.486437413416804,37
"728",-1.46525527328744,-0.486437413416804,37
"729",-1.1166979002274,-0.486437413416804,37
"730",-0.768140527167348,-0.486437413416804,37
"731",-0.4195831541073,-0.486437413416804,37
"732",-0.0710257810472514,-0.841897070945325,37
"733",0.277531592012796,-1.01962689970959,37
"734",0.626088965072845,-1.19735672847385,37
"735",0.974646338132893,-1.37508655723811,37
"736",1.32320371119294,-1.37508655723811,37
"737",1.67176108425299,-1.37508655723811,37
"738",2.02031845731304,-1.37508655723811,37
"739",2.36887583037309,-1.37508655723811,37
"740",2.71743320343313,-1.37508655723811,37
"741",-3.90515688470778,-0.486437413416804,38
"742",-3.55659951164773,-0.486437413416804,38
"743",-3.20804213858768,-0.486437413416804,38
"744",-2.85948476552764,-0.486437413416804,38
"745",-2.51092739246759,-0.486437413416804,38
"746",-2.16237001940754,-0.486437413416804,38
"747",-1.81381264634749,-0.486437413416804,38
"748",-1.46525527328744,-0.486437413416804,38
"749",-1.1166979002274,-0.486437413416804,38
"750",-0.768140527167348,-0.486437413416804,38
"751",-0.4195831541073,-0.664167242181064,38
"752",-0.0710257810472514,-0.841897070945325,38
"753",0.277531592012796,-1.01962689970959,38
"754",0.626088965072845,-1.19735672847385,38
"755",0.974646338132893,-1.37508655723811,38
"756",1.32320371119294,-1.37508655723811,38
"757",1.67176108425299,-1.37508655723811,38
"758",2.02031845731304,-1.37508655723811,38
"759",2.36887583037309,-1.37508655723811,38
"760",2.71743320343313,-1.37508655723811,38
"761",-3.90515688470778,-0.486437413416804,39
"762",-3.55659951164773,-0.486437413416804,39
"763",-3.20804213858768,-0.486437413416804,39
"764",-2.85948476552764,-0.486437413416804,39
"765",-2.51092739246759,-0.486437413416804,39
"766",-2.16237001940754,-0.486437413416804,39
"767",-1.81381264634749,-0.486437413416804,39
"768",-1.46525527328744,-0.486437413416804,39
"769",-1.1166979002274,-0.486437413416804,39
"770",-0.768140527167348,-0.486437413416804,39
"771",-0.4195831541073,-0.664167242181064,39
"772",-0.0710257810472514,-1.01962689970959,39
"773",0.277531592012796,-1.19735672847385,39
"774",0.626088965072845,-1.19735672847385,39
"775",0.974646338132893,-1.37508655723811,39
"776",1.32320371119294,-1.37508655723811,39
"777",1.67176108425299,-1.37508655723811,39
"778",2.02031845731304,-1.37508655723811,39
"779",2.36887583037309,-1.37508655723811,39
"780",2.71743320343313,-1.37508655723811,39
"781",-3.90515688470778,-0.486437413416804,40
"782",-3.55659951164773,-0.486437413416804,40
"783",-3.20804213858768,-0.486437413416804,40
"784",-2.85948476552764,-0.486437413416804,40
"785",-2.51092739246759,-0.486437413416804,40
"786",-2.16237001940754,-0.486437413416804,40
"787",-1.81381264634749,-0.486437413416804,40
"788",-1.46525527328744,-0.486437413416804,40
"789",-1.1166979002274,-0.486437413416804,40
"790",-0.768140527167348,-0.486437413416804,40
"791",-0.4195831541073,-0.664167242181064,40
"792",-0.0710257810472514,-0.841897070945325,40
"793",0.277531592012796,-1.01962689970959,40
"794",0.626088965072845,-1.19735672847385,40
"795",0.974646338132893,-1.37508655723811,40
"796",1.32320371119294,-1.37508655723811,40
"797",1.67176108425299,-1.37508655723811,40
"798",2.02031845731304,-1.37508655723811,40
"799",2.36887583037309,-1.37508655723811,40
"800",2.71743320343313,-1.37508655723811,40
"801",-3.90515688470778,-0.486437413416804,41
"802",-3.55659951164773,-0.486437413416804,41
"803",-3.20804213858768,-0.486437413416804,41
"804",-2.85948476552764,-0.486437413416804,41
"805",-2.51092739246759,-0.486437413416804,41
"806",-2.16237001940754,-0.486437413416804,41
"807",-1.81381264634749,-0.486437413416804,41
"808",-1.46525527328744,-0.486437413416804,41
"809",-1.1166979002274,-0.486437413416804,41
"810",-0.768140527167348,-0.486437413416804,41
"811",-0.4195831541073,-0.486437413416804,41
"812",-0.0710257810472514,-0.841897070945325,41
"813",0.277531592012796,-1.01962689970959,41
"814",0.626088965072845,-1.19735672847385,41
"815",0.974646338132893,-1.37508655723811,41
"816",1.32320371119294,-1.37508655723811,41
"817",1.67176108425299,-1.37508655723811,41
"818",2.02031845731304,-1.37508655723811,41
"819",2.36887583037309,-1.37508655723811,41
"820",2.71743320343313,-1.37508655723811,41
"821",-3.90515688470778,-0.486437413416804,42
"822",-3.55659951164773,-0.486437413416804,42
"823",-3.20804213858768,-0.486437413416804,42
"824",-2.85948476552764,-0.486437413416804,42
"825",-2.51092739246759,-0.486437413416804,42
"826",-2.16237001940754,-0.486437413416804,42
"827",-1.81381264634749,-0.486437413416804,42
"828",-1.46525527328744,-0.486437413416804,42
"829",-1.1166979002274,-0.486437413416804,42
"830",-0.768140527167348,-0.486437413416804,42
"831",-0.4195831541073,-0.486437413416804,42
"832",-0.0710257810472514,-0.664167242181064,42
"833",0.277531592012796,-1.01962689970959,42
"834",0.626088965072845,-1.19735672847385,42
"835",0.974646338132893,-1.19735672847385,42
"836",1.32320371119294,-1.19735672847385,42
"837",1.67176108425299,-1.19735672847385,42
"838",2.02031845731304,-1.19735672847385,42
"839",2.36887583037309,-1.19735672847385,42
"840",2.71743320343313,-1.19735672847385,42
"841",-3.90515688470778,-0.486437413416804,43
"842",-3.55659951164773,-0.486437413416804,43
"843",-3.20804213858768,-0.486437413416804,43
"844",-2.85948476552764,-0.486437413416804,43
"845",-2.51092739246759,-0.486437413416804,43
"846",-2.16237001940754,-0.486437413416804,43
"847",-1.81381264634749,-0.486437413416804,43
"848",-1.46525527328744,-0.486437413416804,43
"849",-1.1166979002274,-0.486437413416804,43
"850",-0.768140527167348,-0.486437413416804,43
"851",-0.4195831541073,-0.841897070945325,43
"852",-0.0710257810472514,-1.01962689970959,43
"853",0.277531592012796,-1.19735672847385,43
"854",0.626088965072845,-1.19735672847385,43
"855",0.974646338132893,-1.19735672847385,43
"856",1.32320371119294,-1.37508655723811,43
"857",1.67176108425299,-1.37508655723811,43
"858",2.02031845731304,-1.37508655723811,43
"859",2.36887583037309,-1.37508655723811,43
"860",2.71743320343313,-1.37508655723811,43
"861",-3.90515688470778,-0.486437413416804,44
"862",-3.55659951164773,-0.486437413416804,44
"863",-3.20804213858768,-0.486437413416804,44
"864",-2.85948476552764,-0.486437413416804,44
"865",-2.51092739246759,-0.486437413416804,44
"866",-2.16237001940754,-0.486437413416804,44
"867",-1.81381264634749,-0.486437413416804,44
"868",-1.46525527328744,-0.486437413416804,44
"869",-1.1166979002274,-0.486437413416804,44
"870",-0.768140527167348,-0.486437413416804,44
"871",-0.4195831541073,-0.664167242181064,44
"872",-0.0710257810472514,-1.01962689970959,44
"873",0.277531592012796,-1.19735672847385,44
"874",0.626088965072845,-1.19735672847385,44
"875",0.974646338132893,-1.37508655723811,44
"876",1.32320371119294,-1.37508655723811,44
"877",1.67176108425299,-1.37508655723811,44
"878",2.02031845731304,-1.37508655723811,44
"879",2.36887583037309,-1.37508655723811,44
"880",2.71743320343313,-1.37508655723811,44
"881",-3.90515688470778,-0.486437413416804,45
"882",-3.55659951164773,-0.486437413416804,45
"883",-3.20804213858768,-0.486437413416804,45
"884",-2.85948476552764,-0.486437413416804,45
"885",-2.51092739246759,-0.486437413416804,45
"886",-2.16237001940754,-0.486437413416804,45
"887",-1.81381264634749,-0.486437413416804,45
"888",-1.46525527328744,-0.486437413416804,45
"889",-1.1166979002274,-0.486437413416804,45
"890",-0.768140527167348,-0.664167242181064,45
"891",-0.4195831541073,-0.841897070945325,45
"892",-0.0710257810472514,-1.01962689970959,45
"893",0.277531592012796,-1.19735672847385,45
"894",0.626088965072845,-1.19735672847385,45
"895",0.974646338132893,-1.19735672847385,45
"896",1.32320371119294,-1.19735672847385,45
"897",1.67176108425299,-1.37508655723811,45
"898",2.02031845731304,-1.37508655723811,45
"899",2.36887583037309,-1.37508655723811,45
"900",2.71743320343313,-1.37508655723811,45
"901",-3.90515688470778,-0.486437413416804,46
"902",-3.55659951164773,-0.486437413416804,46
"903",-3.20804213858768,-0.486437413416804,46
"904",-2.85948476552764,-0.486437413416804,46
"905",-2.51092739246759,-0.486437413416804,46
"906",-2.16237001940754,-0.486437413416804,46
"907",-1.81381264634749,-0.486437413416804,46
"908",-1.46525527328744,-0.486437413416804,46
"909",-1.1166979002274,-0.486437413416804,46
"910",-0.768140527167348,-0.486437413416804,46
"911",-0.4195831541073,-0.841897070945325,46
"912",-0.0710257810472514,-1.01962689970959,46
"913",0.277531592012796,-1.19735672847385,46
"914",0.626088965072845,-1.19735672847385,46
"915",0.974646338132893,-1.37508655723811,46
"916",1.32320371119294,-1.37508655723811,46
"917",1.67176108425299,-1.37508655723811,46
"918",2.02031845731304,-1.37508655723811,46
"919",2.36887583037309,-1.55281638600237,46
"920",2.71743320343313,-1.55281638600237,46
"921",-3.90515688470778,-0.486437413416804,47
"922",-3.55659951164773,-0.486437413416804,47
"923",-3.20804213858768,-0.486437413416804,47
"924",-2.85948476552764,-0.486437413416804,47
"925",-2.51092739246759,-0.486437413416804,47
"926",-2.16237001940754,-0.486437413416804,47
"927",-1.81381264634749,-0.486437413416804,47
"928",-1.46525527328744,-0.486437413416804,47
"929",-1.1166979002274,-0.486437413416804,47
"930",-0.768140527167348,-0.486437413416804,47
"931",-0.4195831541073,-0.486437413416804,47
"932",-0.0710257810472514,-0.841897070945325,47
"933",0.277531592012796,-1.01962689970959,47
"934",0.626088965072845,-1.19735672847385,47
"935",0.974646338132893,-1.37508655723811,47
"936",1.32320371119294,-1.37508655723811,47
"937",1.67176108425299,-1.37508655723811,47
"938",2.02031845731304,-1.55281638600237,47
"939",2.36887583037309,-1.55281638600237,47
"940",2.71743320343313,-1.55281638600237,47
"941",-3.90515688470778,-0.486437413416804,48
"942",-3.55659951164773,-0.486437413416804,48
"943",-3.20804213858768,-0.486437413416804,48
"944",-2.85948476552764,-0.486437413416804,48
"945",-2.51092739246759,-0.486437413416804,48
"946",-2.16237001940754,-0.486437413416804,48
"947",-1.81381264634749,-0.486437413416804,48
"948",-1.46525527328744,-0.486437413416804,48
"949",-1.1166979002274,-0.486437413416804,48
"950",-0.768140527167348,-0.486437413416804,48
"951",-0.4195831541073,-0.486437413416804,48
"952",-0.0710257810472514,-0.664167242181064,48
"953",0.277531592012796,-1.01962689970959,48
"954",0.626088965072845,-1.19735672847385,48
"955",0.974646338132893,-1.37508655723811,48
"956",1.32320371119294,-1.55281638600237,48
"957",1.67176108425299,-1.55281638600237,48
"958",2.02031845731304,-1.55281638600237,48
"959",2.36887583037309,-1.73054621476663,48
"960",2.71743320343313,-1.73054621476663,48
"961",-3.90515688470778,-0.486437413416804,49
"962",-3.55659951164773,-0.486437413416804,49
"963",-3.20804213858768,-0.486437413416804,49
"964",-2.85948476552764,-0.486437413416804,49
"965",-2.51092739246759,-0.486437413416804,49
"966",-2.16237001940754,-0.486437413416804,49
"967",-1.81381264634749,-0.486437413416804,49
"968",-1.46525527328744,-0.486437413416804,49
"969",-1.1166979002274,-0.486437413416804,49
"970",-0.768140527167348,-0.486437413416804,49
"971",-0.4195831541073,-0.841897070945325,49
"972",-0.0710257810472514,-1.01962689970959,49
"973",0.277531592012796,-1.19735672847385,49
"974",0.626088965072845,-1.19735672847385,49
"975",0.974646338132893,-1.37508655723811,49
"976",1.32320371119294,-1.37508655723811,49
"977",1.67176108425299,-1.37508655723811,49
"978",2.02031845731304,-1.37508655723811,49
"979",2.36887583037309,-1.37508655723811,49
"980",2.71743320343313,-1.37508655723811,49
"981",-3.90515688470778,-0.486437413416804,50
"982",-3.55659951164773,-0.486437413416804,50
"983",-3.20804213858768,-0.486437413416804,50
"984",-2.85948476552764,-0.486437413416804,50
"985",-2.51092739246759,-0.486437413416804,50
"986",-2.16237001940754,-0.486437413416804,50
"987",-1.81381264634749,-0.486437413416804,50
"988",-1.46525527328744,-0.486437413416804,50
"989",-1.1166979002274,-0.486437413416804,50
"990",-0.768140527167348,-0.486437413416804,50
"991",-0.4195831541073,-0.486437413416804,50
"992",-0.0710257810472514,-0.841897070945325,50
"993",0.277531592012796,-1.01962689970959,50
"994",0.626088965072845,-1.19735672847385,50
"995",0.974646338132893,-1.37508655723811,50
"996",1.32320371119294,-1.37508655723811,50
"997",1.67176108425299,-1.37508655723811,50
"998",2.02031845731304,-1.37508655723811,50
"999",2.36887583037309,-1.37508655723811,50
"1000",2.71743320343313,-1.37508655723811,50
"1001",-3.90515688470778,-0.486437413416804,51
"1002",-3.55659951164773,-0.486437413416804,51
"1003",-3.20804213858768,-0.486437413416804,51
"1004",-2.85948476552764,-0.486437413416804,51
"1005",-2.51092739246759,-0.486437413416804,51
"1006",-2.16237001940754,-0.486437413416804,51
"1007",-1.81381264634749,-0.486437413416804,51
"1008",-1.46525527328744,-0.486437413416804,51
"1009",-1.1166979002274,-0.486437413416804,51
"1010",-0.768140527167348,-0.486437413416804,51
"1011",-0.4195831541073,-0.486437413416804,51
"1012",-0.0710257810472514,-0.841897070945325,51
"1013",0.277531592012796,-1.01962689970959,51
"1014",0.626088965072845,-1.19735672847385,51
"1015",0.974646338132893,-1.37508655723811,51
"1016",1.32320371119294,-1.37508655723811,51
"1017",1.67176108425299,-1.37508655723811,51
"1018",2.02031845731304,-1.37508655723811,51
"1019",2.36887583037309,-1.37508655723811,51
"1020",2.71743320343313,-1.37508655723811,51
"1021",-3.90515688470778,-0.486437413416804,52
"1022",-3.55659951164773,-0.486437413416804,52
"1023",-3.20804213858768,-0.486437413416804,52
"1024",-2.85948476552764,-0.486437413416804,52
"1025",-2.51092739246759,-0.486437413416804,52
"1026",-2.16237001940754,-0.486437413416804,52
"1027",-1.81381264634749,-0.486437413416804,52
"1028",-1.46525527328744,-0.486437413416804,52
"1029",-1.1166979002274,-0.486437413416804,52
"1030",-0.768140527167348,-0.664167242181064,52
"1031",-0.4195831541073,-0.841897070945325,52
"1032",-0.0710257810472514,-1.01962689970959,52
"1033",0.277531592012796,-1.19735672847385,52
"1034",0.626088965072845,-1.19735672847385,52
"1035",0.974646338132893,-1.37508655723811,52
"1036",1.32320371119294,-1.37508655723811,52
"1037",1.67176108425299,-1.37508655723811,52
"1038",2.02031845731304,-1.37508655723811,52
"1039",2.36887583037309,-1.37508655723811,52
"1040",2.71743320343313,-1.37508655723811,52
"1041",-3.90515688470778,-0.486437413416804,53
"1042",-3.55659951164773,-0.486437413416804,53
"1043",-3.20804213858768,-0.486437413416804,53
"1044",-2.85948476552764,-0.486437413416804,53
"1045",-2.51092739246759,-0.486437413416804,53
"1046",-2.16237001940754,-0.486437413416804,53
"1047",-1.81381264634749,-0.486437413416804,53
"1048",-1.46525527328744,-0.486437413416804,53
"1049",-1.1166979002274,-0.486437413416804,53
"1050",-0.768140527167348,-0.664167242181064,53
"1051",-0.4195831541073,-0.841897070945325,53
"1052",-0.0710257810472514,-1.01962689970959,53
"1053",0.277531592012796,-1.19735672847385,53
"1054",0.626088965072845,-1.19735672847385,53
"1055",0.974646338132893,-1.19735672847385,53
"1056",1.32320371119294,-1.37508655723811,53
"1057",1.67176108425299,-1.37508655723811,53
"1058",2.02031845731304,-1.37508655723811,53
"1059",2.36887583037309,-1.37508655723811,53
"1060",2.71743320343313,-1.37508655723811,53
"1061",-3.90515688470778,-0.486437413416804,54
"1062",-3.55659951164773,-0.486437413416804,54
"1063",-3.20804213858768,-0.486437413416804,54
"1064",-2.85948476552764,-0.486437413416804,54
"1065",-2.51092739246759,-0.486437413416804,54
"1066",-2.16237001940754,-0.486437413416804,54
"1067",-1.81381264634749,-0.486437413416804,54
"1068",-1.46525527328744,-0.486437413416804,54
"1069",-1.1166979002274,-0.486437413416804,54
"1070",-0.768140527167348,-0.486437413416804,54
"1071",-0.4195831541073,-0.664167242181064,54
"1072",-0.0710257810472514,-0.841897070945325,54
"1073",0.277531592012796,-1.19735672847385,54
"1074",0.626088965072845,-1.19735672847385,54
"1075",0.974646338132893,-1.37508655723811,54
"1076",1.32320371119294,-1.37508655723811,54
"1077",1.67176108425299,-1.37508655723811,54
"1078",2.02031845731304,-1.37508655723811,54
"1079",2.36887583037309,-1.37508655723811,54
"1080",2.71743320343313,-1.37508655723811,54
"1081",-3.90515688470778,-0.486437413416804,55
"1082",-3.55659951164773,-0.486437413416804,55
"1083",-3.20804213858768,-0.486437413416804,55
"1084",-2.85948476552764,-0.486437413416804,55
"1085",-2.51092739246759,-0.486437413416804,55
"1086",-2.16237001940754,-0.486437413416804,55
"1087",-1.81381264634749,-0.486437413416804,55
"1088",-1.46525527328744,-0.486437413416804,55
"1089",-1.1166979002274,-0.486437413416804,55
"1090",-0.768140527167348,-0.664167242181064,55
"1091",-0.4195831541073,-0.841897070945325,55
"1092",-0.0710257810472514,-1.01962689970959,55
"1093",0.277531592012796,-1.19735672847385,55
"1094",0.626088965072845,-1.19735672847385,55
"1095",0.974646338132893,-1.37508655723811,55
"1096",1.32320371119294,-1.37508655723811,55
"1097",1.67176108425299,-1.37508655723811,55
"1098",2.02031845731304,-1.37508655723811,55
"1099",2.36887583037309,-1.37508655723811,55
"1100",2.71743320343313,-1.37508655723811,55
"1101",-3.90515688470778,-0.486437413416804,56
"1102",-3.55659951164773,-0.486437413416804,56
"1103",-3.20804213858768,-0.486437413416804,56
"1104",-2.85948476552764,-0.486437413416804,56
"1105",-2.51092739246759,-0.486437413416804,56
"1106",-2.16237001940754,-0.486437413416804,56
"1107",-1.81381264634749,-0.486437413416804,56
"1108",-1.46525527328744,-0.486437413416804,56
"1109",-1.1166979002274,-0.486437413416804,56
"1110",-0.768140527167348,-0.486437413416804,56
"1111",-0.4195831541073,-0.664167242181064,56
"1112",-0.0710257810472514,-0.841897070945325,56
"1113",0.277531592012796,-1.01962689970959,56
"1114",0.626088965072845,-1.19735672847385,56
"1115",0.974646338132893,-1.37508655723811,56
"1116",1.32320371119294,-1.37508655723811,56
"1117",1.67176108425299,-1.37508655723811,56
"1118",2.02031845731304,-1.37508655723811,56
"1119",2.36887583037309,-1.37508655723811,56
"1120",2.71743320343313,-1.37508655723811,56
"1121",-3.90515688470778,-0.486437413416804,57
"1122",-3.55659951164773,-0.486437413416804,57
"1123",-3.20804213858768,-0.486437413416804,57
"1124",-2.85948476552764,-0.486437413416804,57
"1125",-2.51092739246759,-0.486437413416804,57
"1126",-2.16237001940754,-0.486437413416804,57
"1127",-1.81381264634749,-0.486437413416804,57
"1128",-1.46525527328744,-0.486437413416804,57
"1129",-1.1166979002274,-0.486437413416804,57
"1130",-0.768140527167348,-0.486437413416804,57
"1131",-0.4195831541073,-0.664167242181064,57
"1132",-0.0710257810472514,-0.841897070945325,57
"1133",0.277531592012796,-1.01962689970959,57
"1134",0.626088965072845,-1.19735672847385,57
"1135",0.974646338132893,-1.37508655723811,57
"1136",1.32320371119294,-1.37508655723811,57
"1137",1.67176108425299,-1.37508655723811,57
"1138",2.02031845731304,-1.37508655723811,57
"1139",2.36887583037309,-1.37508655723811,57
"1140",2.71743320343313,-1.37508655723811,57
"1141",-3.90515688470778,-0.486437413416804,58
"1142",-3.55659951164773,-0.486437413416804,58
"1143",-3.20804213858768,-0.486437413416804,58
"1144",-2.85948476552764,-0.486437413416804,58
"1145",-2.51092739246759,-0.486437413416804,58
"1146",-2.16237001940754,-0.486437413416804,58
"1147",-1.81381264634749,-0.486437413416804,58
"1148",-1.46525527328744,-0.486437413416804,58
"1149",-1.1166979002274,-0.486437413416804,58
"1150",-0.768140527167348,-0.664167242181064,58
"1151",-0.4195831541073,-0.841897070945325,58
"1152",-0.0710257810472514,-1.01962689970959,58
"1153",0.277531592012796,-1.19735672847385,58
"1154",0.626088965072845,-1.19735672847385,58
"1155",0.974646338132893,-1.19735672847385,58
"1156",1.32320371119294,-1.37508655723811,58
"1157",1.67176108425299,-1.37508655723811,58
"1158",2.02031845731304,-1.37508655723811,58
"1159",2.36887583037309,-1.37508655723811,58
"1160",2.71743320343313,-1.37508655723811,58
"1161",-3.90515688470778,-0.486437413416804,59
"1162",-3.55659951164773,-0.486437413416804,59
"1163",-3.20804213858768,-0.486437413416804,59
"1164",-2.85948476552764,-0.486437413416804,59
"1165",-2.51092739246759,-0.486437413416804,59
"1166",-2.16237001940754,-0.486437413416804,59
"1167",-1.81381264634749,-0.486437413416804,59
"1168",-1.46525527328744,-0.486437413416804,59
"1169",-1.1166979002274,-0.486437413416804,59
"1170",-0.768140527167348,-0.486437413416804,59
"1171",-0.4195831541073,-0.664167242181064,59
"1172",-0.0710257810472514,-0.841897070945325,59
"1173",0.277531592012796,-1.01962689970959,59
"1174",0.626088965072845,-1.19735672847385,59
"1175",0.974646338132893,-1.37508655723811,59
"1176",1.32320371119294,-1.37508655723811,59
"1177",1.67176108425299,-1.37508655723811,59
"1178",2.02031845731304,-1.37508655723811,59
"1179",2.36887583037309,-1.55281638600237,59
"1180",2.71743320343313,-1.55281638600237,59
"1181",-3.90515688470778,-0.486437413416804,60
"1182",-3.55659951164773,-0.486437413416804,60
"1183",-3.20804213858768,-0.486437413416804,60
"1184",-2.85948476552764,-0.486437413416804,60
"1185",-2.51092739246759,-0.486437413416804,60
"1186",-2.16237001940754,-0.486437413416804,60
"1187",-1.81381264634749,-0.486437413416804,60
"1188",-1.46525527328744,-0.486437413416804,60
"1189",-1.1166979002274,-0.486437413416804,60
"1190",-0.768140527167348,-0.486437413416804,60
"1191",-0.4195831541073,-0.664167242181064,60
"1192",-0.0710257810472514,-0.841897070945325,60
"1193",0.277531592012796,-1.01962689970959,60
"1194",0.626088965072845,-1.19735672847385,60
"1195",0.974646338132893,-1.37508655723811,60
"1196",1.32320371119294,-1.55281638600237,60
"1197",1.67176108425299,-1.55281638600237,60
"1198",2.02031845731304,-1.73054621476663,60
"1199",2.36887583037309,-1.73054621476663,60
"1200",2.71743320343313,-1.73054621476663,60
"1201",-3.90515688470778,-0.486437413416804,61
"1202",-3.55659951164773,-0.486437413416804,61
"1203",-3.20804213858768,-0.486437413416804,61
"1204",-2.85948476552764,-0.486437413416804,61
"1205",-2.51092739246759,-0.486437413416804,61
"1206",-2.16237001940754,-0.486437413416804,61
"1207",-1.81381264634749,-0.486437413416804,61
"1208",-1.46525527328744,-0.486437413416804,61
"1209",-1.1166979002274,-0.486437413416804,61
"1210",-0.768140527167348,-0.664167242181064,61
"1211",-0.4195831541073,-0.841897070945325,61
"1212",-0.0710257810472514,-1.01962689970959,61
"1213",0.277531592012796,-1.19735672847385,61
"1214",0.626088965072845,-1.19735672847385,61
"1215",0.974646338132893,-1.19735672847385,61
"1216",1.32320371119294,-1.37508655723811,61
"1217",1.67176108425299,-1.37508655723811,61
"1218",2.02031845731304,-1.37508655723811,61
"1219",2.36887583037309,-1.37508655723811,61
"1220",2.71743320343313,-1.37508655723811,61
"1221",-3.90515688470778,-0.486437413416804,62
"1222",-3.55659951164773,-0.486437413416804,62
"1223",-3.20804213858768,-0.486437413416804,62
"1224",-2.85948476552764,-0.486437413416804,62
"1225",-2.51092739246759,-0.486437413416804,62
"1226",-2.16237001940754,-0.486437413416804,62
"1227",-1.81381264634749,-0.486437413416804,62
"1228",-1.46525527328744,-0.486437413416804,62
"1229",-1.1166979002274,-0.486437413416804,62
"1230",-0.768140527167348,-0.486437413416804,62
"1231",-0.4195831541073,-0.486437413416804,62
"1232",-0.0710257810472514,-0.664167242181064,62
"1233",0.277531592012796,-1.01962689970959,62
"1234",0.626088965072845,-1.19735672847385,62
"1235",0.974646338132893,-1.19735672847385,62
"1236",1.32320371119294,-1.37508655723811,62
"1237",1.67176108425299,-1.37508655723811,62
"1238",2.02031845731304,-1.37508655723811,62
"1239",2.36887583037309,-1.37508655723811,62
"1240",2.71743320343313,-1.37508655723811,62
"1241",-3.90515688470778,-0.486437413416804,63
"1242",-3.55659951164773,-0.486437413416804,63
"1243",-3.20804213858768,-0.486437413416804,63
"1244",-2.85948476552764,-0.486437413416804,63
"1245",-2.51092739246759,-0.486437413416804,63
"1246",-2.16237001940754,-0.486437413416804,63
"1247",-1.81381264634749,-0.486437413416804,63
"1248",-1.46525527328744,-0.486437413416804,63
"1249",-1.1166979002274,-0.486437413416804,63
"1250",-0.768140527167348,-0.486437413416804,63
"1251",-0.4195831541073,-0.664167242181064,63
"1252",-0.0710257810472514,-1.01962689970959,63
"1253",0.277531592012796,-1.19735672847385,63
"1254",0.626088965072845,-1.19735672847385,63
"1255",0.974646338132893,-1.37508655723811,63
"1256",1.32320371119294,-1.37508655723811,63
"1257",1.67176108425299,-1.37508655723811,63
"1258",2.02031845731304,-1.37508655723811,63
"1259",2.36887583037309,-1.37508655723811,63
"1260",2.71743320343313,-1.37508655723811,63
"1261",-3.90515688470778,-0.486437413416804,64
"1262",-3.55659951164773,-0.486437413416804,64
"1263",-3.20804213858768,-0.486437413416804,64
"1264",-2.85948476552764,-0.486437413416804,64
"1265",-2.51092739246759,-0.486437413416804,64
"1266",-2.16237001940754,-0.486437413416804,64
"1267",-1.81381264634749,-0.486437413416804,64
"1268",-1.46525527328744,-0.486437413416804,64
"1269",-1.1166979002274,-0.486437413416804,64
"1270",-0.768140527167348,-0.486437413416804,64
"1271",-0.4195831541073,-0.664167242181064,64
"1272",-0.0710257810472514,-1.01962689970959,64
"1273",0.277531592012796,-1.01962689970959,64
"1274",0.626088965072845,-1.19735672847385,64
"1275",0.974646338132893,-1.37508655723811,64
"1276",1.32320371119294,-1.37508655723811,64
"1277",1.67176108425299,-1.37508655723811,64
"1278",2.02031845731304,-1.37508655723811,64
"1279",2.36887583037309,-1.37508655723811,64
"1280",2.71743320343313,-1.37508655723811,64
"1281",-3.90515688470778,-0.486437413416804,65
"1282",-3.55659951164773,-0.486437413416804,65
"1283",-3.20804213858768,-0.486437413416804,65
"1284",-2.85948476552764,-0.486437413416804,65
"1285",-2.51092739246759,-0.486437413416804,65
"1286",-2.16237001940754,-0.486437413416804,65
"1287",-1.81381264634749,-0.486437413416804,65
"1288",-1.46525527328744,-0.486437413416804,65
"1289",-1.1166979002274,-0.486437413416804,65
"1290",-0.768140527167348,-0.486437413416804,65
"1291",-0.4195831541073,-0.486437413416804,65
"1292",-0.0710257810472514,-0.841897070945325,65
"1293",0.277531592012796,-1.01962689970959,65
"1294",0.626088965072845,-1.19735672847385,65
"1295",0.974646338132893,-1.37508655723811,65
"1296",1.32320371119294,-1.37508655723811,65
"1297",1.67176108425299,-1.37508655723811,65
"1298",2.02031845731304,-1.37508655723811,65
"1299",2.36887583037309,-1.37508655723811,65
"1300",2.71743320343313,-1.37508655723811,65
"1301",-3.90515688470778,-0.486437413416804,66
"1302",-3.55659951164773,-0.486437413416804,66
"1303",-3.20804213858768,-0.486437413416804,66
"1304",-2.85948476552764,-0.486437413416804,66
"1305",-2.51092739246759,-0.486437413416804,66
"1306",-2.16237001940754,-0.486437413416804,66
"1307",-1.81381264634749,-0.486437413416804,66
"1308",-1.46525527328744,-0.486437413416804,66
"1309",-1.1166979002274,-0.486437413416804,66
"1310",-0.768140527167348,-0.486437413416804,66
"1311",-0.4195831541073,-0.486437413416804,66
"1312",-0.0710257810472514,-0.841897070945325,66
"1313",0.277531592012796,-1.19735672847385,66
"1314",0.626088965072845,-1.19735672847385,66
"1315",0.974646338132893,-1.19735672847385,66
"1316",1.32320371119294,-1.19735672847385,66
"1317",1.67176108425299,-1.19735672847385,66
"1318",2.02031845731304,-1.19735672847385,66
"1319",2.36887583037309,-1.19735672847385,66
"1320",2.71743320343313,-1.19735672847385,66
"1321",-3.90515688470778,-0.486437413416804,67
"1322",-3.55659951164773,-0.486437413416804,67
"1323",-3.20804213858768,-0.486437413416804,67
"1324",-2.85948476552764,-0.486437413416804,67
"1325",-2.51092739246759,-0.486437413416804,67
"1326",-2.16237001940754,-0.486437413416804,67
"1327",-1.81381264634749,-0.486437413416804,67
"1328",-1.46525527328744,-0.486437413416804,67
"1329",-1.1166979002274,-0.486437413416804,67
"1330",-0.768140527167348,-0.486437413416804,67
"1331",-0.4195831541073,-0.664167242181064,67
"1332",-0.0710257810472514,-0.841897070945325,67
"1333",0.277531592012796,-1.01962689970959,67
"1334",0.626088965072845,-1.19735672847385,67
"1335",0.974646338132893,-1.37508655723811,67
"1336",1.32320371119294,-1.37508655723811,67
"1337",1.67176108425299,-1.37508655723811,67
"1338",2.02031845731304,-1.37508655723811,67
"1339",2.36887583037309,-1.37508655723811,67
"1340",2.71743320343313,-1.37508655723811,67
"1341",-3.90515688470778,-0.486437413416804,68
"1342",-3.55659951164773,-0.486437413416804,68
"1343",-3.20804213858768,-0.486437413416804,68
"1344",-2.85948476552764,-0.486437413416804,68
"1345",-2.51092739246759,-0.486437413416804,68
"1346",-2.16237001940754,-0.486437413416804,68
"1347",-1.81381264634749,-0.486437413416804,68
"1348",-1.46525527328744,-0.486437413416804,68
"1349",-1.1166979002274,-0.486437413416804,68
"1350",-0.768140527167348,-0.486437413416804,68
"1351",-0.4195831541073,-0.664167242181064,68
"1352",-0.0710257810472514,-0.841897070945325,68
"1353",0.277531592012796,-1.01962689970959,68
"1354",0.626088965072845,-1.19735672847385,68
"1355",0.974646338132893,-1.37508655723811,68
"1356",1.32320371119294,-1.37508655723811,68
"1357",1.67176108425299,-1.37508655723811,68
"1358",2.02031845731304,-1.55281638600237,68
"1359",2.36887583037309,-1.55281638600237,68
"1360",2.71743320343313,-1.55281638600237,68
"1361",-3.90515688470778,-0.486437413416804,69
"1362",-3.55659951164773,-0.486437413416804,69
"1363",-3.20804213858768,-0.486437413416804,69
"1364",-2.85948476552764,-0.486437413416804,69
"1365",-2.51092739246759,-0.486437413416804,69
"1366",-2.16237001940754,-0.486437413416804,69
"1367",-1.81381264634749,-0.486437413416804,69
"1368",-1.46525527328744,-0.486437413416804,69
"1369",-1.1166979002274,-0.486437413416804,69
"1370",-0.768140527167348,-0.486437413416804,69
"1371",-0.4195831541073,-0.486437413416804,69
"1372",-0.0710257810472514,-0.841897070945325,69
"1373",0.277531592012796,-1.01962689970959,69
"1374",0.626088965072845,-1.19735672847385,69
"1375",0.974646338132893,-1.37508655723811,69
"1376",1.32320371119294,-1.37508655723811,69
"1377",1.67176108425299,-1.37508655723811,69
"1378",2.02031845731304,-1.37508655723811,69
"1379",2.36887583037309,-1.37508655723811,69
"1380",2.71743320343313,-1.37508655723811,69
"1381",-3.90515688470778,-0.486437413416804,70
"1382",-3.55659951164773,-0.486437413416804,70
"1383",-3.20804213858768,-0.486437413416804,70
"1384",-2.85948476552764,-0.486437413416804,70
"1385",-2.51092739246759,-0.486437413416804,70
"1386",-2.16237001940754,-0.486437413416804,70
"1387",-1.81381264634749,-0.486437413416804,70
"1388",-1.46525527328744,-0.486437413416804,70
"1389",-1.1166979002274,-0.486437413416804,70
"1390",-0.768140527167348,-0.486437413416804,70
"1391",-0.4195831541073,-0.486437413416804,70
"1392",-0.0710257810472514,-0.664167242181064,70
"1393",0.277531592012796,-1.01962689970959,70
"1394",0.626088965072845,-1.19735672847385,70
"1395",0.974646338132893,-1.37508655723811,70
"1396",1.32320371119294,-1.37508655723811,70
"1397",1.67176108425299,-1.37508655723811,70
"1398",2.02031845731304,-1.37508655723811,70
"1399",2.36887583037309,-1.37508655723811,70
"1400",2.71743320343313,-1.37508655723811,70
"1401",-3.90515688470778,-0.486437413416804,71
"1402",-3.55659951164773,-0.486437413416804,71
"1403",-3.20804213858768,-0.486437413416804,71
"1404",-2.85948476552764,-0.486437413416804,71
"1405",-2.51092739246759,-0.486437413416804,71
"1406",-2.16237001940754,-0.486437413416804,71
"1407",-1.81381264634749,-0.486437413416804,71
"1408",-1.46525527328744,-0.486437413416804,71
"1409",-1.1166979002274,-0.486437413416804,71
"1410",-0.768140527167348,-0.486437413416804,71
"1411",-0.4195831541073,-0.486437413416804,71
"1412",-0.0710257810472514,-0.841897070945325,71
"1413",0.277531592012796,-1.19735672847385,71
"1414",0.626088965072845,-1.19735672847385,71
"1415",0.974646338132893,-1.19735672847385,71
"1416",1.32320371119294,-1.19735672847385,71
"1417",1.67176108425299,-1.37508655723811,71
"1418",2.02031845731304,-1.37508655723811,71
"1419",2.36887583037309,-1.37508655723811,71
"1420",2.71743320343313,-1.37508655723811,71
"1421",-3.90515688470778,-0.486437413416804,72
"1422",-3.55659951164773,-0.486437413416804,72
"1423",-3.20804213858768,-0.486437413416804,72
"1424",-2.85948476552764,-0.486437413416804,72
"1425",-2.51092739246759,-0.486437413416804,72
"1426",-2.16237001940754,-0.486437413416804,72
"1427",-1.81381264634749,-0.486437413416804,72
"1428",-1.46525527328744,-0.486437413416804,72
"1429",-1.1166979002274,-0.486437413416804,72
"1430",-0.768140527167348,-0.486437413416804,72
"1431",-0.4195831541073,-0.841897070945325,72
"1432",-0.0710257810472514,-1.01962689970959,72
"1433",0.277531592012796,-1.19735672847385,72
"1434",0.626088965072845,-1.19735672847385,72
"1435",0.974646338132893,-1.19735672847385,72
"1436",1.32320371119294,-1.37508655723811,72
"1437",1.67176108425299,-1.37508655723811,72
"1438",2.02031845731304,-1.37508655723811,72
"1439",2.36887583037309,-1.37508655723811,72
"1440",2.71743320343313,-1.37508655723811,72
"1441",-3.90515688470778,-0.486437413416804,73
"1442",-3.55659951164773,-0.486437413416804,73
"1443",-3.20804213858768,-0.486437413416804,73
"1444",-2.85948476552764,-0.486437413416804,73
"1445",-2.51092739246759,-0.486437413416804,73
"1446",-2.16237001940754,-0.486437413416804,73
"1447",-1.81381264634749,-0.486437413416804,73
"1448",-1.46525527328744,-0.486437413416804,73
"1449",-1.1166979002274,-0.486437413416804,73
"1450",-0.768140527167348,-0.486437413416804,73
"1451",-0.4195831541073,-0.664167242181064,73
"1452",-0.0710257810472514,-0.841897070945325,73
"1453",0.277531592012796,-1.19735672847385,73
"1454",0.626088965072845,-1.19735672847385,73
"1455",0.974646338132893,-1.37508655723811,73
"1456",1.32320371119294,-1.37508655723811,73
"1457",1.67176108425299,-1.37508655723811,73
"1458",2.02031845731304,-1.37508655723811,73
"1459",2.36887583037309,-1.37508655723811,73
"1460",2.71743320343313,-1.37508655723811,73
"1461",-3.90515688470778,-0.486437413416804,74
"1462",-3.55659951164773,-0.486437413416804,74
"1463",-3.20804213858768,-0.486437413416804,74
"1464",-2.85948476552764,-0.486437413416804,74
"1465",-2.51092739246759,-0.486437413416804,74
"1466",-2.16237001940754,-0.486437413416804,74
"1467",-1.81381264634749,-0.486437413416804,74
"1468",-1.46525527328744,-0.486437413416804,74
"1469",-1.1166979002274,-0.486437413416804,74
"1470",-0.768140527167348,-0.486437413416804,74
"1471",-0.4195831541073,-0.486437413416804,74
"1472",-0.0710257810472514,-0.664167242181064,74
"1473",0.277531592012796,-1.01962689970959,74
"1474",0.626088965072845,-1.19735672847385,74
"1475",0.974646338132893,-1.37508655723811,74
"1476",1.32320371119294,-1.37508655723811,74
"1477",1.67176108425299,-1.37508655723811,74
"1478",2.02031845731304,-1.37508655723811,74
"1479",2.36887583037309,-1.37508655723811,74
"1480",2.71743320343313,-1.37508655723811,74
"1481",-3.90515688470778,-0.486437413416804,75
"1482",-3.55659951164773,-0.486437413416804,75
"1483",-3.20804213858768,-0.486437413416804,75
"1484",-2.85948476552764,-0.486437413416804,75
"1485",-2.51092739246759,-0.486437413416804,75
"1486",-2.16237001940754,-0.486437413416804,75
"1487",-1.81381264634749,-0.486437413416804,75
"1488",-1.46525527328744,-0.486437413416804,75
"1489",-1.1166979002274,-0.486437413416804,75
"1490",-0.768140527167348,-0.486437413416804,75
"1491",-0.4195831541073,-0.841897070945325,75
"1492",-0.0710257810472514,-1.01962689970959,75
"1493",0.277531592012796,-1.19735672847385,75
"1494",0.626088965072845,-1.19735672847385,75
"1495",0.974646338132893,-1.19735672847385,75
"1496",1.32320371119294,-1.37508655723811,75
"1497",1.67176108425299,-1.37508655723811,75
"1498",2.02031845731304,-1.37508655723811,75
"1499",2.36887583037309,-1.37508655723811,75
"1500",2.71743320343313,-1.37508655723811,75
"1501",-3.90515688470778,-0.486437413416804,76
"1502",-3.55659951164773,-0.486437413416804,76
"1503",-3.20804213858768,-0.486437413416804,76
"1504",-2.85948476552764,-0.486437413416804,76
"1505",-2.51092739246759,-0.486437413416804,76
"1506",-2.16237001940754,-0.486437413416804,76
"1507",-1.81381264634749,-0.486437413416804,76
"1508",-1.46525527328744,-0.486437413416804,76
"1509",-1.1166979002274,-0.486437413416804,76
"1510",-0.768140527167348,-0.486437413416804,76
"1511",-0.4195831541073,-0.486437413416804,76
"1512",-0.0710257810472514,-0.841897070945325,76
"1513",0.277531592012796,-1.01962689970959,76
"1514",0.626088965072845,-1.19735672847385,76
"1515",0.974646338132893,-1.37508655723811,76
"1516",1.32320371119294,-1.37508655723811,76
"1517",1.67176108425299,-1.37508655723811,76
"1518",2.02031845731304,-1.37508655723811,76
"1519",2.36887583037309,-1.37508655723811,76
"1520",2.71743320343313,-1.37508655723811,76
"1521",-3.90515688470778,-0.486437413416804,77
"1522",-3.55659951164773,-0.486437413416804,77
"1523",-3.20804213858768,-0.486437413416804,77
"1524",-2.85948476552764,-0.486437413416804,77
"1525",-2.51092739246759,-0.486437413416804,77
"1526",-2.16237001940754,-0.486437413416804,77
"1527",-1.81381264634749,-0.486437413416804,77
"1528",-1.46525527328744,-0.486437413416804,77
"1529",-1.1166979002274,-0.486437413416804,77
"1530",-0.768140527167348,-0.486437413416804,77
"1531",-0.4195831541073,-0.664167242181064,77
"1532",-0.0710257810472514,-0.841897070945325,77
"1533",0.277531592012796,-1.19735672847385,77
"1534",0.626088965072845,-1.19735672847385,77
"1535",0.974646338132893,-1.37508655723811,77
"1536",1.32320371119294,-1.37508655723811,77
"1537",1.67176108425299,-1.37508655723811,77
"1538",2.02031845731304,-1.37508655723811,77
"1539",2.36887583037309,-1.37508655723811,77
"1540",2.71743320343313,-1.37508655723811,77
"1541",-3.90515688470778,-0.486437413416804,78
"1542",-3.55659951164773,-0.486437413416804,78
"1543",-3.20804213858768,-0.486437413416804,78
"1544",-2.85948476552764,-0.486437413416804,78
"1545",-2.51092739246759,-0.486437413416804,78
"1546",-2.16237001940754,-0.486437413416804,78
"1547",-1.81381264634749,-0.486437413416804,78
"1548",-1.46525527328744,-0.486437413416804,78
"1549",-1.1166979002274,-0.486437413416804,78
"1550",-0.768140527167348,-0.664167242181064,78
"1551",-0.4195831541073,-0.841897070945325,78
"1552",-0.0710257810472514,-1.01962689970959,78
"1553",0.277531592012796,-1.19735672847385,78
"1554",0.626088965072845,-1.19735672847385,78
"1555",0.974646338132893,-1.37508655723811,78
"1556",1.32320371119294,-1.37508655723811,78
"1557",1.67176108425299,-1.37508655723811,78
"1558",2.02031845731304,-1.37508655723811,78
"1559",2.36887583037309,-1.37508655723811,78
"1560",2.71743320343313,-1.37508655723811,78
"1561",-3.90515688470778,-0.486437413416804,79
"1562",-3.55659951164773,-0.486437413416804,79
"1563",-3.20804213858768,-0.486437413416804,79
"1564",-2.85948476552764,-0.486437413416804,79
"1565",-2.51092739246759,-0.486437413416804,79
"1566",-2.16237001940754,-0.486437413416804,79
"1567",-1.81381264634749,-0.486437413416804,79
"1568",-1.46525527328744,-0.486437413416804,79
"1569",-1.1166979002274,-0.486437413416804,79
"1570",-0.768140527167348,-0.486437413416804,79
"1571",-0.4195831541073,-0.664167242181064,79
"1572",-0.0710257810472514,-0.841897070945325,79
"1573",0.277531592012796,-1.01962689970959,79
"1574",0.626088965072845,-1.19735672847385,79
"1575",0.974646338132893,-1.37508655723811,79
"1576",1.32320371119294,-1.37508655723811,79
"1577",1.67176108425299,-1.37508655723811,79
"1578",2.02031845731304,-1.37508655723811,79
"1579",2.36887583037309,-1.37508655723811,79
"1580",2.71743320343313,-1.37508655723811,79
"1581",-3.90515688470778,-0.486437413416804,80
"1582",-3.55659951164773,-0.486437413416804,80
"1583",-3.20804213858768,-0.486437413416804,80
"1584",-2.85948476552764,-0.486437413416804,80
"1585",-2.51092739246759,-0.486437413416804,80
"1586",-2.16237001940754,-0.486437413416804,80
"1587",-1.81381264634749,-0.486437413416804,80
"1588",-1.46525527328744,-0.486437413416804,80
"1589",-1.1166979002274,-0.486437413416804,80
"1590",-0.768140527167348,-0.486437413416804,80
"1591",-0.4195831541073,-0.841897070945325,80
"1592",-0.0710257810472514,-1.01962689970959,80
"1593",0.277531592012796,-1.19735672847385,80
"1594",0.626088965072845,-1.19735672847385,80
"1595",0.974646338132893,-1.19735672847385,80
"1596",1.32320371119294,-1.19735672847385,80
"1597",1.67176108425299,-1.19735672847385,80
"1598",2.02031845731304,-1.19735672847385,80
"1599",2.36887583037309,-1.19735672847385,80
"1600",2.71743320343313,-1.19735672847385,80
"1601",-3.90515688470778,-0.486437413416804,81
"1602",-3.55659951164773,-0.486437413416804,81
"1603",-3.20804213858768,-0.486437413416804,81
"1604",-2.85948476552764,-0.486437413416804,81
"1605",-2.51092739246759,-0.486437413416804,81
"1606",-2.16237001940754,-0.486437413416804,81
"1607",-1.81381264634749,-0.486437413416804,81
"1608",-1.46525527328744,-0.486437413416804,81
"1609",-1.1166979002274,-0.486437413416804,81
"1610",-0.768140527167348,-0.486437413416804,81
"1611",-0.4195831541073,-0.664167242181064,81
"1612",-0.0710257810472514,-0.841897070945325,81
"1613",0.277531592012796,-1.01962689970959,81
"1614",0.626088965072845,-1.19735672847385,81
"1615",0.974646338132893,-1.37508655723811,81
"1616",1.32320371119294,-1.37508655723811,81
"1617",1.67176108425299,-1.37508655723811,81
"1618",2.02031845731304,-1.37508655723811,81
"1619",2.36887583037309,-1.37508655723811,81
"1620",2.71743320343313,-1.37508655723811,81
"1621",-3.90515688470778,-0.486437413416804,82
"1622",-3.55659951164773,-0.486437413416804,82
"1623",-3.20804213858768,-0.486437413416804,82
"1624",-2.85948476552764,-0.486437413416804,82
"1625",-2.51092739246759,-0.486437413416804,82
"1626",-2.16237001940754,-0.486437413416804,82
"1627",-1.81381264634749,-0.486437413416804,82
"1628",-1.46525527328744,-0.486437413416804,82
"1629",-1.1166979002274,-0.486437413416804,82
"1630",-0.768140527167348,-0.486437413416804,82
"1631",-0.4195831541073,-0.841897070945325,82
"1632",-0.0710257810472514,-1.01962689970959,82
"1633",0.277531592012796,-1.19735672847385,82
"1634",0.626088965072845,-1.19735672847385,82
"1635",0.974646338132893,-1.19735672847385,82
"1636",1.32320371119294,-1.19735672847385,82
"1637",1.67176108425299,-1.37508655723811,82
"1638",2.02031845731304,-1.37508655723811,82
"1639",2.36887583037309,-1.37508655723811,82
"1640",2.71743320343313,-1.37508655723811,82
"1641",-3.90515688470778,-0.486437413416804,83
"1642",-3.55659951164773,-0.486437413416804,83
"1643",-3.20804213858768,-0.486437413416804,83
"1644",-2.85948476552764,-0.486437413416804,83
"1645",-2.51092739246759,-0.486437413416804,83
"1646",-2.16237001940754,-0.486437413416804,83
"1647",-1.81381264634749,-0.486437413416804,83
"1648",-1.46525527328744,-0.486437413416804,83
"1649",-1.1166979002274,-0.486437413416804,83
"1650",-0.768140527167348,-0.486437413416804,83
"1651",-0.4195831541073,-0.841897070945325,83
"1652",-0.0710257810472514,-1.01962689970959,83
"1653",0.277531592012796,-1.19735672847385,83
"1654",0.626088965072845,-1.19735672847385,83
"1655",0.974646338132893,-1.19735672847385,83
"1656",1.32320371119294,-1.19735672847385,83
"1657",1.67176108425299,-1.19735672847385,83
"1658",2.02031845731304,-1.19735672847385,83
"1659",2.36887583037309,-1.19735672847385,83
"1660",2.71743320343313,-1.19735672847385,83
"1661",-3.90515688470778,-0.486437413416804,84
"1662",-3.55659951164773,-0.486437413416804,84
"1663",-3.20804213858768,-0.486437413416804,84
"1664",-2.85948476552764,-0.486437413416804,84
"1665",-2.51092739246759,-0.486437413416804,84
"1666",-2.16237001940754,-0.486437413416804,84
"1667",-1.81381264634749,-0.486437413416804,84
"1668",-1.46525527328744,-0.486437413416804,84
"1669",-1.1166979002274,-0.486437413416804,84
"1670",-0.768140527167348,-0.486437413416804,84
"1671",-0.4195831541073,-0.841897070945325,84
"1672",-0.0710257810472514,-1.01962689970959,84
"1673",0.277531592012796,-1.19735672847385,84
"1674",0.626088965072845,-1.19735672847385,84
"1675",0.974646338132893,-1.19735672847385,84
"1676",1.32320371119294,-1.37508655723811,84
"1677",1.67176108425299,-1.37508655723811,84
"1678",2.02031845731304,-1.37508655723811,84
"1679",2.36887583037309,-1.37508655723811,84
"1680",2.71743320343313,-1.37508655723811,84
"1681",-3.90515688470778,-0.486437413416804,85
"1682",-3.55659951164773,-0.486437413416804,85
"1683",-3.20804213858768,-0.486437413416804,85
"1684",-2.85948476552764,-0.486437413416804,85
"1685",-2.51092739246759,-0.486437413416804,85
"1686",-2.16237001940754,-0.486437413416804,85
"1687",-1.81381264634749,-0.486437413416804,85
"1688",-1.46525527328744,-0.486437413416804,85
"1689",-1.1166979002274,-0.486437413416804,85
"1690",-0.768140527167348,-0.486437413416804,85
"1691",-0.4195831541073,-0.486437413416804,85
"1692",-0.0710257810472514,-0.841897070945325,85
"1693",0.277531592012796,-1.01962689970959,85
"1694",0.626088965072845,-1.19735672847385,85
"1695",0.974646338132893,-1.37508655723811,85
"1696",1.32320371119294,-1.55281638600237,85
"1697",1.67176108425299,-1.55281638600237,85
"1698",2.02031845731304,-1.55281638600237,85
"1699",2.36887583037309,-1.55281638600237,85
"1700",2.71743320343313,-1.55281638600237,85
"1701",-3.90515688470778,-0.486437413416804,86
"1702",-3.55659951164773,-0.486437413416804,86
"1703",-3.20804213858768,-0.486437413416804,86
"1704",-2.85948476552764,-0.486437413416804,86
"1705",-2.51092739246759,-0.486437413416804,86
"1706",-2.16237001940754,-0.486437413416804,86
"1707",-1.81381264634749,-0.486437413416804,86
"1708",-1.46525527328744,-0.486437413416804,86
"1709",-1.1166979002274,-0.486437413416804,86
"1710",-0.768140527167348,-0.486437413416804,86
"1711",-0.4195831541073,-0.486437413416804,86
"1712",-0.0710257810472514,-0.841897070945325,86
"1713",0.277531592012796,-1.01962689970959,86
"1714",0.626088965072845,-1.19735672847385,86
"1715",0.974646338132893,-1.37508655723811,86
"1716",1.32320371119294,-1.37508655723811,86
"1717",1.67176108425299,-1.37508655723811,86
"1718",2.02031845731304,-1.37508655723811,86
"1719",2.36887583037309,-1.37508655723811,86
"1720",2.71743320343313,-1.37508655723811,86
"1721",-3.90515688470778,-0.486437413416804,87
"1722",-3.55659951164773,-0.486437413416804,87
"1723",-3.20804213858768,-0.486437413416804,87
"1724",-2.85948476552764,-0.486437413416804,87
"1725",-2.51092739246759,-0.486437413416804,87
"1726",-2.16237001940754,-0.486437413416804,87
"1727",-1.81381264634749,-0.486437413416804,87
"1728",-1.46525527328744,-0.486437413416804,87
"1729",-1.1166979002274,-0.486437413416804,87
"1730",-0.768140527167348,-0.486437413416804,87
"1731",-0.4195831541073,-0.841897070945325,87
"1732",-0.0710257810472514,-1.01962689970959,87
"1733",0.277531592012796,-1.19735672847385,87
"1734",0.626088965072845,-1.19735672847385,87
"1735",0.974646338132893,-1.37508655723811,87
"1736",1.32320371119294,-1.37508655723811,87
"1737",1.67176108425299,-1.37508655723811,87
"1738",2.02031845731304,-1.37508655723811,87
"1739",2.36887583037309,-1.37508655723811,87
"1740",2.71743320343313,-1.37508655723811,87
"1741",-3.90515688470778,-0.486437413416804,88
"1742",-3.55659951164773,-0.486437413416804,88
"1743",-3.20804213858768,-0.486437413416804,88
"1744",-2.85948476552764,-0.486437413416804,88
"1745",-2.51092739246759,-0.486437413416804,88
"1746",-2.16237001940754,-0.486437413416804,88
"1747",-1.81381264634749,-0.486437413416804,88
"1748",-1.46525527328744,-0.486437413416804,88
"1749",-1.1166979002274,-0.486437413416804,88
"1750",-0.768140527167348,-0.486437413416804,88
"1751",-0.4195831541073,-0.486437413416804,88
"1752",-0.0710257810472514,-0.841897070945325,88
"1753",0.277531592012796,-1.19735672847385,88
"1754",0.626088965072845,-1.19735672847385,88
"1755",0.974646338132893,-1.19735672847385,88
"1756",1.32320371119294,-1.37508655723811,88
"1757",1.67176108425299,-1.37508655723811,88
"1758",2.02031845731304,-1.37508655723811,88
"1759",2.36887583037309,-1.37508655723811,88
"1760",2.71743320343313,-1.37508655723811,88
"1761",-3.90515688470778,-0.486437413416804,89
"1762",-3.55659951164773,-0.486437413416804,89
"1763",-3.20804213858768,-0.486437413416804,89
"1764",-2.85948476552764,-0.486437413416804,89
"1765",-2.51092739246759,-0.486437413416804,89
"1766",-2.16237001940754,-0.486437413416804,89
"1767",-1.81381264634749,-0.486437413416804,89
"1768",-1.46525527328744,-0.486437413416804,89
"1769",-1.1166979002274,-0.486437413416804,89
"1770",-0.768140527167348,-0.486437413416804,89
"1771",-0.4195831541073,-0.664167242181064,89
"1772",-0.0710257810472514,-1.01962689970959,89
"1773",0.277531592012796,-1.19735672847385,89
"1774",0.626088965072845,-1.19735672847385,89
"1775",0.974646338132893,-1.19735672847385,89
"1776",1.32320371119294,-1.19735672847385,89
"1777",1.67176108425299,-1.19735672847385,89
"1778",2.02031845731304,-1.37508655723811,89
"1779",2.36887583037309,-1.37508655723811,89
"1780",2.71743320343313,-1.37508655723811,89
"1781",-3.90515688470778,-0.486437413416804,90
"1782",-3.55659951164773,-0.486437413416804,90
"1783",-3.20804213858768,-0.486437413416804,90
"1784",-2.85948476552764,-0.486437413416804,90
"1785",-2.51092739246759,-0.486437413416804,90
"1786",-2.16237001940754,-0.486437413416804,90
"1787",-1.81381264634749,-0.486437413416804,90
"1788",-1.46525527328744,-0.486437413416804,90
"1789",-1.1166979002274,-0.486437413416804,90
"1790",-0.768140527167348,-0.486437413416804,90
"1791",-0.4195831541073,-0.664167242181064,90
"1792",-0.0710257810472514,-1.01962689970959,90
"1793",0.277531592012796,-1.19735672847385,90
"1794",0.626088965072845,-1.19735672847385,90
"1795",0.974646338132893,-1.19735672847385,90
"1796",1.32320371119294,-1.19735672847385,90
"1797",1.67176108425299,-1.19735672847385,90
"1798",2.02031845731304,-1.19735672847385,90
"1799",2.36887583037309,-1.19735672847385,90
"1800",2.71743320343313,-1.19735672847385,90
"1801",-3.90515688470778,-0.486437413416804,91
"1802",-3.55659951164773,-0.486437413416804,91
"1803",-3.20804213858768,-0.486437413416804,91
"1804",-2.85948476552764,-0.486437413416804,91
"1805",-2.51092739246759,-0.486437413416804,91
"1806",-2.16237001940754,-0.486437413416804,91
"1807",-1.81381264634749,-0.486437413416804,91
"1808",-1.46525527328744,-0.486437413416804,91
"1809",-1.1166979002274,-0.486437413416804,91
"1810",-0.768140527167348,-0.486437413416804,91
"1811",-0.4195831541073,-0.664167242181064,91
"1812",-0.0710257810472514,-1.01962689970959,91
"1813",0.277531592012796,-1.19735672847385,91
"1814",0.626088965072845,-1.19735672847385,91
"1815",0.974646338132893,-1.37508655723811,91
"1816",1.32320371119294,-1.37508655723811,91
"1817",1.67176108425299,-1.37508655723811,91
"1818",2.02031845731304,-1.37508655723811,91
"1819",2.36887583037309,-1.37508655723811,91
"1820",2.71743320343313,-1.37508655723811,91
"1821",-3.90515688470778,-0.486437413416804,92
"1822",-3.55659951164773,-0.486437413416804,92
"1823",-3.20804213858768,-0.486437413416804,92
"1824",-2.85948476552764,-0.486437413416804,92
"1825",-2.51092739246759,-0.486437413416804,92
"1826",-2.16237001940754,-0.486437413416804,92
"1827",-1.81381264634749,-0.486437413416804,92
"1828",-1.46525527328744,-0.486437413416804,92
"1829",-1.1166979002274,-0.486437413416804,92
"1830",-0.768140527167348,-0.486437413416804,92
"1831",-0.4195831541073,-0.664167242181064,92
"1832",-0.0710257810472514,-1.01962689970959,92
"1833",0.277531592012796,-1.19735672847385,92
"1834",0.626088965072845,-1.19735672847385,92
"1835",0.974646338132893,-1.19735672847385,92
"1836",1.32320371119294,-1.37508655723811,92
"1837",1.67176108425299,-1.37508655723811,92
"1838",2.02031845731304,-1.37508655723811,92
"1839",2.36887583037309,-1.37508655723811,92
"1840",2.71743320343313,-1.37508655723811,92
"1841",-3.90515688470778,-0.486437413416804,93
"1842",-3.55659951164773,-0.486437413416804,93
"1843",-3.20804213858768,-0.486437413416804,93
"1844",-2.85948476552764,-0.486437413416804,93
"1845",-2.51092739246759,-0.486437413416804,93
"1846",-2.16237001940754,-0.486437413416804,93
"1847",-1.81381264634749,-0.486437413416804,93
"1848",-1.46525527328744,-0.486437413416804,93
"1849",-1.1166979002274,-0.486437413416804,93
"1850",-0.768140527167348,-0.486437413416804,93
"1851",-0.4195831541073,-0.486437413416804,93
"1852",-0.0710257810472514,-0.841897070945325,93
"1853",0.277531592012796,-1.01962689970959,93
"1854",0.626088965072845,-1.19735672847385,93
"1855",0.974646338132893,-1.37508655723811,93
"1856",1.32320371119294,-1.37508655723811,93
"1857",1.67176108425299,-1.37508655723811,93
"1858",2.02031845731304,-1.37508655723811,93
"1859",2.36887583037309,-1.37508655723811,93
"1860",2.71743320343313,-1.37508655723811,93
"1861",-3.90515688470778,-0.486437413416804,94
"1862",-3.55659951164773,-0.486437413416804,94
"1863",-3.20804213858768,-0.486437413416804,94
"1864",-2.85948476552764,-0.486437413416804,94
"1865",-2.51092739246759,-0.486437413416804,94
"1866",-2.16237001940754,-0.486437413416804,94
"1867",-1.81381264634749,-0.486437413416804,94
"1868",-1.46525527328744,-0.486437413416804,94
"1869",-1.1166979002274,-0.486437413416804,94
"1870",-0.768140527167348,-0.486437413416804,94
"1871",-0.4195831541073,-0.486437413416804,94
"1872",-0.0710257810472514,-0.664167242181064,94
"1873",0.277531592012796,-1.01962689970959,94
"1874",0.626088965072845,-1.19735672847385,94
"1875",0.974646338132893,-1.37508655723811,94
"1876",1.32320371119294,-1.37508655723811,94
"1877",1.67176108425299,-1.37508655723811,94
"1878",2.02031845731304,-1.37508655723811,94
"1879",2.36887583037309,-1.37508655723811,94
"1880",2.71743320343313,-1.37508655723811,94
"1881",-3.90515688470778,-0.486437413416804,95
"1882",-3.55659951164773,-0.486437413416804,95
"1883",-3.20804213858768,-0.486437413416804,95
"1884",-2.85948476552764,-0.486437413416804,95
"1885",-2.51092739246759,-0.486437413416804,95
"1886",-2.16237001940754,-0.486437413416804,95
"1887",-1.81381264634749,-0.486437413416804,95
"1888",-1.46525527328744,-0.486437413416804,95
"1889",-1.1166979002274,-0.486437413416804,95
"1890",-0.768140527167348,-0.486437413416804,95
"1891",-0.4195831541073,-0.841897070945325,95
"1892",-0.0710257810472514,-1.01962689970959,95
"1893",0.277531592012796,-1.19735672847385,95
"1894",0.626088965072845,-1.19735672847385,95
"1895",0.974646338132893,-1.19735672847385,95
"1896",1.32320371119294,-1.37508655723811,95
"1897",1.67176108425299,-1.37508655723811,95
"1898",2.02031845731304,-1.37508655723811,95
"1899",2.36887583037309,-1.37508655723811,95
"1900",2.71743320343313,-1.37508655723811,95
"1901",-3.90515688470778,-0.486437413416804,96
"1902",-3.55659951164773,-0.486437413416804,96
"1903",-3.20804213858768,-0.486437413416804,96
"1904",-2.85948476552764,-0.486437413416804,96
"1905",-2.51092739246759,-0.486437413416804,96
"1906",-2.16237001940754,-0.486437413416804,96
"1907",-1.81381264634749,-0.486437413416804,96
"1908",-1.46525527328744,-0.486437413416804,96
"1909",-1.1166979002274,-0.486437413416804,96
"1910",-0.768140527167348,-0.486437413416804,96
"1911",-0.4195831541073,-0.486437413416804,96
"1912",-0.0710257810472514,-0.841897070945325,96
"1913",0.277531592012796,-1.01962689970959,96
"1914",0.626088965072845,-1.19735672847385,96
"1915",0.974646338132893,-1.37508655723811,96
"1916",1.32320371119294,-1.37508655723811,96
"1917",1.67176108425299,-1.37508655723811,96
"1918",2.02031845731304,-1.37508655723811,96
"1919",2.36887583037309,-1.37508655723811,96
"1920",2.71743320343313,-1.37508655723811,96
"1921",-3.90515688470778,-0.486437413416804,97
"1922",-3.55659951164773,-0.486437413416804,97
"1923",-3.20804213858768,-0.486437413416804,97
"1924",-2.85948476552764,-0.486437413416804,97
"1925",-2.51092739246759,-0.486437413416804,97
"1926",-2.16237001940754,-0.486437413416804,97
"1927",-1.81381264634749,-0.486437413416804,97
"1928",-1.46525527328744,-0.486437413416804,97
"1929",-1.1166979002274,-0.486437413416804,97
"1930",-0.768140527167348,-0.841897070945325,97
"1931",-0.4195831541073,-1.01962689970959,97
"1932",-0.0710257810472514,-1.01962689970959,97
"1933",0.277531592012796,-1.19735672847385,97
"1934",0.626088965072845,-1.19735672847385,97
"1935",0.974646338132893,-1.19735672847385,97
"1936",1.32320371119294,-1.37508655723811,97
"1937",1.67176108425299,-1.37508655723811,97
"1938",2.02031845731304,-1.37508655723811,97
"1939",2.36887583037309,-1.37508655723811,97
"1940",2.71743320343313,-1.37508655723811,97
"1941",-3.90515688470778,-0.486437413416804,98
"1942",-3.55659951164773,-0.486437413416804,98
"1943",-3.20804213858768,-0.486437413416804,98
"1944",-2.85948476552764,-0.486437413416804,98
"1945",-2.51092739246759,-0.486437413416804,98
"1946",-2.16237001940754,-0.486437413416804,98
"1947",-1.81381264634749,-0.486437413416804,98
"1948",-1.46525527328744,-0.486437413416804,98
"1949",-1.1166979002274,-0.486437413416804,98
"1950",-0.768140527167348,-0.486437413416804,98
"1951",-0.4195831541073,-0.841897070945325,98
"1952",-0.0710257810472514,-1.01962689970959,98
"1953",0.277531592012796,-1.19735672847385,98
"1954",0.626088965072845,-1.19735672847385,98
"1955",0.974646338132893,-1.19735672847385,98
"1956",1.32320371119294,-1.37508655723811,98
"1957",1.67176108425299,-1.37508655723811,98
"1958",2.02031845731304,-1.37508655723811,98
"1959",2.36887583037309,-1.37508655723811,98
"1960",2.71743320343313,-1.37508655723811,98
"1961",-3.90515688470778,-0.486437413416804,99
"1962",-3.55659951164773,-0.486437413416804,99
"1963",-3.20804213858768,-0.486437413416804,99
"1964",-2.85948476552764,-0.486437413416804,99
"1965",-2.51092739246759,-0.486437413416804,99
"1966",-2.16237001940754,-0.486437413416804,99
"1967",-1.81381264634749,-0.486437413416804,99
"1968",-1.46525527328744,-0.486437413416804,99
"1969",-1.1166979002274,-0.486437413416804,99
"1970",-0.768140527167348,-0.486437413416804,99
"1971",-0.4195831541073,-0.486437413416804,99
"1972",-0.0710257810472514,-0.664167242181064,99
"1973",0.277531592012796,-1.01962689970959,99
"1974",0.626088965072845,-1.19735672847385,99
"1975",0.974646338132893,-1.37508655723811,99
"1976",1.32320371119294,-1.37508655723811,99
"1977",1.67176108425299,-1.37508655723811,99
"1978",2.02031845731304,-1.37508655723811,99
"1979",2.36887583037309,-1.37508655723811,99
"1980",2.71743320343313,-1.37508655723811,99
"1981",-3.90515688470778,-0.486437413416804,100
"1982",-3.55659951164773,-0.486437413416804,100
"1983",-3.20804213858768,-0.486437413416804,100
"1984",-2.85948476552764,-0.486437413416804,100
"1985",-2.51092739246759,-0.486437413416804,100
"1986",-2.16237001940754,-0.486437413416804,100
"1987",-1.81381264634749,-0.486437413416804,100
"1988",-1.46525527328744,-0.486437413416804,100
"1989",-1.1166979002274,-0.486437413416804,100
"1990",-0.768140527167348,-0.486437413416804,100
"1991",-0.4195831541073,-0.664167242181064,100
"1992",-0.0710257810472514,-1.01962689970959,100
"1993",0.277531592012796,-1.19735672847385,100
"1994",0.626088965072845,-1.19735672847385,100
"1995",0.974646338132893,-1.19735672847385,100
"1996",1.32320371119294,-1.37508655723811,100
"1997",1.67176108425299,-1.37508655723811,100
"1998",2.02031845731304,-1.37508655723811,100
"1999",2.36887583037309,-1.37508655723811,100
"2000",2.71743320343313,-1.37508655723811,100
