"","x","y","sample"
"1",-6.06915073618329,0.0432147891160448,1
"2",-5.60574652362822,-0.194880448979193,1
"3",-5.14234231107315,-0.194880448979193,1
"4",-4.67893809851808,-0.194880448979193,1
"5",-4.21553388596302,-0.194880448979193,1
"6",-3.75212967340795,-0.194880448979193,1
"7",-3.28872546085288,-0.194880448979193,1
"8",-2.82532124829781,-2.33773759183634,1
"9",-2.36191703574274,-2.33773759183634,1
"10",-1.89851282318767,-2.33773759183634,1
"11",-1.4351086106326,-2.33773759183634,1
"12",-0.971704398077536,-2.33773759183634,1
"13",-0.508300185522468,-2.33773759183634,1
"14",-0.0448959729673994,-2.33773759183634,1
"15",0.418508239587669,-2.33773759183634,1
"16",0.881912452142737,-2.33773759183634,1
"17",1.34531666469781,-2.33773759183634,1
"18",1.80872087725287,-2.33773759183634,1
"19",2.27212508980794,-2.33773759183634,1
"20",2.73552930236301,-2.33773759183634,1
"21",-6.06915073618329,2.42416717006843,2
"22",-5.60574652362822,2.42416717006843,2
"23",-5.14234231107315,2.42416717006843,2
"24",-4.67893809851808,2.42416717006843,2
"25",-4.21553388596302,2.42416717006843,2
"26",-3.75212967340795,-1.14726140136015,2
"27",-3.28872546085288,-1.38535663945538,2
"28",-2.82532124829781,-1.62345187755062,2
"29",-2.36191703574274,-1.62345187755062,2
"30",-1.89851282318767,-1.86154711564586,2
"31",-1.4351086106326,-1.86154711564586,2
"32",-0.971704398077536,-2.0996423537411,2
"33",-0.508300185522468,-2.33773759183634,2
"34",-0.0448959729673994,-2.33773759183634,2
"35",0.418508239587669,-2.33773759183634,2
"36",0.881912452142737,-2.33773759183634,2
"37",1.34531666469781,-2.33773759183634,2
"38",1.80872087725287,-2.33773759183634,2
"39",2.27212508980794,-2.33773759183634,2
"40",2.73552930236301,-2.33773759183634,2
"41",-6.06915073618329,2.42416717006843,3
"42",-5.60574652362822,2.42416717006843,3
"43",-5.14234231107315,2.42416717006843,3
"44",-4.67893809851808,2.42416717006843,3
"45",-4.21553388596302,-0.194880448979193,3
"46",-3.75212967340795,-0.432975687074431,3
"47",-3.28872546085288,-0.67107092516967,3
"48",-2.82532124829781,-0.67107092516967,3
"49",-2.36191703574274,-0.909166163264908,3
"50",-1.89851282318767,-0.909166163264908,3
"51",-1.4351086106326,-0.909166163264908,3
"52",-0.971704398077536,-0.909166163264908,3
"53",-0.508300185522468,-2.33773759183634,3
"54",-0.0448959729673994,-2.33773759183634,3
"55",0.418508239587669,-2.33773759183634,3
"56",0.881912452142737,-2.33773759183634,3
"57",1.34531666469781,-2.33773759183634,3
"58",1.80872087725287,-2.33773759183634,3
"59",2.27212508980794,-2.33773759183634,3
"60",2.73552930236301,-2.33773759183634,3
"61",-6.06915073618329,-0.194880448979193,4
"62",-5.60574652362822,-0.194880448979193,4
"63",-5.14234231107315,-0.194880448979193,4
"64",-4.67893809851808,-0.194880448979193,4
"65",-4.21553388596302,-0.194880448979193,4
"66",-3.75212967340795,-0.194880448979193,4
"67",-3.28872546085288,-0.194880448979193,4
"68",-2.82532124829781,-0.194880448979193,4
"69",-2.36191703574274,-0.194880448979193,4
"70",-1.89851282318767,-0.432975687074431,4
"71",-1.4351086106326,-2.33773759183634,4
"72",-0.971704398077536,-2.33773759183634,4
"73",-0.508300185522468,-2.33773759183634,4
"74",-0.0448959729673994,-2.33773759183634,4
"75",0.418508239587669,-2.33773759183634,4
"76",0.881912452142737,-2.33773759183634,4
"77",1.34531666469781,-2.33773759183634,4
"78",1.80872087725287,-2.33773759183634,4
"79",2.27212508980794,-2.33773759183634,4
"80",2.73552930236301,-2.33773759183634,4
"81",-6.06915073618329,0.519405265306521,5
"82",-5.60574652362822,0.281310027211283,5
"83",-5.14234231107315,0.0432147891160448,5
"84",-4.67893809851808,0.0432147891160448,5
"85",-4.21553388596302,-0.194880448979193,5
"86",-3.75212967340795,-0.432975687074431,5
"87",-3.28872546085288,-0.432975687074431,5
"88",-2.82532124829781,-0.67107092516967,5
"89",-2.36191703574274,-0.67107092516967,5
"90",-1.89851282318767,-0.909166163264908,5
"91",-1.4351086106326,-2.33773759183634,5
"92",-0.971704398077536,-2.33773759183634,5
"93",-0.508300185522468,-2.33773759183634,5
"94",-0.0448959729673994,-2.33773759183634,5
"95",0.418508239587669,-2.33773759183634,5
"96",0.881912452142737,-2.33773759183634,5
"97",1.34531666469781,-2.33773759183634,5
"98",1.80872087725287,-2.33773759183634,5
"99",2.27212508980794,-2.33773759183634,5
"100",2.73552930236301,-2.33773759183634,5
"101",-6.06915073618329,-0.194880448979193,6
"102",-5.60574652362822,-0.194880448979193,6
"103",-5.14234231107315,-0.194880448979193,6
"104",-4.67893809851808,-0.194880448979193,6
"105",-4.21553388596302,-0.194880448979193,6
"106",-3.75212967340795,-0.194880448979193,6
"107",-3.28872546085288,-0.194880448979193,6
"108",-2.82532124829781,-0.194880448979193,6
"109",-2.36191703574274,-0.194880448979193,6
"110",-1.89851282318767,-0.432975687074431,6
"111",-1.4351086106326,-2.33773759183634,6
"112",-0.971704398077536,-2.33773759183634,6
"113",-0.508300185522468,-2.33773759183634,6
"114",-0.0448959729673994,-2.33773759183634,6
"115",0.418508239587669,-2.33773759183634,6
"116",0.881912452142737,-2.33773759183634,6
"117",1.34531666469781,-2.33773759183634,6
"118",1.80872087725287,-2.33773759183634,6
"119",2.27212508980794,-2.33773759183634,6
"120",2.73552930236301,-2.33773759183634,6
"121",-6.06915073618329,0.519405265306521,7
"122",-5.60574652362822,0.281310027211283,7
"123",-5.14234231107315,0.281310027211283,7
"124",-4.67893809851808,0.0432147891160448,7
"125",-4.21553388596302,-0.194880448979193,7
"126",-3.75212967340795,-0.432975687074431,7
"127",-3.28872546085288,-0.432975687074431,7
"128",-2.82532124829781,-0.67107092516967,7
"129",-2.36191703574274,-0.909166163264908,7
"130",-1.89851282318767,-2.33773759183634,7
"131",-1.4351086106326,-2.33773759183634,7
"132",-0.971704398077536,-2.33773759183634,7
"133",-0.508300185522468,-2.33773759183634,7
"134",-0.0448959729673994,-2.33773759183634,7
"135",0.418508239587669,-2.33773759183634,7
"136",0.881912452142737,-2.33773759183634,7
"137",1.34531666469781,-2.33773759183634,7
"138",1.80872087725287,-2.33773759183634,7
"139",2.27212508980794,-2.33773759183634,7
"140",2.73552930236301,-2.33773759183634,7
"141",-6.06915073618329,0.281310027211283,8
"142",-5.60574652362822,0.0432147891160448,8
"143",-5.14234231107315,0.0432147891160448,8
"144",-4.67893809851808,-0.194880448979193,8
"145",-4.21553388596302,-0.194880448979193,8
"146",-3.75212967340795,-0.194880448979193,8
"147",-3.28872546085288,-0.432975687074431,8
"148",-2.82532124829781,-0.432975687074431,8
"149",-2.36191703574274,-0.432975687074431,8
"150",-1.89851282318767,-0.67107092516967,8
"151",-1.4351086106326,-0.67107092516967,8
"152",-0.971704398077536,-0.67107092516967,8
"153",-0.508300185522468,-2.0996423537411,8
"154",-0.0448959729673994,-2.33773759183634,8
"155",0.418508239587669,-2.33773759183634,8
"156",0.881912452142737,-2.33773759183634,8
"157",1.34531666469781,-2.33773759183634,8
"158",1.80872087725287,-2.33773759183634,8
"159",2.27212508980794,-2.33773759183634,8
"160",2.73552930236301,-2.33773759183634,8
"161",-6.06915073618329,0.0432147891160448,9
"162",-5.60574652362822,-0.194880448979193,9
"163",-5.14234231107315,-0.194880448979193,9
"164",-4.67893809851808,-0.194880448979193,9
"165",-4.21553388596302,-0.194880448979193,9
"166",-3.75212967340795,-0.194880448979193,9
"167",-3.28872546085288,-0.194880448979193,9
"168",-2.82532124829781,-0.194880448979193,9
"169",-2.36191703574274,-0.194880448979193,9
"170",-1.89851282318767,-0.432975687074431,9
"171",-1.4351086106326,-0.432975687074431,9
"172",-0.971704398077536,-2.33773759183634,9
"173",-0.508300185522468,-2.33773759183634,9
"174",-0.0448959729673994,-2.33773759183634,9
"175",0.418508239587669,-2.33773759183634,9
"176",0.881912452142737,-2.33773759183634,9
"177",1.34531666469781,-2.33773759183634,9
"178",1.80872087725287,-2.33773759183634,9
"179",2.27212508980794,-2.33773759183634,9
"180",2.73552930236301,-2.33773759183634,9
"181",-6.06915073618329,2.42416717006843,10
"182",-5.60574652362822,2.42416717006843,10
"183",-5.14234231107315,2.42416717006843,10
"184",-4.67893809851808,2.42416717006843,10
"185",-4.21553388596302,2.42416717006843,10
"186",-3.75212967340795,-0.909166163264908,10
"187",-3.28872546085288,-0.909166163264908,10
"188",-2.82532124829781,-0.909166163264908,10
"189",-2.36191703574274,-0.909166163264908,10
"190",-1.89851282318767,-0.909166163264908,10
"191",-1.4351086106326,-0.909166163264908,10
"192",-0.971704398077536,-0.909166163264908,10
"193",-0.508300185522468,-0.909166163264908,10
"194",-0.0448959729673994,-2.33773759183634,10
"195",0.418508239587669,-2.33773759183634,10
"196",0.881912452142737,-2.33773759183634,10
"197",1.34531666469781,-2.33773759183634,10
"198",1.80872087725287,-2.33773759183634,10
"199",2.27212508980794,-2.33773759183634,10
"200",2.73552930236301,-2.33773759183634,10
"201",-6.06915073618329,2.42416717006843,11
"202",-5.60574652362822,2.42416717006843,11
"203",-5.14234231107315,2.42416717006843,11
"204",-4.67893809851808,2.42416717006843,11
"205",-4.21553388596302,2.42416717006843,11
"206",-3.75212967340795,-0.909166163264908,11
"207",-3.28872546085288,-1.38535663945538,11
"208",-2.82532124829781,-1.62345187755062,11
"209",-2.36191703574274,-1.86154711564586,11
"210",-1.89851282318767,-1.86154711564586,11
"211",-1.4351086106326,-1.86154711564586,11
"212",-0.971704398077536,-2.0996423537411,11
"213",-0.508300185522468,-2.33773759183634,11
"214",-0.0448959729673994,-2.33773759183634,11
"215",0.418508239587669,-2.33773759183634,11
"216",0.881912452142737,-2.33773759183634,11
"217",1.34531666469781,-2.33773759183634,11
"218",1.80872087725287,-2.33773759183634,11
"219",2.27212508980794,-2.33773759183634,11
"220",2.73552930236301,-2.33773759183634,11
"221",-6.06915073618329,2.42416717006843,12
"222",-5.60574652362822,2.42416717006843,12
"223",-5.14234231107315,2.42416717006843,12
"224",-4.67893809851808,0.0432147891160448,12
"225",-4.21553388596302,-0.194880448979193,12
"226",-3.75212967340795,-0.194880448979193,12
"227",-3.28872546085288,-0.432975687074431,12
"228",-2.82532124829781,-0.432975687074431,12
"229",-2.36191703574274,-0.432975687074431,12
"230",-1.89851282318767,-0.67107092516967,12
"231",-1.4351086106326,-0.67107092516967,12
"232",-0.971704398077536,-0.67107092516967,12
"233",-0.508300185522468,-2.33773759183634,12
"234",-0.0448959729673994,-2.33773759183634,12
"235",0.418508239587669,-2.33773759183634,12
"236",0.881912452142737,-2.33773759183634,12
"237",1.34531666469781,-2.33773759183634,12
"238",1.80872087725287,-2.33773759183634,12
"239",2.27212508980794,-2.33773759183634,12
"240",2.73552930236301,-2.33773759183634,12
"241",-6.06915073618329,2.42416717006843,13
"242",-5.60574652362822,2.42416717006843,13
"243",-5.14234231107315,2.42416717006843,13
"244",-4.67893809851808,1.23369097959224,13
"245",-4.21553388596302,0.0432147891160448,13
"246",-3.75212967340795,-0.432975687074431,13
"247",-3.28872546085288,-0.909166163264908,13
"248",-2.82532124829781,-1.14726140136015,13
"249",-2.36191703574274,-1.38535663945538,13
"250",-1.89851282318767,-1.38535663945538,13
"251",-1.4351086106326,-1.62345187755062,13
"252",-0.971704398077536,-1.86154711564586,13
"253",-0.508300185522468,-2.33773759183634,13
"254",-0.0448959729673994,-2.33773759183634,13
"255",0.418508239587669,-2.33773759183634,13
"256",0.881912452142737,-2.33773759183634,13
"257",1.34531666469781,-2.33773759183634,13
"258",1.80872087725287,-2.33773759183634,13
"259",2.27212508980794,-2.33773759183634,13
"260",2.73552930236301,-2.33773759183634,13
"261",-6.06915073618329,2.42416717006843,14
"262",-5.60574652362822,1.23369097959224,14
"263",-5.14234231107315,0.519405265306521,14
"264",-4.67893809851808,0.281310027211283,14
"265",-4.21553388596302,-0.194880448979193,14
"266",-3.75212967340795,-0.432975687074431,14
"267",-3.28872546085288,-0.67107092516967,14
"268",-2.82532124829781,-0.909166163264908,14
"269",-2.36191703574274,-1.14726140136015,14
"270",-1.89851282318767,-1.14726140136015,14
"271",-1.4351086106326,-1.38535663945538,14
"272",-0.971704398077536,-1.86154711564586,14
"273",-0.508300185522468,-2.33773759183634,14
"274",-0.0448959729673994,-2.33773759183634,14
"275",0.418508239587669,-2.33773759183634,14
"276",0.881912452142737,-2.33773759183634,14
"277",1.34531666469781,-2.33773759183634,14
"278",1.80872087725287,-2.33773759183634,14
"279",2.27212508980794,-2.33773759183634,14
"280",2.73552930236301,-2.33773759183634,14
"281",-6.06915073618329,0.0432147891160448,15
"282",-5.60574652362822,0.0432147891160448,15
"283",-5.14234231107315,0.0432147891160448,15
"284",-4.67893809851808,-0.194880448979193,15
"285",-4.21553388596302,-0.194880448979193,15
"286",-3.75212967340795,-0.194880448979193,15
"287",-3.28872546085288,-0.432975687074431,15
"288",-2.82532124829781,-0.432975687074431,15
"289",-2.36191703574274,-0.432975687074431,15
"290",-1.89851282318767,-2.33773759183634,15
"291",-1.4351086106326,-2.33773759183634,15
"292",-0.971704398077536,-2.33773759183634,15
"293",-0.508300185522468,-2.33773759183634,15
"294",-0.0448959729673994,-2.33773759183634,15
"295",0.418508239587669,-2.33773759183634,15
"296",0.881912452142737,-2.33773759183634,15
"297",1.34531666469781,-2.33773759183634,15
"298",1.80872087725287,-2.33773759183634,15
"299",2.27212508980794,-2.33773759183634,15
"300",2.73552930236301,-2.33773759183634,15
"301",-6.06915073618329,0.0432147891160448,16
"302",-5.60574652362822,0.0432147891160448,16
"303",-5.14234231107315,-0.194880448979193,16
"304",-4.67893809851808,-0.194880448979193,16
"305",-4.21553388596302,-0.194880448979193,16
"306",-3.75212967340795,-0.194880448979193,16
"307",-3.28872546085288,-0.194880448979193,16
"308",-2.82532124829781,-0.432975687074431,16
"309",-2.36191703574274,-0.432975687074431,16
"310",-1.89851282318767,-0.432975687074431,16
"311",-1.4351086106326,-0.432975687074431,16
"312",-0.971704398077536,-2.33773759183634,16
"313",-0.508300185522468,-2.33773759183634,16
"314",-0.0448959729673994,-2.33773759183634,16
"315",0.418508239587669,-2.33773759183634,16
"316",0.881912452142737,-2.33773759183634,16
"317",1.34531666469781,-2.33773759183634,16
"318",1.80872087725287,-2.33773759183634,16
"319",2.27212508980794,-2.33773759183634,16
"320",2.73552930236301,-2.33773759183634,16
"321",-6.06915073618329,0.0432147891160448,17
"322",-5.60574652362822,0.0432147891160448,17
"323",-5.14234231107315,-0.194880448979193,17
"324",-4.67893809851808,-0.194880448979193,17
"325",-4.21553388596302,-0.194880448979193,17
"326",-3.75212967340795,-0.194880448979193,17
"327",-3.28872546085288,-0.194880448979193,17
"328",-2.82532124829781,-0.432975687074431,17
"329",-2.36191703574274,-0.432975687074431,17
"330",-1.89851282318767,-0.432975687074431,17
"331",-1.4351086106326,-0.432975687074431,17
"332",-0.971704398077536,-2.33773759183634,17
"333",-0.508300185522468,-2.33773759183634,17
"334",-0.0448959729673994,-2.33773759183634,17
"335",0.418508239587669,-2.33773759183634,17
"336",0.881912452142737,-2.33773759183634,17
"337",1.34531666469781,-2.33773759183634,17
"338",1.80872087725287,-2.33773759183634,17
"339",2.27212508980794,-2.33773759183634,17
"340",2.73552930236301,-2.33773759183634,17
"341",-6.06915073618329,2.42416717006843,18
"342",-5.60574652362822,0.757500503401759,18
"343",-5.14234231107315,0.281310027211283,18
"344",-4.67893809851808,0.0432147891160448,18
"345",-4.21553388596302,-0.194880448979193,18
"346",-3.75212967340795,-0.432975687074431,18
"347",-3.28872546085288,-0.432975687074431,18
"348",-2.82532124829781,-0.432975687074431,18
"349",-2.36191703574274,-0.67107092516967,18
"350",-1.89851282318767,-0.67107092516967,18
"351",-1.4351086106326,-0.909166163264908,18
"352",-0.971704398077536,-0.909166163264908,18
"353",-0.508300185522468,-2.33773759183634,18
"354",-0.0448959729673994,-2.33773759183634,18
"355",0.418508239587669,-2.33773759183634,18
"356",0.881912452142737,-2.33773759183634,18
"357",1.34531666469781,-2.33773759183634,18
"358",1.80872087725287,-2.33773759183634,18
"359",2.27212508980794,-2.33773759183634,18
"360",2.73552930236301,-2.33773759183634,18
"361",-6.06915073618329,2.42416717006843,19
"362",-5.60574652362822,2.42416717006843,19
"363",-5.14234231107315,2.42416717006843,19
"364",-4.67893809851808,0.519405265306521,19
"365",-4.21553388596302,-0.194880448979193,19
"366",-3.75212967340795,-0.432975687074431,19
"367",-3.28872546085288,-0.432975687074431,19
"368",-2.82532124829781,-0.67107092516967,19
"369",-2.36191703574274,-0.67107092516967,19
"370",-1.89851282318767,-0.67107092516967,19
"371",-1.4351086106326,-0.67107092516967,19
"372",-0.971704398077536,-0.67107092516967,19
"373",-0.508300185522468,-2.33773759183634,19
"374",-0.0448959729673994,-2.33773759183634,19
"375",0.418508239587669,-2.33773759183634,19
"376",0.881912452142737,-2.33773759183634,19
"377",1.34531666469781,-2.33773759183634,19
"378",1.80872087725287,-2.33773759183634,19
"379",2.27212508980794,-2.33773759183634,19
"380",2.73552930236301,-2.33773759183634,19
"381",-6.06915073618329,2.42416717006843,20
"382",-5.60574652362822,1.94797669387795,20
"383",-5.14234231107315,1.23369097959224,20
"384",-4.67893809851808,0.519405265306521,20
"385",-4.21553388596302,0.0432147891160448,20
"386",-3.75212967340795,-0.432975687074431,20
"387",-3.28872546085288,-0.909166163264908,20
"388",-2.82532124829781,-1.38535663945538,20
"389",-2.36191703574274,-1.86154711564586,20
"390",-1.89851282318767,-2.0996423537411,20
"391",-1.4351086106326,-2.33773759183634,20
"392",-0.971704398077536,-2.33773759183634,20
"393",-0.508300185522468,-2.33773759183634,20
"394",-0.0448959729673994,-2.33773759183634,20
"395",0.418508239587669,-2.33773759183634,20
"396",0.881912452142737,-2.33773759183634,20
"397",1.34531666469781,-2.33773759183634,20
"398",1.80872087725287,-2.33773759183634,20
"399",2.27212508980794,-2.33773759183634,20
"400",2.73552930236301,-2.33773759183634,20
"401",-6.06915073618329,2.42416717006843,21
"402",-5.60574652362822,2.42416717006843,21
"403",-5.14234231107315,2.42416717006843,21
"404",-4.67893809851808,2.42416717006843,21
"405",-4.21553388596302,2.42416717006843,21
"406",-3.75212967340795,-2.33773759183634,21
"407",-3.28872546085288,-2.33773759183634,21
"408",-2.82532124829781,-2.33773759183634,21
"409",-2.36191703574274,-2.33773759183634,21
"410",-1.89851282318767,-2.33773759183634,21
"411",-1.4351086106326,-2.33773759183634,21
"412",-0.971704398077536,-2.33773759183634,21
"413",-0.508300185522468,-2.33773759183634,21
"414",-0.0448959729673994,-2.33773759183634,21
"415",0.418508239587669,-2.33773759183634,21
"416",0.881912452142737,-2.33773759183634,21
"417",1.34531666469781,-2.33773759183634,21
"418",1.80872087725287,-2.33773759183634,21
"419",2.27212508980794,-2.33773759183634,21
"420",2.73552930236301,-2.33773759183634,21
"421",-6.06915073618329,2.42416717006843,22
"422",-5.60574652362822,2.42416717006843,22
"423",-5.14234231107315,2.42416717006843,22
"424",-4.67893809851808,2.42416717006843,22
"425",-4.21553388596302,2.42416717006843,22
"426",-3.75212967340795,-0.909166163264908,22
"427",-3.28872546085288,-1.14726140136015,22
"428",-2.82532124829781,-1.14726140136015,22
"429",-2.36191703574274,-1.14726140136015,22
"430",-1.89851282318767,-1.14726140136015,22
"431",-1.4351086106326,-1.14726140136015,22
"432",-0.971704398077536,-1.14726140136015,22
"433",-0.508300185522468,-1.38535663945538,22
"434",-0.0448959729673994,-2.33773759183634,22
"435",0.418508239587669,-2.33773759183634,22
"436",0.881912452142737,-2.33773759183634,22
"437",1.34531666469781,-2.33773759183634,22
"438",1.80872087725287,-2.33773759183634,22
"439",2.27212508980794,-2.33773759183634,22
"440",2.73552930236301,-2.33773759183634,22
"441",-6.06915073618329,0.995595741496997,23
"442",-5.60574652362822,0.519405265306521,23
"443",-5.14234231107315,0.281310027211283,23
"444",-4.67893809851808,0.0432147891160448,23
"445",-4.21553388596302,-0.194880448979193,23
"446",-3.75212967340795,-0.432975687074431,23
"447",-3.28872546085288,-0.67107092516967,23
"448",-2.82532124829781,-0.909166163264908,23
"449",-2.36191703574274,-1.14726140136015,23
"450",-1.89851282318767,-1.14726140136015,23
"451",-1.4351086106326,-1.38535663945538,23
"452",-0.971704398077536,-2.33773759183634,23
"453",-0.508300185522468,-2.33773759183634,23
"454",-0.0448959729673994,-2.33773759183634,23
"455",0.418508239587669,-2.33773759183634,23
"456",0.881912452142737,-2.33773759183634,23
"457",1.34531666469781,-2.33773759183634,23
"458",1.80872087725287,-2.33773759183634,23
"459",2.27212508980794,-2.33773759183634,23
"460",2.73552930236301,-2.33773759183634,23
"461",-6.06915073618329,2.42416717006843,24
"462",-5.60574652362822,2.42416717006843,24
"463",-5.14234231107315,0.995595741496997,24
"464",-4.67893809851808,0.281310027211283,24
"465",-4.21553388596302,-0.194880448979193,24
"466",-3.75212967340795,-0.432975687074431,24
"467",-3.28872546085288,-0.67107092516967,24
"468",-2.82532124829781,-0.909166163264908,24
"469",-2.36191703574274,-0.909166163264908,24
"470",-1.89851282318767,-1.14726140136015,24
"471",-1.4351086106326,-1.38535663945538,24
"472",-0.971704398077536,-1.38535663945538,24
"473",-0.508300185522468,-2.33773759183634,24
"474",-0.0448959729673994,-2.33773759183634,24
"475",0.418508239587669,-2.33773759183634,24
"476",0.881912452142737,-2.33773759183634,24
"477",1.34531666469781,-2.33773759183634,24
"478",1.80872087725287,-2.33773759183634,24
"479",2.27212508980794,-2.33773759183634,24
"480",2.73552930236301,-2.33773759183634,24
"481",-6.06915073618329,0.519405265306521,25
"482",-5.60574652362822,0.281310027211283,25
"483",-5.14234231107315,0.0432147891160448,25
"484",-4.67893809851808,0.0432147891160448,25
"485",-4.21553388596302,-0.194880448979193,25
"486",-3.75212967340795,-0.194880448979193,25
"487",-3.28872546085288,-0.432975687074431,25
"488",-2.82532124829781,-0.432975687074431,25
"489",-2.36191703574274,-0.67107092516967,25
"490",-1.89851282318767,-0.67107092516967,25
"491",-1.4351086106326,-0.67107092516967,25
"492",-0.971704398077536,-0.67107092516967,25
"493",-0.508300185522468,-2.33773759183634,25
"494",-0.0448959729673994,-2.33773759183634,25
"495",0.418508239587669,-2.33773759183634,25
"496",0.881912452142737,-2.33773759183634,25
"497",1.34531666469781,-2.33773759183634,25
"498",1.80872087725287,-2.33773759183634,25
"499",2.27212508980794,-2.33773759183634,25
"500",2.73552930236301,-2.33773759183634,25
"501",-6.06915073618329,0.0432147891160448,26
"502",-5.60574652362822,-0.194880448979193,26
"503",-5.14234231107315,-0.194880448979193,26
"504",-4.67893809851808,-0.194880448979193,26
"505",-4.21553388596302,-0.194880448979193,26
"506",-3.75212967340795,-0.194880448979193,26
"507",-3.28872546085288,-0.194880448979193,26
"508",-2.82532124829781,-0.194880448979193,26
"509",-2.36191703574274,-0.432975687074431,26
"510",-1.89851282318767,-0.432975687074431,26
"511",-1.4351086106326,-0.432975687074431,26
"512",-0.971704398077536,-0.432975687074431,26
"513",-0.508300185522468,-2.33773759183634,26
"514",-0.0448959729673994,-2.33773759183634,26
"515",0.418508239587669,-2.33773759183634,26
"516",0.881912452142737,-2.33773759183634,26
"517",1.34531666469781,-2.33773759183634,26
"518",1.80872087725287,-2.33773759183634,26
"519",2.27212508980794,-2.33773759183634,26
"520",2.73552930236301,-2.33773759183634,26
"521",-6.06915073618329,2.42416717006843,27
"522",-5.60574652362822,2.42416717006843,27
"523",-5.14234231107315,2.42416717006843,27
"524",-4.67893809851808,2.42416717006843,27
"525",-4.21553388596302,2.42416717006843,27
"526",-3.75212967340795,-2.33773759183634,27
"527",-3.28872546085288,-2.33773759183634,27
"528",-2.82532124829781,-2.33773759183634,27
"529",-2.36191703574274,-2.33773759183634,27
"530",-1.89851282318767,-2.33773759183634,27
"531",-1.4351086106326,-2.33773759183634,27
"532",-0.971704398077536,-2.33773759183634,27
"533",-0.508300185522468,-2.33773759183634,27
"534",-0.0448959729673994,-2.33773759183634,27
"535",0.418508239587669,-2.33773759183634,27
"536",0.881912452142737,-2.33773759183634,27
"537",1.34531666469781,-2.33773759183634,27
"538",1.80872087725287,-2.33773759183634,27
"539",2.27212508980794,-2.33773759183634,27
"540",2.73552930236301,-2.33773759183634,27
"541",-6.06915073618329,0.0432147891160448,28
"542",-5.60574652362822,0.0432147891160448,28
"543",-5.14234231107315,0.0432147891160448,28
"544",-4.67893809851808,-0.194880448979193,28
"545",-4.21553388596302,-0.194880448979193,28
"546",-3.75212967340795,-0.194880448979193,28
"547",-3.28872546085288,-0.432975687074431,28
"548",-2.82532124829781,-0.432975687074431,28
"549",-2.36191703574274,-0.432975687074431,28
"550",-1.89851282318767,-0.67107092516967,28
"551",-1.4351086106326,-0.67107092516967,28
"552",-0.971704398077536,-2.33773759183634,28
"553",-0.508300185522468,-2.33773759183634,28
"554",-0.0448959729673994,-2.33773759183634,28
"555",0.418508239587669,-2.33773759183634,28
"556",0.881912452142737,-2.33773759183634,28
"557",1.34531666469781,-2.33773759183634,28
"558",1.80872087725287,-2.33773759183634,28
"559",2.27212508980794,-2.33773759183634,28
"560",2.73552930236301,-2.33773759183634,28
"561",-6.06915073618329,2.42416717006843,29
"562",-5.60574652362822,2.42416717006843,29
"563",-5.14234231107315,0.0432147891160448,29
"564",-4.67893809851808,0.0432147891160448,29
"565",-4.21553388596302,-0.194880448979193,29
"566",-3.75212967340795,-0.194880448979193,29
"567",-3.28872546085288,-0.432975687074431,29
"568",-2.82532124829781,-0.432975687074431,29
"569",-2.36191703574274,-0.432975687074431,29
"570",-1.89851282318767,-0.432975687074431,29
"571",-1.4351086106326,-0.432975687074431,29
"572",-0.971704398077536,-0.432975687074431,29
"573",-0.508300185522468,-2.33773759183634,29
"574",-0.0448959729673994,-2.33773759183634,29
"575",0.418508239587669,-2.33773759183634,29
"576",0.881912452142737,-2.33773759183634,29
"577",1.34531666469781,-2.33773759183634,29
"578",1.80872087725287,-2.33773759183634,29
"579",2.27212508980794,-2.33773759183634,29
"580",2.73552930236301,-2.33773759183634,29
"581",-6.06915073618329,2.42416717006843,30
"582",-5.60574652362822,1.70988145578271,30
"583",-5.14234231107315,0.757500503401759,30
"584",-4.67893809851808,0.281310027211283,30
"585",-4.21553388596302,-0.194880448979193,30
"586",-3.75212967340795,-0.432975687074431,30
"587",-3.28872546085288,-0.67107092516967,30
"588",-2.82532124829781,-0.909166163264908,30
"589",-2.36191703574274,-1.14726140136015,30
"590",-1.89851282318767,-1.38535663945538,30
"591",-1.4351086106326,-1.62345187755062,30
"592",-0.971704398077536,-2.33773759183634,30
"593",-0.508300185522468,-2.33773759183634,30
"594",-0.0448959729673994,-2.33773759183634,30
"595",0.418508239587669,-2.33773759183634,30
"596",0.881912452142737,-2.33773759183634,30
"597",1.34531666469781,-2.33773759183634,30
"598",1.80872087725287,-2.33773759183634,30
"599",2.27212508980794,-2.33773759183634,30
"600",2.73552930236301,-2.33773759183634,30
"601",-6.06915073618329,2.42416717006843,31
"602",-5.60574652362822,2.18607193197319,31
"603",-5.14234231107315,2.18607193197319,31
"604",-4.67893809851808,1.94797669387795,31
"605",-4.21553388596302,1.94797669387795,31
"606",-3.75212967340795,-2.33773759183634,31
"607",-3.28872546085288,-2.33773759183634,31
"608",-2.82532124829781,-2.33773759183634,31
"609",-2.36191703574274,-2.33773759183634,31
"610",-1.89851282318767,-2.33773759183634,31
"611",-1.4351086106326,-2.33773759183634,31
"612",-0.971704398077536,-2.33773759183634,31
"613",-0.508300185522468,-2.33773759183634,31
"614",-0.0448959729673994,-2.33773759183634,31
"615",0.418508239587669,-2.33773759183634,31
"616",0.881912452142737,-2.33773759183634,31
"617",1.34531666469781,-2.33773759183634,31
"618",1.80872087725287,-2.33773759183634,31
"619",2.27212508980794,-2.33773759183634,31
"620",2.73552930236301,-2.33773759183634,31
"621",-6.06915073618329,2.42416717006843,32
"622",-5.60574652362822,2.42416717006843,32
"623",-5.14234231107315,2.42416717006843,32
"624",-4.67893809851808,2.42416717006843,32
"625",-4.21553388596302,0.0432147891160448,32
"626",-3.75212967340795,-0.432975687074431,32
"627",-3.28872546085288,-0.67107092516967,32
"628",-2.82532124829781,-0.909166163264908,32
"629",-2.36191703574274,-0.909166163264908,32
"630",-1.89851282318767,-1.14726140136015,32
"631",-1.4351086106326,-1.14726140136015,32
"632",-0.971704398077536,-1.14726140136015,32
"633",-0.508300185522468,-1.86154711564586,32
"634",-0.0448959729673994,-2.33773759183634,32
"635",0.418508239587669,-2.33773759183634,32
"636",0.881912452142737,-2.33773759183634,32
"637",1.34531666469781,-2.33773759183634,32
"638",1.80872087725287,-2.33773759183634,32
"639",2.27212508980794,-2.33773759183634,32
"640",2.73552930236301,-2.33773759183634,32
"641",-6.06915073618329,2.42416717006843,33
"642",-5.60574652362822,2.42416717006843,33
"643",-5.14234231107315,2.42416717006843,33
"644",-4.67893809851808,2.42416717006843,33
"645",-4.21553388596302,0.0432147891160448,33
"646",-3.75212967340795,-0.432975687074431,33
"647",-3.28872546085288,-0.67107092516967,33
"648",-2.82532124829781,-0.67107092516967,33
"649",-2.36191703574274,-0.909166163264908,33
"650",-1.89851282318767,-0.909166163264908,33
"651",-1.4351086106326,-0.909166163264908,33
"652",-0.971704398077536,-1.14726140136015,33
"653",-0.508300185522468,-2.33773759183634,33
"654",-0.0448959729673994,-2.33773759183634,33
"655",0.418508239587669,-2.33773759183634,33
"656",0.881912452142737,-2.33773759183634,33
"657",1.34531666469781,-2.33773759183634,33
"658",1.80872087725287,-2.33773759183634,33
"659",2.27212508980794,-2.33773759183634,33
"660",2.73552930236301,-2.33773759183634,33
"661",-6.06915073618329,2.42416717006843,34
"662",-5.60574652362822,2.42416717006843,34
"663",-5.14234231107315,2.42416717006843,34
"664",-4.67893809851808,2.42416717006843,34
"665",-4.21553388596302,2.42416717006843,34
"666",-3.75212967340795,-1.86154711564586,34
"667",-3.28872546085288,-1.86154711564586,34
"668",-2.82532124829781,-1.86154711564586,34
"669",-2.36191703574274,-1.86154711564586,34
"670",-1.89851282318767,-1.86154711564586,34
"671",-1.4351086106326,-1.86154711564586,34
"672",-0.971704398077536,-1.86154711564586,34
"673",-0.508300185522468,-2.33773759183634,34
"674",-0.0448959729673994,-2.33773759183634,34
"675",0.418508239587669,-2.33773759183634,34
"676",0.881912452142737,-2.33773759183634,34
"677",1.34531666469781,-2.33773759183634,34
"678",1.80872087725287,-2.33773759183634,34
"679",2.27212508980794,-2.33773759183634,34
"680",2.73552930236301,-2.33773759183634,34
"681",-6.06915073618329,2.42416717006843,35
"682",-5.60574652362822,2.42416717006843,35
"683",-5.14234231107315,2.42416717006843,35
"684",-4.67893809851808,2.42416717006843,35
"685",-4.21553388596302,0.519405265306521,35
"686",-3.75212967340795,-0.67107092516967,35
"687",-3.28872546085288,-0.909166163264908,35
"688",-2.82532124829781,-1.14726140136015,35
"689",-2.36191703574274,-1.14726140136015,35
"690",-1.89851282318767,-1.38535663945538,35
"691",-1.4351086106326,-1.38535663945538,35
"692",-0.971704398077536,-1.38535663945538,35
"693",-0.508300185522468,-1.86154711564586,35
"694",-0.0448959729673994,-2.33773759183634,35
"695",0.418508239587669,-2.33773759183634,35
"696",0.881912452142737,-2.33773759183634,35
"697",1.34531666469781,-2.33773759183634,35
"698",1.80872087725287,-2.33773759183634,35
"699",2.27212508980794,-2.33773759183634,35
"700",2.73552930236301,-2.33773759183634,35
"701",-6.06915073618329,0.519405265306521,36
"702",-5.60574652362822,0.281310027211283,36
"703",-5.14234231107315,0.0432147891160448,36
"704",-4.67893809851808,0.0432147891160448,36
"705",-4.21553388596302,-0.194880448979193,36
"706",-3.75212967340795,-0.194880448979193,36
"707",-3.28872546085288,-0.432975687074431,36
"708",-2.82532124829781,-0.432975687074431,36
"709",-2.36191703574274,-0.67107092516967,36
"710",-1.89851282318767,-0.67107092516967,36
"711",-1.4351086106326,-0.67107092516967,36
"712",-0.971704398077536,-0.67107092516967,36
"713",-0.508300185522468,-1.38535663945538,36
"714",-0.0448959729673994,-2.33773759183634,36
"715",0.418508239587669,-2.33773759183634,36
"716",0.881912452142737,-2.33773759183634,36
"717",1.34531666469781,-2.33773759183634,36
"718",1.80872087725287,-2.33773759183634,36
"719",2.27212508980794,-2.33773759183634,36
"720",2.73552930236301,-2.33773759183634,36
"721",-6.06915073618329,2.42416717006843,37
"722",-5.60574652362822,2.42416717006843,37
"723",-5.14234231107315,2.42416717006843,37
"724",-4.67893809851808,2.42416717006843,37
"725",-4.21553388596302,1.70988145578271,37
"726",-3.75212967340795,-2.33773759183634,37
"727",-3.28872546085288,-2.33773759183634,37
"728",-2.82532124829781,-2.33773759183634,37
"729",-2.36191703574274,-2.33773759183634,37
"730",-1.89851282318767,-2.33773759183634,37
"731",-1.4351086106326,-2.33773759183634,37
"732",-0.971704398077536,-2.33773759183634,37
"733",-0.508300185522468,-2.33773759183634,37
"734",-0.0448959729673994,-2.33773759183634,37
"735",0.418508239587669,-2.33773759183634,37
"736",0.881912452142737,-2.33773759183634,37
"737",1.34531666469781,-2.33773759183634,37
"738",1.80872087725287,-2.33773759183634,37
"739",2.27212508980794,-2.33773759183634,37
"740",2.73552930236301,-2.33773759183634,37
"741",-6.06915073618329,-0.194880448979193,38
"742",-5.60574652362822,-0.194880448979193,38
"743",-5.14234231107315,-0.194880448979193,38
"744",-4.67893809851808,-0.194880448979193,38
"745",-4.21553388596302,-0.194880448979193,38
"746",-3.75212967340795,-0.194880448979193,38
"747",-3.28872546085288,-0.194880448979193,38
"748",-2.82532124829781,-0.194880448979193,38
"749",-2.36191703574274,-0.432975687074431,38
"750",-1.89851282318767,-0.432975687074431,38
"751",-1.4351086106326,-0.432975687074431,38
"752",-0.971704398077536,-0.432975687074431,38
"753",-0.508300185522468,-2.0996423537411,38
"754",-0.0448959729673994,-2.33773759183634,38
"755",0.418508239587669,-2.33773759183634,38
"756",0.881912452142737,-2.33773759183634,38
"757",1.34531666469781,-2.33773759183634,38
"758",1.80872087725287,-2.33773759183634,38
"759",2.27212508980794,-2.33773759183634,38
"760",2.73552930236301,-2.33773759183634,38
"761",-6.06915073618329,2.42416717006843,39
"762",-5.60574652362822,2.42416717006843,39
"763",-5.14234231107315,2.42416717006843,39
"764",-4.67893809851808,2.42416717006843,39
"765",-4.21553388596302,2.42416717006843,39
"766",-3.75212967340795,-0.432975687074431,39
"767",-3.28872546085288,-0.67107092516967,39
"768",-2.82532124829781,-0.67107092516967,39
"769",-2.36191703574274,-0.67107092516967,39
"770",-1.89851282318767,-0.67107092516967,39
"771",-1.4351086106326,-0.909166163264908,39
"772",-0.971704398077536,-0.909166163264908,39
"773",-0.508300185522468,-1.14726140136015,39
"774",-0.0448959729673994,-2.33773759183634,39
"775",0.418508239587669,-2.33773759183634,39
"776",0.881912452142737,-2.33773759183634,39
"777",1.34531666469781,-2.33773759183634,39
"778",1.80872087725287,-2.33773759183634,39
"779",2.27212508980794,-2.33773759183634,39
"780",2.73552930236301,-2.33773759183634,39
"781",-6.06915073618329,2.42416717006843,40
"782",-5.60574652362822,2.42416717006843,40
"783",-5.14234231107315,2.42416717006843,40
"784",-4.67893809851808,2.42416717006843,40
"785",-4.21553388596302,2.42416717006843,40
"786",-3.75212967340795,-0.67107092516967,40
"787",-3.28872546085288,-0.67107092516967,40
"788",-2.82532124829781,-0.909166163264908,40
"789",-2.36191703574274,-0.909166163264908,40
"790",-1.89851282318767,-0.909166163264908,40
"791",-1.4351086106326,-0.909166163264908,40
"792",-0.971704398077536,-0.909166163264908,40
"793",-0.508300185522468,-1.86154711564586,40
"794",-0.0448959729673994,-2.33773759183634,40
"795",0.418508239587669,-2.33773759183634,40
"796",0.881912452142737,-2.33773759183634,40
"797",1.34531666469781,-2.33773759183634,40
"798",1.80872087725287,-2.33773759183634,40
"799",2.27212508980794,-2.33773759183634,40
"800",2.73552930236301,-2.33773759183634,40
"801",-6.06915073618329,0.0432147891160448,41
"802",-5.60574652362822,0.0432147891160448,41
"803",-5.14234231107315,-0.194880448979193,41
"804",-4.67893809851808,-0.194880448979193,41
"805",-4.21553388596302,-0.194880448979193,41
"806",-3.75212967340795,-0.194880448979193,41
"807",-3.28872546085288,-0.194880448979193,41
"808",-2.82532124829781,-0.432975687074431,41
"809",-2.36191703574274,-0.432975687074431,41
"810",-1.89851282318767,-2.33773759183634,41
"811",-1.4351086106326,-2.33773759183634,41
"812",-0.971704398077536,-2.33773759183634,41
"813",-0.508300185522468,-2.33773759183634,41
"814",-0.0448959729673994,-2.33773759183634,41
"815",0.418508239587669,-2.33773759183634,41
"816",0.881912452142737,-2.33773759183634,41
"817",1.34531666469781,-2.33773759183634,41
"818",1.80872087725287,-2.33773759183634,41
"819",2.27212508980794,-2.33773759183634,41
"820",2.73552930236301,-2.33773759183634,41
"821",-6.06915073618329,2.42416717006843,42
"822",-5.60574652362822,2.18607193197319,42
"823",-5.14234231107315,0.995595741496997,42
"824",-4.67893809851808,0.281310027211283,42
"825",-4.21553388596302,-0.194880448979193,42
"826",-3.75212967340795,-0.432975687074431,42
"827",-3.28872546085288,-0.909166163264908,42
"828",-2.82532124829781,-1.14726140136015,42
"829",-2.36191703574274,-1.38535663945538,42
"830",-1.89851282318767,-1.62345187755062,42
"831",-1.4351086106326,-1.86154711564586,42
"832",-0.971704398077536,-2.33773759183634,42
"833",-0.508300185522468,-2.33773759183634,42
"834",-0.0448959729673994,-2.33773759183634,42
"835",0.418508239587669,-2.33773759183634,42
"836",0.881912452142737,-2.33773759183634,42
"837",1.34531666469781,-2.33773759183634,42
"838",1.80872087725287,-2.33773759183634,42
"839",2.27212508980794,-2.33773759183634,42
"840",2.73552930236301,-2.33773759183634,42
"841",-6.06915073618329,0.519405265306521,43
"842",-5.60574652362822,0.281310027211283,43
"843",-5.14234231107315,0.281310027211283,43
"844",-4.67893809851808,0.0432147891160448,43
"845",-4.21553388596302,-0.194880448979193,43
"846",-3.75212967340795,-0.432975687074431,43
"847",-3.28872546085288,-0.432975687074431,43
"848",-2.82532124829781,-0.67107092516967,43
"849",-2.36191703574274,-0.67107092516967,43
"850",-1.89851282318767,-0.909166163264908,43
"851",-1.4351086106326,-0.909166163264908,43
"852",-0.971704398077536,-1.14726140136015,43
"853",-0.508300185522468,-2.33773759183634,43
"854",-0.0448959729673994,-2.33773759183634,43
"855",0.418508239587669,-2.33773759183634,43
"856",0.881912452142737,-2.33773759183634,43
"857",1.34531666469781,-2.33773759183634,43
"858",1.80872087725287,-2.33773759183634,43
"859",2.27212508980794,-2.33773759183634,43
"860",2.73552930236301,-2.33773759183634,43
"861",-6.06915073618329,0.519405265306521,44
"862",-5.60574652362822,0.281310027211283,44
"863",-5.14234231107315,0.0432147891160448,44
"864",-4.67893809851808,0.0432147891160448,44
"865",-4.21553388596302,-0.194880448979193,44
"866",-3.75212967340795,-0.194880448979193,44
"867",-3.28872546085288,-0.432975687074431,44
"868",-2.82532124829781,-0.67107092516967,44
"869",-2.36191703574274,-0.67107092516967,44
"870",-1.89851282318767,-0.67107092516967,44
"871",-1.4351086106326,-0.909166163264908,44
"872",-0.971704398077536,-0.909166163264908,44
"873",-0.508300185522468,-2.33773759183634,44
"874",-0.0448959729673994,-2.33773759183634,44
"875",0.418508239587669,-2.33773759183634,44
"876",0.881912452142737,-2.33773759183634,44
"877",1.34531666469781,-2.33773759183634,44
"878",1.80872087725287,-2.33773759183634,44
"879",2.27212508980794,-2.33773759183634,44
"880",2.73552930236301,-2.33773759183634,44
"881",-6.06915073618329,0.519405265306521,45
"882",-5.60574652362822,0.281310027211283,45
"883",-5.14234231107315,0.0432147891160448,45
"884",-4.67893809851808,0.0432147891160448,45
"885",-4.21553388596302,-0.194880448979193,45
"886",-3.75212967340795,-0.432975687074431,45
"887",-3.28872546085288,-0.432975687074431,45
"888",-2.82532124829781,-0.67107092516967,45
"889",-2.36191703574274,-0.67107092516967,45
"890",-1.89851282318767,-0.909166163264908,45
"891",-1.4351086106326,-1.14726140136015,45
"892",-0.971704398077536,-2.33773759183634,45
"893",-0.508300185522468,-2.33773759183634,45
"894",-0.0448959729673994,-2.33773759183634,45
"895",0.418508239587669,-2.33773759183634,45
"896",0.881912452142737,-2.33773759183634,45
"897",1.34531666469781,-2.33773759183634,45
"898",1.80872087725287,-2.33773759183634,45
"899",2.27212508980794,-2.33773759183634,45
"900",2.73552930236301,-2.33773759183634,45
"901",-6.06915073618329,0.281310027211283,46
"902",-5.60574652362822,0.0432147891160448,46
"903",-5.14234231107315,0.0432147891160448,46
"904",-4.67893809851808,-0.194880448979193,46
"905",-4.21553388596302,-0.194880448979193,46
"906",-3.75212967340795,-0.194880448979193,46
"907",-3.28872546085288,-0.432975687074431,46
"908",-2.82532124829781,-0.432975687074431,46
"909",-2.36191703574274,-0.432975687074431,46
"910",-1.89851282318767,-0.67107092516967,46
"911",-1.4351086106326,-0.67107092516967,46
"912",-0.971704398077536,-0.67107092516967,46
"913",-0.508300185522468,-2.33773759183634,46
"914",-0.0448959729673994,-2.33773759183634,46
"915",0.418508239587669,-2.33773759183634,46
"916",0.881912452142737,-2.33773759183634,46
"917",1.34531666469781,-2.33773759183634,46
"918",1.80872087725287,-2.33773759183634,46
"919",2.27212508980794,-2.33773759183634,46
"920",2.73552930236301,-2.33773759183634,46
"921",-6.06915073618329,2.42416717006843,47
"922",-5.60574652362822,2.42416717006843,47
"923",-5.14234231107315,2.42416717006843,47
"924",-4.67893809851808,2.42416717006843,47
"925",-4.21553388596302,2.42416717006843,47
"926",-3.75212967340795,-0.909166163264908,47
"927",-3.28872546085288,-1.14726140136015,47
"928",-2.82532124829781,-1.38535663945538,47
"929",-2.36191703574274,-1.38535663945538,47
"930",-1.89851282318767,-1.62345187755062,47
"931",-1.4351086106326,-1.62345187755062,47
"932",-0.971704398077536,-1.62345187755062,47
"933",-0.508300185522468,-2.33773759183634,47
"934",-0.0448959729673994,-2.33773759183634,47
"935",0.418508239587669,-2.33773759183634,47
"936",0.881912452142737,-2.33773759183634,47
"937",1.34531666469781,-2.33773759183634,47
"938",1.80872087725287,-2.33773759183634,47
"939",2.27212508980794,-2.33773759183634,47
"940",2.73552930236301,-2.33773759183634,47
"941",-6.06915073618329,2.42416717006843,48
"942",-5.60574652362822,2.42416717006843,48
"943",-5.14234231107315,0.519405265306521,48
"944",-4.67893809851808,0.0432147891160448,48
"945",-4.21553388596302,-0.194880448979193,48
"946",-3.75212967340795,-0.432975687074431,48
"947",-3.28872546085288,-0.432975687074431,48
"948",-2.82532124829781,-0.67107092516967,48
"949",-2.36191703574274,-0.67107092516967,48
"950",-1.89851282318767,-0.909166163264908,48
"951",-1.4351086106326,-0.909166163264908,48
"952",-0.971704398077536,-1.14726140136015,48
"953",-0.508300185522468,-2.33773759183634,48
"954",-0.0448959729673994,-2.33773759183634,48
"955",0.418508239587669,-2.33773759183634,48
"956",0.881912452142737,-2.33773759183634,48
"957",1.34531666469781,-2.33773759183634,48
"958",1.80872087725287,-2.33773759183634,48
"959",2.27212508980794,-2.33773759183634,48
"960",2.73552930236301,-2.33773759183634,48
"961",-6.06915073618329,0.281310027211283,49
"962",-5.60574652362822,0.0432147891160448,49
"963",-5.14234231107315,0.0432147891160448,49
"964",-4.67893809851808,-0.194880448979193,49
"965",-4.21553388596302,-0.194880448979193,49
"966",-3.75212967340795,-0.194880448979193,49
"967",-3.28872546085288,-0.432975687074431,49
"968",-2.82532124829781,-0.432975687074431,49
"969",-2.36191703574274,-0.432975687074431,49
"970",-1.89851282318767,-0.67107092516967,49
"971",-1.4351086106326,-0.67107092516967,49
"972",-0.971704398077536,-0.909166163264908,49
"973",-0.508300185522468,-2.33773759183634,49
"974",-0.0448959729673994,-2.33773759183634,49
"975",0.418508239587669,-2.33773759183634,49
"976",0.881912452142737,-2.33773759183634,49
"977",1.34531666469781,-2.33773759183634,49
"978",1.80872087725287,-2.33773759183634,49
"979",2.27212508980794,-2.33773759183634,49
"980",2.73552930236301,-2.33773759183634,49
"981",-6.06915073618329,0.0432147891160448,50
"982",-5.60574652362822,0.0432147891160448,50
"983",-5.14234231107315,-0.194880448979193,50
"984",-4.67893809851808,-0.194880448979193,50
"985",-4.21553388596302,-0.194880448979193,50
"986",-3.75212967340795,-0.194880448979193,50
"987",-3.28872546085288,-0.194880448979193,50
"988",-2.82532124829781,-2.0996423537411,50
"989",-2.36191703574274,-2.33773759183634,50
"990",-1.89851282318767,-2.33773759183634,50
"991",-1.4351086106326,-2.33773759183634,50
"992",-0.971704398077536,-2.33773759183634,50
"993",-0.508300185522468,-2.33773759183634,50
"994",-0.0448959729673994,-2.33773759183634,50
"995",0.418508239587669,-2.33773759183634,50
"996",0.881912452142737,-2.33773759183634,50
"997",1.34531666469781,-2.33773759183634,50
"998",1.80872087725287,-2.33773759183634,50
"999",2.27212508980794,-2.33773759183634,50
"1000",2.73552930236301,-2.33773759183634,50
"1001",-6.06915073618329,2.42416717006843,51
"1002",-5.60574652362822,2.42416717006843,51
"1003",-5.14234231107315,0.757500503401759,51
"1004",-4.67893809851808,0.281310027211283,51
"1005",-4.21553388596302,-0.194880448979193,51
"1006",-3.75212967340795,-0.432975687074431,51
"1007",-3.28872546085288,-0.67107092516967,51
"1008",-2.82532124829781,-0.67107092516967,51
"1009",-2.36191703574274,-0.909166163264908,51
"1010",-1.89851282318767,-0.909166163264908,51
"1011",-1.4351086106326,-1.14726140136015,51
"1012",-0.971704398077536,-1.14726140136015,51
"1013",-0.508300185522468,-1.86154711564586,51
"1014",-0.0448959729673994,-2.33773759183634,51
"1015",0.418508239587669,-2.33773759183634,51
"1016",0.881912452142737,-2.33773759183634,51
"1017",1.34531666469781,-2.33773759183634,51
"1018",1.80872087725287,-2.33773759183634,51
"1019",2.27212508980794,-2.33773759183634,51
"1020",2.73552930236301,-2.33773759183634,51
"1021",-6.06915073618329,2.42416717006843,52
"1022",-5.60574652362822,2.42416717006843,52
"1023",-5.14234231107315,2.42416717006843,52
"1024",-4.67893809851808,2.42416717006843,52
"1025",-4.21553388596302,2.42416717006843,52
"1026",-3.75212967340795,-2.33773759183634,52
"1027",-3.28872546085288,-2.33773759183634,52
"1028",-2.82532124829781,-2.33773759183634,52
"1029",-2.36191703574274,-2.33773759183634,52
"1030",-1.89851282318767,-2.33773759183634,52
"1031",-1.4351086106326,-2.33773759183634,52
"1032",-0.971704398077536,-2.33773759183634,52
"1033",-0.508300185522468,-2.33773759183634,52
"1034",-0.0448959729673994,-2.33773759183634,52
"1035",0.418508239587669,-2.33773759183634,52
"1036",0.881912452142737,-2.33773759183634,52
"1037",1.34531666469781,-2.33773759183634,52
"1038",1.80872087725287,-2.33773759183634,52
"1039",2.27212508980794,-2.33773759183634,52
"1040",2.73552930236301,-2.33773759183634,52
"1041",-6.06915073618329,2.42416717006843,53
"1042",-5.60574652362822,2.42416717006843,53
"1043",-5.14234231107315,2.42416717006843,53
"1044",-4.67893809851808,0.0432147891160448,53
"1045",-4.21553388596302,-0.194880448979193,53
"1046",-3.75212967340795,-0.194880448979193,53
"1047",-3.28872546085288,-0.432975687074431,53
"1048",-2.82532124829781,-0.432975687074431,53
"1049",-2.36191703574274,-0.67107092516967,53
"1050",-1.89851282318767,-0.67107092516967,53
"1051",-1.4351086106326,-0.67107092516967,53
"1052",-0.971704398077536,-0.67107092516967,53
"1053",-0.508300185522468,-1.86154711564586,53
"1054",-0.0448959729673994,-2.33773759183634,53
"1055",0.418508239587669,-2.33773759183634,53
"1056",0.881912452142737,-2.33773759183634,53
"1057",1.34531666469781,-2.33773759183634,53
"1058",1.80872087725287,-2.33773759183634,53
"1059",2.27212508980794,-2.33773759183634,53
"1060",2.73552930236301,-2.33773759183634,53
"1061",-6.06915073618329,2.42416717006843,54
"1062",-5.60574652362822,0.281310027211283,54
"1063",-5.14234231107315,0.0432147891160448,54
"1064",-4.67893809851808,-0.194880448979193,54
"1065",-4.21553388596302,-0.194880448979193,54
"1066",-3.75212967340795,-0.194880448979193,54
"1067",-3.28872546085288,-0.432975687074431,54
"1068",-2.82532124829781,-0.432975687074431,54
"1069",-2.36191703574274,-0.432975687074431,54
"1070",-1.89851282318767,-0.432975687074431,54
"1071",-1.4351086106326,-0.67107092516967,54
"1072",-0.971704398077536,-0.67107092516967,54
"1073",-0.508300185522468,-1.62345187755062,54
"1074",-0.0448959729673994,-2.33773759183634,54
"1075",0.418508239587669,-2.33773759183634,54
"1076",0.881912452142737,-2.33773759183634,54
"1077",1.34531666469781,-2.33773759183634,54
"1078",1.80872087725287,-2.33773759183634,54
"1079",2.27212508980794,-2.33773759183634,54
"1080",2.73552930236301,-2.33773759183634,54
"1081",-6.06915073618329,0.0432147891160448,55
"1082",-5.60574652362822,0.0432147891160448,55
"1083",-5.14234231107315,0.0432147891160448,55
"1084",-4.67893809851808,-0.194880448979193,55
"1085",-4.21553388596302,-0.194880448979193,55
"1086",-3.75212967340795,-0.194880448979193,55
"1087",-3.28872546085288,-0.432975687074431,55
"1088",-2.82532124829781,-0.432975687074431,55
"1089",-2.36191703574274,-0.432975687074431,55
"1090",-1.89851282318767,-0.432975687074431,55
"1091",-1.4351086106326,-0.67107092516967,55
"1092",-0.971704398077536,-1.38535663945538,55
"1093",-0.508300185522468,-2.33773759183634,55
"1094",-0.0448959729673994,-2.33773759183634,55
"1095",0.418508239587669,-2.33773759183634,55
"1096",0.881912452142737,-2.33773759183634,55
"1097",1.34531666469781,-2.33773759183634,55
"1098",1.80872087725287,-2.33773759183634,55
"1099",2.27212508980794,-2.33773759183634,55
"1100",2.73552930236301,-2.33773759183634,55
"1101",-6.06915073618329,0.281310027211283,56
"1102",-5.60574652362822,0.0432147891160448,56
"1103",-5.14234231107315,0.0432147891160448,56
"1104",-4.67893809851808,-0.194880448979193,56
"1105",-4.21553388596302,-0.194880448979193,56
"1106",-3.75212967340795,-0.194880448979193,56
"1107",-3.28872546085288,-0.432975687074431,56
"1108",-2.82532124829781,-0.432975687074431,56
"1109",-2.36191703574274,-0.67107092516967,56
"1110",-1.89851282318767,-0.67107092516967,56
"1111",-1.4351086106326,-0.67107092516967,56
"1112",-0.971704398077536,-0.909166163264908,56
"1113",-0.508300185522468,-2.33773759183634,56
"1114",-0.0448959729673994,-2.33773759183634,56
"1115",0.418508239587669,-2.33773759183634,56
"1116",0.881912452142737,-2.33773759183634,56
"1117",1.34531666469781,-2.33773759183634,56
"1118",1.80872087725287,-2.33773759183634,56
"1119",2.27212508980794,-2.33773759183634,56
"1120",2.73552930236301,-2.33773759183634,56
"1121",-6.06915073618329,0.0432147891160448,57
"1122",-5.60574652362822,0.0432147891160448,57
"1123",-5.14234231107315,0.0432147891160448,57
"1124",-4.67893809851808,-0.194880448979193,57
"1125",-4.21553388596302,-0.194880448979193,57
"1126",-3.75212967340795,-0.194880448979193,57
"1127",-3.28872546085288,-0.432975687074431,57
"1128",-2.82532124829781,-0.432975687074431,57
"1129",-2.36191703574274,-0.432975687074431,57
"1130",-1.89851282318767,-0.432975687074431,57
"1131",-1.4351086106326,-0.432975687074431,57
"1132",-0.971704398077536,-0.67107092516967,57
"1133",-0.508300185522468,-2.33773759183634,57
"1134",-0.0448959729673994,-2.33773759183634,57
"1135",0.418508239587669,-2.33773759183634,57
"1136",0.881912452142737,-2.33773759183634,57
"1137",1.34531666469781,-2.33773759183634,57
"1138",1.80872087725287,-2.33773759183634,57
"1139",2.27212508980794,-2.33773759183634,57
"1140",2.73552930236301,-2.33773759183634,57
"1141",-6.06915073618329,1.70988145578271,58
"1142",-5.60574652362822,0.995595741496997,58
"1143",-5.14234231107315,0.519405265306521,58
"1144",-4.67893809851808,0.281310027211283,58
"1145",-4.21553388596302,-0.194880448979193,58
"1146",-3.75212967340795,-0.432975687074431,58
"1147",-3.28872546085288,-0.67107092516967,58
"1148",-2.82532124829781,-0.909166163264908,58
"1149",-2.36191703574274,-1.14726140136015,58
"1150",-1.89851282318767,-1.38535663945538,58
"1151",-1.4351086106326,-1.62345187755062,58
"1152",-0.971704398077536,-2.33773759183634,58
"1153",-0.508300185522468,-2.33773759183634,58
"1154",-0.0448959729673994,-2.33773759183634,58
"1155",0.418508239587669,-2.33773759183634,58
"1156",0.881912452142737,-2.33773759183634,58
"1157",1.34531666469781,-2.33773759183634,58
"1158",1.80872087725287,-2.33773759183634,58
"1159",2.27212508980794,-2.33773759183634,58
"1160",2.73552930236301,-2.33773759183634,58
"1161",-6.06915073618329,0.519405265306521,59
"1162",-5.60574652362822,0.281310027211283,59
"1163",-5.14234231107315,0.281310027211283,59
"1164",-4.67893809851808,0.0432147891160448,59
"1165",-4.21553388596302,-0.194880448979193,59
"1166",-3.75212967340795,-0.432975687074431,59
"1167",-3.28872546085288,-0.432975687074431,59
"1168",-2.82532124829781,-0.67107092516967,59
"1169",-2.36191703574274,-0.67107092516967,59
"1170",-1.89851282318767,-0.909166163264908,59
"1171",-1.4351086106326,-0.909166163264908,59
"1172",-0.971704398077536,-2.33773759183634,59
"1173",-0.508300185522468,-2.33773759183634,59
"1174",-0.0448959729673994,-2.33773759183634,59
"1175",0.418508239587669,-2.33773759183634,59
"1176",0.881912452142737,-2.33773759183634,59
"1177",1.34531666469781,-2.33773759183634,59
"1178",1.80872087725287,-2.33773759183634,59
"1179",2.27212508980794,-2.33773759183634,59
"1180",2.73552930236301,-2.33773759183634,59
"1181",-6.06915073618329,2.42416717006843,60
"1182",-5.60574652362822,2.42416717006843,60
"1183",-5.14234231107315,2.42416717006843,60
"1184",-4.67893809851808,2.42416717006843,60
"1185",-4.21553388596302,2.42416717006843,60
"1186",-3.75212967340795,-2.0996423537411,60
"1187",-3.28872546085288,-2.33773759183634,60
"1188",-2.82532124829781,-2.33773759183634,60
"1189",-2.36191703574274,-2.33773759183634,60
"1190",-1.89851282318767,-2.33773759183634,60
"1191",-1.4351086106326,-2.33773759183634,60
"1192",-0.971704398077536,-2.33773759183634,60
"1193",-0.508300185522468,-2.33773759183634,60
"1194",-0.0448959729673994,-2.33773759183634,60
"1195",0.418508239587669,-2.33773759183634,60
"1196",0.881912452142737,-2.33773759183634,60
"1197",1.34531666469781,-2.33773759183634,60
"1198",1.80872087725287,-2.33773759183634,60
"1199",2.27212508980794,-2.33773759183634,60
"1200",2.73552930236301,-2.33773759183634,60
"1201",-6.06915073618329,2.42416717006843,61
"1202",-5.60574652362822,2.42416717006843,61
"1203",-5.14234231107315,2.42416717006843,61
"1204",-4.67893809851808,2.42416717006843,61
"1205",-4.21553388596302,2.42416717006843,61
"1206",-3.75212967340795,-0.909166163264908,61
"1207",-3.28872546085288,-1.38535663945538,61
"1208",-2.82532124829781,-1.86154711564586,61
"1209",-2.36191703574274,-2.0996423537411,61
"1210",-1.89851282318767,-2.0996423537411,61
"1211",-1.4351086106326,-2.0996423537411,61
"1212",-0.971704398077536,-2.33773759183634,61
"1213",-0.508300185522468,-2.33773759183634,61
"1214",-0.0448959729673994,-2.33773759183634,61
"1215",0.418508239587669,-2.33773759183634,61
"1216",0.881912452142737,-2.33773759183634,61
"1217",1.34531666469781,-2.33773759183634,61
"1218",1.80872087725287,-2.33773759183634,61
"1219",2.27212508980794,-2.33773759183634,61
"1220",2.73552930236301,-2.33773759183634,61
"1221",-6.06915073618329,0.0432147891160448,62
"1222",-5.60574652362822,-0.194880448979193,62
"1223",-5.14234231107315,-0.194880448979193,62
"1224",-4.67893809851808,-0.194880448979193,62
"1225",-4.21553388596302,-0.194880448979193,62
"1226",-3.75212967340795,-0.194880448979193,62
"1227",-3.28872546085288,-0.194880448979193,62
"1228",-2.82532124829781,-0.194880448979193,62
"1229",-2.36191703574274,-0.432975687074431,62
"1230",-1.89851282318767,-0.432975687074431,62
"1231",-1.4351086106326,-0.432975687074431,62
"1232",-0.971704398077536,-2.33773759183634,62
"1233",-0.508300185522468,-2.33773759183634,62
"1234",-0.0448959729673994,-2.33773759183634,62
"1235",0.418508239587669,-2.33773759183634,62
"1236",0.881912452142737,-2.33773759183634,62
"1237",1.34531666469781,-2.33773759183634,62
"1238",1.80872087725287,-2.33773759183634,62
"1239",2.27212508980794,-2.33773759183634,62
"1240",2.73552930236301,-2.33773759183634,62
"1241",-6.06915073618329,-0.194880448979193,63
"1242",-5.60574652362822,-0.194880448979193,63
"1243",-5.14234231107315,-0.194880448979193,63
"1244",-4.67893809851808,-0.194880448979193,63
"1245",-4.21553388596302,-0.194880448979193,63
"1246",-3.75212967340795,-0.194880448979193,63
"1247",-3.28872546085288,-0.194880448979193,63
"1248",-2.82532124829781,-0.194880448979193,63
"1249",-2.36191703574274,-0.194880448979193,63
"1250",-1.89851282318767,-2.33773759183634,63
"1251",-1.4351086106326,-2.33773759183634,63
"1252",-0.971704398077536,-2.33773759183634,63
"1253",-0.508300185522468,-2.33773759183634,63
"1254",-0.0448959729673994,-2.33773759183634,63
"1255",0.418508239587669,-2.33773759183634,63
"1256",0.881912452142737,-2.33773759183634,63
"1257",1.34531666469781,-2.33773759183634,63
"1258",1.80872087725287,-2.33773759183634,63
"1259",2.27212508980794,-2.33773759183634,63
"1260",2.73552930236301,-2.33773759183634,63
"1261",-6.06915073618329,0.0432147891160448,64
"1262",-5.60574652362822,0.0432147891160448,64
"1263",-5.14234231107315,-0.194880448979193,64
"1264",-4.67893809851808,-0.194880448979193,64
"1265",-4.21553388596302,-0.194880448979193,64
"1266",-3.75212967340795,-0.194880448979193,64
"1267",-3.28872546085288,-0.194880448979193,64
"1268",-2.82532124829781,-0.432975687074431,64
"1269",-2.36191703574274,-0.432975687074431,64
"1270",-1.89851282318767,-0.432975687074431,64
"1271",-1.4351086106326,-0.432975687074431,64
"1272",-0.971704398077536,-0.432975687074431,64
"1273",-0.508300185522468,-2.33773759183634,64
"1274",-0.0448959729673994,-2.33773759183634,64
"1275",0.418508239587669,-2.33773759183634,64
"1276",0.881912452142737,-2.33773759183634,64
"1277",1.34531666469781,-2.33773759183634,64
"1278",1.80872087725287,-2.33773759183634,64
"1279",2.27212508980794,-2.33773759183634,64
"1280",2.73552930236301,-2.33773759183634,64
"1281",-6.06915073618329,2.42416717006843,65
"1282",-5.60574652362822,2.42416717006843,65
"1283",-5.14234231107315,2.42416717006843,65
"1284",-4.67893809851808,2.42416717006843,65
"1285",-4.21553388596302,2.42416717006843,65
"1286",-3.75212967340795,-0.909166163264908,65
"1287",-3.28872546085288,-1.14726140136015,65
"1288",-2.82532124829781,-1.38535663945538,65
"1289",-2.36191703574274,-1.38535663945538,65
"1290",-1.89851282318767,-1.38535663945538,65
"1291",-1.4351086106326,-1.62345187755062,65
"1292",-0.971704398077536,-1.62345187755062,65
"1293",-0.508300185522468,-2.33773759183634,65
"1294",-0.0448959729673994,-2.33773759183634,65
"1295",0.418508239587669,-2.33773759183634,65
"1296",0.881912452142737,-2.33773759183634,65
"1297",1.34531666469781,-2.33773759183634,65
"1298",1.80872087725287,-2.33773759183634,65
"1299",2.27212508980794,-2.33773759183634,65
"1300",2.73552930236301,-2.33773759183634,65
"1301",-6.06915073618329,2.42416717006843,66
"1302",-5.60574652362822,2.42416717006843,66
"1303",-5.14234231107315,0.281310027211283,66
"1304",-4.67893809851808,0.0432147891160448,66
"1305",-4.21553388596302,-0.194880448979193,66
"1306",-3.75212967340795,-0.194880448979193,66
"1307",-3.28872546085288,-0.432975687074431,66
"1308",-2.82532124829781,-0.432975687074431,66
"1309",-2.36191703574274,-0.67107092516967,66
"1310",-1.89851282318767,-0.67107092516967,66
"1311",-1.4351086106326,-0.67107092516967,66
"1312",-0.971704398077536,-0.67107092516967,66
"1313",-0.508300185522468,-2.33773759183634,66
"1314",-0.0448959729673994,-2.33773759183634,66
"1315",0.418508239587669,-2.33773759183634,66
"1316",0.881912452142737,-2.33773759183634,66
"1317",1.34531666469781,-2.33773759183634,66
"1318",1.80872087725287,-2.33773759183634,66
"1319",2.27212508980794,-2.33773759183634,66
"1320",2.73552930236301,-2.33773759183634,66
"1321",-6.06915073618329,0.519405265306521,67
"1322",-5.60574652362822,0.281310027211283,67
"1323",-5.14234231107315,0.281310027211283,67
"1324",-4.67893809851808,0.0432147891160448,67
"1325",-4.21553388596302,-0.194880448979193,67
"1326",-3.75212967340795,-0.432975687074431,67
"1327",-3.28872546085288,-0.432975687074431,67
"1328",-2.82532124829781,-0.67107092516967,67
"1329",-2.36191703574274,-0.67107092516967,67
"1330",-1.89851282318767,-0.909166163264908,67
"1331",-1.4351086106326,-1.14726140136015,67
"1332",-0.971704398077536,-2.33773759183634,67
"1333",-0.508300185522468,-2.33773759183634,67
"1334",-0.0448959729673994,-2.33773759183634,67
"1335",0.418508239587669,-2.33773759183634,67
"1336",0.881912452142737,-2.33773759183634,67
"1337",1.34531666469781,-2.33773759183634,67
"1338",1.80872087725287,-2.33773759183634,67
"1339",2.27212508980794,-2.33773759183634,67
"1340",2.73552930236301,-2.33773759183634,67
"1341",-6.06915073618329,2.42416717006843,68
"1342",-5.60574652362822,2.42416717006843,68
"1343",-5.14234231107315,2.42416717006843,68
"1344",-4.67893809851808,2.42416717006843,68
"1345",-4.21553388596302,0.0432147891160448,68
"1346",-3.75212967340795,-0.432975687074431,68
"1347",-3.28872546085288,-0.67107092516967,68
"1348",-2.82532124829781,-0.909166163264908,68
"1349",-2.36191703574274,-0.909166163264908,68
"1350",-1.89851282318767,-0.909166163264908,68
"1351",-1.4351086106326,-1.14726140136015,68
"1352",-0.971704398077536,-1.14726140136015,68
"1353",-0.508300185522468,-1.62345187755062,68
"1354",-0.0448959729673994,-2.33773759183634,68
"1355",0.418508239587669,-2.33773759183634,68
"1356",0.881912452142737,-2.33773759183634,68
"1357",1.34531666469781,-2.33773759183634,68
"1358",1.80872087725287,-2.33773759183634,68
"1359",2.27212508980794,-2.33773759183634,68
"1360",2.73552930236301,-2.33773759183634,68
"1361",-6.06915073618329,0.0432147891160448,69
"1362",-5.60574652362822,0.0432147891160448,69
"1363",-5.14234231107315,0.0432147891160448,69
"1364",-4.67893809851808,-0.194880448979193,69
"1365",-4.21553388596302,-0.194880448979193,69
"1366",-3.75212967340795,-0.194880448979193,69
"1367",-3.28872546085288,-0.432975687074431,69
"1368",-2.82532124829781,-0.432975687074431,69
"1369",-2.36191703574274,-2.0996423537411,69
"1370",-1.89851282318767,-2.0996423537411,69
"1371",-1.4351086106326,-2.0996423537411,69
"1372",-0.971704398077536,-2.0996423537411,69
"1373",-0.508300185522468,-2.33773759183634,69
"1374",-0.0448959729673994,-2.33773759183634,69
"1375",0.418508239587669,-2.33773759183634,69
"1376",0.881912452142737,-2.33773759183634,69
"1377",1.34531666469781,-2.33773759183634,69
"1378",1.80872087725287,-2.33773759183634,69
"1379",2.27212508980794,-2.33773759183634,69
"1380",2.73552930236301,-2.33773759183634,69
"1381",-6.06915073618329,0.0432147891160448,70
"1382",-5.60574652362822,0.0432147891160448,70
"1383",-5.14234231107315,0.0432147891160448,70
"1384",-4.67893809851808,-0.194880448979193,70
"1385",-4.21553388596302,-0.194880448979193,70
"1386",-3.75212967340795,-0.194880448979193,70
"1387",-3.28872546085288,-0.432975687074431,70
"1388",-2.82532124829781,-0.432975687074431,70
"1389",-2.36191703574274,-0.432975687074431,70
"1390",-1.89851282318767,-0.67107092516967,70
"1391",-1.4351086106326,-2.33773759183634,70
"1392",-0.971704398077536,-2.33773759183634,70
"1393",-0.508300185522468,-2.33773759183634,70
"1394",-0.0448959729673994,-2.33773759183634,70
"1395",0.418508239587669,-2.33773759183634,70
"1396",0.881912452142737,-2.33773759183634,70
"1397",1.34531666469781,-2.33773759183634,70
"1398",1.80872087725287,-2.33773759183634,70
"1399",2.27212508980794,-2.33773759183634,70
"1400",2.73552930236301,-2.33773759183634,70
"1401",-6.06915073618329,2.42416717006843,71
"1402",-5.60574652362822,2.42416717006843,71
"1403",-5.14234231107315,2.42416717006843,71
"1404",-4.67893809851808,2.42416717006843,71
"1405",-4.21553388596302,2.42416717006843,71
"1406",-3.75212967340795,-2.33773759183634,71
"1407",-3.28872546085288,-2.33773759183634,71
"1408",-2.82532124829781,-2.33773759183634,71
"1409",-2.36191703574274,-2.33773759183634,71
"1410",-1.89851282318767,-2.33773759183634,71
"1411",-1.4351086106326,-2.33773759183634,71
"1412",-0.971704398077536,-2.33773759183634,71
"1413",-0.508300185522468,-2.33773759183634,71
"1414",-0.0448959729673994,-2.33773759183634,71
"1415",0.418508239587669,-2.33773759183634,71
"1416",0.881912452142737,-2.33773759183634,71
"1417",1.34531666469781,-2.33773759183634,71
"1418",1.80872087725287,-2.33773759183634,71
"1419",2.27212508980794,-2.33773759183634,71
"1420",2.73552930236301,-2.33773759183634,71
"1421",-6.06915073618329,2.42416717006843,72
"1422",-5.60574652362822,2.42416717006843,72
"1423",-5.14234231107315,1.94797669387795,72
"1424",-4.67893809851808,0.519405265306521,72
"1425",-4.21553388596302,-0.194880448979193,72
"1426",-3.75212967340795,-0.432975687074431,72
"1427",-3.28872546085288,-0.67107092516967,72
"1428",-2.82532124829781,-0.909166163264908,72
"1429",-2.36191703574274,-1.14726140136015,72
"1430",-1.89851282318767,-1.38535663945538,72
"1431",-1.4351086106326,-1.62345187755062,72
"1432",-0.971704398077536,-1.62345187755062,72
"1433",-0.508300185522468,-2.33773759183634,72
"1434",-0.0448959729673994,-2.33773759183634,72
"1435",0.418508239587669,-2.33773759183634,72
"1436",0.881912452142737,-2.33773759183634,72
"1437",1.34531666469781,-2.33773759183634,72
"1438",1.80872087725287,-2.33773759183634,72
"1439",2.27212508980794,-2.33773759183634,72
"1440",2.73552930236301,-2.33773759183634,72
"1441",-6.06915073618329,0.281310027211283,73
"1442",-5.60574652362822,0.281310027211283,73
"1443",-5.14234231107315,0.0432147891160448,73
"1444",-4.67893809851808,0.0432147891160448,73
"1445",-4.21553388596302,-0.194880448979193,73
"1446",-3.75212967340795,-0.194880448979193,73
"1447",-3.28872546085288,-0.432975687074431,73
"1448",-2.82532124829781,-0.67107092516967,73
"1449",-2.36191703574274,-0.67107092516967,73
"1450",-1.89851282318767,-0.67107092516967,73
"1451",-1.4351086106326,-0.909166163264908,73
"1452",-0.971704398077536,-2.33773759183634,73
"1453",-0.508300185522468,-2.33773759183634,73
"1454",-0.0448959729673994,-2.33773759183634,73
"1455",0.418508239587669,-2.33773759183634,73
"1456",0.881912452142737,-2.33773759183634,73
"1457",1.34531666469781,-2.33773759183634,73
"1458",1.80872087725287,-2.33773759183634,73
"1459",2.27212508980794,-2.33773759183634,73
"1460",2.73552930236301,-2.33773759183634,73
"1461",-6.06915073618329,0.519405265306521,74
"1462",-5.60574652362822,0.281310027211283,74
"1463",-5.14234231107315,0.0432147891160448,74
"1464",-4.67893809851808,0.0432147891160448,74
"1465",-4.21553388596302,-0.194880448979193,74
"1466",-3.75212967340795,-0.432975687074431,74
"1467",-3.28872546085288,-0.432975687074431,74
"1468",-2.82532124829781,-0.67107092516967,74
"1469",-2.36191703574274,-0.67107092516967,74
"1470",-1.89851282318767,-2.33773759183634,74
"1471",-1.4351086106326,-2.33773759183634,74
"1472",-0.971704398077536,-2.33773759183634,74
"1473",-0.508300185522468,-2.33773759183634,74
"1474",-0.0448959729673994,-2.33773759183634,74
"1475",0.418508239587669,-2.33773759183634,74
"1476",0.881912452142737,-2.33773759183634,74
"1477",1.34531666469781,-2.33773759183634,74
"1478",1.80872087725287,-2.33773759183634,74
"1479",2.27212508980794,-2.33773759183634,74
"1480",2.73552930236301,-2.33773759183634,74
"1481",-6.06915073618329,2.42416717006843,75
"1482",-5.60574652362822,2.42416717006843,75
"1483",-5.14234231107315,2.42416717006843,75
"1484",-4.67893809851808,0.281310027211283,75
"1485",-4.21553388596302,-0.194880448979193,75
"1486",-3.75212967340795,-0.432975687074431,75
"1487",-3.28872546085288,-0.432975687074431,75
"1488",-2.82532124829781,-0.67107092516967,75
"1489",-2.36191703574274,-0.67107092516967,75
"1490",-1.89851282318767,-0.909166163264908,75
"1491",-1.4351086106326,-0.909166163264908,75
"1492",-0.971704398077536,-0.909166163264908,75
"1493",-0.508300185522468,-2.33773759183634,75
"1494",-0.0448959729673994,-2.33773759183634,75
"1495",0.418508239587669,-2.33773759183634,75
"1496",0.881912452142737,-2.33773759183634,75
"1497",1.34531666469781,-2.33773759183634,75
"1498",1.80872087725287,-2.33773759183634,75
"1499",2.27212508980794,-2.33773759183634,75
"1500",2.73552930236301,-2.33773759183634,75
"1501",-6.06915073618329,2.42416717006843,76
"1502",-5.60574652362822,2.42416717006843,76
"1503",-5.14234231107315,2.42416717006843,76
"1504",-4.67893809851808,2.42416717006843,76
"1505",-4.21553388596302,2.42416717006843,76
"1506",-3.75212967340795,-1.14726140136015,76
"1507",-3.28872546085288,-1.14726140136015,76
"1508",-2.82532124829781,-1.14726140136015,76
"1509",-2.36191703574274,-1.14726140136015,76
"1510",-1.89851282318767,-1.14726140136015,76
"1511",-1.4351086106326,-1.14726140136015,76
"1512",-0.971704398077536,-1.14726140136015,76
"1513",-0.508300185522468,-1.62345187755062,76
"1514",-0.0448959729673994,-2.33773759183634,76
"1515",0.418508239587669,-2.33773759183634,76
"1516",0.881912452142737,-2.33773759183634,76
"1517",1.34531666469781,-2.33773759183634,76
"1518",1.80872087725287,-2.33773759183634,76
"1519",2.27212508980794,-2.33773759183634,76
"1520",2.73552930236301,-2.33773759183634,76
"1521",-6.06915073618329,2.42416717006843,77
"1522",-5.60574652362822,2.42416717006843,77
"1523",-5.14234231107315,2.42416717006843,77
"1524",-4.67893809851808,0.0432147891160448,77
"1525",-4.21553388596302,-0.194880448979193,77
"1526",-3.75212967340795,-0.432975687074431,77
"1527",-3.28872546085288,-0.432975687074431,77
"1528",-2.82532124829781,-0.432975687074431,77
"1529",-2.36191703574274,-0.67107092516967,77
"1530",-1.89851282318767,-0.67107092516967,77
"1531",-1.4351086106326,-0.67107092516967,77
"1532",-0.971704398077536,-0.909166163264908,77
"1533",-0.508300185522468,-2.0996423537411,77
"1534",-0.0448959729673994,-2.33773759183634,77
"1535",0.418508239587669,-2.33773759183634,77
"1536",0.881912452142737,-2.33773759183634,77
"1537",1.34531666469781,-2.33773759183634,77
"1538",1.80872087725287,-2.33773759183634,77
"1539",2.27212508980794,-2.33773759183634,77
"1540",2.73552930236301,-2.33773759183634,77
"1541",-6.06915073618329,2.42416717006843,78
"1542",-5.60574652362822,2.42416717006843,78
"1543",-5.14234231107315,1.70988145578271,78
"1544",-4.67893809851808,0.519405265306521,78
"1545",-4.21553388596302,0.0432147891160448,78
"1546",-3.75212967340795,-0.67107092516967,78
"1547",-3.28872546085288,-0.909166163264908,78
"1548",-2.82532124829781,-1.38535663945538,78
"1549",-2.36191703574274,-1.62345187755062,78
"1550",-1.89851282318767,-1.86154711564586,78
"1551",-1.4351086106326,-2.0996423537411,78
"1552",-0.971704398077536,-2.33773759183634,78
"1553",-0.508300185522468,-2.33773759183634,78
"1554",-0.0448959729673994,-2.33773759183634,78
"1555",0.418508239587669,-2.33773759183634,78
"1556",0.881912452142737,-2.33773759183634,78
"1557",1.34531666469781,-2.33773759183634,78
"1558",1.80872087725287,-2.33773759183634,78
"1559",2.27212508980794,-2.33773759183634,78
"1560",2.73552930236301,-2.33773759183634,78
"1561",-6.06915073618329,1.47178621768747,79
"1562",-5.60574652362822,0.995595741496997,79
"1563",-5.14234231107315,0.519405265306521,79
"1564",-4.67893809851808,0.281310027211283,79
"1565",-4.21553388596302,-0.194880448979193,79
"1566",-3.75212967340795,-0.432975687074431,79
"1567",-3.28872546085288,-0.67107092516967,79
"1568",-2.82532124829781,-0.909166163264908,79
"1569",-2.36191703574274,-1.14726140136015,79
"1570",-1.89851282318767,-1.14726140136015,79
"1571",-1.4351086106326,-1.38535663945538,79
"1572",-0.971704398077536,-1.62345187755062,79
"1573",-0.508300185522468,-1.86154711564586,79
"1574",-0.0448959729673994,-2.33773759183634,79
"1575",0.418508239587669,-2.33773759183634,79
"1576",0.881912452142737,-2.33773759183634,79
"1577",1.34531666469781,-2.33773759183634,79
"1578",1.80872087725287,-2.33773759183634,79
"1579",2.27212508980794,-2.33773759183634,79
"1580",2.73552930236301,-2.33773759183634,79
"1581",-6.06915073618329,0.995595741496997,80
"1582",-5.60574652362822,0.519405265306521,80
"1583",-5.14234231107315,0.281310027211283,80
"1584",-4.67893809851808,0.0432147891160448,80
"1585",-4.21553388596302,-0.194880448979193,80
"1586",-3.75212967340795,-0.194880448979193,80
"1587",-3.28872546085288,-0.432975687074431,80
"1588",-2.82532124829781,-0.432975687074431,80
"1589",-2.36191703574274,-0.67107092516967,80
"1590",-1.89851282318767,-0.67107092516967,80
"1591",-1.4351086106326,-0.909166163264908,80
"1592",-0.971704398077536,-2.33773759183634,80
"1593",-0.508300185522468,-2.33773759183634,80
"1594",-0.0448959729673994,-2.33773759183634,80
"1595",0.418508239587669,-2.33773759183634,80
"1596",0.881912452142737,-2.33773759183634,80
"1597",1.34531666469781,-2.33773759183634,80
"1598",1.80872087725287,-2.33773759183634,80
"1599",2.27212508980794,-2.33773759183634,80
"1600",2.73552930236301,-2.33773759183634,80
"1601",-6.06915073618329,0.519405265306521,81
"1602",-5.60574652362822,0.281310027211283,81
"1603",-5.14234231107315,0.0432147891160448,81
"1604",-4.67893809851808,0.0432147891160448,81
"1605",-4.21553388596302,-0.194880448979193,81
"1606",-3.75212967340795,-0.432975687074431,81
"1607",-3.28872546085288,-0.432975687074431,81
"1608",-2.82532124829781,-0.67107092516967,81
"1609",-2.36191703574274,-0.67107092516967,81
"1610",-1.89851282318767,-0.909166163264908,81
"1611",-1.4351086106326,-2.33773759183634,81
"1612",-0.971704398077536,-2.33773759183634,81
"1613",-0.508300185522468,-2.33773759183634,81
"1614",-0.0448959729673994,-2.33773759183634,81
"1615",0.418508239587669,-2.33773759183634,81
"1616",0.881912452142737,-2.33773759183634,81
"1617",1.34531666469781,-2.33773759183634,81
"1618",1.80872087725287,-2.33773759183634,81
"1619",2.27212508980794,-2.33773759183634,81
"1620",2.73552930236301,-2.33773759183634,81
"1621",-6.06915073618329,0.0432147891160448,82
"1622",-5.60574652362822,0.0432147891160448,82
"1623",-5.14234231107315,0.0432147891160448,82
"1624",-4.67893809851808,-0.194880448979193,82
"1625",-4.21553388596302,-0.194880448979193,82
"1626",-3.75212967340795,-0.194880448979193,82
"1627",-3.28872546085288,-0.194880448979193,82
"1628",-2.82532124829781,-0.432975687074431,82
"1629",-2.36191703574274,-0.432975687074431,82
"1630",-1.89851282318767,-0.432975687074431,82
"1631",-1.4351086106326,-0.432975687074431,82
"1632",-0.971704398077536,-1.62345187755062,82
"1633",-0.508300185522468,-2.33773759183634,82
"1634",-0.0448959729673994,-2.33773759183634,82
"1635",0.418508239587669,-2.33773759183634,82
"1636",0.881912452142737,-2.33773759183634,82
"1637",1.34531666469781,-2.33773759183634,82
"1638",1.80872087725287,-2.33773759183634,82
"1639",2.27212508980794,-2.33773759183634,82
"1640",2.73552930236301,-2.33773759183634,82
"1641",-6.06915073618329,2.42416717006843,83
"1642",-5.60574652362822,2.42416717006843,83
"1643",-5.14234231107315,2.42416717006843,83
"1644",-4.67893809851808,0.281310027211283,83
"1645",-4.21553388596302,-0.194880448979193,83
"1646",-3.75212967340795,-0.432975687074431,83
"1647",-3.28872546085288,-0.432975687074431,83
"1648",-2.82532124829781,-0.67107092516967,83
"1649",-2.36191703574274,-0.67107092516967,83
"1650",-1.89851282318767,-0.67107092516967,83
"1651",-1.4351086106326,-0.67107092516967,83
"1652",-0.971704398077536,-0.909166163264908,83
"1653",-0.508300185522468,-1.38535663945538,83
"1654",-0.0448959729673994,-2.33773759183634,83
"1655",0.418508239587669,-2.33773759183634,83
"1656",0.881912452142737,-2.33773759183634,83
"1657",1.34531666469781,-2.33773759183634,83
"1658",1.80872087725287,-2.33773759183634,83
"1659",2.27212508980794,-2.33773759183634,83
"1660",2.73552930236301,-2.33773759183634,83
"1661",-6.06915073618329,0.0432147891160448,84
"1662",-5.60574652362822,0.0432147891160448,84
"1663",-5.14234231107315,-0.194880448979193,84
"1664",-4.67893809851808,-0.194880448979193,84
"1665",-4.21553388596302,-0.194880448979193,84
"1666",-3.75212967340795,-0.194880448979193,84
"1667",-3.28872546085288,-0.194880448979193,84
"1668",-2.82532124829781,-0.432975687074431,84
"1669",-2.36191703574274,-0.432975687074431,84
"1670",-1.89851282318767,-0.432975687074431,84
"1671",-1.4351086106326,-0.432975687074431,84
"1672",-0.971704398077536,-2.0996423537411,84
"1673",-0.508300185522468,-2.33773759183634,84
"1674",-0.0448959729673994,-2.33773759183634,84
"1675",0.418508239587669,-2.33773759183634,84
"1676",0.881912452142737,-2.33773759183634,84
"1677",1.34531666469781,-2.33773759183634,84
"1678",1.80872087725287,-2.33773759183634,84
"1679",2.27212508980794,-2.33773759183634,84
"1680",2.73552930236301,-2.33773759183634,84
"1681",-6.06915073618329,0.0432147891160448,85
"1682",-5.60574652362822,0.0432147891160448,85
"1683",-5.14234231107315,-0.194880448979193,85
"1684",-4.67893809851808,-0.194880448979193,85
"1685",-4.21553388596302,-0.194880448979193,85
"1686",-3.75212967340795,-0.194880448979193,85
"1687",-3.28872546085288,-0.194880448979193,85
"1688",-2.82532124829781,-0.432975687074431,85
"1689",-2.36191703574274,-0.432975687074431,85
"1690",-1.89851282318767,-1.38535663945538,85
"1691",-1.4351086106326,-2.33773759183634,85
"1692",-0.971704398077536,-2.33773759183634,85
"1693",-0.508300185522468,-2.33773759183634,85
"1694",-0.0448959729673994,-2.33773759183634,85
"1695",0.418508239587669,-2.33773759183634,85
"1696",0.881912452142737,-2.33773759183634,85
"1697",1.34531666469781,-2.33773759183634,85
"1698",1.80872087725287,-2.33773759183634,85
"1699",2.27212508980794,-2.33773759183634,85
"1700",2.73552930236301,-2.33773759183634,85
"1701",-6.06915073618329,2.42416717006843,86
"1702",-5.60574652362822,2.42416717006843,86
"1703",-5.14234231107315,2.42416717006843,86
"1704",-4.67893809851808,2.42416717006843,86
"1705",-4.21553388596302,-0.194880448979193,86
"1706",-3.75212967340795,-0.194880448979193,86
"1707",-3.28872546085288,-0.432975687074431,86
"1708",-2.82532124829781,-0.432975687074431,86
"1709",-2.36191703574274,-0.432975687074431,86
"1710",-1.89851282318767,-0.432975687074431,86
"1711",-1.4351086106326,-0.67107092516967,86
"1712",-0.971704398077536,-0.67107092516967,86
"1713",-0.508300185522468,-1.14726140136015,86
"1714",-0.0448959729673994,-2.33773759183634,86
"1715",0.418508239587669,-2.33773759183634,86
"1716",0.881912452142737,-2.33773759183634,86
"1717",1.34531666469781,-2.33773759183634,86
"1718",1.80872087725287,-2.33773759183634,86
"1719",2.27212508980794,-2.33773759183634,86
"1720",2.73552930236301,-2.33773759183634,86
"1721",-6.06915073618329,2.42416717006843,87
"1722",-5.60574652362822,2.42416717006843,87
"1723",-5.14234231107315,2.42416717006843,87
"1724",-4.67893809851808,2.42416717006843,87
"1725",-4.21553388596302,2.42416717006843,87
"1726",-3.75212967340795,-1.86154711564586,87
"1727",-3.28872546085288,-1.86154711564586,87
"1728",-2.82532124829781,-2.0996423537411,87
"1729",-2.36191703574274,-2.0996423537411,87
"1730",-1.89851282318767,-2.0996423537411,87
"1731",-1.4351086106326,-2.0996423537411,87
"1732",-0.971704398077536,-2.0996423537411,87
"1733",-0.508300185522468,-2.33773759183634,87
"1734",-0.0448959729673994,-2.33773759183634,87
"1735",0.418508239587669,-2.33773759183634,87
"1736",0.881912452142737,-2.33773759183634,87
"1737",1.34531666469781,-2.33773759183634,87
"1738",1.80872087725287,-2.33773759183634,87
"1739",2.27212508980794,-2.33773759183634,87
"1740",2.73552930236301,-2.33773759183634,87
"1741",-6.06915073618329,0.757500503401759,88
"1742",-5.60574652362822,0.281310027211283,88
"1743",-5.14234231107315,0.0432147891160448,88
"1744",-4.67893809851808,0.0432147891160448,88
"1745",-4.21553388596302,-0.194880448979193,88
"1746",-3.75212967340795,-0.194880448979193,88
"1747",-3.28872546085288,-0.432975687074431,88
"1748",-2.82532124829781,-0.432975687074431,88
"1749",-2.36191703574274,-0.67107092516967,88
"1750",-1.89851282318767,-0.67107092516967,88
"1751",-1.4351086106326,-0.67107092516967,88
"1752",-0.971704398077536,-0.909166163264908,88
"1753",-0.508300185522468,-1.86154711564586,88
"1754",-0.0448959729673994,-2.33773759183634,88
"1755",0.418508239587669,-2.33773759183634,88
"1756",0.881912452142737,-2.33773759183634,88
"1757",1.34531666469781,-2.33773759183634,88
"1758",1.80872087725287,-2.33773759183634,88
"1759",2.27212508980794,-2.33773759183634,88
"1760",2.73552930236301,-2.33773759183634,88
"1761",-6.06915073618329,2.42416717006843,89
"1762",-5.60574652362822,2.42416717006843,89
"1763",-5.14234231107315,2.42416717006843,89
"1764",-4.67893809851808,2.42416717006843,89
"1765",-4.21553388596302,2.42416717006843,89
"1766",-3.75212967340795,-1.62345187755062,89
"1767",-3.28872546085288,-1.86154711564586,89
"1768",-2.82532124829781,-2.0996423537411,89
"1769",-2.36191703574274,-2.33773759183634,89
"1770",-1.89851282318767,-2.33773759183634,89
"1771",-1.4351086106326,-2.33773759183634,89
"1772",-0.971704398077536,-2.33773759183634,89
"1773",-0.508300185522468,-2.33773759183634,89
"1774",-0.0448959729673994,-2.33773759183634,89
"1775",0.418508239587669,-2.33773759183634,89
"1776",0.881912452142737,-2.33773759183634,89
"1777",1.34531666469781,-2.33773759183634,89
"1778",1.80872087725287,-2.33773759183634,89
"1779",2.27212508980794,-2.33773759183634,89
"1780",2.73552930236301,-2.33773759183634,89
"1781",-6.06915073618329,2.42416717006843,90
"1782",-5.60574652362822,2.42416717006843,90
"1783",-5.14234231107315,2.42416717006843,90
"1784",-4.67893809851808,2.42416717006843,90
"1785",-4.21553388596302,-0.194880448979193,90
"1786",-3.75212967340795,-0.432975687074431,90
"1787",-3.28872546085288,-0.67107092516967,90
"1788",-2.82532124829781,-0.67107092516967,90
"1789",-2.36191703574274,-0.909166163264908,90
"1790",-1.89851282318767,-0.909166163264908,90
"1791",-1.4351086106326,-0.909166163264908,90
"1792",-0.971704398077536,-1.14726140136015,90
"1793",-0.508300185522468,-1.86154711564586,90
"1794",-0.0448959729673994,-2.33773759183634,90
"1795",0.418508239587669,-2.33773759183634,90
"1796",0.881912452142737,-2.33773759183634,90
"1797",1.34531666469781,-2.33773759183634,90
"1798",1.80872087725287,-2.33773759183634,90
"1799",2.27212508980794,-2.33773759183634,90
"1800",2.73552930236301,-2.33773759183634,90
"1801",-6.06915073618329,2.42416717006843,91
"1802",-5.60574652362822,2.42416717006843,91
"1803",-5.14234231107315,2.42416717006843,91
"1804",-4.67893809851808,2.42416717006843,91
"1805",-4.21553388596302,0.519405265306521,91
"1806",-3.75212967340795,-0.67107092516967,91
"1807",-3.28872546085288,-1.14726140136015,91
"1808",-2.82532124829781,-1.62345187755062,91
"1809",-2.36191703574274,-1.62345187755062,91
"1810",-1.89851282318767,-1.86154711564586,91
"1811",-1.4351086106326,-2.0996423537411,91
"1812",-0.971704398077536,-2.0996423537411,91
"1813",-0.508300185522468,-2.33773759183634,91
"1814",-0.0448959729673994,-2.33773759183634,91
"1815",0.418508239587669,-2.33773759183634,91
"1816",0.881912452142737,-2.33773759183634,91
"1817",1.34531666469781,-2.33773759183634,91
"1818",1.80872087725287,-2.33773759183634,91
"1819",2.27212508980794,-2.33773759183634,91
"1820",2.73552930236301,-2.33773759183634,91
"1821",-6.06915073618329,2.42416717006843,92
"1822",-5.60574652362822,2.42416717006843,92
"1823",-5.14234231107315,2.42416717006843,92
"1824",-4.67893809851808,2.42416717006843,92
"1825",-4.21553388596302,2.42416717006843,92
"1826",-3.75212967340795,-1.14726140136015,92
"1827",-3.28872546085288,-1.14726140136015,92
"1828",-2.82532124829781,-1.14726140136015,92
"1829",-2.36191703574274,-1.14726140136015,92
"1830",-1.89851282318767,-1.14726140136015,92
"1831",-1.4351086106326,-1.14726140136015,92
"1832",-0.971704398077536,-1.14726140136015,92
"1833",-0.508300185522468,-1.38535663945538,92
"1834",-0.0448959729673994,-2.33773759183634,92
"1835",0.418508239587669,-2.33773759183634,92
"1836",0.881912452142737,-2.33773759183634,92
"1837",1.34531666469781,-2.33773759183634,92
"1838",1.80872087725287,-2.33773759183634,92
"1839",2.27212508980794,-2.33773759183634,92
"1840",2.73552930236301,-2.33773759183634,92
"1841",-6.06915073618329,0.0432147891160448,93
"1842",-5.60574652362822,0.0432147891160448,93
"1843",-5.14234231107315,-0.194880448979193,93
"1844",-4.67893809851808,-0.194880448979193,93
"1845",-4.21553388596302,-0.194880448979193,93
"1846",-3.75212967340795,-0.194880448979193,93
"1847",-3.28872546085288,-0.194880448979193,93
"1848",-2.82532124829781,-0.432975687074431,93
"1849",-2.36191703574274,-0.432975687074431,93
"1850",-1.89851282318767,-0.432975687074431,93
"1851",-1.4351086106326,-0.432975687074431,93
"1852",-0.971704398077536,-2.33773759183634,93
"1853",-0.508300185522468,-2.33773759183634,93
"1854",-0.0448959729673994,-2.33773759183634,93
"1855",0.418508239587669,-2.33773759183634,93
"1856",0.881912452142737,-2.33773759183634,93
"1857",1.34531666469781,-2.33773759183634,93
"1858",1.80872087725287,-2.33773759183634,93
"1859",2.27212508980794,-2.33773759183634,93
"1860",2.73552930236301,-2.33773759183634,93
"1861",-6.06915073618329,2.42416717006843,94
"1862",-5.60574652362822,2.42416717006843,94
"1863",-5.14234231107315,2.42416717006843,94
"1864",-4.67893809851808,2.42416717006843,94
"1865",-4.21553388596302,2.42416717006843,94
"1866",-3.75212967340795,-2.33773759183634,94
"1867",-3.28872546085288,-2.33773759183634,94
"1868",-2.82532124829781,-2.33773759183634,94
"1869",-2.36191703574274,-2.33773759183634,94
"1870",-1.89851282318767,-2.33773759183634,94
"1871",-1.4351086106326,-2.33773759183634,94
"1872",-0.971704398077536,-2.33773759183634,94
"1873",-0.508300185522468,-2.33773759183634,94
"1874",-0.0448959729673994,-2.33773759183634,94
"1875",0.418508239587669,-2.33773759183634,94
"1876",0.881912452142737,-2.33773759183634,94
"1877",1.34531666469781,-2.33773759183634,94
"1878",1.80872087725287,-2.33773759183634,94
"1879",2.27212508980794,-2.33773759183634,94
"1880",2.73552930236301,-2.33773759183634,94
"1881",-6.06915073618329,2.42416717006843,95
"1882",-5.60574652362822,2.42416717006843,95
"1883",-5.14234231107315,2.42416717006843,95
"1884",-4.67893809851808,2.42416717006843,95
"1885",-4.21553388596302,-0.194880448979193,95
"1886",-3.75212967340795,-0.432975687074431,95
"1887",-3.28872546085288,-0.67107092516967,95
"1888",-2.82532124829781,-0.909166163264908,95
"1889",-2.36191703574274,-0.909166163264908,95
"1890",-1.89851282318767,-1.14726140136015,95
"1891",-1.4351086106326,-1.14726140136015,95
"1892",-0.971704398077536,-1.38535663945538,95
"1893",-0.508300185522468,-2.33773759183634,95
"1894",-0.0448959729673994,-2.33773759183634,95
"1895",0.418508239587669,-2.33773759183634,95
"1896",0.881912452142737,-2.33773759183634,95
"1897",1.34531666469781,-2.33773759183634,95
"1898",1.80872087725287,-2.33773759183634,95
"1899",2.27212508980794,-2.33773759183634,95
"1900",2.73552930236301,-2.33773759183634,95
"1901",-6.06915073618329,1.70988145578271,96
"1902",-5.60574652362822,0.995595741496997,96
"1903",-5.14234231107315,0.519405265306521,96
"1904",-4.67893809851808,0.281310027211283,96
"1905",-4.21553388596302,-0.194880448979193,96
"1906",-3.75212967340795,-0.432975687074431,96
"1907",-3.28872546085288,-0.67107092516967,96
"1908",-2.82532124829781,-0.909166163264908,96
"1909",-2.36191703574274,-1.14726140136015,96
"1910",-1.89851282318767,-1.38535663945538,96
"1911",-1.4351086106326,-1.62345187755062,96
"1912",-0.971704398077536,-2.0996423537411,96
"1913",-0.508300185522468,-2.33773759183634,96
"1914",-0.0448959729673994,-2.33773759183634,96
"1915",0.418508239587669,-2.33773759183634,96
"1916",0.881912452142737,-2.33773759183634,96
"1917",1.34531666469781,-2.33773759183634,96
"1918",1.80872087725287,-2.33773759183634,96
"1919",2.27212508980794,-2.33773759183634,96
"1920",2.73552930236301,-2.33773759183634,96
"1921",-6.06915073618329,0.281310027211283,97
"1922",-5.60574652362822,0.0432147891160448,97
"1923",-5.14234231107315,0.0432147891160448,97
"1924",-4.67893809851808,-0.194880448979193,97
"1925",-4.21553388596302,-0.194880448979193,97
"1926",-3.75212967340795,-0.194880448979193,97
"1927",-3.28872546085288,-0.432975687074431,97
"1928",-2.82532124829781,-0.432975687074431,97
"1929",-2.36191703574274,-0.432975687074431,97
"1930",-1.89851282318767,-0.67107092516967,97
"1931",-1.4351086106326,-0.67107092516967,97
"1932",-0.971704398077536,-2.33773759183634,97
"1933",-0.508300185522468,-2.33773759183634,97
"1934",-0.0448959729673994,-2.33773759183634,97
"1935",0.418508239587669,-2.33773759183634,97
"1936",0.881912452142737,-2.33773759183634,97
"1937",1.34531666469781,-2.33773759183634,97
"1938",1.80872087725287,-2.33773759183634,97
"1939",2.27212508980794,-2.33773759183634,97
"1940",2.73552930236301,-2.33773759183634,97
"1941",-6.06915073618329,2.42416717006843,98
"1942",-5.60574652362822,2.42416717006843,98
"1943",-5.14234231107315,2.42416717006843,98
"1944",-4.67893809851808,2.42416717006843,98
"1945",-4.21553388596302,2.42416717006843,98
"1946",-3.75212967340795,-1.14726140136015,98
"1947",-3.28872546085288,-1.14726140136015,98
"1948",-2.82532124829781,-1.38535663945538,98
"1949",-2.36191703574274,-1.38535663945538,98
"1950",-1.89851282318767,-1.38535663945538,98
"1951",-1.4351086106326,-1.38535663945538,98
"1952",-0.971704398077536,-1.38535663945538,98
"1953",-0.508300185522468,-2.33773759183634,98
"1954",-0.0448959729673994,-2.33773759183634,98
"1955",0.418508239587669,-2.33773759183634,98
"1956",0.881912452142737,-2.33773759183634,98
"1957",1.34531666469781,-2.33773759183634,98
"1958",1.80872087725287,-2.33773759183634,98
"1959",2.27212508980794,-2.33773759183634,98
"1960",2.73552930236301,-2.33773759183634,98
"1961",-6.06915073618329,2.42416717006843,99
"1962",-5.60574652362822,2.42416717006843,99
"1963",-5.14234231107315,2.42416717006843,99
"1964",-4.67893809851808,2.42416717006843,99
"1965",-4.21553388596302,2.42416717006843,99
"1966",-3.75212967340795,-0.432975687074431,99
"1967",-3.28872546085288,-0.67107092516967,99
"1968",-2.82532124829781,-0.67107092516967,99
"1969",-2.36191703574274,-0.67107092516967,99
"1970",-1.89851282318767,-0.67107092516967,99
"1971",-1.4351086106326,-0.67107092516967,99
"1972",-0.971704398077536,-0.67107092516967,99
"1973",-0.508300185522468,-1.38535663945538,99
"1974",-0.0448959729673994,-2.33773759183634,99
"1975",0.418508239587669,-2.33773759183634,99
"1976",0.881912452142737,-2.33773759183634,99
"1977",1.34531666469781,-2.33773759183634,99
"1978",1.80872087725287,-2.33773759183634,99
"1979",2.27212508980794,-2.33773759183634,99
"1980",2.73552930236301,-2.33773759183634,99
"1981",-6.06915073618329,2.42416717006843,100
"1982",-5.60574652362822,2.42416717006843,100
"1983",-5.14234231107315,2.42416717006843,100
"1984",-4.67893809851808,2.42416717006843,100
"1985",-4.21553388596302,-0.194880448979193,100
"1986",-3.75212967340795,-0.432975687074431,100
"1987",-3.28872546085288,-0.432975687074431,100
"1988",-2.82532124829781,-0.67107092516967,100
"1989",-2.36191703574274,-0.67107092516967,100
"1990",-1.89851282318767,-0.67107092516967,100
"1991",-1.4351086106326,-0.67107092516967,100
"1992",-0.971704398077536,-0.909166163264908,100
"1993",-0.508300185522468,-0.909166163264908,100
"1994",-0.0448959729673994,-2.33773759183634,100
"1995",0.418508239587669,-2.33773759183634,100
"1996",0.881912452142737,-2.33773759183634,100
"1997",1.34531666469781,-2.33773759183634,100
"1998",1.80872087725287,-2.33773759183634,100
"1999",2.27212508980794,-2.33773759183634,100
"2000",2.73552930236301,-2.33773759183634,100
