"","x","y","sample"
"1",-11.4920326714341,0.749476871269482,1
"2",-10.7866781787298,0.570162223627051,1
"3",-10.0813236860256,0.390847575984621,1
"4",-9.37596919332132,0.390847575984621,1
"5",-8.67061470061707,0.21153292834219,1
"6",-7.96526020791281,0.21153292834219,1
"7",-7.25990571520856,0.21153292834219,1
"8",-6.5545512225043,0.0322182806997597,1
"9",-5.84919672980004,0.0322182806997597,1
"10",-5.14384223709579,0.0322182806997597,1
"11",-4.43848774439153,0.0322182806997597,1
"12",-3.73313325168728,-0.147096366942671,1
"13",-3.02777875898302,-0.147096366942671,1
"14",-2.32242426627877,-0.147096366942671,1
"15",-1.61706977357451,-0.326411014585101,1
"16",-0.911715280870254,-2.47818678629427,1
"17",-0.206360788165998,-2.47818678629427,1
"18",0.498993704538258,-2.47818678629427,1
"19",1.20434819724251,-2.47818678629427,1
"20",1.90970268994677,-2.47818678629427,1
"21",-11.4920326714341,1.10810616655434,2
"22",-10.7866781787298,1.10810616655434,2
"23",-10.0813236860256,1.10810616655434,2
"24",-9.37596919332132,-1.22298425279725,2
"25",-8.67061470061707,-1.40229890043968,2
"26",-7.96526020791281,-1.40229890043968,2
"27",-7.25990571520856,-1.58161354808211,2
"28",-6.5545512225043,-1.58161354808211,2
"29",-5.84919672980004,-1.58161354808211,2
"30",-5.14384223709579,-1.58161354808211,2
"31",-4.43848774439153,-1.58161354808211,2
"32",-3.73313325168728,-1.58161354808211,2
"33",-3.02777875898302,-1.58161354808211,2
"34",-2.32242426627877,-1.58161354808211,2
"35",-1.61706977357451,-1.58161354808211,2
"36",-0.911715280870254,-2.47818678629427,2
"37",-0.206360788165998,-2.47818678629427,2
"38",0.498993704538258,-2.47818678629427,2
"39",1.20434819724251,-2.47818678629427,2
"40",1.90970268994677,-2.47818678629427,2
"41",-11.4920326714341,1.10810616655434,3
"42",-10.7866781787298,1.10810616655434,3
"43",-10.0813236860256,1.10810616655434,3
"44",-9.37596919332132,0.21153292834219,3
"45",-8.67061470061707,-0.326411014585101,3
"46",-7.96526020791281,-1.04366960515482,3
"47",-7.25990571520856,-1.40229890043968,3
"48",-6.5545512225043,-1.94024284336698,3
"49",-5.84919672980004,-2.29887213865184,3
"50",-5.14384223709579,-2.47818678629427,3
"51",-4.43848774439153,-2.47818678629427,3
"52",-3.73313325168728,-2.47818678629427,3
"53",-3.02777875898302,-2.47818678629427,3
"54",-2.32242426627877,-2.47818678629427,3
"55",-1.61706977357451,-2.47818678629427,3
"56",-0.911715280870254,-2.47818678629427,3
"57",-0.206360788165998,-2.47818678629427,3
"58",0.498993704538258,-2.47818678629427,3
"59",1.20434819724251,-2.47818678629427,3
"60",1.90970268994677,-2.47818678629427,3
"61",-11.4920326714341,1.10810616655434,4
"62",-10.7866781787298,1.10810616655434,4
"63",-10.0813236860256,1.10810616655434,4
"64",-9.37596919332132,0.0322182806997597,4
"65",-8.67061470061707,-0.326411014585101,4
"66",-7.96526020791281,-0.505725662227532,4
"67",-7.25990571520856,-0.685040309869962,4
"68",-6.5545512225043,-0.864354957512393,4
"69",-5.84919672980004,-0.864354957512393,4
"70",-5.14384223709579,-0.864354957512393,4
"71",-4.43848774439153,-1.04366960515482,4
"72",-3.73313325168728,-1.04366960515482,4
"73",-3.02777875898302,-1.04366960515482,4
"74",-2.32242426627877,-1.04366960515482,4
"75",-1.61706977357451,-1.04366960515482,4
"76",-0.911715280870254,-1.22298425279725,4
"77",-0.206360788165998,-2.47818678629427,4
"78",0.498993704538258,-2.47818678629427,4
"79",1.20434819724251,-2.47818678629427,4
"80",1.90970268994677,-2.47818678629427,4
"81",-11.4920326714341,1.10810616655434,5
"82",-10.7866781787298,1.10810616655434,5
"83",-10.0813236860256,1.10810616655434,5
"84",-9.37596919332132,-0.147096366942671,5
"85",-8.67061470061707,-0.864354957512393,5
"86",-7.96526020791281,-1.22298425279725,5
"87",-7.25990571520856,-1.40229890043968,5
"88",-6.5545512225043,-1.40229890043968,5
"89",-5.84919672980004,-1.58161354808211,5
"90",-5.14384223709579,-1.58161354808211,5
"91",-4.43848774439153,-1.58161354808211,5
"92",-3.73313325168728,-1.76092819572455,5
"93",-3.02777875898302,-1.76092819572455,5
"94",-2.32242426627877,-1.76092819572455,5
"95",-1.61706977357451,-1.76092819572455,5
"96",-0.911715280870254,-2.47818678629427,5
"97",-0.206360788165998,-2.47818678629427,5
"98",0.498993704538258,-2.47818678629427,5
"99",1.20434819724251,-2.47818678629427,5
"100",1.90970268994677,-2.47818678629427,5
"101",-11.4920326714341,1.10810616655434,6
"102",-10.7866781787298,1.10810616655434,6
"103",-10.0813236860256,1.10810616655434,6
"104",-9.37596919332132,-0.326411014585101,6
"105",-8.67061470061707,-1.58161354808211,6
"106",-7.96526020791281,-2.29887213865184,6
"107",-7.25990571520856,-2.47818678629427,6
"108",-6.5545512225043,-2.47818678629427,6
"109",-5.84919672980004,-2.47818678629427,6
"110",-5.14384223709579,-2.47818678629427,6
"111",-4.43848774439153,-2.47818678629427,6
"112",-3.73313325168728,-2.47818678629427,6
"113",-3.02777875898302,-2.47818678629427,6
"114",-2.32242426627877,-2.47818678629427,6
"115",-1.61706977357451,-2.47818678629427,6
"116",-0.911715280870254,-2.47818678629427,6
"117",-0.206360788165998,-2.47818678629427,6
"118",0.498993704538258,-2.47818678629427,6
"119",1.20434819724251,-2.47818678629427,6
"120",1.90970268994677,-2.47818678629427,6
"121",-11.4920326714341,1.10810616655434,7
"122",-10.7866781787298,1.10810616655434,7
"123",-10.0813236860256,1.10810616655434,7
"124",-9.37596919332132,-1.94024284336698,7
"125",-8.67061470061707,-2.47818678629427,7
"126",-7.96526020791281,-2.47818678629427,7
"127",-7.25990571520856,-2.47818678629427,7
"128",-6.5545512225043,-2.47818678629427,7
"129",-5.84919672980004,-2.47818678629427,7
"130",-5.14384223709579,-2.47818678629427,7
"131",-4.43848774439153,-2.47818678629427,7
"132",-3.73313325168728,-2.47818678629427,7
"133",-3.02777875898302,-2.47818678629427,7
"134",-2.32242426627877,-2.47818678629427,7
"135",-1.61706977357451,-2.47818678629427,7
"136",-0.911715280870254,-2.47818678629427,7
"137",-0.206360788165998,-2.47818678629427,7
"138",0.498993704538258,-2.47818678629427,7
"139",1.20434819724251,-2.47818678629427,7
"140",1.90970268994677,-2.47818678629427,7
"141",-11.4920326714341,1.10810616655434,8
"142",-10.7866781787298,1.10810616655434,8
"143",-10.0813236860256,1.10810616655434,8
"144",-9.37596919332132,0.0322182806997597,8
"145",-8.67061470061707,-0.147096366942671,8
"146",-7.96526020791281,-0.326411014585101,8
"147",-7.25990571520856,-0.505725662227532,8
"148",-6.5545512225043,-0.505725662227532,8
"149",-5.84919672980004,-0.685040309869962,8
"150",-5.14384223709579,-0.685040309869962,8
"151",-4.43848774439153,-0.864354957512393,8
"152",-3.73313325168728,-0.864354957512393,8
"153",-3.02777875898302,-0.864354957512393,8
"154",-2.32242426627877,-0.864354957512393,8
"155",-1.61706977357451,-1.04366960515482,8
"156",-0.911715280870254,-2.47818678629427,8
"157",-0.206360788165998,-2.47818678629427,8
"158",0.498993704538258,-2.47818678629427,8
"159",1.20434819724251,-2.47818678629427,8
"160",1.90970268994677,-2.47818678629427,8
"161",-11.4920326714341,1.10810616655434,9
"162",-10.7866781787298,1.10810616655434,9
"163",-10.0813236860256,1.10810616655434,9
"164",-9.37596919332132,-2.47818678629427,9
"165",-8.67061470061707,-2.47818678629427,9
"166",-7.96526020791281,-2.47818678629427,9
"167",-7.25990571520856,-2.47818678629427,9
"168",-6.5545512225043,-2.47818678629427,9
"169",-5.84919672980004,-2.47818678629427,9
"170",-5.14384223709579,-2.47818678629427,9
"171",-4.43848774439153,-2.47818678629427,9
"172",-3.73313325168728,-2.47818678629427,9
"173",-3.02777875898302,-2.47818678629427,9
"174",-2.32242426627877,-2.47818678629427,9
"175",-1.61706977357451,-2.47818678629427,9
"176",-0.911715280870254,-2.47818678629427,9
"177",-0.206360788165998,-2.47818678629427,9
"178",0.498993704538258,-2.47818678629427,9
"179",1.20434819724251,-2.47818678629427,9
"180",1.90970268994677,-2.47818678629427,9
"181",-11.4920326714341,1.10810616655434,10
"182",-10.7866781787298,1.10810616655434,10
"183",-10.0813236860256,1.10810616655434,10
"184",-9.37596919332132,0.21153292834219,10
"185",-8.67061470061707,-0.505725662227532,10
"186",-7.96526020791281,-1.22298425279725,10
"187",-7.25990571520856,-1.94024284336698,10
"188",-6.5545512225043,-2.47818678629427,10
"189",-5.84919672980004,-2.47818678629427,10
"190",-5.14384223709579,-2.47818678629427,10
"191",-4.43848774439153,-2.47818678629427,10
"192",-3.73313325168728,-2.47818678629427,10
"193",-3.02777875898302,-2.47818678629427,10
"194",-2.32242426627877,-2.47818678629427,10
"195",-1.61706977357451,-2.47818678629427,10
"196",-0.911715280870254,-2.47818678629427,10
"197",-0.206360788165998,-2.47818678629427,10
"198",0.498993704538258,-2.47818678629427,10
"199",1.20434819724251,-2.47818678629427,10
"200",1.90970268994677,-2.47818678629427,10
"201",-11.4920326714341,1.10810616655434,11
"202",-10.7866781787298,1.10810616655434,11
"203",-10.0813236860256,1.10810616655434,11
"204",-9.37596919332132,-0.864354957512393,11
"205",-8.67061470061707,-1.22298425279725,11
"206",-7.96526020791281,-1.40229890043968,11
"207",-7.25990571520856,-1.58161354808211,11
"208",-6.5545512225043,-1.58161354808211,11
"209",-5.84919672980004,-1.58161354808211,11
"210",-5.14384223709579,-1.76092819572455,11
"211",-4.43848774439153,-1.76092819572455,11
"212",-3.73313325168728,-1.76092819572455,11
"213",-3.02777875898302,-1.76092819572455,11
"214",-2.32242426627877,-1.76092819572455,11
"215",-1.61706977357451,-1.94024284336698,11
"216",-0.911715280870254,-2.47818678629427,11
"217",-0.206360788165998,-2.47818678629427,11
"218",0.498993704538258,-2.47818678629427,11
"219",1.20434819724251,-2.47818678629427,11
"220",1.90970268994677,-2.47818678629427,11
"221",-11.4920326714341,1.10810616655434,12
"222",-10.7866781787298,1.10810616655434,12
"223",-10.0813236860256,0.928791518911912,12
"224",-9.37596919332132,0.390847575984621,12
"225",-8.67061470061707,0.0322182806997597,12
"226",-7.96526020791281,-0.326411014585101,12
"227",-7.25990571520856,-0.505725662227532,12
"228",-6.5545512225043,-0.685040309869962,12
"229",-5.84919672980004,-0.864354957512393,12
"230",-5.14384223709579,-1.04366960515482,12
"231",-4.43848774439153,-1.22298425279725,12
"232",-3.73313325168728,-1.40229890043968,12
"233",-3.02777875898302,-1.40229890043968,12
"234",-2.32242426627877,-1.58161354808211,12
"235",-1.61706977357451,-1.76092819572455,12
"236",-0.911715280870254,-2.47818678629427,12
"237",-0.206360788165998,-2.47818678629427,12
"238",0.498993704538258,-2.47818678629427,12
"239",1.20434819724251,-2.47818678629427,12
"240",1.90970268994677,-2.47818678629427,12
"241",-11.4920326714341,1.10810616655434,13
"242",-10.7866781787298,1.10810616655434,13
"243",-10.0813236860256,1.10810616655434,13
"244",-9.37596919332132,-2.29887213865184,13
"245",-8.67061470061707,-2.47818678629427,13
"246",-7.96526020791281,-2.47818678629427,13
"247",-7.25990571520856,-2.47818678629427,13
"248",-6.5545512225043,-2.47818678629427,13
"249",-5.84919672980004,-2.47818678629427,13
"250",-5.14384223709579,-2.47818678629427,13
"251",-4.43848774439153,-2.47818678629427,13
"252",-3.73313325168728,-2.47818678629427,13
"253",-3.02777875898302,-2.47818678629427,13
"254",-2.32242426627877,-2.47818678629427,13
"255",-1.61706977357451,-2.47818678629427,13
"256",-0.911715280870254,-2.47818678629427,13
"257",-0.206360788165998,-2.47818678629427,13
"258",0.498993704538258,-2.47818678629427,13
"259",1.20434819724251,-2.47818678629427,13
"260",1.90970268994677,-2.47818678629427,13
"261",-11.4920326714341,1.10810616655434,14
"262",-10.7866781787298,1.10810616655434,14
"263",-10.0813236860256,1.10810616655434,14
"264",-9.37596919332132,-2.29887213865184,14
"265",-8.67061470061707,-2.47818678629427,14
"266",-7.96526020791281,-2.47818678629427,14
"267",-7.25990571520856,-2.47818678629427,14
"268",-6.5545512225043,-2.47818678629427,14
"269",-5.84919672980004,-2.47818678629427,14
"270",-5.14384223709579,-2.47818678629427,14
"271",-4.43848774439153,-2.47818678629427,14
"272",-3.73313325168728,-2.47818678629427,14
"273",-3.02777875898302,-2.47818678629427,14
"274",-2.32242426627877,-2.47818678629427,14
"275",-1.61706977357451,-2.47818678629427,14
"276",-0.911715280870254,-2.47818678629427,14
"277",-0.206360788165998,-2.47818678629427,14
"278",0.498993704538258,-2.47818678629427,14
"279",1.20434819724251,-2.47818678629427,14
"280",1.90970268994677,-2.47818678629427,14
"281",-11.4920326714341,1.10810616655434,15
"282",-10.7866781787298,1.10810616655434,15
"283",-10.0813236860256,1.10810616655434,15
"284",-9.37596919332132,0.390847575984621,15
"285",-8.67061470061707,0.0322182806997597,15
"286",-7.96526020791281,0.0322182806997597,15
"287",-7.25990571520856,-0.147096366942671,15
"288",-6.5545512225043,-0.326411014585101,15
"289",-5.84919672980004,-0.326411014585101,15
"290",-5.14384223709579,-0.505725662227532,15
"291",-4.43848774439153,-0.505725662227532,15
"292",-3.73313325168728,-0.505725662227532,15
"293",-3.02777875898302,-0.685040309869962,15
"294",-2.32242426627877,-0.685040309869962,15
"295",-1.61706977357451,-0.685040309869962,15
"296",-0.911715280870254,-2.47818678629427,15
"297",-0.206360788165998,-2.47818678629427,15
"298",0.498993704538258,-2.47818678629427,15
"299",1.20434819724251,-2.47818678629427,15
"300",1.90970268994677,-2.47818678629427,15
"301",-11.4920326714341,1.10810616655434,16
"302",-10.7866781787298,1.10810616655434,16
"303",-10.0813236860256,1.10810616655434,16
"304",-9.37596919332132,0.21153292834219,16
"305",-8.67061470061707,-0.147096366942671,16
"306",-7.96526020791281,-0.505725662227532,16
"307",-7.25990571520856,-0.685040309869962,16
"308",-6.5545512225043,-0.864354957512393,16
"309",-5.84919672980004,-1.04366960515482,16
"310",-5.14384223709579,-1.22298425279725,16
"311",-4.43848774439153,-1.22298425279725,16
"312",-3.73313325168728,-1.40229890043968,16
"313",-3.02777875898302,-1.58161354808211,16
"314",-2.32242426627877,-2.47818678629427,16
"315",-1.61706977357451,-2.47818678629427,16
"316",-0.911715280870254,-2.47818678629427,16
"317",-0.206360788165998,-2.47818678629427,16
"318",0.498993704538258,-2.47818678629427,16
"319",1.20434819724251,-2.47818678629427,16
"320",1.90970268994677,-2.47818678629427,16
"321",-11.4920326714341,1.10810616655434,17
"322",-10.7866781787298,1.10810616655434,17
"323",-10.0813236860256,1.10810616655434,17
"324",-9.37596919332132,0.21153292834219,17
"325",-8.67061470061707,-0.326411014585101,17
"326",-7.96526020791281,-0.505725662227532,17
"327",-7.25990571520856,-0.685040309869962,17
"328",-6.5545512225043,-0.685040309869962,17
"329",-5.84919672980004,-0.864354957512393,17
"330",-5.14384223709579,-0.864354957512393,17
"331",-4.43848774439153,-1.04366960515482,17
"332",-3.73313325168728,-1.04366960515482,17
"333",-3.02777875898302,-1.04366960515482,17
"334",-2.32242426627877,-1.22298425279725,17
"335",-1.61706977357451,-1.22298425279725,17
"336",-0.911715280870254,-1.40229890043968,17
"337",-0.206360788165998,-2.47818678629427,17
"338",0.498993704538258,-2.47818678629427,17
"339",1.20434819724251,-2.47818678629427,17
"340",1.90970268994677,-2.47818678629427,17
"341",-11.4920326714341,0.928791518911912,18
"342",-10.7866781787298,0.749476871269482,18
"343",-10.0813236860256,0.570162223627051,18
"344",-9.37596919332132,0.390847575984621,18
"345",-8.67061470061707,0.21153292834219,18
"346",-7.96526020791281,0.21153292834219,18
"347",-7.25990571520856,0.0322182806997597,18
"348",-6.5545512225043,0.0322182806997597,18
"349",-5.84919672980004,-0.147096366942671,18
"350",-5.14384223709579,-0.147096366942671,18
"351",-4.43848774439153,-0.147096366942671,18
"352",-3.73313325168728,-0.326411014585101,18
"353",-3.02777875898302,-0.326411014585101,18
"354",-2.32242426627877,-0.326411014585101,18
"355",-1.61706977357451,-0.326411014585101,18
"356",-0.911715280870254,-1.76092819572455,18
"357",-0.206360788165998,-2.47818678629427,18
"358",0.498993704538258,-2.47818678629427,18
"359",1.20434819724251,-2.47818678629427,18
"360",1.90970268994677,-2.47818678629427,18
"361",-11.4920326714341,1.10810616655434,19
"362",-10.7866781787298,1.10810616655434,19
"363",-10.0813236860256,1.10810616655434,19
"364",-9.37596919332132,0.21153292834219,19
"365",-8.67061470061707,-0.326411014585101,19
"366",-7.96526020791281,-0.685040309869962,19
"367",-7.25990571520856,-1.04366960515482,19
"368",-6.5545512225043,-1.40229890043968,19
"369",-5.84919672980004,-1.58161354808211,19
"370",-5.14384223709579,-1.76092819572455,19
"371",-4.43848774439153,-1.94024284336698,19
"372",-3.73313325168728,-2.11955749100941,19
"373",-3.02777875898302,-2.29887213865184,19
"374",-2.32242426627877,-2.47818678629427,19
"375",-1.61706977357451,-2.47818678629427,19
"376",-0.911715280870254,-2.47818678629427,19
"377",-0.206360788165998,-2.47818678629427,19
"378",0.498993704538258,-2.47818678629427,19
"379",1.20434819724251,-2.47818678629427,19
"380",1.90970268994677,-2.47818678629427,19
"381",-11.4920326714341,0.749476871269482,20
"382",-10.7866781787298,0.570162223627051,20
"383",-10.0813236860256,0.570162223627051,20
"384",-9.37596919332132,0.390847575984621,20
"385",-8.67061470061707,0.21153292834219,20
"386",-7.96526020791281,0.0322182806997597,20
"387",-7.25990571520856,0.0322182806997597,20
"388",-6.5545512225043,-0.147096366942671,20
"389",-5.84919672980004,-0.326411014585101,20
"390",-5.14384223709579,-0.326411014585101,20
"391",-4.43848774439153,-0.505725662227532,20
"392",-3.73313325168728,-0.505725662227532,20
"393",-3.02777875898302,-0.685040309869962,20
"394",-2.32242426627877,-0.685040309869962,20
"395",-1.61706977357451,-0.864354957512393,20
"396",-0.911715280870254,-2.47818678629427,20
"397",-0.206360788165998,-2.47818678629427,20
"398",0.498993704538258,-2.47818678629427,20
"399",1.20434819724251,-2.47818678629427,20
"400",1.90970268994677,-2.47818678629427,20
"401",-11.4920326714341,1.10810616655434,21
"402",-10.7866781787298,1.10810616655434,21
"403",-10.0813236860256,1.10810616655434,21
"404",-9.37596919332132,-0.685040309869962,21
"405",-8.67061470061707,-1.58161354808211,21
"406",-7.96526020791281,-1.94024284336698,21
"407",-7.25990571520856,-2.11955749100941,21
"408",-6.5545512225043,-2.29887213865184,21
"409",-5.84919672980004,-2.47818678629427,21
"410",-5.14384223709579,-2.47818678629427,21
"411",-4.43848774439153,-2.47818678629427,21
"412",-3.73313325168728,-2.47818678629427,21
"413",-3.02777875898302,-2.47818678629427,21
"414",-2.32242426627877,-2.47818678629427,21
"415",-1.61706977357451,-2.47818678629427,21
"416",-0.911715280870254,-2.47818678629427,21
"417",-0.206360788165998,-2.47818678629427,21
"418",0.498993704538258,-2.47818678629427,21
"419",1.20434819724251,-2.47818678629427,21
"420",1.90970268994677,-2.47818678629427,21
"421",-11.4920326714341,1.10810616655434,22
"422",-10.7866781787298,1.10810616655434,22
"423",-10.0813236860256,1.10810616655434,22
"424",-9.37596919332132,-2.47818678629427,22
"425",-8.67061470061707,-2.47818678629427,22
"426",-7.96526020791281,-2.47818678629427,22
"427",-7.25990571520856,-2.47818678629427,22
"428",-6.5545512225043,-2.47818678629427,22
"429",-5.84919672980004,-2.47818678629427,22
"430",-5.14384223709579,-2.47818678629427,22
"431",-4.43848774439153,-2.47818678629427,22
"432",-3.73313325168728,-2.47818678629427,22
"433",-3.02777875898302,-2.47818678629427,22
"434",-2.32242426627877,-2.47818678629427,22
"435",-1.61706977357451,-2.47818678629427,22
"436",-0.911715280870254,-2.47818678629427,22
"437",-0.206360788165998,-2.47818678629427,22
"438",0.498993704538258,-2.47818678629427,22
"439",1.20434819724251,-2.47818678629427,22
"440",1.90970268994677,-2.47818678629427,22
"441",-11.4920326714341,1.10810616655434,23
"442",-10.7866781787298,1.10810616655434,23
"443",-10.0813236860256,1.10810616655434,23
"444",-9.37596919332132,-2.29887213865184,23
"445",-8.67061470061707,-2.47818678629427,23
"446",-7.96526020791281,-2.47818678629427,23
"447",-7.25990571520856,-2.47818678629427,23
"448",-6.5545512225043,-2.47818678629427,23
"449",-5.84919672980004,-2.47818678629427,23
"450",-5.14384223709579,-2.47818678629427,23
"451",-4.43848774439153,-2.47818678629427,23
"452",-3.73313325168728,-2.47818678629427,23
"453",-3.02777875898302,-2.47818678629427,23
"454",-2.32242426627877,-2.47818678629427,23
"455",-1.61706977357451,-2.47818678629427,23
"456",-0.911715280870254,-2.47818678629427,23
"457",-0.206360788165998,-2.47818678629427,23
"458",0.498993704538258,-2.47818678629427,23
"459",1.20434819724251,-2.47818678629427,23
"460",1.90970268994677,-2.47818678629427,23
"461",-11.4920326714341,1.10810616655434,24
"462",-10.7866781787298,1.10810616655434,24
"463",-10.0813236860256,1.10810616655434,24
"464",-9.37596919332132,0.0322182806997597,24
"465",-8.67061470061707,-1.04366960515482,24
"466",-7.96526020791281,-1.76092819572455,24
"467",-7.25990571520856,-2.29887213865184,24
"468",-6.5545512225043,-2.47818678629427,24
"469",-5.84919672980004,-2.47818678629427,24
"470",-5.14384223709579,-2.47818678629427,24
"471",-4.43848774439153,-2.47818678629427,24
"472",-3.73313325168728,-2.47818678629427,24
"473",-3.02777875898302,-2.47818678629427,24
"474",-2.32242426627877,-2.47818678629427,24
"475",-1.61706977357451,-2.47818678629427,24
"476",-0.911715280870254,-2.47818678629427,24
"477",-0.206360788165998,-2.47818678629427,24
"478",0.498993704538258,-2.47818678629427,24
"479",1.20434819724251,-2.47818678629427,24
"480",1.90970268994677,-2.47818678629427,24
"481",-11.4920326714341,1.10810616655434,25
"482",-10.7866781787298,1.10810616655434,25
"483",-10.0813236860256,1.10810616655434,25
"484",-9.37596919332132,-2.47818678629427,25
"485",-8.67061470061707,-2.47818678629427,25
"486",-7.96526020791281,-2.47818678629427,25
"487",-7.25990571520856,-2.47818678629427,25
"488",-6.5545512225043,-2.47818678629427,25
"489",-5.84919672980004,-2.47818678629427,25
"490",-5.14384223709579,-2.47818678629427,25
"491",-4.43848774439153,-2.47818678629427,25
"492",-3.73313325168728,-2.47818678629427,25
"493",-3.02777875898302,-2.47818678629427,25
"494",-2.32242426627877,-2.47818678629427,25
"495",-1.61706977357451,-2.47818678629427,25
"496",-0.911715280870254,-2.47818678629427,25
"497",-0.206360788165998,-2.47818678629427,25
"498",0.498993704538258,-2.47818678629427,25
"499",1.20434819724251,-2.47818678629427,25
"500",1.90970268994677,-2.47818678629427,25
"501",-11.4920326714341,1.10810616655434,26
"502",-10.7866781787298,1.10810616655434,26
"503",-10.0813236860256,1.10810616655434,26
"504",-9.37596919332132,0.0322182806997597,26
"505",-8.67061470061707,-0.685040309869962,26
"506",-7.96526020791281,-1.04366960515482,26
"507",-7.25990571520856,-1.40229890043968,26
"508",-6.5545512225043,-1.76092819572455,26
"509",-5.84919672980004,-1.94024284336698,26
"510",-5.14384223709579,-2.11955749100941,26
"511",-4.43848774439153,-2.29887213865184,26
"512",-3.73313325168728,-2.47818678629427,26
"513",-3.02777875898302,-2.47818678629427,26
"514",-2.32242426627877,-2.47818678629427,26
"515",-1.61706977357451,-2.47818678629427,26
"516",-0.911715280870254,-2.47818678629427,26
"517",-0.206360788165998,-2.47818678629427,26
"518",0.498993704538258,-2.47818678629427,26
"519",1.20434819724251,-2.47818678629427,26
"520",1.90970268994677,-2.47818678629427,26
"521",-11.4920326714341,1.10810616655434,27
"522",-10.7866781787298,1.10810616655434,27
"523",-10.0813236860256,1.10810616655434,27
"524",-9.37596919332132,0.390847575984621,27
"525",-8.67061470061707,0.0322182806997597,27
"526",-7.96526020791281,-0.326411014585101,27
"527",-7.25990571520856,-0.505725662227532,27
"528",-6.5545512225043,-0.505725662227532,27
"529",-5.84919672980004,-0.685040309869962,27
"530",-5.14384223709579,-0.864354957512393,27
"531",-4.43848774439153,-1.04366960515482,27
"532",-3.73313325168728,-1.04366960515482,27
"533",-3.02777875898302,-1.22298425279725,27
"534",-2.32242426627877,-1.22298425279725,27
"535",-1.61706977357451,-2.47818678629427,27
"536",-0.911715280870254,-2.47818678629427,27
"537",-0.206360788165998,-2.47818678629427,27
"538",0.498993704538258,-2.47818678629427,27
"539",1.20434819724251,-2.47818678629427,27
"540",1.90970268994677,-2.47818678629427,27
"541",-11.4920326714341,1.10810616655434,28
"542",-10.7866781787298,1.10810616655434,28
"543",-10.0813236860256,1.10810616655434,28
"544",-9.37596919332132,-2.47818678629427,28
"545",-8.67061470061707,-2.47818678629427,28
"546",-7.96526020791281,-2.47818678629427,28
"547",-7.25990571520856,-2.47818678629427,28
"548",-6.5545512225043,-2.47818678629427,28
"549",-5.84919672980004,-2.47818678629427,28
"550",-5.14384223709579,-2.47818678629427,28
"551",-4.43848774439153,-2.47818678629427,28
"552",-3.73313325168728,-2.47818678629427,28
"553",-3.02777875898302,-2.47818678629427,28
"554",-2.32242426627877,-2.47818678629427,28
"555",-1.61706977357451,-2.47818678629427,28
"556",-0.911715280870254,-2.47818678629427,28
"557",-0.206360788165998,-2.47818678629427,28
"558",0.498993704538258,-2.47818678629427,28
"559",1.20434819724251,-2.47818678629427,28
"560",1.90970268994677,-2.47818678629427,28
"561",-11.4920326714341,1.10810616655434,29
"562",-10.7866781787298,1.10810616655434,29
"563",-10.0813236860256,1.10810616655434,29
"564",-9.37596919332132,-1.04366960515482,29
"565",-8.67061470061707,-1.58161354808211,29
"566",-7.96526020791281,-1.76092819572455,29
"567",-7.25990571520856,-1.94024284336698,29
"568",-6.5545512225043,-1.94024284336698,29
"569",-5.84919672980004,-1.94024284336698,29
"570",-5.14384223709579,-1.94024284336698,29
"571",-4.43848774439153,-1.94024284336698,29
"572",-3.73313325168728,-1.94024284336698,29
"573",-3.02777875898302,-1.94024284336698,29
"574",-2.32242426627877,-1.94024284336698,29
"575",-1.61706977357451,-1.94024284336698,29
"576",-0.911715280870254,-2.29887213865184,29
"577",-0.206360788165998,-2.47818678629427,29
"578",0.498993704538258,-2.47818678629427,29
"579",1.20434819724251,-2.47818678629427,29
"580",1.90970268994677,-2.47818678629427,29
"581",-11.4920326714341,1.10810616655434,30
"582",-10.7866781787298,1.10810616655434,30
"583",-10.0813236860256,1.10810616655434,30
"584",-9.37596919332132,0.21153292834219,30
"585",-8.67061470061707,-0.326411014585101,30
"586",-7.96526020791281,-0.685040309869962,30
"587",-7.25990571520856,-1.04366960515482,30
"588",-6.5545512225043,-1.22298425279725,30
"589",-5.84919672980004,-1.40229890043968,30
"590",-5.14384223709579,-1.58161354808211,30
"591",-4.43848774439153,-1.76092819572455,30
"592",-3.73313325168728,-1.76092819572455,30
"593",-3.02777875898302,-1.94024284336698,30
"594",-2.32242426627877,-2.11955749100941,30
"595",-1.61706977357451,-2.11955749100941,30
"596",-0.911715280870254,-2.47818678629427,30
"597",-0.206360788165998,-2.47818678629427,30
"598",0.498993704538258,-2.47818678629427,30
"599",1.20434819724251,-2.47818678629427,30
"600",1.90970268994677,-2.47818678629427,30
"601",-11.4920326714341,1.10810616655434,31
"602",-10.7866781787298,1.10810616655434,31
"603",-10.0813236860256,1.10810616655434,31
"604",-9.37596919332132,-0.864354957512393,31
"605",-8.67061470061707,-1.94024284336698,31
"606",-7.96526020791281,-2.47818678629427,31
"607",-7.25990571520856,-2.47818678629427,31
"608",-6.5545512225043,-2.47818678629427,31
"609",-5.84919672980004,-2.47818678629427,31
"610",-5.14384223709579,-2.47818678629427,31
"611",-4.43848774439153,-2.47818678629427,31
"612",-3.73313325168728,-2.47818678629427,31
"613",-3.02777875898302,-2.47818678629427,31
"614",-2.32242426627877,-2.47818678629427,31
"615",-1.61706977357451,-2.47818678629427,31
"616",-0.911715280870254,-2.47818678629427,31
"617",-0.206360788165998,-2.47818678629427,31
"618",0.498993704538258,-2.47818678629427,31
"619",1.20434819724251,-2.47818678629427,31
"620",1.90970268994677,-2.47818678629427,31
"621",-11.4920326714341,1.10810616655434,32
"622",-10.7866781787298,1.10810616655434,32
"623",-10.0813236860256,1.10810616655434,32
"624",-9.37596919332132,-0.685040309869962,32
"625",-8.67061470061707,-1.22298425279725,32
"626",-7.96526020791281,-1.40229890043968,32
"627",-7.25990571520856,-1.58161354808211,32
"628",-6.5545512225043,-1.58161354808211,32
"629",-5.84919672980004,-1.76092819572455,32
"630",-5.14384223709579,-1.76092819572455,32
"631",-4.43848774439153,-1.76092819572455,32
"632",-3.73313325168728,-1.94024284336698,32
"633",-3.02777875898302,-1.94024284336698,32
"634",-2.32242426627877,-1.94024284336698,32
"635",-1.61706977357451,-1.94024284336698,32
"636",-0.911715280870254,-2.11955749100941,32
"637",-0.206360788165998,-2.47818678629427,32
"638",0.498993704538258,-2.47818678629427,32
"639",1.20434819724251,-2.47818678629427,32
"640",1.90970268994677,-2.47818678629427,32
"641",-11.4920326714341,1.10810616655434,33
"642",-10.7866781787298,1.10810616655434,33
"643",-10.0813236860256,1.10810616655434,33
"644",-9.37596919332132,0.21153292834219,33
"645",-8.67061470061707,-0.147096366942671,33
"646",-7.96526020791281,-0.326411014585101,33
"647",-7.25990571520856,-0.685040309869962,33
"648",-6.5545512225043,-0.864354957512393,33
"649",-5.84919672980004,-1.04366960515482,33
"650",-5.14384223709579,-1.22298425279725,33
"651",-4.43848774439153,-1.22298425279725,33
"652",-3.73313325168728,-1.40229890043968,33
"653",-3.02777875898302,-1.58161354808211,33
"654",-2.32242426627877,-1.58161354808211,33
"655",-1.61706977357451,-1.76092819572455,33
"656",-0.911715280870254,-2.47818678629427,33
"657",-0.206360788165998,-2.47818678629427,33
"658",0.498993704538258,-2.47818678629427,33
"659",1.20434819724251,-2.47818678629427,33
"660",1.90970268994677,-2.47818678629427,33
"661",-11.4920326714341,1.10810616655434,34
"662",-10.7866781787298,1.10810616655434,34
"663",-10.0813236860256,1.10810616655434,34
"664",-9.37596919332132,0.21153292834219,34
"665",-8.67061470061707,-0.326411014585101,34
"666",-7.96526020791281,-0.864354957512393,34
"667",-7.25990571520856,-1.40229890043968,34
"668",-6.5545512225043,-1.76092819572455,34
"669",-5.84919672980004,-2.11955749100941,34
"670",-5.14384223709579,-2.29887213865184,34
"671",-4.43848774439153,-2.47818678629427,34
"672",-3.73313325168728,-2.47818678629427,34
"673",-3.02777875898302,-2.47818678629427,34
"674",-2.32242426627877,-2.47818678629427,34
"675",-1.61706977357451,-2.47818678629427,34
"676",-0.911715280870254,-2.47818678629427,34
"677",-0.206360788165998,-2.47818678629427,34
"678",0.498993704538258,-2.47818678629427,34
"679",1.20434819724251,-2.47818678629427,34
"680",1.90970268994677,-2.47818678629427,34
"681",-11.4920326714341,1.10810616655434,35
"682",-10.7866781787298,1.10810616655434,35
"683",-10.0813236860256,1.10810616655434,35
"684",-9.37596919332132,-2.47818678629427,35
"685",-8.67061470061707,-2.47818678629427,35
"686",-7.96526020791281,-2.47818678629427,35
"687",-7.25990571520856,-2.47818678629427,35
"688",-6.5545512225043,-2.47818678629427,35
"689",-5.84919672980004,-2.47818678629427,35
"690",-5.14384223709579,-2.47818678629427,35
"691",-4.43848774439153,-2.47818678629427,35
"692",-3.73313325168728,-2.47818678629427,35
"693",-3.02777875898302,-2.47818678629427,35
"694",-2.32242426627877,-2.47818678629427,35
"695",-1.61706977357451,-2.47818678629427,35
"696",-0.911715280870254,-2.47818678629427,35
"697",-0.206360788165998,-2.47818678629427,35
"698",0.498993704538258,-2.47818678629427,35
"699",1.20434819724251,-2.47818678629427,35
"700",1.90970268994677,-2.47818678629427,35
"701",-11.4920326714341,1.10810616655434,36
"702",-10.7866781787298,1.10810616655434,36
"703",-10.0813236860256,1.10810616655434,36
"704",-9.37596919332132,-1.58161354808211,36
"705",-8.67061470061707,-2.47818678629427,36
"706",-7.96526020791281,-2.47818678629427,36
"707",-7.25990571520856,-2.47818678629427,36
"708",-6.5545512225043,-2.47818678629427,36
"709",-5.84919672980004,-2.47818678629427,36
"710",-5.14384223709579,-2.47818678629427,36
"711",-4.43848774439153,-2.47818678629427,36
"712",-3.73313325168728,-2.47818678629427,36
"713",-3.02777875898302,-2.47818678629427,36
"714",-2.32242426627877,-2.47818678629427,36
"715",-1.61706977357451,-2.47818678629427,36
"716",-0.911715280870254,-2.47818678629427,36
"717",-0.206360788165998,-2.47818678629427,36
"718",0.498993704538258,-2.47818678629427,36
"719",1.20434819724251,-2.47818678629427,36
"720",1.90970268994677,-2.47818678629427,36
"721",-11.4920326714341,1.10810616655434,37
"722",-10.7866781787298,1.10810616655434,37
"723",-10.0813236860256,1.10810616655434,37
"724",-9.37596919332132,-2.47818678629427,37
"725",-8.67061470061707,-2.47818678629427,37
"726",-7.96526020791281,-2.47818678629427,37
"727",-7.25990571520856,-2.47818678629427,37
"728",-6.5545512225043,-2.47818678629427,37
"729",-5.84919672980004,-2.47818678629427,37
"730",-5.14384223709579,-2.47818678629427,37
"731",-4.43848774439153,-2.47818678629427,37
"732",-3.73313325168728,-2.47818678629427,37
"733",-3.02777875898302,-2.47818678629427,37
"734",-2.32242426627877,-2.47818678629427,37
"735",-1.61706977357451,-2.47818678629427,37
"736",-0.911715280870254,-2.47818678629427,37
"737",-0.206360788165998,-2.47818678629427,37
"738",0.498993704538258,-2.47818678629427,37
"739",1.20434819724251,-2.47818678629427,37
"740",1.90970268994677,-2.47818678629427,37
"741",-11.4920326714341,1.10810616655434,38
"742",-10.7866781787298,1.10810616655434,38
"743",-10.0813236860256,1.10810616655434,38
"744",-9.37596919332132,0.390847575984621,38
"745",-8.67061470061707,0.21153292834219,38
"746",-7.96526020791281,0.0322182806997597,38
"747",-7.25990571520856,-0.147096366942671,38
"748",-6.5545512225043,-0.147096366942671,38
"749",-5.84919672980004,-0.147096366942671,38
"750",-5.14384223709579,-0.326411014585101,38
"751",-4.43848774439153,-0.326411014585101,38
"752",-3.73313325168728,-0.864354957512393,38
"753",-3.02777875898302,-1.40229890043968,38
"754",-2.32242426627877,-1.76092819572455,38
"755",-1.61706977357451,-1.94024284336698,38
"756",-0.911715280870254,-2.47818678629427,38
"757",-0.206360788165998,-2.47818678629427,38
"758",0.498993704538258,-2.47818678629427,38
"759",1.20434819724251,-2.47818678629427,38
"760",1.90970268994677,-2.47818678629427,38
"761",-11.4920326714341,1.10810616655434,39
"762",-10.7866781787298,1.10810616655434,39
"763",-10.0813236860256,1.10810616655434,39
"764",-9.37596919332132,-1.04366960515482,39
"765",-8.67061470061707,-1.40229890043968,39
"766",-7.96526020791281,-1.58161354808211,39
"767",-7.25990571520856,-1.58161354808211,39
"768",-6.5545512225043,-1.58161354808211,39
"769",-5.84919672980004,-1.58161354808211,39
"770",-5.14384223709579,-1.76092819572455,39
"771",-4.43848774439153,-1.76092819572455,39
"772",-3.73313325168728,-1.76092819572455,39
"773",-3.02777875898302,-1.76092819572455,39
"774",-2.32242426627877,-1.76092819572455,39
"775",-1.61706977357451,-1.76092819572455,39
"776",-0.911715280870254,-1.94024284336698,39
"777",-0.206360788165998,-2.47818678629427,39
"778",0.498993704538258,-2.47818678629427,39
"779",1.20434819724251,-2.47818678629427,39
"780",1.90970268994677,-2.47818678629427,39
"781",-11.4920326714341,1.10810616655434,40
"782",-10.7866781787298,0.928791518911912,40
"783",-10.0813236860256,0.570162223627051,40
"784",-9.37596919332132,0.390847575984621,40
"785",-8.67061470061707,0.0322182806997597,40
"786",-7.96526020791281,-0.147096366942671,40
"787",-7.25990571520856,-0.326411014585101,40
"788",-6.5545512225043,-0.505725662227532,40
"789",-5.84919672980004,-0.864354957512393,40
"790",-5.14384223709579,-1.04366960515482,40
"791",-4.43848774439153,-1.22298425279725,40
"792",-3.73313325168728,-1.40229890043968,40
"793",-3.02777875898302,-1.58161354808211,40
"794",-2.32242426627877,-1.76092819572455,40
"795",-1.61706977357451,-2.47818678629427,40
"796",-0.911715280870254,-2.47818678629427,40
"797",-0.206360788165998,-2.47818678629427,40
"798",0.498993704538258,-2.47818678629427,40
"799",1.20434819724251,-2.47818678629427,40
"800",1.90970268994677,-2.47818678629427,40
"801",-11.4920326714341,1.10810616655434,41
"802",-10.7866781787298,0.749476871269482,41
"803",-10.0813236860256,0.570162223627051,41
"804",-9.37596919332132,0.390847575984621,41
"805",-8.67061470061707,0.21153292834219,41
"806",-7.96526020791281,0.0322182806997597,41
"807",-7.25990571520856,-0.147096366942671,41
"808",-6.5545512225043,-0.326411014585101,41
"809",-5.84919672980004,-0.326411014585101,41
"810",-5.14384223709579,-0.505725662227532,41
"811",-4.43848774439153,-0.685040309869962,41
"812",-3.73313325168728,-0.685040309869962,41
"813",-3.02777875898302,-0.864354957512393,41
"814",-2.32242426627877,-1.22298425279725,41
"815",-1.61706977357451,-1.94024284336698,41
"816",-0.911715280870254,-2.47818678629427,41
"817",-0.206360788165998,-2.47818678629427,41
"818",0.498993704538258,-2.47818678629427,41
"819",1.20434819724251,-2.47818678629427,41
"820",1.90970268994677,-2.47818678629427,41
"821",-11.4920326714341,1.10810616655434,42
"822",-10.7866781787298,0.928791518911912,42
"823",-10.0813236860256,0.570162223627051,42
"824",-9.37596919332132,0.390847575984621,42
"825",-8.67061470061707,0.0322182806997597,42
"826",-7.96526020791281,-0.147096366942671,42
"827",-7.25990571520856,-0.326411014585101,42
"828",-6.5545512225043,-0.505725662227532,42
"829",-5.84919672980004,-0.685040309869962,42
"830",-5.14384223709579,-0.864354957512393,42
"831",-4.43848774439153,-1.04366960515482,42
"832",-3.73313325168728,-1.22298425279725,42
"833",-3.02777875898302,-1.40229890043968,42
"834",-2.32242426627877,-1.40229890043968,42
"835",-1.61706977357451,-1.58161354808211,42
"836",-0.911715280870254,-2.47818678629427,42
"837",-0.206360788165998,-2.47818678629427,42
"838",0.498993704538258,-2.47818678629427,42
"839",1.20434819724251,-2.47818678629427,42
"840",1.90970268994677,-2.47818678629427,42
"841",-11.4920326714341,1.10810616655434,43
"842",-10.7866781787298,1.10810616655434,43
"843",-10.0813236860256,1.10810616655434,43
"844",-9.37596919332132,-2.47818678629427,43
"845",-8.67061470061707,-2.47818678629427,43
"846",-7.96526020791281,-2.47818678629427,43
"847",-7.25990571520856,-2.47818678629427,43
"848",-6.5545512225043,-2.47818678629427,43
"849",-5.84919672980004,-2.47818678629427,43
"850",-5.14384223709579,-2.47818678629427,43
"851",-4.43848774439153,-2.47818678629427,43
"852",-3.73313325168728,-2.47818678629427,43
"853",-3.02777875898302,-2.47818678629427,43
"854",-2.32242426627877,-2.47818678629427,43
"855",-1.61706977357451,-2.47818678629427,43
"856",-0.911715280870254,-2.47818678629427,43
"857",-0.206360788165998,-2.47818678629427,43
"858",0.498993704538258,-2.47818678629427,43
"859",1.20434819724251,-2.47818678629427,43
"860",1.90970268994677,-2.47818678629427,43
"861",-11.4920326714341,1.10810616655434,44
"862",-10.7866781787298,1.10810616655434,44
"863",-10.0813236860256,1.10810616655434,44
"864",-9.37596919332132,-1.76092819572455,44
"865",-8.67061470061707,-2.47818678629427,44
"866",-7.96526020791281,-2.47818678629427,44
"867",-7.25990571520856,-2.47818678629427,44
"868",-6.5545512225043,-2.47818678629427,44
"869",-5.84919672980004,-2.47818678629427,44
"870",-5.14384223709579,-2.47818678629427,44
"871",-4.43848774439153,-2.47818678629427,44
"872",-3.73313325168728,-2.47818678629427,44
"873",-3.02777875898302,-2.47818678629427,44
"874",-2.32242426627877,-2.47818678629427,44
"875",-1.61706977357451,-2.47818678629427,44
"876",-0.911715280870254,-2.47818678629427,44
"877",-0.206360788165998,-2.47818678629427,44
"878",0.498993704538258,-2.47818678629427,44
"879",1.20434819724251,-2.47818678629427,44
"880",1.90970268994677,-2.47818678629427,44
"881",-11.4920326714341,0.570162223627051,45
"882",-10.7866781787298,0.390847575984621,45
"883",-10.0813236860256,0.390847575984621,45
"884",-9.37596919332132,0.390847575984621,45
"885",-8.67061470061707,0.390847575984621,45
"886",-7.96526020791281,0.21153292834219,45
"887",-7.25990571520856,-2.47818678629427,45
"888",-6.5545512225043,-2.47818678629427,45
"889",-5.84919672980004,-2.47818678629427,45
"890",-5.14384223709579,-2.47818678629427,45
"891",-4.43848774439153,-2.47818678629427,45
"892",-3.73313325168728,-2.47818678629427,45
"893",-3.02777875898302,-2.47818678629427,45
"894",-2.32242426627877,-2.47818678629427,45
"895",-1.61706977357451,-2.47818678629427,45
"896",-0.911715280870254,-2.47818678629427,45
"897",-0.206360788165998,-2.47818678629427,45
"898",0.498993704538258,-2.47818678629427,45
"899",1.20434819724251,-2.47818678629427,45
"900",1.90970268994677,-2.47818678629427,45
"901",-11.4920326714341,1.10810616655434,46
"902",-10.7866781787298,1.10810616655434,46
"903",-10.0813236860256,1.10810616655434,46
"904",-9.37596919332132,-2.11955749100941,46
"905",-8.67061470061707,-2.47818678629427,46
"906",-7.96526020791281,-2.47818678629427,46
"907",-7.25990571520856,-2.47818678629427,46
"908",-6.5545512225043,-2.47818678629427,46
"909",-5.84919672980004,-2.47818678629427,46
"910",-5.14384223709579,-2.47818678629427,46
"911",-4.43848774439153,-2.47818678629427,46
"912",-3.73313325168728,-2.47818678629427,46
"913",-3.02777875898302,-2.47818678629427,46
"914",-2.32242426627877,-2.47818678629427,46
"915",-1.61706977357451,-2.47818678629427,46
"916",-0.911715280870254,-2.47818678629427,46
"917",-0.206360788165998,-2.47818678629427,46
"918",0.498993704538258,-2.47818678629427,46
"919",1.20434819724251,-2.47818678629427,46
"920",1.90970268994677,-2.47818678629427,46
"921",-11.4920326714341,1.10810616655434,47
"922",-10.7866781787298,1.10810616655434,47
"923",-10.0813236860256,1.10810616655434,47
"924",-9.37596919332132,-1.22298425279725,47
"925",-8.67061470061707,-1.58161354808211,47
"926",-7.96526020791281,-1.76092819572455,47
"927",-7.25990571520856,-1.94024284336698,47
"928",-6.5545512225043,-1.94024284336698,47
"929",-5.84919672980004,-2.11955749100941,47
"930",-5.14384223709579,-2.11955749100941,47
"931",-4.43848774439153,-2.11955749100941,47
"932",-3.73313325168728,-2.11955749100941,47
"933",-3.02777875898302,-2.11955749100941,47
"934",-2.32242426627877,-2.11955749100941,47
"935",-1.61706977357451,-2.11955749100941,47
"936",-0.911715280870254,-2.47818678629427,47
"937",-0.206360788165998,-2.47818678629427,47
"938",0.498993704538258,-2.47818678629427,47
"939",1.20434819724251,-2.47818678629427,47
"940",1.90970268994677,-2.47818678629427,47
"941",-11.4920326714341,1.10810616655434,48
"942",-10.7866781787298,1.10810616655434,48
"943",-10.0813236860256,1.10810616655434,48
"944",-9.37596919332132,0.21153292834219,48
"945",-8.67061470061707,-0.326411014585101,48
"946",-7.96526020791281,-0.505725662227532,48
"947",-7.25990571520856,-0.505725662227532,48
"948",-6.5545512225043,-0.685040309869962,48
"949",-5.84919672980004,-0.685040309869962,48
"950",-5.14384223709579,-0.864354957512393,48
"951",-4.43848774439153,-0.864354957512393,48
"952",-3.73313325168728,-0.864354957512393,48
"953",-3.02777875898302,-0.864354957512393,48
"954",-2.32242426627877,-1.04366960515482,48
"955",-1.61706977357451,-1.04366960515482,48
"956",-0.911715280870254,-1.04366960515482,48
"957",-0.206360788165998,-2.47818678629427,48
"958",0.498993704538258,-2.47818678629427,48
"959",1.20434819724251,-2.47818678629427,48
"960",1.90970268994677,-2.47818678629427,48
"961",-11.4920326714341,1.10810616655434,49
"962",-10.7866781787298,1.10810616655434,49
"963",-10.0813236860256,1.10810616655434,49
"964",-9.37596919332132,0.0322182806997597,49
"965",-8.67061470061707,-1.04366960515482,49
"966",-7.96526020791281,-1.58161354808211,49
"967",-7.25990571520856,-2.11955749100941,49
"968",-6.5545512225043,-2.47818678629427,49
"969",-5.84919672980004,-2.47818678629427,49
"970",-5.14384223709579,-2.47818678629427,49
"971",-4.43848774439153,-2.47818678629427,49
"972",-3.73313325168728,-2.47818678629427,49
"973",-3.02777875898302,-2.47818678629427,49
"974",-2.32242426627877,-2.47818678629427,49
"975",-1.61706977357451,-2.47818678629427,49
"976",-0.911715280870254,-2.47818678629427,49
"977",-0.206360788165998,-2.47818678629427,49
"978",0.498993704538258,-2.47818678629427,49
"979",1.20434819724251,-2.47818678629427,49
"980",1.90970268994677,-2.47818678629427,49
"981",-11.4920326714341,1.10810616655434,50
"982",-10.7866781787298,1.10810616655434,50
"983",-10.0813236860256,1.10810616655434,50
"984",-9.37596919332132,-2.47818678629427,50
"985",-8.67061470061707,-2.47818678629427,50
"986",-7.96526020791281,-2.47818678629427,50
"987",-7.25990571520856,-2.47818678629427,50
"988",-6.5545512225043,-2.47818678629427,50
"989",-5.84919672980004,-2.47818678629427,50
"990",-5.14384223709579,-2.47818678629427,50
"991",-4.43848774439153,-2.47818678629427,50
"992",-3.73313325168728,-2.47818678629427,50
"993",-3.02777875898302,-2.47818678629427,50
"994",-2.32242426627877,-2.47818678629427,50
"995",-1.61706977357451,-2.47818678629427,50
"996",-0.911715280870254,-2.47818678629427,50
"997",-0.206360788165998,-2.47818678629427,50
"998",0.498993704538258,-2.47818678629427,50
"999",1.20434819724251,-2.47818678629427,50
"1000",1.90970268994677,-2.47818678629427,50
"1001",-11.4920326714341,1.10810616655434,51
"1002",-10.7866781787298,1.10810616655434,51
"1003",-10.0813236860256,1.10810616655434,51
"1004",-9.37596919332132,-0.685040309869962,51
"1005",-8.67061470061707,-1.76092819572455,51
"1006",-7.96526020791281,-2.47818678629427,51
"1007",-7.25990571520856,-2.47818678629427,51
"1008",-6.5545512225043,-2.47818678629427,51
"1009",-5.84919672980004,-2.47818678629427,51
"1010",-5.14384223709579,-2.47818678629427,51
"1011",-4.43848774439153,-2.47818678629427,51
"1012",-3.73313325168728,-2.47818678629427,51
"1013",-3.02777875898302,-2.47818678629427,51
"1014",-2.32242426627877,-2.47818678629427,51
"1015",-1.61706977357451,-2.47818678629427,51
"1016",-0.911715280870254,-2.47818678629427,51
"1017",-0.206360788165998,-2.47818678629427,51
"1018",0.498993704538258,-2.47818678629427,51
"1019",1.20434819724251,-2.47818678629427,51
"1020",1.90970268994677,-2.47818678629427,51
"1021",-11.4920326714341,1.10810616655434,52
"1022",-10.7866781787298,1.10810616655434,52
"1023",-10.0813236860256,1.10810616655434,52
"1024",-9.37596919332132,0.21153292834219,52
"1025",-8.67061470061707,-0.505725662227532,52
"1026",-7.96526020791281,-1.04366960515482,52
"1027",-7.25990571520856,-1.22298425279725,52
"1028",-6.5545512225043,-1.40229890043968,52
"1029",-5.84919672980004,-1.76092819572455,52
"1030",-5.14384223709579,-1.76092819572455,52
"1031",-4.43848774439153,-1.94024284336698,52
"1032",-3.73313325168728,-2.11955749100941,52
"1033",-3.02777875898302,-2.47818678629427,52
"1034",-2.32242426627877,-2.47818678629427,52
"1035",-1.61706977357451,-2.47818678629427,52
"1036",-0.911715280870254,-2.47818678629427,52
"1037",-0.206360788165998,-2.47818678629427,52
"1038",0.498993704538258,-2.47818678629427,52
"1039",1.20434819724251,-2.47818678629427,52
"1040",1.90970268994677,-2.47818678629427,52
"1041",-11.4920326714341,1.10810616655434,53
"1042",-10.7866781787298,1.10810616655434,53
"1043",-10.0813236860256,1.10810616655434,53
"1044",-9.37596919332132,0.21153292834219,53
"1045",-8.67061470061707,-0.147096366942671,53
"1046",-7.96526020791281,-0.326411014585101,53
"1047",-7.25990571520856,-0.505725662227532,53
"1048",-6.5545512225043,-0.685040309869962,53
"1049",-5.84919672980004,-0.685040309869962,53
"1050",-5.14384223709579,-0.864354957512393,53
"1051",-4.43848774439153,-0.864354957512393,53
"1052",-3.73313325168728,-1.04366960515482,53
"1053",-3.02777875898302,-1.04366960515482,53
"1054",-2.32242426627877,-1.04366960515482,53
"1055",-1.61706977357451,-1.22298425279725,53
"1056",-0.911715280870254,-1.22298425279725,53
"1057",-0.206360788165998,-2.47818678629427,53
"1058",0.498993704538258,-2.47818678629427,53
"1059",1.20434819724251,-2.47818678629427,53
"1060",1.90970268994677,-2.47818678629427,53
"1061",-11.4920326714341,0.390847575984621,54
"1062",-10.7866781787298,0.390847575984621,54
"1063",-10.0813236860256,0.390847575984621,54
"1064",-9.37596919332132,0.390847575984621,54
"1065",-8.67061470061707,0.390847575984621,54
"1066",-7.96526020791281,0.21153292834219,54
"1067",-7.25990571520856,-0.147096366942671,54
"1068",-6.5545512225043,-0.685040309869962,54
"1069",-5.84919672980004,-1.04366960515482,54
"1070",-5.14384223709579,-1.40229890043968,54
"1071",-4.43848774439153,-1.94024284336698,54
"1072",-3.73313325168728,-2.29887213865184,54
"1073",-3.02777875898302,-2.47818678629427,54
"1074",-2.32242426627877,-2.47818678629427,54
"1075",-1.61706977357451,-2.47818678629427,54
"1076",-0.911715280870254,-2.47818678629427,54
"1077",-0.206360788165998,-2.47818678629427,54
"1078",0.498993704538258,-2.47818678629427,54
"1079",1.20434819724251,-2.47818678629427,54
"1080",1.90970268994677,-2.47818678629427,54
"1081",-11.4920326714341,1.10810616655434,55
"1082",-10.7866781787298,1.10810616655434,55
"1083",-10.0813236860256,1.10810616655434,55
"1084",-9.37596919332132,0.0322182806997597,55
"1085",-8.67061470061707,-1.22298425279725,55
"1086",-7.96526020791281,-1.94024284336698,55
"1087",-7.25990571520856,-2.47818678629427,55
"1088",-6.5545512225043,-2.47818678629427,55
"1089",-5.84919672980004,-2.47818678629427,55
"1090",-5.14384223709579,-2.47818678629427,55
"1091",-4.43848774439153,-2.47818678629427,55
"1092",-3.73313325168728,-2.47818678629427,55
"1093",-3.02777875898302,-2.47818678629427,55
"1094",-2.32242426627877,-2.47818678629427,55
"1095",-1.61706977357451,-2.47818678629427,55
"1096",-0.911715280870254,-2.47818678629427,55
"1097",-0.206360788165998,-2.47818678629427,55
"1098",0.498993704538258,-2.47818678629427,55
"1099",1.20434819724251,-2.47818678629427,55
"1100",1.90970268994677,-2.47818678629427,55
"1101",-11.4920326714341,1.10810616655434,56
"1102",-10.7866781787298,1.10810616655434,56
"1103",-10.0813236860256,1.10810616655434,56
"1104",-9.37596919332132,0.21153292834219,56
"1105",-8.67061470061707,-0.147096366942671,56
"1106",-7.96526020791281,-0.326411014585101,56
"1107",-7.25990571520856,-0.505725662227532,56
"1108",-6.5545512225043,-0.685040309869962,56
"1109",-5.84919672980004,-0.685040309869962,56
"1110",-5.14384223709579,-0.864354957512393,56
"1111",-4.43848774439153,-0.864354957512393,56
"1112",-3.73313325168728,-1.04366960515482,56
"1113",-3.02777875898302,-1.04366960515482,56
"1114",-2.32242426627877,-1.04366960515482,56
"1115",-1.61706977357451,-1.22298425279725,56
"1116",-0.911715280870254,-2.47818678629427,56
"1117",-0.206360788165998,-2.47818678629427,56
"1118",0.498993704538258,-2.47818678629427,56
"1119",1.20434819724251,-2.47818678629427,56
"1120",1.90970268994677,-2.47818678629427,56
"1121",-11.4920326714341,1.10810616655434,57
"1122",-10.7866781787298,1.10810616655434,57
"1123",-10.0813236860256,1.10810616655434,57
"1124",-9.37596919332132,0.21153292834219,57
"1125",-8.67061470061707,-0.147096366942671,57
"1126",-7.96526020791281,-0.326411014585101,57
"1127",-7.25990571520856,-0.505725662227532,57
"1128",-6.5545512225043,-0.505725662227532,57
"1129",-5.84919672980004,-0.685040309869962,57
"1130",-5.14384223709579,-0.685040309869962,57
"1131",-4.43848774439153,-0.864354957512393,57
"1132",-3.73313325168728,-0.864354957512393,57
"1133",-3.02777875898302,-0.864354957512393,57
"1134",-2.32242426627877,-0.864354957512393,57
"1135",-1.61706977357451,-0.864354957512393,57
"1136",-0.911715280870254,-1.58161354808211,57
"1137",-0.206360788165998,-2.47818678629427,57
"1138",0.498993704538258,-2.47818678629427,57
"1139",1.20434819724251,-2.47818678629427,57
"1140",1.90970268994677,-2.47818678629427,57
"1141",-11.4920326714341,1.10810616655434,58
"1142",-10.7866781787298,0.749476871269482,58
"1143",-10.0813236860256,0.570162223627051,58
"1144",-9.37596919332132,0.390847575984621,58
"1145",-8.67061470061707,0.0322182806997597,58
"1146",-7.96526020791281,-0.147096366942671,58
"1147",-7.25990571520856,-0.326411014585101,58
"1148",-6.5545512225043,-0.685040309869962,58
"1149",-5.84919672980004,-0.864354957512393,58
"1150",-5.14384223709579,-1.04366960515482,58
"1151",-4.43848774439153,-1.22298425279725,58
"1152",-3.73313325168728,-1.58161354808211,58
"1153",-3.02777875898302,-2.47818678629427,58
"1154",-2.32242426627877,-2.47818678629427,58
"1155",-1.61706977357451,-2.47818678629427,58
"1156",-0.911715280870254,-2.47818678629427,58
"1157",-0.206360788165998,-2.47818678629427,58
"1158",0.498993704538258,-2.47818678629427,58
"1159",1.20434819724251,-2.47818678629427,58
"1160",1.90970268994677,-2.47818678629427,58
"1161",-11.4920326714341,1.10810616655434,59
"1162",-10.7866781787298,1.10810616655434,59
"1163",-10.0813236860256,0.570162223627051,59
"1164",-9.37596919332132,0.390847575984621,59
"1165",-8.67061470061707,0.21153292834219,59
"1166",-7.96526020791281,-0.147096366942671,59
"1167",-7.25990571520856,-0.147096366942671,59
"1168",-6.5545512225043,-0.326411014585101,59
"1169",-5.84919672980004,-0.505725662227532,59
"1170",-5.14384223709579,-2.11955749100941,59
"1171",-4.43848774439153,-2.47818678629427,59
"1172",-3.73313325168728,-2.47818678629427,59
"1173",-3.02777875898302,-2.47818678629427,59
"1174",-2.32242426627877,-2.47818678629427,59
"1175",-1.61706977357451,-2.47818678629427,59
"1176",-0.911715280870254,-2.47818678629427,59
"1177",-0.206360788165998,-2.47818678629427,59
"1178",0.498993704538258,-2.47818678629427,59
"1179",1.20434819724251,-2.47818678629427,59
"1180",1.90970268994677,-2.47818678629427,59
"1181",-11.4920326714341,1.10810616655434,60
"1182",-10.7866781787298,1.10810616655434,60
"1183",-10.0813236860256,1.10810616655434,60
"1184",-9.37596919332132,0.21153292834219,60
"1185",-8.67061470061707,-0.147096366942671,60
"1186",-7.96526020791281,-0.326411014585101,60
"1187",-7.25990571520856,-0.685040309869962,60
"1188",-6.5545512225043,-0.685040309869962,60
"1189",-5.84919672980004,-0.864354957512393,60
"1190",-5.14384223709579,-1.04366960515482,60
"1191",-4.43848774439153,-1.04366960515482,60
"1192",-3.73313325168728,-1.22298425279725,60
"1193",-3.02777875898302,-1.22298425279725,60
"1194",-2.32242426627877,-1.22298425279725,60
"1195",-1.61706977357451,-1.40229890043968,60
"1196",-0.911715280870254,-1.58161354808211,60
"1197",-0.206360788165998,-2.47818678629427,60
"1198",0.498993704538258,-2.47818678629427,60
"1199",1.20434819724251,-2.47818678629427,60
"1200",1.90970268994677,-2.47818678629427,60
"1201",-11.4920326714341,0.749476871269482,61
"1202",-10.7866781787298,0.570162223627051,61
"1203",-10.0813236860256,0.570162223627051,61
"1204",-9.37596919332132,0.390847575984621,61
"1205",-8.67061470061707,0.21153292834219,61
"1206",-7.96526020791281,0.0322182806997597,61
"1207",-7.25990571520856,0.0322182806997597,61
"1208",-6.5545512225043,-0.147096366942671,61
"1209",-5.84919672980004,-0.326411014585101,61
"1210",-5.14384223709579,-0.326411014585101,61
"1211",-4.43848774439153,-0.505725662227532,61
"1212",-3.73313325168728,-2.47818678629427,61
"1213",-3.02777875898302,-2.47818678629427,61
"1214",-2.32242426627877,-2.47818678629427,61
"1215",-1.61706977357451,-2.47818678629427,61
"1216",-0.911715280870254,-2.47818678629427,61
"1217",-0.206360788165998,-2.47818678629427,61
"1218",0.498993704538258,-2.47818678629427,61
"1219",1.20434819724251,-2.47818678629427,61
"1220",1.90970268994677,-2.47818678629427,61
"1221",-11.4920326714341,1.10810616655434,62
"1222",-10.7866781787298,1.10810616655434,62
"1223",-10.0813236860256,1.10810616655434,62
"1224",-9.37596919332132,-0.505725662227532,62
"1225",-8.67061470061707,-1.22298425279725,62
"1226",-7.96526020791281,-1.58161354808211,62
"1227",-7.25990571520856,-1.94024284336698,62
"1228",-6.5545512225043,-2.11955749100941,62
"1229",-5.84919672980004,-2.29887213865184,62
"1230",-5.14384223709579,-2.29887213865184,62
"1231",-4.43848774439153,-2.47818678629427,62
"1232",-3.73313325168728,-2.47818678629427,62
"1233",-3.02777875898302,-2.47818678629427,62
"1234",-2.32242426627877,-2.47818678629427,62
"1235",-1.61706977357451,-2.47818678629427,62
"1236",-0.911715280870254,-2.47818678629427,62
"1237",-0.206360788165998,-2.47818678629427,62
"1238",0.498993704538258,-2.47818678629427,62
"1239",1.20434819724251,-2.47818678629427,62
"1240",1.90970268994677,-2.47818678629427,62
"1241",-11.4920326714341,1.10810616655434,63
"1242",-10.7866781787298,1.10810616655434,63
"1243",-10.0813236860256,1.10810616655434,63
"1244",-9.37596919332132,0.21153292834219,63
"1245",-8.67061470061707,-0.147096366942671,63
"1246",-7.96526020791281,-0.505725662227532,63
"1247",-7.25990571520856,-0.685040309869962,63
"1248",-6.5545512225043,-1.04366960515482,63
"1249",-5.84919672980004,-1.22298425279725,63
"1250",-5.14384223709579,-1.40229890043968,63
"1251",-4.43848774439153,-1.58161354808211,63
"1252",-3.73313325168728,-1.58161354808211,63
"1253",-3.02777875898302,-1.76092819572455,63
"1254",-2.32242426627877,-1.94024284336698,63
"1255",-1.61706977357451,-1.94024284336698,63
"1256",-0.911715280870254,-2.47818678629427,63
"1257",-0.206360788165998,-2.47818678629427,63
"1258",0.498993704538258,-2.47818678629427,63
"1259",1.20434819724251,-2.47818678629427,63
"1260",1.90970268994677,-2.47818678629427,63
"1261",-11.4920326714341,1.10810616655434,64
"1262",-10.7866781787298,1.10810616655434,64
"1263",-10.0813236860256,0.928791518911912,64
"1264",-9.37596919332132,0.21153292834219,64
"1265",-8.67061470061707,-0.147096366942671,64
"1266",-7.96526020791281,-0.505725662227532,64
"1267",-7.25990571520856,-0.864354957512393,64
"1268",-6.5545512225043,-1.22298425279725,64
"1269",-5.84919672980004,-1.58161354808211,64
"1270",-5.14384223709579,-1.76092819572455,64
"1271",-4.43848774439153,-2.11955749100941,64
"1272",-3.73313325168728,-2.29887213865184,64
"1273",-3.02777875898302,-2.47818678629427,64
"1274",-2.32242426627877,-2.47818678629427,64
"1275",-1.61706977357451,-2.47818678629427,64
"1276",-0.911715280870254,-2.47818678629427,64
"1277",-0.206360788165998,-2.47818678629427,64
"1278",0.498993704538258,-2.47818678629427,64
"1279",1.20434819724251,-2.47818678629427,64
"1280",1.90970268994677,-2.47818678629427,64
"1281",-11.4920326714341,1.10810616655434,65
"1282",-10.7866781787298,0.928791518911912,65
"1283",-10.0813236860256,0.570162223627051,65
"1284",-9.37596919332132,0.390847575984621,65
"1285",-8.67061470061707,0.0322182806997597,65
"1286",-7.96526020791281,-0.147096366942671,65
"1287",-7.25990571520856,-0.326411014585101,65
"1288",-6.5545512225043,-0.505725662227532,65
"1289",-5.84919672980004,-0.685040309869962,65
"1290",-5.14384223709579,-0.864354957512393,65
"1291",-4.43848774439153,-1.04366960515482,65
"1292",-3.73313325168728,-1.22298425279725,65
"1293",-3.02777875898302,-2.47818678629427,65
"1294",-2.32242426627877,-2.47818678629427,65
"1295",-1.61706977357451,-2.47818678629427,65
"1296",-0.911715280870254,-2.47818678629427,65
"1297",-0.206360788165998,-2.47818678629427,65
"1298",0.498993704538258,-2.47818678629427,65
"1299",1.20434819724251,-2.47818678629427,65
"1300",1.90970268994677,-2.47818678629427,65
"1301",-11.4920326714341,1.10810616655434,66
"1302",-10.7866781787298,1.10810616655434,66
"1303",-10.0813236860256,1.10810616655434,66
"1304",-9.37596919332132,-2.11955749100941,66
"1305",-8.67061470061707,-2.47818678629427,66
"1306",-7.96526020791281,-2.47818678629427,66
"1307",-7.25990571520856,-2.47818678629427,66
"1308",-6.5545512225043,-2.47818678629427,66
"1309",-5.84919672980004,-2.47818678629427,66
"1310",-5.14384223709579,-2.47818678629427,66
"1311",-4.43848774439153,-2.47818678629427,66
"1312",-3.73313325168728,-2.47818678629427,66
"1313",-3.02777875898302,-2.47818678629427,66
"1314",-2.32242426627877,-2.47818678629427,66
"1315",-1.61706977357451,-2.47818678629427,66
"1316",-0.911715280870254,-2.47818678629427,66
"1317",-0.206360788165998,-2.47818678629427,66
"1318",0.498993704538258,-2.47818678629427,66
"1319",1.20434819724251,-2.47818678629427,66
"1320",1.90970268994677,-2.47818678629427,66
"1321",-11.4920326714341,1.10810616655434,67
"1322",-10.7866781787298,1.10810616655434,67
"1323",-10.0813236860256,1.10810616655434,67
"1324",-9.37596919332132,0.390847575984621,67
"1325",-8.67061470061707,0.0322182806997597,67
"1326",-7.96526020791281,-0.147096366942671,67
"1327",-7.25990571520856,-0.147096366942671,67
"1328",-6.5545512225043,-0.326411014585101,67
"1329",-5.84919672980004,-0.326411014585101,67
"1330",-5.14384223709579,-0.505725662227532,67
"1331",-4.43848774439153,-0.505725662227532,67
"1332",-3.73313325168728,-0.505725662227532,67
"1333",-3.02777875898302,-0.685040309869962,67
"1334",-2.32242426627877,-0.685040309869962,67
"1335",-1.61706977357451,-0.685040309869962,67
"1336",-0.911715280870254,-2.47818678629427,67
"1337",-0.206360788165998,-2.47818678629427,67
"1338",0.498993704538258,-2.47818678629427,67
"1339",1.20434819724251,-2.47818678629427,67
"1340",1.90970268994677,-2.47818678629427,67
"1341",-11.4920326714341,1.10810616655434,68
"1342",-10.7866781787298,1.10810616655434,68
"1343",-10.0813236860256,0.928791518911912,68
"1344",-9.37596919332132,0.21153292834219,68
"1345",-8.67061470061707,-0.326411014585101,68
"1346",-7.96526020791281,-0.685040309869962,68
"1347",-7.25990571520856,-1.04366960515482,68
"1348",-6.5545512225043,-1.58161354808211,68
"1349",-5.84919672980004,-1.94024284336698,68
"1350",-5.14384223709579,-2.11955749100941,68
"1351",-4.43848774439153,-2.47818678629427,68
"1352",-3.73313325168728,-2.47818678629427,68
"1353",-3.02777875898302,-2.47818678629427,68
"1354",-2.32242426627877,-2.47818678629427,68
"1355",-1.61706977357451,-2.47818678629427,68
"1356",-0.911715280870254,-2.47818678629427,68
"1357",-0.206360788165998,-2.47818678629427,68
"1358",0.498993704538258,-2.47818678629427,68
"1359",1.20434819724251,-2.47818678629427,68
"1360",1.90970268994677,-2.47818678629427,68
"1361",-11.4920326714341,1.10810616655434,69
"1362",-10.7866781787298,1.10810616655434,69
"1363",-10.0813236860256,1.10810616655434,69
"1364",-9.37596919332132,0.21153292834219,69
"1365",-8.67061470061707,-0.326411014585101,69
"1366",-7.96526020791281,-0.505725662227532,69
"1367",-7.25990571520856,-0.685040309869962,69
"1368",-6.5545512225043,-0.864354957512393,69
"1369",-5.84919672980004,-1.04366960515482,69
"1370",-5.14384223709579,-1.22298425279725,69
"1371",-4.43848774439153,-1.22298425279725,69
"1372",-3.73313325168728,-1.40229890043968,69
"1373",-3.02777875898302,-1.40229890043968,69
"1374",-2.32242426627877,-1.40229890043968,69
"1375",-1.61706977357451,-1.58161354808211,69
"1376",-0.911715280870254,-2.47818678629427,69
"1377",-0.206360788165998,-2.47818678629427,69
"1378",0.498993704538258,-2.47818678629427,69
"1379",1.20434819724251,-2.47818678629427,69
"1380",1.90970268994677,-2.47818678629427,69
"1381",-11.4920326714341,1.10810616655434,70
"1382",-10.7866781787298,1.10810616655434,70
"1383",-10.0813236860256,0.749476871269482,70
"1384",-9.37596919332132,0.390847575984621,70
"1385",-8.67061470061707,0.0322182806997597,70
"1386",-7.96526020791281,-0.147096366942671,70
"1387",-7.25990571520856,-0.326411014585101,70
"1388",-6.5545512225043,-0.505725662227532,70
"1389",-5.84919672980004,-0.505725662227532,70
"1390",-5.14384223709579,-0.685040309869962,70
"1391",-4.43848774439153,-0.685040309869962,70
"1392",-3.73313325168728,-0.864354957512393,70
"1393",-3.02777875898302,-1.22298425279725,70
"1394",-2.32242426627877,-1.58161354808211,70
"1395",-1.61706977357451,-1.76092819572455,70
"1396",-0.911715280870254,-2.47818678629427,70
"1397",-0.206360788165998,-2.47818678629427,70
"1398",0.498993704538258,-2.47818678629427,70
"1399",1.20434819724251,-2.47818678629427,70
"1400",1.90970268994677,-2.47818678629427,70
"1401",-11.4920326714341,1.10810616655434,71
"1402",-10.7866781787298,1.10810616655434,71
"1403",-10.0813236860256,1.10810616655434,71
"1404",-9.37596919332132,-2.47818678629427,71
"1405",-8.67061470061707,-2.47818678629427,71
"1406",-7.96526020791281,-2.47818678629427,71
"1407",-7.25990571520856,-2.47818678629427,71
"1408",-6.5545512225043,-2.47818678629427,71
"1409",-5.84919672980004,-2.47818678629427,71
"1410",-5.14384223709579,-2.47818678629427,71
"1411",-4.43848774439153,-2.47818678629427,71
"1412",-3.73313325168728,-2.47818678629427,71
"1413",-3.02777875898302,-2.47818678629427,71
"1414",-2.32242426627877,-2.47818678629427,71
"1415",-1.61706977357451,-2.47818678629427,71
"1416",-0.911715280870254,-2.47818678629427,71
"1417",-0.206360788165998,-2.47818678629427,71
"1418",0.498993704538258,-2.47818678629427,71
"1419",1.20434819724251,-2.47818678629427,71
"1420",1.90970268994677,-2.47818678629427,71
"1421",-11.4920326714341,1.10810616655434,72
"1422",-10.7866781787298,1.10810616655434,72
"1423",-10.0813236860256,1.10810616655434,72
"1424",-9.37596919332132,-1.22298425279725,72
"1425",-8.67061470061707,-1.40229890043968,72
"1426",-7.96526020791281,-1.40229890043968,72
"1427",-7.25990571520856,-1.58161354808211,72
"1428",-6.5545512225043,-1.58161354808211,72
"1429",-5.84919672980004,-1.58161354808211,72
"1430",-5.14384223709579,-1.58161354808211,72
"1431",-4.43848774439153,-1.58161354808211,72
"1432",-3.73313325168728,-1.58161354808211,72
"1433",-3.02777875898302,-1.58161354808211,72
"1434",-2.32242426627877,-1.58161354808211,72
"1435",-1.61706977357451,-1.58161354808211,72
"1436",-0.911715280870254,-2.47818678629427,72
"1437",-0.206360788165998,-2.47818678629427,72
"1438",0.498993704538258,-2.47818678629427,72
"1439",1.20434819724251,-2.47818678629427,72
"1440",1.90970268994677,-2.47818678629427,72
"1441",-11.4920326714341,1.10810616655434,73
"1442",-10.7866781787298,1.10810616655434,73
"1443",-10.0813236860256,1.10810616655434,73
"1444",-9.37596919332132,-1.76092819572455,73
"1445",-8.67061470061707,-2.11955749100941,73
"1446",-7.96526020791281,-2.29887213865184,73
"1447",-7.25990571520856,-2.29887213865184,73
"1448",-6.5545512225043,-2.29887213865184,73
"1449",-5.84919672980004,-2.47818678629427,73
"1450",-5.14384223709579,-2.47818678629427,73
"1451",-4.43848774439153,-2.47818678629427,73
"1452",-3.73313325168728,-2.47818678629427,73
"1453",-3.02777875898302,-2.47818678629427,73
"1454",-2.32242426627877,-2.47818678629427,73
"1455",-1.61706977357451,-2.47818678629427,73
"1456",-0.911715280870254,-2.47818678629427,73
"1457",-0.206360788165998,-2.47818678629427,73
"1458",0.498993704538258,-2.47818678629427,73
"1459",1.20434819724251,-2.47818678629427,73
"1460",1.90970268994677,-2.47818678629427,73
"1461",-11.4920326714341,1.10810616655434,74
"1462",-10.7866781787298,1.10810616655434,74
"1463",-10.0813236860256,1.10810616655434,74
"1464",-9.37596919332132,-0.685040309869962,74
"1465",-8.67061470061707,-1.58161354808211,74
"1466",-7.96526020791281,-1.94024284336698,74
"1467",-7.25990571520856,-2.11955749100941,74
"1468",-6.5545512225043,-2.29887213865184,74
"1469",-5.84919672980004,-2.47818678629427,74
"1470",-5.14384223709579,-2.47818678629427,74
"1471",-4.43848774439153,-2.47818678629427,74
"1472",-3.73313325168728,-2.47818678629427,74
"1473",-3.02777875898302,-2.47818678629427,74
"1474",-2.32242426627877,-2.47818678629427,74
"1475",-1.61706977357451,-2.47818678629427,74
"1476",-0.911715280870254,-2.47818678629427,74
"1477",-0.206360788165998,-2.47818678629427,74
"1478",0.498993704538258,-2.47818678629427,74
"1479",1.20434819724251,-2.47818678629427,74
"1480",1.90970268994677,-2.47818678629427,74
"1481",-11.4920326714341,1.10810616655434,75
"1482",-10.7866781787298,1.10810616655434,75
"1483",-10.0813236860256,0.749476871269482,75
"1484",-9.37596919332132,0.390847575984621,75
"1485",-8.67061470061707,-0.147096366942671,75
"1486",-7.96526020791281,-0.326411014585101,75
"1487",-7.25990571520856,-0.685040309869962,75
"1488",-6.5545512225043,-1.04366960515482,75
"1489",-5.84919672980004,-1.22298425279725,75
"1490",-5.14384223709579,-1.40229890043968,75
"1491",-4.43848774439153,-1.76092819572455,75
"1492",-3.73313325168728,-2.47818678629427,75
"1493",-3.02777875898302,-2.47818678629427,75
"1494",-2.32242426627877,-2.47818678629427,75
"1495",-1.61706977357451,-2.47818678629427,75
"1496",-0.911715280870254,-2.47818678629427,75
"1497",-0.206360788165998,-2.47818678629427,75
"1498",0.498993704538258,-2.47818678629427,75
"1499",1.20434819724251,-2.47818678629427,75
"1500",1.90970268994677,-2.47818678629427,75
"1501",-11.4920326714341,1.10810616655434,76
"1502",-10.7866781787298,1.10810616655434,76
"1503",-10.0813236860256,1.10810616655434,76
"1504",-9.37596919332132,0.21153292834219,76
"1505",-8.67061470061707,-0.326411014585101,76
"1506",-7.96526020791281,-0.505725662227532,76
"1507",-7.25990571520856,-0.864354957512393,76
"1508",-6.5545512225043,-1.04366960515482,76
"1509",-5.84919672980004,-1.04366960515482,76
"1510",-5.14384223709579,-1.22298425279725,76
"1511",-4.43848774439153,-1.22298425279725,76
"1512",-3.73313325168728,-1.40229890043968,76
"1513",-3.02777875898302,-1.40229890043968,76
"1514",-2.32242426627877,-1.58161354808211,76
"1515",-1.61706977357451,-1.58161354808211,76
"1516",-0.911715280870254,-2.47818678629427,76
"1517",-0.206360788165998,-2.47818678629427,76
"1518",0.498993704538258,-2.47818678629427,76
"1519",1.20434819724251,-2.47818678629427,76
"1520",1.90970268994677,-2.47818678629427,76
"1521",-11.4920326714341,1.10810616655434,77
"1522",-10.7866781787298,0.749476871269482,77
"1523",-10.0813236860256,0.570162223627051,77
"1524",-9.37596919332132,0.390847575984621,77
"1525",-8.67061470061707,0.21153292834219,77
"1526",-7.96526020791281,0.0322182806997597,77
"1527",-7.25990571520856,-0.147096366942671,77
"1528",-6.5545512225043,-0.326411014585101,77
"1529",-5.84919672980004,-0.505725662227532,77
"1530",-5.14384223709579,-0.505725662227532,77
"1531",-4.43848774439153,-0.685040309869962,77
"1532",-3.73313325168728,-0.685040309869962,77
"1533",-3.02777875898302,-0.864354957512393,77
"1534",-2.32242426627877,-1.04366960515482,77
"1535",-1.61706977357451,-1.22298425279725,77
"1536",-0.911715280870254,-2.47818678629427,77
"1537",-0.206360788165998,-2.47818678629427,77
"1538",0.498993704538258,-2.47818678629427,77
"1539",1.20434819724251,-2.47818678629427,77
"1540",1.90970268994677,-2.47818678629427,77
"1541",-11.4920326714341,1.10810616655434,78
"1542",-10.7866781787298,1.10810616655434,78
"1543",-10.0813236860256,1.10810616655434,78
"1544",-9.37596919332132,-2.47818678629427,78
"1545",-8.67061470061707,-2.47818678629427,78
"1546",-7.96526020791281,-2.47818678629427,78
"1547",-7.25990571520856,-2.47818678629427,78
"1548",-6.5545512225043,-2.47818678629427,78
"1549",-5.84919672980004,-2.47818678629427,78
"1550",-5.14384223709579,-2.47818678629427,78
"1551",-4.43848774439153,-2.47818678629427,78
"1552",-3.73313325168728,-2.47818678629427,78
"1553",-3.02777875898302,-2.47818678629427,78
"1554",-2.32242426627877,-2.47818678629427,78
"1555",-1.61706977357451,-2.47818678629427,78
"1556",-0.911715280870254,-2.47818678629427,78
"1557",-0.206360788165998,-2.47818678629427,78
"1558",0.498993704538258,-2.47818678629427,78
"1559",1.20434819724251,-2.47818678629427,78
"1560",1.90970268994677,-2.47818678629427,78
"1561",-11.4920326714341,1.10810616655434,79
"1562",-10.7866781787298,1.10810616655434,79
"1563",-10.0813236860256,1.10810616655434,79
"1564",-9.37596919332132,-1.94024284336698,79
"1565",-8.67061470061707,-2.47818678629427,79
"1566",-7.96526020791281,-2.47818678629427,79
"1567",-7.25990571520856,-2.47818678629427,79
"1568",-6.5545512225043,-2.47818678629427,79
"1569",-5.84919672980004,-2.47818678629427,79
"1570",-5.14384223709579,-2.47818678629427,79
"1571",-4.43848774439153,-2.47818678629427,79
"1572",-3.73313325168728,-2.47818678629427,79
"1573",-3.02777875898302,-2.47818678629427,79
"1574",-2.32242426627877,-2.47818678629427,79
"1575",-1.61706977357451,-2.47818678629427,79
"1576",-0.911715280870254,-2.47818678629427,79
"1577",-0.206360788165998,-2.47818678629427,79
"1578",0.498993704538258,-2.47818678629427,79
"1579",1.20434819724251,-2.47818678629427,79
"1580",1.90970268994677,-2.47818678629427,79
"1581",-11.4920326714341,1.10810616655434,80
"1582",-10.7866781787298,1.10810616655434,80
"1583",-10.0813236860256,1.10810616655434,80
"1584",-9.37596919332132,0.21153292834219,80
"1585",-8.67061470061707,0.0322182806997597,80
"1586",-7.96526020791281,-0.147096366942671,80
"1587",-7.25990571520856,-0.326411014585101,80
"1588",-6.5545512225043,-0.326411014585101,80
"1589",-5.84919672980004,-0.326411014585101,80
"1590",-5.14384223709579,-0.505725662227532,80
"1591",-4.43848774439153,-0.505725662227532,80
"1592",-3.73313325168728,-0.505725662227532,80
"1593",-3.02777875898302,-0.505725662227532,80
"1594",-2.32242426627877,-0.505725662227532,80
"1595",-1.61706977357451,-0.505725662227532,80
"1596",-0.911715280870254,-1.40229890043968,80
"1597",-0.206360788165998,-2.47818678629427,80
"1598",0.498993704538258,-2.47818678629427,80
"1599",1.20434819724251,-2.47818678629427,80
"1600",1.90970268994677,-2.47818678629427,80
"1601",-11.4920326714341,1.10810616655434,81
"1602",-10.7866781787298,1.10810616655434,81
"1603",-10.0813236860256,1.10810616655434,81
"1604",-9.37596919332132,0.21153292834219,81
"1605",-8.67061470061707,-0.147096366942671,81
"1606",-7.96526020791281,-0.505725662227532,81
"1607",-7.25990571520856,-0.685040309869962,81
"1608",-6.5545512225043,-0.864354957512393,81
"1609",-5.84919672980004,-1.04366960515482,81
"1610",-5.14384223709579,-1.22298425279725,81
"1611",-4.43848774439153,-1.40229890043968,81
"1612",-3.73313325168728,-1.58161354808211,81
"1613",-3.02777875898302,-1.76092819572455,81
"1614",-2.32242426627877,-1.76092819572455,81
"1615",-1.61706977357451,-1.94024284336698,81
"1616",-0.911715280870254,-2.47818678629427,81
"1617",-0.206360788165998,-2.47818678629427,81
"1618",0.498993704538258,-2.47818678629427,81
"1619",1.20434819724251,-2.47818678629427,81
"1620",1.90970268994677,-2.47818678629427,81
"1621",-11.4920326714341,1.10810616655434,82
"1622",-10.7866781787298,1.10810616655434,82
"1623",-10.0813236860256,1.10810616655434,82
"1624",-9.37596919332132,-0.326411014585101,82
"1625",-8.67061470061707,-0.685040309869962,82
"1626",-7.96526020791281,-0.864354957512393,82
"1627",-7.25990571520856,-1.04366960515482,82
"1628",-6.5545512225043,-1.04366960515482,82
"1629",-5.84919672980004,-1.22298425279725,82
"1630",-5.14384223709579,-1.22298425279725,82
"1631",-4.43848774439153,-1.22298425279725,82
"1632",-3.73313325168728,-1.40229890043968,82
"1633",-3.02777875898302,-1.40229890043968,82
"1634",-2.32242426627877,-1.40229890043968,82
"1635",-1.61706977357451,-1.40229890043968,82
"1636",-0.911715280870254,-2.47818678629427,82
"1637",-0.206360788165998,-2.47818678629427,82
"1638",0.498993704538258,-2.47818678629427,82
"1639",1.20434819724251,-2.47818678629427,82
"1640",1.90970268994677,-2.47818678629427,82
"1641",-11.4920326714341,1.10810616655434,83
"1642",-10.7866781787298,1.10810616655434,83
"1643",-10.0813236860256,0.570162223627051,83
"1644",-9.37596919332132,0.390847575984621,83
"1645",-8.67061470061707,0.21153292834219,83
"1646",-7.96526020791281,0.0322182806997597,83
"1647",-7.25990571520856,-0.147096366942671,83
"1648",-6.5545512225043,-0.326411014585101,83
"1649",-5.84919672980004,-0.326411014585101,83
"1650",-5.14384223709579,-0.505725662227532,83
"1651",-4.43848774439153,-0.505725662227532,83
"1652",-3.73313325168728,-0.685040309869962,83
"1653",-3.02777875898302,-0.685040309869962,83
"1654",-2.32242426627877,-0.685040309869962,83
"1655",-1.61706977357451,-0.864354957512393,83
"1656",-0.911715280870254,-2.47818678629427,83
"1657",-0.206360788165998,-2.47818678629427,83
"1658",0.498993704538258,-2.47818678629427,83
"1659",1.20434819724251,-2.47818678629427,83
"1660",1.90970268994677,-2.47818678629427,83
"1661",-11.4920326714341,1.10810616655434,84
"1662",-10.7866781787298,1.10810616655434,84
"1663",-10.0813236860256,1.10810616655434,84
"1664",-9.37596919332132,0.21153292834219,84
"1665",-8.67061470061707,-0.147096366942671,84
"1666",-7.96526020791281,-0.505725662227532,84
"1667",-7.25990571520856,-0.685040309869962,84
"1668",-6.5545512225043,-0.864354957512393,84
"1669",-5.84919672980004,-1.04366960515482,84
"1670",-5.14384223709579,-1.22298425279725,84
"1671",-4.43848774439153,-1.40229890043968,84
"1672",-3.73313325168728,-1.40229890043968,84
"1673",-3.02777875898302,-1.58161354808211,84
"1674",-2.32242426627877,-1.58161354808211,84
"1675",-1.61706977357451,-2.11955749100941,84
"1676",-0.911715280870254,-2.47818678629427,84
"1677",-0.206360788165998,-2.47818678629427,84
"1678",0.498993704538258,-2.47818678629427,84
"1679",1.20434819724251,-2.47818678629427,84
"1680",1.90970268994677,-2.47818678629427,84
"1681",-11.4920326714341,1.10810616655434,85
"1682",-10.7866781787298,1.10810616655434,85
"1683",-10.0813236860256,1.10810616655434,85
"1684",-9.37596919332132,-1.22298425279725,85
"1685",-8.67061470061707,-1.94024284336698,85
"1686",-7.96526020791281,-2.11955749100941,85
"1687",-7.25990571520856,-2.29887213865184,85
"1688",-6.5545512225043,-2.29887213865184,85
"1689",-5.84919672980004,-2.47818678629427,85
"1690",-5.14384223709579,-2.47818678629427,85
"1691",-4.43848774439153,-2.47818678629427,85
"1692",-3.73313325168728,-2.47818678629427,85
"1693",-3.02777875898302,-2.47818678629427,85
"1694",-2.32242426627877,-2.47818678629427,85
"1695",-1.61706977357451,-2.47818678629427,85
"1696",-0.911715280870254,-2.47818678629427,85
"1697",-0.206360788165998,-2.47818678629427,85
"1698",0.498993704538258,-2.47818678629427,85
"1699",1.20434819724251,-2.47818678629427,85
"1700",1.90970268994677,-2.47818678629427,85
"1701",-11.4920326714341,1.10810616655434,86
"1702",-10.7866781787298,1.10810616655434,86
"1703",-10.0813236860256,1.10810616655434,86
"1704",-9.37596919332132,-2.47818678629427,86
"1705",-8.67061470061707,-2.47818678629427,86
"1706",-7.96526020791281,-2.47818678629427,86
"1707",-7.25990571520856,-2.47818678629427,86
"1708",-6.5545512225043,-2.47818678629427,86
"1709",-5.84919672980004,-2.47818678629427,86
"1710",-5.14384223709579,-2.47818678629427,86
"1711",-4.43848774439153,-2.47818678629427,86
"1712",-3.73313325168728,-2.47818678629427,86
"1713",-3.02777875898302,-2.47818678629427,86
"1714",-2.32242426627877,-2.47818678629427,86
"1715",-1.61706977357451,-2.47818678629427,86
"1716",-0.911715280870254,-2.47818678629427,86
"1717",-0.206360788165998,-2.47818678629427,86
"1718",0.498993704538258,-2.47818678629427,86
"1719",1.20434819724251,-2.47818678629427,86
"1720",1.90970268994677,-2.47818678629427,86
"1721",-11.4920326714341,1.10810616655434,87
"1722",-10.7866781787298,1.10810616655434,87
"1723",-10.0813236860256,1.10810616655434,87
"1724",-9.37596919332132,0.21153292834219,87
"1725",-8.67061470061707,-0.147096366942671,87
"1726",-7.96526020791281,-0.505725662227532,87
"1727",-7.25990571520856,-0.685040309869962,87
"1728",-6.5545512225043,-0.685040309869962,87
"1729",-5.84919672980004,-0.864354957512393,87
"1730",-5.14384223709579,-1.04366960515482,87
"1731",-4.43848774439153,-1.04366960515482,87
"1732",-3.73313325168728,-1.04366960515482,87
"1733",-3.02777875898302,-1.22298425279725,87
"1734",-2.32242426627877,-1.22298425279725,87
"1735",-1.61706977357451,-1.22298425279725,87
"1736",-0.911715280870254,-2.47818678629427,87
"1737",-0.206360788165998,-2.47818678629427,87
"1738",0.498993704538258,-2.47818678629427,87
"1739",1.20434819724251,-2.47818678629427,87
"1740",1.90970268994677,-2.47818678629427,87
"1741",-11.4920326714341,1.10810616655434,88
"1742",-10.7866781787298,1.10810616655434,88
"1743",-10.0813236860256,0.570162223627051,88
"1744",-9.37596919332132,0.390847575984621,88
"1745",-8.67061470061707,0.0322182806997597,88
"1746",-7.96526020791281,0.0322182806997597,88
"1747",-7.25990571520856,-0.147096366942671,88
"1748",-6.5545512225043,-0.326411014585101,88
"1749",-5.84919672980004,-0.505725662227532,88
"1750",-5.14384223709579,-0.505725662227532,88
"1751",-4.43848774439153,-0.685040309869962,88
"1752",-3.73313325168728,-0.685040309869962,88
"1753",-3.02777875898302,-0.864354957512393,88
"1754",-2.32242426627877,-0.864354957512393,88
"1755",-1.61706977357451,-1.04366960515482,88
"1756",-0.911715280870254,-1.76092819572455,88
"1757",-0.206360788165998,-2.47818678629427,88
"1758",0.498993704538258,-2.47818678629427,88
"1759",1.20434819724251,-2.47818678629427,88
"1760",1.90970268994677,-2.47818678629427,88
"1761",-11.4920326714341,1.10810616655434,89
"1762",-10.7866781787298,1.10810616655434,89
"1763",-10.0813236860256,1.10810616655434,89
"1764",-9.37596919332132,-0.147096366942671,89
"1765",-8.67061470061707,-0.505725662227532,89
"1766",-7.96526020791281,-0.685040309869962,89
"1767",-7.25990571520856,-0.864354957512393,89
"1768",-6.5545512225043,-1.04366960515482,89
"1769",-5.84919672980004,-1.04366960515482,89
"1770",-5.14384223709579,-1.22298425279725,89
"1771",-4.43848774439153,-1.22298425279725,89
"1772",-3.73313325168728,-1.40229890043968,89
"1773",-3.02777875898302,-1.40229890043968,89
"1774",-2.32242426627877,-1.58161354808211,89
"1775",-1.61706977357451,-1.58161354808211,89
"1776",-0.911715280870254,-2.47818678629427,89
"1777",-0.206360788165998,-2.47818678629427,89
"1778",0.498993704538258,-2.47818678629427,89
"1779",1.20434819724251,-2.47818678629427,89
"1780",1.90970268994677,-2.47818678629427,89
"1781",-11.4920326714341,1.10810616655434,90
"1782",-10.7866781787298,1.10810616655434,90
"1783",-10.0813236860256,1.10810616655434,90
"1784",-9.37596919332132,0.0322182806997597,90
"1785",-8.67061470061707,-0.326411014585101,90
"1786",-7.96526020791281,-0.685040309869962,90
"1787",-7.25990571520856,-0.685040309869962,90
"1788",-6.5545512225043,-0.864354957512393,90
"1789",-5.84919672980004,-1.04366960515482,90
"1790",-5.14384223709579,-1.04366960515482,90
"1791",-4.43848774439153,-1.22298425279725,90
"1792",-3.73313325168728,-1.22298425279725,90
"1793",-3.02777875898302,-1.22298425279725,90
"1794",-2.32242426627877,-1.40229890043968,90
"1795",-1.61706977357451,-1.40229890043968,90
"1796",-0.911715280870254,-2.47818678629427,90
"1797",-0.206360788165998,-2.47818678629427,90
"1798",0.498993704538258,-2.47818678629427,90
"1799",1.20434819724251,-2.47818678629427,90
"1800",1.90970268994677,-2.47818678629427,90
"1801",-11.4920326714341,0.928791518911912,91
"1802",-10.7866781787298,0.749476871269482,91
"1803",-10.0813236860256,0.570162223627051,91
"1804",-9.37596919332132,0.390847575984621,91
"1805",-8.67061470061707,0.21153292834219,91
"1806",-7.96526020791281,0.0322182806997597,91
"1807",-7.25990571520856,-0.147096366942671,91
"1808",-6.5545512225043,-0.326411014585101,91
"1809",-5.84919672980004,-0.505725662227532,91
"1810",-5.14384223709579,-0.505725662227532,91
"1811",-4.43848774439153,-0.685040309869962,91
"1812",-3.73313325168728,-0.864354957512393,91
"1813",-3.02777875898302,-2.47818678629427,91
"1814",-2.32242426627877,-2.47818678629427,91
"1815",-1.61706977357451,-2.47818678629427,91
"1816",-0.911715280870254,-2.47818678629427,91
"1817",-0.206360788165998,-2.47818678629427,91
"1818",0.498993704538258,-2.47818678629427,91
"1819",1.20434819724251,-2.47818678629427,91
"1820",1.90970268994677,-2.47818678629427,91
"1821",-11.4920326714341,0.749476871269482,92
"1822",-10.7866781787298,0.749476871269482,92
"1823",-10.0813236860256,0.570162223627051,92
"1824",-9.37596919332132,0.390847575984621,92
"1825",-8.67061470061707,0.21153292834219,92
"1826",-7.96526020791281,0.0322182806997597,92
"1827",-7.25990571520856,-0.147096366942671,92
"1828",-6.5545512225043,-0.326411014585101,92
"1829",-5.84919672980004,-0.505725662227532,92
"1830",-5.14384223709579,-0.505725662227532,92
"1831",-4.43848774439153,-0.685040309869962,92
"1832",-3.73313325168728,-0.864354957512393,92
"1833",-3.02777875898302,-2.47818678629427,92
"1834",-2.32242426627877,-2.47818678629427,92
"1835",-1.61706977357451,-2.47818678629427,92
"1836",-0.911715280870254,-2.47818678629427,92
"1837",-0.206360788165998,-2.47818678629427,92
"1838",0.498993704538258,-2.47818678629427,92
"1839",1.20434819724251,-2.47818678629427,92
"1840",1.90970268994677,-2.47818678629427,92
"1841",-11.4920326714341,1.10810616655434,93
"1842",-10.7866781787298,1.10810616655434,93
"1843",-10.0813236860256,1.10810616655434,93
"1844",-9.37596919332132,-2.47818678629427,93
"1845",-8.67061470061707,-2.47818678629427,93
"1846",-7.96526020791281,-2.47818678629427,93
"1847",-7.25990571520856,-2.47818678629427,93
"1848",-6.5545512225043,-2.47818678629427,93
"1849",-5.84919672980004,-2.47818678629427,93
"1850",-5.14384223709579,-2.47818678629427,93
"1851",-4.43848774439153,-2.47818678629427,93
"1852",-3.73313325168728,-2.47818678629427,93
"1853",-3.02777875898302,-2.47818678629427,93
"1854",-2.32242426627877,-2.47818678629427,93
"1855",-1.61706977357451,-2.47818678629427,93
"1856",-0.911715280870254,-2.47818678629427,93
"1857",-0.206360788165998,-2.47818678629427,93
"1858",0.498993704538258,-2.47818678629427,93
"1859",1.20434819724251,-2.47818678629427,93
"1860",1.90970268994677,-2.47818678629427,93
"1861",-11.4920326714341,1.10810616655434,94
"1862",-10.7866781787298,1.10810616655434,94
"1863",-10.0813236860256,1.10810616655434,94
"1864",-9.37596919332132,-2.47818678629427,94
"1865",-8.67061470061707,-2.47818678629427,94
"1866",-7.96526020791281,-2.47818678629427,94
"1867",-7.25990571520856,-2.47818678629427,94
"1868",-6.5545512225043,-2.47818678629427,94
"1869",-5.84919672980004,-2.47818678629427,94
"1870",-5.14384223709579,-2.47818678629427,94
"1871",-4.43848774439153,-2.47818678629427,94
"1872",-3.73313325168728,-2.47818678629427,94
"1873",-3.02777875898302,-2.47818678629427,94
"1874",-2.32242426627877,-2.47818678629427,94
"1875",-1.61706977357451,-2.47818678629427,94
"1876",-0.911715280870254,-2.47818678629427,94
"1877",-0.206360788165998,-2.47818678629427,94
"1878",0.498993704538258,-2.47818678629427,94
"1879",1.20434819724251,-2.47818678629427,94
"1880",1.90970268994677,-2.47818678629427,94
"1881",-11.4920326714341,1.10810616655434,95
"1882",-10.7866781787298,1.10810616655434,95
"1883",-10.0813236860256,1.10810616655434,95
"1884",-9.37596919332132,-1.58161354808211,95
"1885",-8.67061470061707,-2.29887213865184,95
"1886",-7.96526020791281,-2.47818678629427,95
"1887",-7.25990571520856,-2.47818678629427,95
"1888",-6.5545512225043,-2.47818678629427,95
"1889",-5.84919672980004,-2.47818678629427,95
"1890",-5.14384223709579,-2.47818678629427,95
"1891",-4.43848774439153,-2.47818678629427,95
"1892",-3.73313325168728,-2.47818678629427,95
"1893",-3.02777875898302,-2.47818678629427,95
"1894",-2.32242426627877,-2.47818678629427,95
"1895",-1.61706977357451,-2.47818678629427,95
"1896",-0.911715280870254,-2.47818678629427,95
"1897",-0.206360788165998,-2.47818678629427,95
"1898",0.498993704538258,-2.47818678629427,95
"1899",1.20434819724251,-2.47818678629427,95
"1900",1.90970268994677,-2.47818678629427,95
"1901",-11.4920326714341,1.10810616655434,96
"1902",-10.7866781787298,1.10810616655434,96
"1903",-10.0813236860256,0.570162223627051,96
"1904",-9.37596919332132,0.390847575984621,96
"1905",-8.67061470061707,0.21153292834219,96
"1906",-7.96526020791281,0.0322182806997597,96
"1907",-7.25990571520856,-0.147096366942671,96
"1908",-6.5545512225043,-0.326411014585101,96
"1909",-5.84919672980004,-0.326411014585101,96
"1910",-5.14384223709579,-0.505725662227532,96
"1911",-4.43848774439153,-0.505725662227532,96
"1912",-3.73313325168728,-0.505725662227532,96
"1913",-3.02777875898302,-0.685040309869962,96
"1914",-2.32242426627877,-0.685040309869962,96
"1915",-1.61706977357451,-1.04366960515482,96
"1916",-0.911715280870254,-1.04366960515482,96
"1917",-0.206360788165998,-2.47818678629427,96
"1918",0.498993704538258,-2.47818678629427,96
"1919",1.20434819724251,-2.47818678629427,96
"1920",1.90970268994677,-2.47818678629427,96
"1921",-11.4920326714341,1.10810616655434,97
"1922",-10.7866781787298,1.10810616655434,97
"1923",-10.0813236860256,1.10810616655434,97
"1924",-9.37596919332132,-1.94024284336698,97
"1925",-8.67061470061707,-1.94024284336698,97
"1926",-7.96526020791281,-1.94024284336698,97
"1927",-7.25990571520856,-1.94024284336698,97
"1928",-6.5545512225043,-1.94024284336698,97
"1929",-5.84919672980004,-1.94024284336698,97
"1930",-5.14384223709579,-1.94024284336698,97
"1931",-4.43848774439153,-1.94024284336698,97
"1932",-3.73313325168728,-2.11955749100941,97
"1933",-3.02777875898302,-2.11955749100941,97
"1934",-2.32242426627877,-2.11955749100941,97
"1935",-1.61706977357451,-2.11955749100941,97
"1936",-0.911715280870254,-2.11955749100941,97
"1937",-0.206360788165998,-2.47818678629427,97
"1938",0.498993704538258,-2.47818678629427,97
"1939",1.20434819724251,-2.47818678629427,97
"1940",1.90970268994677,-2.47818678629427,97
"1941",-11.4920326714341,1.10810616655434,98
"1942",-10.7866781787298,1.10810616655434,98
"1943",-10.0813236860256,1.10810616655434,98
"1944",-9.37596919332132,-0.685040309869962,98
"1945",-8.67061470061707,-1.40229890043968,98
"1946",-7.96526020791281,-1.58161354808211,98
"1947",-7.25990571520856,-1.76092819572455,98
"1948",-6.5545512225043,-1.94024284336698,98
"1949",-5.84919672980004,-2.11955749100941,98
"1950",-5.14384223709579,-2.11955749100941,98
"1951",-4.43848774439153,-2.11955749100941,98
"1952",-3.73313325168728,-2.29887213865184,98
"1953",-3.02777875898302,-2.29887213865184,98
"1954",-2.32242426627877,-2.29887213865184,98
"1955",-1.61706977357451,-2.47818678629427,98
"1956",-0.911715280870254,-2.47818678629427,98
"1957",-0.206360788165998,-2.47818678629427,98
"1958",0.498993704538258,-2.47818678629427,98
"1959",1.20434819724251,-2.47818678629427,98
"1960",1.90970268994677,-2.47818678629427,98
"1961",-11.4920326714341,1.10810616655434,99
"1962",-10.7866781787298,1.10810616655434,99
"1963",-10.0813236860256,1.10810616655434,99
"1964",-9.37596919332132,-0.864354957512393,99
"1965",-8.67061470061707,-1.40229890043968,99
"1966",-7.96526020791281,-1.58161354808211,99
"1967",-7.25990571520856,-1.76092819572455,99
"1968",-6.5545512225043,-1.94024284336698,99
"1969",-5.84919672980004,-1.94024284336698,99
"1970",-5.14384223709579,-2.11955749100941,99
"1971",-4.43848774439153,-2.11955749100941,99
"1972",-3.73313325168728,-2.11955749100941,99
"1973",-3.02777875898302,-2.29887213865184,99
"1974",-2.32242426627877,-2.29887213865184,99
"1975",-1.61706977357451,-2.47818678629427,99
"1976",-0.911715280870254,-2.47818678629427,99
"1977",-0.206360788165998,-2.47818678629427,99
"1978",0.498993704538258,-2.47818678629427,99
"1979",1.20434819724251,-2.47818678629427,99
"1980",1.90970268994677,-2.47818678629427,99
"1981",-11.4920326714341,1.10810616655434,100
"1982",-10.7866781787298,1.10810616655434,100
"1983",-10.0813236860256,1.10810616655434,100
"1984",-9.37596919332132,-0.685040309869962,100
"1985",-8.67061470061707,-1.22298425279725,100
"1986",-7.96526020791281,-1.40229890043968,100
"1987",-7.25990571520856,-1.58161354808211,100
"1988",-6.5545512225043,-1.76092819572455,100
"1989",-5.84919672980004,-1.94024284336698,100
"1990",-5.14384223709579,-1.94024284336698,100
"1991",-4.43848774439153,-1.94024284336698,100
"1992",-3.73313325168728,-1.94024284336698,100
"1993",-3.02777875898302,-2.11955749100941,100
"1994",-2.32242426627877,-2.11955749100941,100
"1995",-1.61706977357451,-2.11955749100941,100
"1996",-0.911715280870254,-2.29887213865184,100
"1997",-0.206360788165998,-2.47818678629427,100
"1998",0.498993704538258,-2.47818678629427,100
"1999",1.20434819724251,-2.47818678629427,100
"2000",1.90970268994677,-2.47818678629427,100
