"","x","y","sample"
"1",-6.63418359879815,-1.88313980249382,1
"2",-6.17136876373653,-1.88313980249382,1
"3",-5.70855392867492,-1.88313980249382,1
"4",-5.2457390936133,-1.88313980249382,1
"5",-4.78292425855168,-2.31171123106525,1
"6",-4.32010942349007,-3.31171123106525,1
"7",-3.85729458842845,-3.88313980249382,1
"8",-3.39447975336684,-4.45456837392239,1
"9",-2.93166491830522,-4.74028265963668,1
"10",-2.4688500832436,-4.74028265963668,1
"11",-2.00603524818199,-4.74028265963668,1
"12",-1.54322041312037,-4.74028265963668,1
"13",-1.08040557805875,-4.74028265963668,1
"14",-0.617590742997137,-4.74028265963668,1
"15",-0.15477590793552,-4.74028265963668,1
"16",0.308038927126097,-4.74028265963668,1
"17",0.770853762187713,-4.74028265963668,1
"18",1.23366859724933,-4.74028265963668,1
"19",1.69648343231095,-4.74028265963668,1
"20",2.15929826737256,-4.74028265963668,1
"21",-6.63418359879815,-1.88313980249382,2
"22",-6.17136876373653,-1.88313980249382,2
"23",-5.70855392867492,-1.88313980249382,2
"24",-5.2457390936133,-1.88313980249382,2
"25",-4.78292425855168,-2.45456837392239,2
"26",-4.32010942349007,-3.02599694535097,2
"27",-3.85729458842845,-3.31171123106525,2
"28",-3.39447975336684,-3.74028265963668,2
"29",-2.93166491830522,-3.88313980249382,2
"30",-2.4688500832436,-4.16885408820811,2
"31",-2.00603524818199,-4.31171123106525,2
"32",-1.54322041312037,-4.45456837392239,2
"33",-1.08040557805875,-4.59742551677954,2
"34",-0.617590742997137,-4.74028265963668,2
"35",-0.15477590793552,-4.74028265963668,2
"36",0.308038927126097,-4.74028265963668,2
"37",0.770853762187713,-4.74028265963668,2
"38",1.23366859724933,-4.74028265963668,2
"39",1.69648343231095,-4.74028265963668,2
"40",2.15929826737256,-4.74028265963668,2
"41",-6.63418359879815,-1.88313980249382,3
"42",-6.17136876373653,-1.88313980249382,3
"43",-5.70855392867492,-1.88313980249382,3
"44",-5.2457390936133,-1.88313980249382,3
"45",-4.78292425855168,-2.45456837392239,3
"46",-4.32010942349007,-3.02599694535097,3
"47",-3.85729458842845,-3.31171123106525,3
"48",-3.39447975336684,-3.59742551677954,3
"49",-2.93166491830522,-3.88313980249382,3
"50",-2.4688500832436,-4.16885408820811,3
"51",-2.00603524818199,-4.31171123106525,3
"52",-1.54322041312037,-4.45456837392239,3
"53",-1.08040557805875,-4.59742551677954,3
"54",-0.617590742997137,-4.74028265963668,3
"55",-0.15477590793552,-4.74028265963668,3
"56",0.308038927126097,-4.74028265963668,3
"57",0.770853762187713,-4.74028265963668,3
"58",1.23366859724933,-4.74028265963668,3
"59",1.69648343231095,-4.74028265963668,3
"60",2.15929826737256,-4.74028265963668,3
"61",-6.63418359879815,-1.88313980249382,4
"62",-6.17136876373653,-1.88313980249382,4
"63",-5.70855392867492,-1.88313980249382,4
"64",-5.2457390936133,-1.88313980249382,4
"65",-4.78292425855168,-2.31171123106525,4
"66",-4.32010942349007,-3.16885408820811,4
"67",-3.85729458842845,-3.88313980249382,4
"68",-3.39447975336684,-4.45456837392239,4
"69",-2.93166491830522,-4.74028265963668,4
"70",-2.4688500832436,-4.74028265963668,4
"71",-2.00603524818199,-4.74028265963668,4
"72",-1.54322041312037,-4.74028265963668,4
"73",-1.08040557805875,-4.74028265963668,4
"74",-0.617590742997137,-4.74028265963668,4
"75",-0.15477590793552,-4.74028265963668,4
"76",0.308038927126097,-4.74028265963668,4
"77",0.770853762187713,-4.74028265963668,4
"78",1.23366859724933,-4.74028265963668,4
"79",1.69648343231095,-4.74028265963668,4
"80",2.15929826737256,-4.74028265963668,4
"81",-6.63418359879815,-1.88313980249382,5
"82",-6.17136876373653,-1.88313980249382,5
"83",-5.70855392867492,-1.88313980249382,5
"84",-5.2457390936133,-2.16885408820811,5
"85",-4.78292425855168,-2.59742551677954,5
"86",-4.32010942349007,-2.88313980249382,5
"87",-3.85729458842845,-3.16885408820811,5
"88",-3.39447975336684,-3.45456837392239,5
"89",-2.93166491830522,-3.74028265963668,5
"90",-2.4688500832436,-3.88313980249382,5
"91",-2.00603524818199,-4.02599694535097,5
"92",-1.54322041312037,-4.16885408820811,5
"93",-1.08040557805875,-4.31171123106525,5
"94",-0.617590742997137,-4.45456837392239,5
"95",-0.15477590793552,-4.45456837392239,5
"96",0.308038927126097,-4.59742551677954,5
"97",0.770853762187713,-4.59742551677954,5
"98",1.23366859724933,-4.59742551677954,5
"99",1.69648343231095,-4.59742551677954,5
"100",2.15929826737256,-4.74028265963668,5
"101",-6.63418359879815,-1.88313980249382,6
"102",-6.17136876373653,-1.88313980249382,6
"103",-5.70855392867492,-1.88313980249382,6
"104",-5.2457390936133,-1.88313980249382,6
"105",-4.78292425855168,-2.45456837392239,6
"106",-4.32010942349007,-3.02599694535097,6
"107",-3.85729458842845,-3.45456837392239,6
"108",-3.39447975336684,-3.88313980249382,6
"109",-2.93166491830522,-4.59742551677954,6
"110",-2.4688500832436,-4.74028265963668,6
"111",-2.00603524818199,-4.74028265963668,6
"112",-1.54322041312037,-4.74028265963668,6
"113",-1.08040557805875,-4.74028265963668,6
"114",-0.617590742997137,-4.74028265963668,6
"115",-0.15477590793552,-4.74028265963668,6
"116",0.308038927126097,-4.74028265963668,6
"117",0.770853762187713,-4.74028265963668,6
"118",1.23366859724933,-4.74028265963668,6
"119",1.69648343231095,-4.74028265963668,6
"120",2.15929826737256,-4.74028265963668,6
"121",-6.63418359879815,-1.88313980249382,7
"122",-6.17136876373653,-1.88313980249382,7
"123",-5.70855392867492,-1.88313980249382,7
"124",-5.2457390936133,-1.88313980249382,7
"125",-4.78292425855168,-2.45456837392239,7
"126",-4.32010942349007,-3.16885408820811,7
"127",-3.85729458842845,-3.74028265963668,7
"128",-3.39447975336684,-4.31171123106525,7
"129",-2.93166491830522,-4.59742551677954,7
"130",-2.4688500832436,-4.74028265963668,7
"131",-2.00603524818199,-4.74028265963668,7
"132",-1.54322041312037,-4.74028265963668,7
"133",-1.08040557805875,-4.74028265963668,7
"134",-0.617590742997137,-4.74028265963668,7
"135",-0.15477590793552,-4.74028265963668,7
"136",0.308038927126097,-4.74028265963668,7
"137",0.770853762187713,-4.74028265963668,7
"138",1.23366859724933,-4.74028265963668,7
"139",1.69648343231095,-4.74028265963668,7
"140",2.15929826737256,-4.74028265963668,7
"141",-6.63418359879815,-1.88313980249382,8
"142",-6.17136876373653,-1.88313980249382,8
"143",-5.70855392867492,-1.88313980249382,8
"144",-5.2457390936133,-1.88313980249382,8
"145",-4.78292425855168,-2.31171123106525,8
"146",-4.32010942349007,-3.31171123106525,8
"147",-3.85729458842845,-4.02599694535097,8
"148",-3.39447975336684,-4.59742551677954,8
"149",-2.93166491830522,-4.74028265963668,8
"150",-2.4688500832436,-4.74028265963668,8
"151",-2.00603524818199,-4.74028265963668,8
"152",-1.54322041312037,-4.74028265963668,8
"153",-1.08040557805875,-4.74028265963668,8
"154",-0.617590742997137,-4.74028265963668,8
"155",-0.15477590793552,-4.74028265963668,8
"156",0.308038927126097,-4.74028265963668,8
"157",0.770853762187713,-4.74028265963668,8
"158",1.23366859724933,-4.74028265963668,8
"159",1.69648343231095,-4.74028265963668,8
"160",2.15929826737256,-4.74028265963668,8
"161",-6.63418359879815,-1.88313980249382,9
"162",-6.17136876373653,-1.88313980249382,9
"163",-5.70855392867492,-1.88313980249382,9
"164",-5.2457390936133,-1.88313980249382,9
"165",-4.78292425855168,-2.45456837392239,9
"166",-4.32010942349007,-3.16885408820811,9
"167",-3.85729458842845,-3.74028265963668,9
"168",-3.39447975336684,-4.16885408820811,9
"169",-2.93166491830522,-4.45456837392239,9
"170",-2.4688500832436,-4.74028265963668,9
"171",-2.00603524818199,-4.74028265963668,9
"172",-1.54322041312037,-4.74028265963668,9
"173",-1.08040557805875,-4.74028265963668,9
"174",-0.617590742997137,-4.74028265963668,9
"175",-0.15477590793552,-4.74028265963668,9
"176",0.308038927126097,-4.74028265963668,9
"177",0.770853762187713,-4.74028265963668,9
"178",1.23366859724933,-4.74028265963668,9
"179",1.69648343231095,-4.74028265963668,9
"180",2.15929826737256,-4.74028265963668,9
"181",-6.63418359879815,-1.88313980249382,10
"182",-6.17136876373653,-1.88313980249382,10
"183",-5.70855392867492,-1.88313980249382,10
"184",-5.2457390936133,-2.02599694535097,10
"185",-4.78292425855168,-2.59742551677954,10
"186",-4.32010942349007,-2.88313980249382,10
"187",-3.85729458842845,-3.31171123106525,10
"188",-3.39447975336684,-3.45456837392239,10
"189",-2.93166491830522,-3.74028265963668,10
"190",-2.4688500832436,-3.88313980249382,10
"191",-2.00603524818199,-4.02599694535097,10
"192",-1.54322041312037,-4.16885408820811,10
"193",-1.08040557805875,-4.16885408820811,10
"194",-0.617590742997137,-4.31171123106525,10
"195",-0.15477590793552,-4.31171123106525,10
"196",0.308038927126097,-4.31171123106525,10
"197",0.770853762187713,-4.31171123106525,10
"198",1.23366859724933,-4.31171123106525,10
"199",1.69648343231095,-4.45456837392239,10
"200",2.15929826737256,-4.45456837392239,10
"201",-6.63418359879815,-1.88313980249382,11
"202",-6.17136876373653,-1.88313980249382,11
"203",-5.70855392867492,-1.88313980249382,11
"204",-5.2457390936133,-1.88313980249382,11
"205",-4.78292425855168,-2.45456837392239,11
"206",-4.32010942349007,-3.02599694535097,11
"207",-3.85729458842845,-3.45456837392239,11
"208",-3.39447975336684,-3.74028265963668,11
"209",-2.93166491830522,-4.02599694535097,11
"210",-2.4688500832436,-4.31171123106525,11
"211",-2.00603524818199,-4.45456837392239,11
"212",-1.54322041312037,-4.59742551677954,11
"213",-1.08040557805875,-4.74028265963668,11
"214",-0.617590742997137,-4.74028265963668,11
"215",-0.15477590793552,-4.74028265963668,11
"216",0.308038927126097,-4.74028265963668,11
"217",0.770853762187713,-4.74028265963668,11
"218",1.23366859724933,-4.74028265963668,11
"219",1.69648343231095,-4.74028265963668,11
"220",2.15929826737256,-4.74028265963668,11
"221",-6.63418359879815,-1.88313980249382,12
"222",-6.17136876373653,-1.88313980249382,12
"223",-5.70855392867492,-1.88313980249382,12
"224",-5.2457390936133,-1.88313980249382,12
"225",-4.78292425855168,-2.45456837392239,12
"226",-4.32010942349007,-3.16885408820811,12
"227",-3.85729458842845,-3.74028265963668,12
"228",-3.39447975336684,-4.16885408820811,12
"229",-2.93166491830522,-4.45456837392239,12
"230",-2.4688500832436,-4.74028265963668,12
"231",-2.00603524818199,-4.74028265963668,12
"232",-1.54322041312037,-4.74028265963668,12
"233",-1.08040557805875,-4.74028265963668,12
"234",-0.617590742997137,-4.74028265963668,12
"235",-0.15477590793552,-4.74028265963668,12
"236",0.308038927126097,-4.74028265963668,12
"237",0.770853762187713,-4.74028265963668,12
"238",1.23366859724933,-4.74028265963668,12
"239",1.69648343231095,-4.74028265963668,12
"240",2.15929826737256,-4.74028265963668,12
"241",-6.63418359879815,-1.88313980249382,13
"242",-6.17136876373653,-1.88313980249382,13
"243",-5.70855392867492,-1.88313980249382,13
"244",-5.2457390936133,-1.88313980249382,13
"245",-4.78292425855168,-2.31171123106525,13
"246",-4.32010942349007,-3.16885408820811,13
"247",-3.85729458842845,-3.59742551677954,13
"248",-3.39447975336684,-4.02599694535097,13
"249",-2.93166491830522,-4.16885408820811,13
"250",-2.4688500832436,-4.31171123106525,13
"251",-2.00603524818199,-4.45456837392239,13
"252",-1.54322041312037,-4.45456837392239,13
"253",-1.08040557805875,-4.45456837392239,13
"254",-0.617590742997137,-4.59742551677954,13
"255",-0.15477590793552,-4.59742551677954,13
"256",0.308038927126097,-4.59742551677954,13
"257",0.770853762187713,-4.59742551677954,13
"258",1.23366859724933,-4.59742551677954,13
"259",1.69648343231095,-4.59742551677954,13
"260",2.15929826737256,-4.59742551677954,13
"261",-6.63418359879815,-1.88313980249382,14
"262",-6.17136876373653,-1.88313980249382,14
"263",-5.70855392867492,-1.88313980249382,14
"264",-5.2457390936133,-1.88313980249382,14
"265",-4.78292425855168,-2.45456837392239,14
"266",-4.32010942349007,-3.16885408820811,14
"267",-3.85729458842845,-3.74028265963668,14
"268",-3.39447975336684,-4.16885408820811,14
"269",-2.93166491830522,-4.59742551677954,14
"270",-2.4688500832436,-4.74028265963668,14
"271",-2.00603524818199,-4.74028265963668,14
"272",-1.54322041312037,-4.74028265963668,14
"273",-1.08040557805875,-4.74028265963668,14
"274",-0.617590742997137,-4.74028265963668,14
"275",-0.15477590793552,-4.74028265963668,14
"276",0.308038927126097,-4.74028265963668,14
"277",0.770853762187713,-4.74028265963668,14
"278",1.23366859724933,-4.74028265963668,14
"279",1.69648343231095,-4.74028265963668,14
"280",2.15929826737256,-4.74028265963668,14
"281",-6.63418359879815,-1.88313980249382,15
"282",-6.17136876373653,-1.88313980249382,15
"283",-5.70855392867492,-1.88313980249382,15
"284",-5.2457390936133,-1.88313980249382,15
"285",-4.78292425855168,-2.45456837392239,15
"286",-4.32010942349007,-3.16885408820811,15
"287",-3.85729458842845,-3.59742551677954,15
"288",-3.39447975336684,-4.02599694535097,15
"289",-2.93166491830522,-4.31171123106525,15
"290",-2.4688500832436,-4.59742551677954,15
"291",-2.00603524818199,-4.74028265963668,15
"292",-1.54322041312037,-4.74028265963668,15
"293",-1.08040557805875,-4.74028265963668,15
"294",-0.617590742997137,-4.74028265963668,15
"295",-0.15477590793552,-4.74028265963668,15
"296",0.308038927126097,-4.74028265963668,15
"297",0.770853762187713,-4.74028265963668,15
"298",1.23366859724933,-4.74028265963668,15
"299",1.69648343231095,-4.74028265963668,15
"300",2.15929826737256,-4.74028265963668,15
"301",-6.63418359879815,-1.88313980249382,16
"302",-6.17136876373653,-1.88313980249382,16
"303",-5.70855392867492,-1.88313980249382,16
"304",-5.2457390936133,-1.88313980249382,16
"305",-4.78292425855168,-2.45456837392239,16
"306",-4.32010942349007,-3.02599694535097,16
"307",-3.85729458842845,-3.31171123106525,16
"308",-3.39447975336684,-3.59742551677954,16
"309",-2.93166491830522,-3.88313980249382,16
"310",-2.4688500832436,-4.02599694535097,16
"311",-2.00603524818199,-4.16885408820811,16
"312",-1.54322041312037,-4.31171123106525,16
"313",-1.08040557805875,-4.45456837392239,16
"314",-0.617590742997137,-4.45456837392239,16
"315",-0.15477590793552,-4.45456837392239,16
"316",0.308038927126097,-4.45456837392239,16
"317",0.770853762187713,-4.59742551677954,16
"318",1.23366859724933,-4.59742551677954,16
"319",1.69648343231095,-4.59742551677954,16
"320",2.15929826737256,-4.59742551677954,16
"321",-6.63418359879815,-1.88313980249382,17
"322",-6.17136876373653,-1.88313980249382,17
"323",-5.70855392867492,-1.88313980249382,17
"324",-5.2457390936133,-1.88313980249382,17
"325",-4.78292425855168,-2.45456837392239,17
"326",-4.32010942349007,-3.02599694535097,17
"327",-3.85729458842845,-3.16885408820811,17
"328",-3.39447975336684,-3.31171123106525,17
"329",-2.93166491830522,-3.45456837392239,17
"330",-2.4688500832436,-3.59742551677954,17
"331",-2.00603524818199,-3.59742551677954,17
"332",-1.54322041312037,-3.74028265963668,17
"333",-1.08040557805875,-3.74028265963668,17
"334",-0.617590742997137,-3.88313980249382,17
"335",-0.15477590793552,-4.02599694535097,17
"336",0.308038927126097,-4.02599694535097,17
"337",0.770853762187713,-4.02599694535097,17
"338",1.23366859724933,-4.02599694535097,17
"339",1.69648343231095,-4.02599694535097,17
"340",2.15929826737256,-4.02599694535097,17
"341",-6.63418359879815,-2.02599694535097,18
"342",-6.17136876373653,-2.16885408820811,18
"343",-5.70855392867492,-2.31171123106525,18
"344",-5.2457390936133,-2.45456837392239,18
"345",-4.78292425855168,-2.59742551677954,18
"346",-4.32010942349007,-3.02599694535097,18
"347",-3.85729458842845,-3.31171123106525,18
"348",-3.39447975336684,-3.45456837392239,18
"349",-2.93166491830522,-3.59742551677954,18
"350",-2.4688500832436,-3.59742551677954,18
"351",-2.00603524818199,-3.59742551677954,18
"352",-1.54322041312037,-3.74028265963668,18
"353",-1.08040557805875,-4.45456837392239,18
"354",-0.617590742997137,-4.74028265963668,18
"355",-0.15477590793552,-4.74028265963668,18
"356",0.308038927126097,-4.74028265963668,18
"357",0.770853762187713,-4.74028265963668,18
"358",1.23366859724933,-4.74028265963668,18
"359",1.69648343231095,-4.74028265963668,18
"360",2.15929826737256,-4.74028265963668,18
"361",-6.63418359879815,-1.88313980249382,19
"362",-6.17136876373653,-1.88313980249382,19
"363",-5.70855392867492,-1.88313980249382,19
"364",-5.2457390936133,-1.88313980249382,19
"365",-4.78292425855168,-2.02599694535097,19
"366",-4.32010942349007,-4.02599694535097,19
"367",-3.85729458842845,-4.59742551677954,19
"368",-3.39447975336684,-4.74028265963668,19
"369",-2.93166491830522,-4.74028265963668,19
"370",-2.4688500832436,-4.74028265963668,19
"371",-2.00603524818199,-4.74028265963668,19
"372",-1.54322041312037,-4.74028265963668,19
"373",-1.08040557805875,-4.74028265963668,19
"374",-0.617590742997137,-4.74028265963668,19
"375",-0.15477590793552,-4.74028265963668,19
"376",0.308038927126097,-4.74028265963668,19
"377",0.770853762187713,-4.74028265963668,19
"378",1.23366859724933,-4.74028265963668,19
"379",1.69648343231095,-4.74028265963668,19
"380",2.15929826737256,-4.74028265963668,19
"381",-6.63418359879815,-1.88313980249382,20
"382",-6.17136876373653,-1.88313980249382,20
"383",-5.70855392867492,-1.88313980249382,20
"384",-5.2457390936133,-2.16885408820811,20
"385",-4.78292425855168,-2.59742551677954,20
"386",-4.32010942349007,-2.88313980249382,20
"387",-3.85729458842845,-3.16885408820811,20
"388",-3.39447975336684,-3.45456837392239,20
"389",-2.93166491830522,-3.74028265963668,20
"390",-2.4688500832436,-3.88313980249382,20
"391",-2.00603524818199,-4.02599694535097,20
"392",-1.54322041312037,-4.16885408820811,20
"393",-1.08040557805875,-4.31171123106525,20
"394",-0.617590742997137,-4.45456837392239,20
"395",-0.15477590793552,-4.59742551677954,20
"396",0.308038927126097,-4.74028265963668,20
"397",0.770853762187713,-4.74028265963668,20
"398",1.23366859724933,-4.74028265963668,20
"399",1.69648343231095,-4.74028265963668,20
"400",2.15929826737256,-4.74028265963668,20
"401",-6.63418359879815,-1.88313980249382,21
"402",-6.17136876373653,-1.88313980249382,21
"403",-5.70855392867492,-1.88313980249382,21
"404",-5.2457390936133,-2.31171123106525,21
"405",-4.78292425855168,-2.59742551677954,21
"406",-4.32010942349007,-2.88313980249382,21
"407",-3.85729458842845,-3.02599694535097,21
"408",-3.39447975336684,-3.31171123106525,21
"409",-2.93166491830522,-3.45456837392239,21
"410",-2.4688500832436,-3.59742551677954,21
"411",-2.00603524818199,-4.02599694535097,21
"412",-1.54322041312037,-4.74028265963668,21
"413",-1.08040557805875,-4.74028265963668,21
"414",-0.617590742997137,-4.74028265963668,21
"415",-0.15477590793552,-4.74028265963668,21
"416",0.308038927126097,-4.74028265963668,21
"417",0.770853762187713,-4.74028265963668,21
"418",1.23366859724933,-4.74028265963668,21
"419",1.69648343231095,-4.74028265963668,21
"420",2.15929826737256,-4.74028265963668,21
"421",-6.63418359879815,-1.88313980249382,22
"422",-6.17136876373653,-1.88313980249382,22
"423",-5.70855392867492,-1.88313980249382,22
"424",-5.2457390936133,-1.88313980249382,22
"425",-4.78292425855168,-2.45456837392239,22
"426",-4.32010942349007,-3.02599694535097,22
"427",-3.85729458842845,-3.45456837392239,22
"428",-3.39447975336684,-3.74028265963668,22
"429",-2.93166491830522,-3.88313980249382,22
"430",-2.4688500832436,-4.16885408820811,22
"431",-2.00603524818199,-4.45456837392239,22
"432",-1.54322041312037,-4.74028265963668,22
"433",-1.08040557805875,-4.74028265963668,22
"434",-0.617590742997137,-4.74028265963668,22
"435",-0.15477590793552,-4.74028265963668,22
"436",0.308038927126097,-4.74028265963668,22
"437",0.770853762187713,-4.74028265963668,22
"438",1.23366859724933,-4.74028265963668,22
"439",1.69648343231095,-4.74028265963668,22
"440",2.15929826737256,-4.74028265963668,22
"441",-6.63418359879815,-1.88313980249382,23
"442",-6.17136876373653,-2.16885408820811,23
"443",-5.70855392867492,-2.31171123106525,23
"444",-5.2457390936133,-2.45456837392239,23
"445",-4.78292425855168,-2.59742551677954,23
"446",-4.32010942349007,-3.16885408820811,23
"447",-3.85729458842845,-4.74028265963668,23
"448",-3.39447975336684,-4.74028265963668,23
"449",-2.93166491830522,-4.74028265963668,23
"450",-2.4688500832436,-4.74028265963668,23
"451",-2.00603524818199,-4.74028265963668,23
"452",-1.54322041312037,-4.74028265963668,23
"453",-1.08040557805875,-4.74028265963668,23
"454",-0.617590742997137,-4.74028265963668,23
"455",-0.15477590793552,-4.74028265963668,23
"456",0.308038927126097,-4.74028265963668,23
"457",0.770853762187713,-4.74028265963668,23
"458",1.23366859724933,-4.74028265963668,23
"459",1.69648343231095,-4.74028265963668,23
"460",2.15929826737256,-4.74028265963668,23
"461",-6.63418359879815,-1.88313980249382,24
"462",-6.17136876373653,-1.88313980249382,24
"463",-5.70855392867492,-1.88313980249382,24
"464",-5.2457390936133,-2.02599694535097,24
"465",-4.78292425855168,-2.59742551677954,24
"466",-4.32010942349007,-2.88313980249382,24
"467",-3.85729458842845,-3.31171123106525,24
"468",-3.39447975336684,-3.59742551677954,24
"469",-2.93166491830522,-3.74028265963668,24
"470",-2.4688500832436,-4.02599694535097,24
"471",-2.00603524818199,-4.16885408820811,24
"472",-1.54322041312037,-4.45456837392239,24
"473",-1.08040557805875,-4.59742551677954,24
"474",-0.617590742997137,-4.74028265963668,24
"475",-0.15477590793552,-4.74028265963668,24
"476",0.308038927126097,-4.74028265963668,24
"477",0.770853762187713,-4.74028265963668,24
"478",1.23366859724933,-4.74028265963668,24
"479",1.69648343231095,-4.74028265963668,24
"480",2.15929826737256,-4.74028265963668,24
"481",-6.63418359879815,-1.88313980249382,25
"482",-6.17136876373653,-1.88313980249382,25
"483",-5.70855392867492,-1.88313980249382,25
"484",-5.2457390936133,-1.88313980249382,25
"485",-4.78292425855168,-2.45456837392239,25
"486",-4.32010942349007,-3.02599694535097,25
"487",-3.85729458842845,-3.45456837392239,25
"488",-3.39447975336684,-3.88313980249382,25
"489",-2.93166491830522,-4.16885408820811,25
"490",-2.4688500832436,-4.59742551677954,25
"491",-2.00603524818199,-4.74028265963668,25
"492",-1.54322041312037,-4.74028265963668,25
"493",-1.08040557805875,-4.74028265963668,25
"494",-0.617590742997137,-4.74028265963668,25
"495",-0.15477590793552,-4.74028265963668,25
"496",0.308038927126097,-4.74028265963668,25
"497",0.770853762187713,-4.74028265963668,25
"498",1.23366859724933,-4.74028265963668,25
"499",1.69648343231095,-4.74028265963668,25
"500",2.15929826737256,-4.74028265963668,25
"501",-6.63418359879815,-1.88313980249382,26
"502",-6.17136876373653,-1.88313980249382,26
"503",-5.70855392867492,-1.88313980249382,26
"504",-5.2457390936133,-1.88313980249382,26
"505",-4.78292425855168,-2.45456837392239,26
"506",-4.32010942349007,-3.02599694535097,26
"507",-3.85729458842845,-3.45456837392239,26
"508",-3.39447975336684,-3.88313980249382,26
"509",-2.93166491830522,-4.16885408820811,26
"510",-2.4688500832436,-4.45456837392239,26
"511",-2.00603524818199,-4.59742551677954,26
"512",-1.54322041312037,-4.74028265963668,26
"513",-1.08040557805875,-4.74028265963668,26
"514",-0.617590742997137,-4.74028265963668,26
"515",-0.15477590793552,-4.74028265963668,26
"516",0.308038927126097,-4.74028265963668,26
"517",0.770853762187713,-4.74028265963668,26
"518",1.23366859724933,-4.74028265963668,26
"519",1.69648343231095,-4.74028265963668,26
"520",2.15929826737256,-4.74028265963668,26
"521",-6.63418359879815,-1.88313980249382,27
"522",-6.17136876373653,-1.88313980249382,27
"523",-5.70855392867492,-1.88313980249382,27
"524",-5.2457390936133,-1.88313980249382,27
"525",-4.78292425855168,-2.31171123106525,27
"526",-4.32010942349007,-3.16885408820811,27
"527",-3.85729458842845,-3.74028265963668,27
"528",-3.39447975336684,-4.16885408820811,27
"529",-2.93166491830522,-4.59742551677954,27
"530",-2.4688500832436,-4.74028265963668,27
"531",-2.00603524818199,-4.74028265963668,27
"532",-1.54322041312037,-4.74028265963668,27
"533",-1.08040557805875,-4.74028265963668,27
"534",-0.617590742997137,-4.74028265963668,27
"535",-0.15477590793552,-4.74028265963668,27
"536",0.308038927126097,-4.74028265963668,27
"537",0.770853762187713,-4.74028265963668,27
"538",1.23366859724933,-4.74028265963668,27
"539",1.69648343231095,-4.74028265963668,27
"540",2.15929826737256,-4.74028265963668,27
"541",-6.63418359879815,-1.88313980249382,28
"542",-6.17136876373653,-1.88313980249382,28
"543",-5.70855392867492,-1.88313980249382,28
"544",-5.2457390936133,-1.88313980249382,28
"545",-4.78292425855168,-2.45456837392239,28
"546",-4.32010942349007,-3.02599694535097,28
"547",-3.85729458842845,-3.59742551677954,28
"548",-3.39447975336684,-3.88313980249382,28
"549",-2.93166491830522,-4.31171123106525,28
"550",-2.4688500832436,-4.59742551677954,28
"551",-2.00603524818199,-4.74028265963668,28
"552",-1.54322041312037,-4.74028265963668,28
"553",-1.08040557805875,-4.74028265963668,28
"554",-0.617590742997137,-4.74028265963668,28
"555",-0.15477590793552,-4.74028265963668,28
"556",0.308038927126097,-4.74028265963668,28
"557",0.770853762187713,-4.74028265963668,28
"558",1.23366859724933,-4.74028265963668,28
"559",1.69648343231095,-4.74028265963668,28
"560",2.15929826737256,-4.74028265963668,28
"561",-6.63418359879815,-1.88313980249382,29
"562",-6.17136876373653,-1.88313980249382,29
"563",-5.70855392867492,-1.88313980249382,29
"564",-5.2457390936133,-2.02599694535097,29
"565",-4.78292425855168,-2.59742551677954,29
"566",-4.32010942349007,-3.02599694535097,29
"567",-3.85729458842845,-3.88313980249382,29
"568",-3.39447975336684,-4.16885408820811,29
"569",-2.93166491830522,-4.31171123106525,29
"570",-2.4688500832436,-4.31171123106525,29
"571",-2.00603524818199,-4.45456837392239,29
"572",-1.54322041312037,-4.45456837392239,29
"573",-1.08040557805875,-4.45456837392239,29
"574",-0.617590742997137,-4.59742551677954,29
"575",-0.15477590793552,-4.59742551677954,29
"576",0.308038927126097,-4.74028265963668,29
"577",0.770853762187713,-4.74028265963668,29
"578",1.23366859724933,-4.74028265963668,29
"579",1.69648343231095,-4.74028265963668,29
"580",2.15929826737256,-4.74028265963668,29
"581",-6.63418359879815,-1.88313980249382,30
"582",-6.17136876373653,-1.88313980249382,30
"583",-5.70855392867492,-1.88313980249382,30
"584",-5.2457390936133,-1.88313980249382,30
"585",-4.78292425855168,-1.88313980249382,30
"586",-4.32010942349007,-3.88313980249382,30
"587",-3.85729458842845,-4.74028265963668,30
"588",-3.39447975336684,-4.74028265963668,30
"589",-2.93166491830522,-4.74028265963668,30
"590",-2.4688500832436,-4.74028265963668,30
"591",-2.00603524818199,-4.74028265963668,30
"592",-1.54322041312037,-4.74028265963668,30
"593",-1.08040557805875,-4.74028265963668,30
"594",-0.617590742997137,-4.74028265963668,30
"595",-0.15477590793552,-4.74028265963668,30
"596",0.308038927126097,-4.74028265963668,30
"597",0.770853762187713,-4.74028265963668,30
"598",1.23366859724933,-4.74028265963668,30
"599",1.69648343231095,-4.74028265963668,30
"600",2.15929826737256,-4.74028265963668,30
"601",-6.63418359879815,-1.88313980249382,31
"602",-6.17136876373653,-1.88313980249382,31
"603",-5.70855392867492,-1.88313980249382,31
"604",-5.2457390936133,-2.02599694535097,31
"605",-4.78292425855168,-2.59742551677954,31
"606",-4.32010942349007,-2.88313980249382,31
"607",-3.85729458842845,-3.31171123106525,31
"608",-3.39447975336684,-3.59742551677954,31
"609",-2.93166491830522,-3.88313980249382,31
"610",-2.4688500832436,-4.02599694535097,31
"611",-2.00603524818199,-4.16885408820811,31
"612",-1.54322041312037,-4.45456837392239,31
"613",-1.08040557805875,-4.59742551677954,31
"614",-0.617590742997137,-4.59742551677954,31
"615",-0.15477590793552,-4.74028265963668,31
"616",0.308038927126097,-4.74028265963668,31
"617",0.770853762187713,-4.74028265963668,31
"618",1.23366859724933,-4.74028265963668,31
"619",1.69648343231095,-4.74028265963668,31
"620",2.15929826737256,-4.74028265963668,31
"621",-6.63418359879815,-1.88313980249382,32
"622",-6.17136876373653,-1.88313980249382,32
"623",-5.70855392867492,-1.88313980249382,32
"624",-5.2457390936133,-2.16885408820811,32
"625",-4.78292425855168,-2.59742551677954,32
"626",-4.32010942349007,-2.88313980249382,32
"627",-3.85729458842845,-3.02599694535097,32
"628",-3.39447975336684,-3.31171123106525,32
"629",-2.93166491830522,-3.45456837392239,32
"630",-2.4688500832436,-3.59742551677954,32
"631",-2.00603524818199,-3.88313980249382,32
"632",-1.54322041312037,-4.02599694535097,32
"633",-1.08040557805875,-4.31171123106525,32
"634",-0.617590742997137,-4.45456837392239,32
"635",-0.15477590793552,-4.74028265963668,32
"636",0.308038927126097,-4.74028265963668,32
"637",0.770853762187713,-4.74028265963668,32
"638",1.23366859724933,-4.74028265963668,32
"639",1.69648343231095,-4.74028265963668,32
"640",2.15929826737256,-4.74028265963668,32
"641",-6.63418359879815,-1.88313980249382,33
"642",-6.17136876373653,-1.88313980249382,33
"643",-5.70855392867492,-1.88313980249382,33
"644",-5.2457390936133,-1.88313980249382,33
"645",-4.78292425855168,-2.16885408820811,33
"646",-4.32010942349007,-4.16885408820811,33
"647",-3.85729458842845,-4.74028265963668,33
"648",-3.39447975336684,-4.74028265963668,33
"649",-2.93166491830522,-4.74028265963668,33
"650",-2.4688500832436,-4.74028265963668,33
"651",-2.00603524818199,-4.74028265963668,33
"652",-1.54322041312037,-4.74028265963668,33
"653",-1.08040557805875,-4.74028265963668,33
"654",-0.617590742997137,-4.74028265963668,33
"655",-0.15477590793552,-4.74028265963668,33
"656",0.308038927126097,-4.74028265963668,33
"657",0.770853762187713,-4.74028265963668,33
"658",1.23366859724933,-4.74028265963668,33
"659",1.69648343231095,-4.74028265963668,33
"660",2.15929826737256,-4.74028265963668,33
"661",-6.63418359879815,-2.16885408820811,34
"662",-6.17136876373653,-2.31171123106525,34
"663",-5.70855392867492,-2.31171123106525,34
"664",-5.2457390936133,-2.45456837392239,34
"665",-4.78292425855168,-2.59742551677954,34
"666",-4.32010942349007,-2.74028265963668,34
"667",-3.85729458842845,-2.88313980249382,34
"668",-3.39447975336684,-3.59742551677954,34
"669",-2.93166491830522,-4.31171123106525,34
"670",-2.4688500832436,-4.74028265963668,34
"671",-2.00603524818199,-4.74028265963668,34
"672",-1.54322041312037,-4.74028265963668,34
"673",-1.08040557805875,-4.74028265963668,34
"674",-0.617590742997137,-4.74028265963668,34
"675",-0.15477590793552,-4.74028265963668,34
"676",0.308038927126097,-4.74028265963668,34
"677",0.770853762187713,-4.74028265963668,34
"678",1.23366859724933,-4.74028265963668,34
"679",1.69648343231095,-4.74028265963668,34
"680",2.15929826737256,-4.74028265963668,34
"681",-6.63418359879815,-2.31171123106525,35
"682",-6.17136876373653,-2.45456837392239,35
"683",-5.70855392867492,-2.45456837392239,35
"684",-5.2457390936133,-2.59742551677954,35
"685",-4.78292425855168,-2.59742551677954,35
"686",-4.32010942349007,-2.74028265963668,35
"687",-3.85729458842845,-2.74028265963668,35
"688",-3.39447975336684,-2.88313980249382,35
"689",-2.93166491830522,-3.02599694535097,35
"690",-2.4688500832436,-3.31171123106525,35
"691",-2.00603524818199,-3.59742551677954,35
"692",-1.54322041312037,-3.88313980249382,35
"693",-1.08040557805875,-4.02599694535097,35
"694",-0.617590742997137,-4.31171123106525,35
"695",-0.15477590793552,-4.45456837392239,35
"696",0.308038927126097,-4.45456837392239,35
"697",0.770853762187713,-4.59742551677954,35
"698",1.23366859724933,-4.59742551677954,35
"699",1.69648343231095,-4.74028265963668,35
"700",2.15929826737256,-4.74028265963668,35
"701",-6.63418359879815,-1.88313980249382,36
"702",-6.17136876373653,-1.88313980249382,36
"703",-5.70855392867492,-2.02599694535097,36
"704",-5.2457390936133,-2.31171123106525,36
"705",-4.78292425855168,-2.59742551677954,36
"706",-4.32010942349007,-2.88313980249382,36
"707",-3.85729458842845,-4.74028265963668,36
"708",-3.39447975336684,-4.74028265963668,36
"709",-2.93166491830522,-4.74028265963668,36
"710",-2.4688500832436,-4.74028265963668,36
"711",-2.00603524818199,-4.74028265963668,36
"712",-1.54322041312037,-4.74028265963668,36
"713",-1.08040557805875,-4.74028265963668,36
"714",-0.617590742997137,-4.74028265963668,36
"715",-0.15477590793552,-4.74028265963668,36
"716",0.308038927126097,-4.74028265963668,36
"717",0.770853762187713,-4.74028265963668,36
"718",1.23366859724933,-4.74028265963668,36
"719",1.69648343231095,-4.74028265963668,36
"720",2.15929826737256,-4.74028265963668,36
"721",-6.63418359879815,-1.88313980249382,37
"722",-6.17136876373653,-1.88313980249382,37
"723",-5.70855392867492,-1.88313980249382,37
"724",-5.2457390936133,-2.02599694535097,37
"725",-4.78292425855168,-2.16885408820811,37
"726",-4.32010942349007,-3.16885408820811,37
"727",-3.85729458842845,-3.45456837392239,37
"728",-3.39447975336684,-3.59742551677954,37
"729",-2.93166491830522,-3.74028265963668,37
"730",-2.4688500832436,-3.74028265963668,37
"731",-2.00603524818199,-4.02599694535097,37
"732",-1.54322041312037,-4.74028265963668,37
"733",-1.08040557805875,-4.74028265963668,37
"734",-0.617590742997137,-4.74028265963668,37
"735",-0.15477590793552,-4.74028265963668,37
"736",0.308038927126097,-4.74028265963668,37
"737",0.770853762187713,-4.74028265963668,37
"738",1.23366859724933,-4.74028265963668,37
"739",1.69648343231095,-4.74028265963668,37
"740",2.15929826737256,-4.74028265963668,37
"741",-6.63418359879815,-1.88313980249382,38
"742",-6.17136876373653,-1.88313980249382,38
"743",-5.70855392867492,-2.16885408820811,38
"744",-5.2457390936133,-2.45456837392239,38
"745",-4.78292425855168,-2.59742551677954,38
"746",-4.32010942349007,-2.74028265963668,38
"747",-3.85729458842845,-2.74028265963668,38
"748",-3.39447975336684,-2.88313980249382,38
"749",-2.93166491830522,-2.88313980249382,38
"750",-2.4688500832436,-2.88313980249382,38
"751",-2.00603524818199,-3.02599694535097,38
"752",-1.54322041312037,-3.02599694535097,38
"753",-1.08040557805875,-3.16885408820811,38
"754",-0.617590742997137,-3.74028265963668,38
"755",-0.15477590793552,-4.45456837392239,38
"756",0.308038927126097,-4.74028265963668,38
"757",0.770853762187713,-4.74028265963668,38
"758",1.23366859724933,-4.74028265963668,38
"759",1.69648343231095,-4.74028265963668,38
"760",2.15929826737256,-4.74028265963668,38
"761",-6.63418359879815,-1.88313980249382,39
"762",-6.17136876373653,-1.88313980249382,39
"763",-5.70855392867492,-1.88313980249382,39
"764",-5.2457390936133,-1.88313980249382,39
"765",-4.78292425855168,-2.31171123106525,39
"766",-4.32010942349007,-3.45456837392239,39
"767",-3.85729458842845,-4.45456837392239,39
"768",-3.39447975336684,-4.74028265963668,39
"769",-2.93166491830522,-4.74028265963668,39
"770",-2.4688500832436,-4.74028265963668,39
"771",-2.00603524818199,-4.74028265963668,39
"772",-1.54322041312037,-4.74028265963668,39
"773",-1.08040557805875,-4.74028265963668,39
"774",-0.617590742997137,-4.74028265963668,39
"775",-0.15477590793552,-4.74028265963668,39
"776",0.308038927126097,-4.74028265963668,39
"777",0.770853762187713,-4.74028265963668,39
"778",1.23366859724933,-4.74028265963668,39
"779",1.69648343231095,-4.74028265963668,39
"780",2.15929826737256,-4.74028265963668,39
"781",-6.63418359879815,-1.88313980249382,40
"782",-6.17136876373653,-1.88313980249382,40
"783",-5.70855392867492,-1.88313980249382,40
"784",-5.2457390936133,-1.88313980249382,40
"785",-4.78292425855168,-1.88313980249382,40
"786",-4.32010942349007,-3.88313980249382,40
"787",-3.85729458842845,-4.74028265963668,40
"788",-3.39447975336684,-4.74028265963668,40
"789",-2.93166491830522,-4.74028265963668,40
"790",-2.4688500832436,-4.74028265963668,40
"791",-2.00603524818199,-4.74028265963668,40
"792",-1.54322041312037,-4.74028265963668,40
"793",-1.08040557805875,-4.74028265963668,40
"794",-0.617590742997137,-4.74028265963668,40
"795",-0.15477590793552,-4.74028265963668,40
"796",0.308038927126097,-4.74028265963668,40
"797",0.770853762187713,-4.74028265963668,40
"798",1.23366859724933,-4.74028265963668,40
"799",1.69648343231095,-4.74028265963668,40
"800",2.15929826737256,-4.74028265963668,40
"801",-6.63418359879815,-1.88313980249382,41
"802",-6.17136876373653,-1.88313980249382,41
"803",-5.70855392867492,-1.88313980249382,41
"804",-5.2457390936133,-1.88313980249382,41
"805",-4.78292425855168,-1.88313980249382,41
"806",-4.32010942349007,-3.88313980249382,41
"807",-3.85729458842845,-4.59742551677954,41
"808",-3.39447975336684,-4.74028265963668,41
"809",-2.93166491830522,-4.74028265963668,41
"810",-2.4688500832436,-4.74028265963668,41
"811",-2.00603524818199,-4.74028265963668,41
"812",-1.54322041312037,-4.74028265963668,41
"813",-1.08040557805875,-4.74028265963668,41
"814",-0.617590742997137,-4.74028265963668,41
"815",-0.15477590793552,-4.74028265963668,41
"816",0.308038927126097,-4.74028265963668,41
"817",0.770853762187713,-4.74028265963668,41
"818",1.23366859724933,-4.74028265963668,41
"819",1.69648343231095,-4.74028265963668,41
"820",2.15929826737256,-4.74028265963668,41
"821",-6.63418359879815,-1.88313980249382,42
"822",-6.17136876373653,-1.88313980249382,42
"823",-5.70855392867492,-1.88313980249382,42
"824",-5.2457390936133,-1.88313980249382,42
"825",-4.78292425855168,-1.88313980249382,42
"826",-4.32010942349007,-3.45456837392239,42
"827",-3.85729458842845,-4.16885408820811,42
"828",-3.39447975336684,-4.59742551677954,42
"829",-2.93166491830522,-4.74028265963668,42
"830",-2.4688500832436,-4.74028265963668,42
"831",-2.00603524818199,-4.74028265963668,42
"832",-1.54322041312037,-4.74028265963668,42
"833",-1.08040557805875,-4.74028265963668,42
"834",-0.617590742997137,-4.74028265963668,42
"835",-0.15477590793552,-4.74028265963668,42
"836",0.308038927126097,-4.74028265963668,42
"837",0.770853762187713,-4.74028265963668,42
"838",1.23366859724933,-4.74028265963668,42
"839",1.69648343231095,-4.74028265963668,42
"840",2.15929826737256,-4.74028265963668,42
"841",-6.63418359879815,-1.88313980249382,43
"842",-6.17136876373653,-1.88313980249382,43
"843",-5.70855392867492,-1.88313980249382,43
"844",-5.2457390936133,-1.88313980249382,43
"845",-4.78292425855168,-1.88313980249382,43
"846",-4.32010942349007,-4.74028265963668,43
"847",-3.85729458842845,-4.74028265963668,43
"848",-3.39447975336684,-4.74028265963668,43
"849",-2.93166491830522,-4.74028265963668,43
"850",-2.4688500832436,-4.74028265963668,43
"851",-2.00603524818199,-4.74028265963668,43
"852",-1.54322041312037,-4.74028265963668,43
"853",-1.08040557805875,-4.74028265963668,43
"854",-0.617590742997137,-4.74028265963668,43
"855",-0.15477590793552,-4.74028265963668,43
"856",0.308038927126097,-4.74028265963668,43
"857",0.770853762187713,-4.74028265963668,43
"858",1.23366859724933,-4.74028265963668,43
"859",1.69648343231095,-4.74028265963668,43
"860",2.15929826737256,-4.74028265963668,43
"861",-6.63418359879815,-1.88313980249382,44
"862",-6.17136876373653,-1.88313980249382,44
"863",-5.70855392867492,-1.88313980249382,44
"864",-5.2457390936133,-1.88313980249382,44
"865",-4.78292425855168,-2.45456837392239,44
"866",-4.32010942349007,-3.16885408820811,44
"867",-3.85729458842845,-3.59742551677954,44
"868",-3.39447975336684,-4.02599694535097,44
"869",-2.93166491830522,-4.31171123106525,44
"870",-2.4688500832436,-4.45456837392239,44
"871",-2.00603524818199,-4.59742551677954,44
"872",-1.54322041312037,-4.74028265963668,44
"873",-1.08040557805875,-4.74028265963668,44
"874",-0.617590742997137,-4.74028265963668,44
"875",-0.15477590793552,-4.74028265963668,44
"876",0.308038927126097,-4.74028265963668,44
"877",0.770853762187713,-4.74028265963668,44
"878",1.23366859724933,-4.74028265963668,44
"879",1.69648343231095,-4.74028265963668,44
"880",2.15929826737256,-4.74028265963668,44
"881",-6.63418359879815,-1.88313980249382,45
"882",-6.17136876373653,-1.88313980249382,45
"883",-5.70855392867492,-1.88313980249382,45
"884",-5.2457390936133,-2.31171123106525,45
"885",-4.78292425855168,-2.59742551677954,45
"886",-4.32010942349007,-2.74028265963668,45
"887",-3.85729458842845,-2.88313980249382,45
"888",-3.39447975336684,-2.88313980249382,45
"889",-2.93166491830522,-3.02599694535097,45
"890",-2.4688500832436,-3.31171123106525,45
"891",-2.00603524818199,-3.88313980249382,45
"892",-1.54322041312037,-4.74028265963668,45
"893",-1.08040557805875,-4.74028265963668,45
"894",-0.617590742997137,-4.74028265963668,45
"895",-0.15477590793552,-4.74028265963668,45
"896",0.308038927126097,-4.74028265963668,45
"897",0.770853762187713,-4.74028265963668,45
"898",1.23366859724933,-4.74028265963668,45
"899",1.69648343231095,-4.74028265963668,45
"900",2.15929826737256,-4.74028265963668,45
"901",-6.63418359879815,-1.88313980249382,46
"902",-6.17136876373653,-1.88313980249382,46
"903",-5.70855392867492,-1.88313980249382,46
"904",-5.2457390936133,-1.88313980249382,46
"905",-4.78292425855168,-2.45456837392239,46
"906",-4.32010942349007,-2.88313980249382,46
"907",-3.85729458842845,-3.16885408820811,46
"908",-3.39447975336684,-3.45456837392239,46
"909",-2.93166491830522,-3.59742551677954,46
"910",-2.4688500832436,-3.74028265963668,46
"911",-2.00603524818199,-4.16885408820811,46
"912",-1.54322041312037,-4.59742551677954,46
"913",-1.08040557805875,-4.74028265963668,46
"914",-0.617590742997137,-4.74028265963668,46
"915",-0.15477590793552,-4.74028265963668,46
"916",0.308038927126097,-4.74028265963668,46
"917",0.770853762187713,-4.74028265963668,46
"918",1.23366859724933,-4.74028265963668,46
"919",1.69648343231095,-4.74028265963668,46
"920",2.15929826737256,-4.74028265963668,46
"921",-6.63418359879815,-1.88313980249382,47
"922",-6.17136876373653,-1.88313980249382,47
"923",-5.70855392867492,-1.88313980249382,47
"924",-5.2457390936133,-2.02599694535097,47
"925",-4.78292425855168,-2.59742551677954,47
"926",-4.32010942349007,-2.88313980249382,47
"927",-3.85729458842845,-3.31171123106525,47
"928",-3.39447975336684,-3.59742551677954,47
"929",-2.93166491830522,-3.74028265963668,47
"930",-2.4688500832436,-4.02599694535097,47
"931",-2.00603524818199,-4.16885408820811,47
"932",-1.54322041312037,-4.31171123106525,47
"933",-1.08040557805875,-4.74028265963668,47
"934",-0.617590742997137,-4.74028265963668,47
"935",-0.15477590793552,-4.74028265963668,47
"936",0.308038927126097,-4.74028265963668,47
"937",0.770853762187713,-4.74028265963668,47
"938",1.23366859724933,-4.74028265963668,47
"939",1.69648343231095,-4.74028265963668,47
"940",2.15929826737256,-4.74028265963668,47
"941",-6.63418359879815,-1.88313980249382,48
"942",-6.17136876373653,-1.88313980249382,48
"943",-5.70855392867492,-1.88313980249382,48
"944",-5.2457390936133,-1.88313980249382,48
"945",-4.78292425855168,-2.45456837392239,48
"946",-4.32010942349007,-3.02599694535097,48
"947",-3.85729458842845,-3.59742551677954,48
"948",-3.39447975336684,-4.02599694535097,48
"949",-2.93166491830522,-4.59742551677954,48
"950",-2.4688500832436,-4.74028265963668,48
"951",-2.00603524818199,-4.74028265963668,48
"952",-1.54322041312037,-4.74028265963668,48
"953",-1.08040557805875,-4.74028265963668,48
"954",-0.617590742997137,-4.74028265963668,48
"955",-0.15477590793552,-4.74028265963668,48
"956",0.308038927126097,-4.74028265963668,48
"957",0.770853762187713,-4.74028265963668,48
"958",1.23366859724933,-4.74028265963668,48
"959",1.69648343231095,-4.74028265963668,48
"960",2.15929826737256,-4.74028265963668,48
"961",-6.63418359879815,-1.88313980249382,49
"962",-6.17136876373653,-1.88313980249382,49
"963",-5.70855392867492,-1.88313980249382,49
"964",-5.2457390936133,-1.88313980249382,49
"965",-4.78292425855168,-2.45456837392239,49
"966",-4.32010942349007,-3.02599694535097,49
"967",-3.85729458842845,-3.45456837392239,49
"968",-3.39447975336684,-3.74028265963668,49
"969",-2.93166491830522,-4.16885408820811,49
"970",-2.4688500832436,-4.45456837392239,49
"971",-2.00603524818199,-4.59742551677954,49
"972",-1.54322041312037,-4.74028265963668,49
"973",-1.08040557805875,-4.74028265963668,49
"974",-0.617590742997137,-4.74028265963668,49
"975",-0.15477590793552,-4.74028265963668,49
"976",0.308038927126097,-4.74028265963668,49
"977",0.770853762187713,-4.74028265963668,49
"978",1.23366859724933,-4.74028265963668,49
"979",1.69648343231095,-4.74028265963668,49
"980",2.15929826737256,-4.74028265963668,49
"981",-6.63418359879815,-1.88313980249382,50
"982",-6.17136876373653,-1.88313980249382,50
"983",-5.70855392867492,-1.88313980249382,50
"984",-5.2457390936133,-1.88313980249382,50
"985",-4.78292425855168,-2.59742551677954,50
"986",-4.32010942349007,-2.88313980249382,50
"987",-3.85729458842845,-3.16885408820811,50
"988",-3.39447975336684,-3.74028265963668,50
"989",-2.93166491830522,-4.16885408820811,50
"990",-2.4688500832436,-4.31171123106525,50
"991",-2.00603524818199,-4.45456837392239,50
"992",-1.54322041312037,-4.59742551677954,50
"993",-1.08040557805875,-4.59742551677954,50
"994",-0.617590742997137,-4.59742551677954,50
"995",-0.15477590793552,-4.59742551677954,50
"996",0.308038927126097,-4.59742551677954,50
"997",0.770853762187713,-4.74028265963668,50
"998",1.23366859724933,-4.74028265963668,50
"999",1.69648343231095,-4.74028265963668,50
"1000",2.15929826737256,-4.74028265963668,50
"1001",-6.63418359879815,-1.88313980249382,51
"1002",-6.17136876373653,-1.88313980249382,51
"1003",-5.70855392867492,-1.88313980249382,51
"1004",-5.2457390936133,-2.16885408820811,51
"1005",-4.78292425855168,-2.59742551677954,51
"1006",-4.32010942349007,-2.88313980249382,51
"1007",-3.85729458842845,-3.31171123106525,51
"1008",-3.39447975336684,-3.59742551677954,51
"1009",-2.93166491830522,-3.74028265963668,51
"1010",-2.4688500832436,-4.02599694535097,51
"1011",-2.00603524818199,-4.16885408820811,51
"1012",-1.54322041312037,-4.59742551677954,51
"1013",-1.08040557805875,-4.74028265963668,51
"1014",-0.617590742997137,-4.74028265963668,51
"1015",-0.15477590793552,-4.74028265963668,51
"1016",0.308038927126097,-4.74028265963668,51
"1017",0.770853762187713,-4.74028265963668,51
"1018",1.23366859724933,-4.74028265963668,51
"1019",1.69648343231095,-4.74028265963668,51
"1020",2.15929826737256,-4.74028265963668,51
"1021",-6.63418359879815,-1.88313980249382,52
"1022",-6.17136876373653,-1.88313980249382,52
"1023",-5.70855392867492,-1.88313980249382,52
"1024",-5.2457390936133,-1.88313980249382,52
"1025",-4.78292425855168,-2.45456837392239,52
"1026",-4.32010942349007,-3.02599694535097,52
"1027",-3.85729458842845,-3.45456837392239,52
"1028",-3.39447975336684,-3.74028265963668,52
"1029",-2.93166491830522,-4.02599694535097,52
"1030",-2.4688500832436,-4.16885408820811,52
"1031",-2.00603524818199,-4.45456837392239,52
"1032",-1.54322041312037,-4.59742551677954,52
"1033",-1.08040557805875,-4.59742551677954,52
"1034",-0.617590742997137,-4.74028265963668,52
"1035",-0.15477590793552,-4.74028265963668,52
"1036",0.308038927126097,-4.74028265963668,52
"1037",0.770853762187713,-4.74028265963668,52
"1038",1.23366859724933,-4.74028265963668,52
"1039",1.69648343231095,-4.74028265963668,52
"1040",2.15929826737256,-4.74028265963668,52
"1041",-6.63418359879815,-1.88313980249382,53
"1042",-6.17136876373653,-1.88313980249382,53
"1043",-5.70855392867492,-1.88313980249382,53
"1044",-5.2457390936133,-1.88313980249382,53
"1045",-4.78292425855168,-2.45456837392239,53
"1046",-4.32010942349007,-3.16885408820811,53
"1047",-3.85729458842845,-3.59742551677954,53
"1048",-3.39447975336684,-4.02599694535097,53
"1049",-2.93166491830522,-4.31171123106525,53
"1050",-2.4688500832436,-4.59742551677954,53
"1051",-2.00603524818199,-4.74028265963668,53
"1052",-1.54322041312037,-4.74028265963668,53
"1053",-1.08040557805875,-4.74028265963668,53
"1054",-0.617590742997137,-4.74028265963668,53
"1055",-0.15477590793552,-4.74028265963668,53
"1056",0.308038927126097,-4.74028265963668,53
"1057",0.770853762187713,-4.74028265963668,53
"1058",1.23366859724933,-4.74028265963668,53
"1059",1.69648343231095,-4.74028265963668,53
"1060",2.15929826737256,-4.74028265963668,53
"1061",-6.63418359879815,-1.88313980249382,54
"1062",-6.17136876373653,-1.88313980249382,54
"1063",-5.70855392867492,-1.88313980249382,54
"1064",-5.2457390936133,-1.88313980249382,54
"1065",-4.78292425855168,-2.31171123106525,54
"1066",-4.32010942349007,-3.31171123106525,54
"1067",-3.85729458842845,-4.02599694535097,54
"1068",-3.39447975336684,-4.59742551677954,54
"1069",-2.93166491830522,-4.74028265963668,54
"1070",-2.4688500832436,-4.74028265963668,54
"1071",-2.00603524818199,-4.74028265963668,54
"1072",-1.54322041312037,-4.74028265963668,54
"1073",-1.08040557805875,-4.74028265963668,54
"1074",-0.617590742997137,-4.74028265963668,54
"1075",-0.15477590793552,-4.74028265963668,54
"1076",0.308038927126097,-4.74028265963668,54
"1077",0.770853762187713,-4.74028265963668,54
"1078",1.23366859724933,-4.74028265963668,54
"1079",1.69648343231095,-4.74028265963668,54
"1080",2.15929826737256,-4.74028265963668,54
"1081",-6.63418359879815,-1.88313980249382,55
"1082",-6.17136876373653,-1.88313980249382,55
"1083",-5.70855392867492,-1.88313980249382,55
"1084",-5.2457390936133,-1.88313980249382,55
"1085",-4.78292425855168,-2.45456837392239,55
"1086",-4.32010942349007,-3.02599694535097,55
"1087",-3.85729458842845,-3.45456837392239,55
"1088",-3.39447975336684,-3.88313980249382,55
"1089",-2.93166491830522,-4.31171123106525,55
"1090",-2.4688500832436,-4.59742551677954,55
"1091",-2.00603524818199,-4.74028265963668,55
"1092",-1.54322041312037,-4.74028265963668,55
"1093",-1.08040557805875,-4.74028265963668,55
"1094",-0.617590742997137,-4.74028265963668,55
"1095",-0.15477590793552,-4.74028265963668,55
"1096",0.308038927126097,-4.74028265963668,55
"1097",0.770853762187713,-4.74028265963668,55
"1098",1.23366859724933,-4.74028265963668,55
"1099",1.69648343231095,-4.74028265963668,55
"1100",2.15929826737256,-4.74028265963668,55
"1101",-6.63418359879815,-1.88313980249382,56
"1102",-6.17136876373653,-1.88313980249382,56
"1103",-5.70855392867492,-1.88313980249382,56
"1104",-5.2457390936133,-1.88313980249382,56
"1105",-4.78292425855168,-2.45456837392239,56
"1106",-4.32010942349007,-3.02599694535097,56
"1107",-3.85729458842845,-3.45456837392239,56
"1108",-3.39447975336684,-3.74028265963668,56
"1109",-2.93166491830522,-4.16885408820811,56
"1110",-2.4688500832436,-4.31171123106525,56
"1111",-2.00603524818199,-4.59742551677954,56
"1112",-1.54322041312037,-4.74028265963668,56
"1113",-1.08040557805875,-4.74028265963668,56
"1114",-0.617590742997137,-4.74028265963668,56
"1115",-0.15477590793552,-4.74028265963668,56
"1116",0.308038927126097,-4.74028265963668,56
"1117",0.770853762187713,-4.74028265963668,56
"1118",1.23366859724933,-4.74028265963668,56
"1119",1.69648343231095,-4.74028265963668,56
"1120",2.15929826737256,-4.74028265963668,56
"1121",-6.63418359879815,-1.88313980249382,57
"1122",-6.17136876373653,-1.88313980249382,57
"1123",-5.70855392867492,-1.88313980249382,57
"1124",-5.2457390936133,-1.88313980249382,57
"1125",-4.78292425855168,-2.45456837392239,57
"1126",-4.32010942349007,-3.02599694535097,57
"1127",-3.85729458842845,-3.45456837392239,57
"1128",-3.39447975336684,-3.88313980249382,57
"1129",-2.93166491830522,-4.16885408820811,57
"1130",-2.4688500832436,-4.45456837392239,57
"1131",-2.00603524818199,-4.59742551677954,57
"1132",-1.54322041312037,-4.74028265963668,57
"1133",-1.08040557805875,-4.74028265963668,57
"1134",-0.617590742997137,-4.74028265963668,57
"1135",-0.15477590793552,-4.74028265963668,57
"1136",0.308038927126097,-4.74028265963668,57
"1137",0.770853762187713,-4.74028265963668,57
"1138",1.23366859724933,-4.74028265963668,57
"1139",1.69648343231095,-4.74028265963668,57
"1140",2.15929826737256,-4.74028265963668,57
"1141",-6.63418359879815,-1.88313980249382,58
"1142",-6.17136876373653,-1.88313980249382,58
"1143",-5.70855392867492,-1.88313980249382,58
"1144",-5.2457390936133,-1.88313980249382,58
"1145",-4.78292425855168,-2.45456837392239,58
"1146",-4.32010942349007,-3.02599694535097,58
"1147",-3.85729458842845,-3.45456837392239,58
"1148",-3.39447975336684,-3.88313980249382,58
"1149",-2.93166491830522,-4.16885408820811,58
"1150",-2.4688500832436,-4.45456837392239,58
"1151",-2.00603524818199,-4.59742551677954,58
"1152",-1.54322041312037,-4.74028265963668,58
"1153",-1.08040557805875,-4.74028265963668,58
"1154",-0.617590742997137,-4.74028265963668,58
"1155",-0.15477590793552,-4.74028265963668,58
"1156",0.308038927126097,-4.74028265963668,58
"1157",0.770853762187713,-4.74028265963668,58
"1158",1.23366859724933,-4.74028265963668,58
"1159",1.69648343231095,-4.74028265963668,58
"1160",2.15929826737256,-4.74028265963668,58
"1161",-6.63418359879815,-1.88313980249382,59
"1162",-6.17136876373653,-1.88313980249382,59
"1163",-5.70855392867492,-1.88313980249382,59
"1164",-5.2457390936133,-1.88313980249382,59
"1165",-4.78292425855168,-2.45456837392239,59
"1166",-4.32010942349007,-3.02599694535097,59
"1167",-3.85729458842845,-3.45456837392239,59
"1168",-3.39447975336684,-3.88313980249382,59
"1169",-2.93166491830522,-4.31171123106525,59
"1170",-2.4688500832436,-4.59742551677954,59
"1171",-2.00603524818199,-4.74028265963668,59
"1172",-1.54322041312037,-4.74028265963668,59
"1173",-1.08040557805875,-4.74028265963668,59
"1174",-0.617590742997137,-4.74028265963668,59
"1175",-0.15477590793552,-4.74028265963668,59
"1176",0.308038927126097,-4.74028265963668,59
"1177",0.770853762187713,-4.74028265963668,59
"1178",1.23366859724933,-4.74028265963668,59
"1179",1.69648343231095,-4.74028265963668,59
"1180",2.15929826737256,-4.74028265963668,59
"1181",-6.63418359879815,-1.88313980249382,60
"1182",-6.17136876373653,-1.88313980249382,60
"1183",-5.70855392867492,-1.88313980249382,60
"1184",-5.2457390936133,-1.88313980249382,60
"1185",-4.78292425855168,-2.45456837392239,60
"1186",-4.32010942349007,-3.02599694535097,60
"1187",-3.85729458842845,-3.59742551677954,60
"1188",-3.39447975336684,-3.88313980249382,60
"1189",-2.93166491830522,-4.31171123106525,60
"1190",-2.4688500832436,-4.59742551677954,60
"1191",-2.00603524818199,-4.74028265963668,60
"1192",-1.54322041312037,-4.74028265963668,60
"1193",-1.08040557805875,-4.74028265963668,60
"1194",-0.617590742997137,-4.74028265963668,60
"1195",-0.15477590793552,-4.74028265963668,60
"1196",0.308038927126097,-4.74028265963668,60
"1197",0.770853762187713,-4.74028265963668,60
"1198",1.23366859724933,-4.74028265963668,60
"1199",1.69648343231095,-4.74028265963668,60
"1200",2.15929826737256,-4.74028265963668,60
"1201",-6.63418359879815,-1.88313980249382,61
"1202",-6.17136876373653,-1.88313980249382,61
"1203",-5.70855392867492,-1.88313980249382,61
"1204",-5.2457390936133,-1.88313980249382,61
"1205",-4.78292425855168,-2.45456837392239,61
"1206",-4.32010942349007,-3.02599694535097,61
"1207",-3.85729458842845,-3.45456837392239,61
"1208",-3.39447975336684,-3.74028265963668,61
"1209",-2.93166491830522,-4.02599694535097,61
"1210",-2.4688500832436,-4.31171123106525,61
"1211",-2.00603524818199,-4.45456837392239,61
"1212",-1.54322041312037,-4.59742551677954,61
"1213",-1.08040557805875,-4.74028265963668,61
"1214",-0.617590742997137,-4.74028265963668,61
"1215",-0.15477590793552,-4.74028265963668,61
"1216",0.308038927126097,-4.74028265963668,61
"1217",0.770853762187713,-4.74028265963668,61
"1218",1.23366859724933,-4.74028265963668,61
"1219",1.69648343231095,-4.74028265963668,61
"1220",2.15929826737256,-4.74028265963668,61
"1221",-6.63418359879815,-1.88313980249382,62
"1222",-6.17136876373653,-1.88313980249382,62
"1223",-5.70855392867492,-1.88313980249382,62
"1224",-5.2457390936133,-1.88313980249382,62
"1225",-4.78292425855168,-2.31171123106525,62
"1226",-4.32010942349007,-3.31171123106525,62
"1227",-3.85729458842845,-4.02599694535097,62
"1228",-3.39447975336684,-4.59742551677954,62
"1229",-2.93166491830522,-4.74028265963668,62
"1230",-2.4688500832436,-4.74028265963668,62
"1231",-2.00603524818199,-4.74028265963668,62
"1232",-1.54322041312037,-4.74028265963668,62
"1233",-1.08040557805875,-4.74028265963668,62
"1234",-0.617590742997137,-4.74028265963668,62
"1235",-0.15477590793552,-4.74028265963668,62
"1236",0.308038927126097,-4.74028265963668,62
"1237",0.770853762187713,-4.74028265963668,62
"1238",1.23366859724933,-4.74028265963668,62
"1239",1.69648343231095,-4.74028265963668,62
"1240",2.15929826737256,-4.74028265963668,62
"1241",-6.63418359879815,-1.88313980249382,63
"1242",-6.17136876373653,-1.88313980249382,63
"1243",-5.70855392867492,-1.88313980249382,63
"1244",-5.2457390936133,-1.88313980249382,63
"1245",-4.78292425855168,-2.31171123106525,63
"1246",-4.32010942349007,-3.16885408820811,63
"1247",-3.85729458842845,-3.74028265963668,63
"1248",-3.39447975336684,-4.16885408820811,63
"1249",-2.93166491830522,-4.45456837392239,63
"1250",-2.4688500832436,-4.74028265963668,63
"1251",-2.00603524818199,-4.74028265963668,63
"1252",-1.54322041312037,-4.74028265963668,63
"1253",-1.08040557805875,-4.74028265963668,63
"1254",-0.617590742997137,-4.74028265963668,63
"1255",-0.15477590793552,-4.74028265963668,63
"1256",0.308038927126097,-4.74028265963668,63
"1257",0.770853762187713,-4.74028265963668,63
"1258",1.23366859724933,-4.74028265963668,63
"1259",1.69648343231095,-4.74028265963668,63
"1260",2.15929826737256,-4.74028265963668,63
"1261",-6.63418359879815,-1.88313980249382,64
"1262",-6.17136876373653,-1.88313980249382,64
"1263",-5.70855392867492,-1.88313980249382,64
"1264",-5.2457390936133,-1.88313980249382,64
"1265",-4.78292425855168,-2.31171123106525,64
"1266",-4.32010942349007,-3.31171123106525,64
"1267",-3.85729458842845,-4.02599694535097,64
"1268",-3.39447975336684,-4.59742551677954,64
"1269",-2.93166491830522,-4.74028265963668,64
"1270",-2.4688500832436,-4.74028265963668,64
"1271",-2.00603524818199,-4.74028265963668,64
"1272",-1.54322041312037,-4.74028265963668,64
"1273",-1.08040557805875,-4.74028265963668,64
"1274",-0.617590742997137,-4.74028265963668,64
"1275",-0.15477590793552,-4.74028265963668,64
"1276",0.308038927126097,-4.74028265963668,64
"1277",0.770853762187713,-4.74028265963668,64
"1278",1.23366859724933,-4.74028265963668,64
"1279",1.69648343231095,-4.74028265963668,64
"1280",2.15929826737256,-4.74028265963668,64
"1281",-6.63418359879815,-1.88313980249382,65
"1282",-6.17136876373653,-1.88313980249382,65
"1283",-5.70855392867492,-1.88313980249382,65
"1284",-5.2457390936133,-1.88313980249382,65
"1285",-4.78292425855168,-2.16885408820811,65
"1286",-4.32010942349007,-3.16885408820811,65
"1287",-3.85729458842845,-3.59742551677954,65
"1288",-3.39447975336684,-3.88313980249382,65
"1289",-2.93166491830522,-4.02599694535097,65
"1290",-2.4688500832436,-4.16885408820811,65
"1291",-2.00603524818199,-4.16885408820811,65
"1292",-1.54322041312037,-4.31171123106525,65
"1293",-1.08040557805875,-4.31171123106525,65
"1294",-0.617590742997137,-4.45456837392239,65
"1295",-0.15477590793552,-4.45456837392239,65
"1296",0.308038927126097,-4.59742551677954,65
"1297",0.770853762187713,-4.59742551677954,65
"1298",1.23366859724933,-4.59742551677954,65
"1299",1.69648343231095,-4.59742551677954,65
"1300",2.15929826737256,-4.74028265963668,65
"1301",-6.63418359879815,-1.88313980249382,66
"1302",-6.17136876373653,-1.88313980249382,66
"1303",-5.70855392867492,-1.88313980249382,66
"1304",-5.2457390936133,-1.88313980249382,66
"1305",-4.78292425855168,-2.31171123106525,66
"1306",-4.32010942349007,-3.31171123106525,66
"1307",-3.85729458842845,-4.02599694535097,66
"1308",-3.39447975336684,-4.59742551677954,66
"1309",-2.93166491830522,-4.74028265963668,66
"1310",-2.4688500832436,-4.74028265963668,66
"1311",-2.00603524818199,-4.74028265963668,66
"1312",-1.54322041312037,-4.74028265963668,66
"1313",-1.08040557805875,-4.74028265963668,66
"1314",-0.617590742997137,-4.74028265963668,66
"1315",-0.15477590793552,-4.74028265963668,66
"1316",0.308038927126097,-4.74028265963668,66
"1317",0.770853762187713,-4.74028265963668,66
"1318",1.23366859724933,-4.74028265963668,66
"1319",1.69648343231095,-4.74028265963668,66
"1320",2.15929826737256,-4.74028265963668,66
"1321",-6.63418359879815,-1.88313980249382,67
"1322",-6.17136876373653,-1.88313980249382,67
"1323",-5.70855392867492,-1.88313980249382,67
"1324",-5.2457390936133,-1.88313980249382,67
"1325",-4.78292425855168,-2.45456837392239,67
"1326",-4.32010942349007,-3.02599694535097,67
"1327",-3.85729458842845,-3.45456837392239,67
"1328",-3.39447975336684,-3.74028265963668,67
"1329",-2.93166491830522,-4.02599694535097,67
"1330",-2.4688500832436,-4.31171123106525,67
"1331",-2.00603524818199,-4.45456837392239,67
"1332",-1.54322041312037,-4.59742551677954,67
"1333",-1.08040557805875,-4.59742551677954,67
"1334",-0.617590742997137,-4.74028265963668,67
"1335",-0.15477590793552,-4.74028265963668,67
"1336",0.308038927126097,-4.74028265963668,67
"1337",0.770853762187713,-4.74028265963668,67
"1338",1.23366859724933,-4.74028265963668,67
"1339",1.69648343231095,-4.74028265963668,67
"1340",2.15929826737256,-4.74028265963668,67
"1341",-6.63418359879815,-1.88313980249382,68
"1342",-6.17136876373653,-1.88313980249382,68
"1343",-5.70855392867492,-1.88313980249382,68
"1344",-5.2457390936133,-1.88313980249382,68
"1345",-4.78292425855168,-2.45456837392239,68
"1346",-4.32010942349007,-2.88313980249382,68
"1347",-3.85729458842845,-2.88313980249382,68
"1348",-3.39447975336684,-2.88313980249382,68
"1349",-2.93166491830522,-3.02599694535097,68
"1350",-2.4688500832436,-3.02599694535097,68
"1351",-2.00603524818199,-3.16885408820811,68
"1352",-1.54322041312037,-3.31171123106525,68
"1353",-1.08040557805875,-3.45456837392239,68
"1354",-0.617590742997137,-3.59742551677954,68
"1355",-0.15477590793552,-3.74028265963668,68
"1356",0.308038927126097,-3.88313980249382,68
"1357",0.770853762187713,-3.88313980249382,68
"1358",1.23366859724933,-4.02599694535097,68
"1359",1.69648343231095,-4.02599694535097,68
"1360",2.15929826737256,-4.16885408820811,68
"1361",-6.63418359879815,-1.88313980249382,69
"1362",-6.17136876373653,-1.88313980249382,69
"1363",-5.70855392867492,-1.88313980249382,69
"1364",-5.2457390936133,-1.88313980249382,69
"1365",-4.78292425855168,-1.88313980249382,69
"1366",-4.32010942349007,-4.16885408820811,69
"1367",-3.85729458842845,-4.74028265963668,69
"1368",-3.39447975336684,-4.74028265963668,69
"1369",-2.93166491830522,-4.74028265963668,69
"1370",-2.4688500832436,-4.74028265963668,69
"1371",-2.00603524818199,-4.74028265963668,69
"1372",-1.54322041312037,-4.74028265963668,69
"1373",-1.08040557805875,-4.74028265963668,69
"1374",-0.617590742997137,-4.74028265963668,69
"1375",-0.15477590793552,-4.74028265963668,69
"1376",0.308038927126097,-4.74028265963668,69
"1377",0.770853762187713,-4.74028265963668,69
"1378",1.23366859724933,-4.74028265963668,69
"1379",1.69648343231095,-4.74028265963668,69
"1380",2.15929826737256,-4.74028265963668,69
"1381",-6.63418359879815,-1.88313980249382,70
"1382",-6.17136876373653,-1.88313980249382,70
"1383",-5.70855392867492,-1.88313980249382,70
"1384",-5.2457390936133,-1.88313980249382,70
"1385",-4.78292425855168,-2.45456837392239,70
"1386",-4.32010942349007,-3.02599694535097,70
"1387",-3.85729458842845,-3.45456837392239,70
"1388",-3.39447975336684,-3.59742551677954,70
"1389",-2.93166491830522,-3.74028265963668,70
"1390",-2.4688500832436,-3.74028265963668,70
"1391",-2.00603524818199,-3.74028265963668,70
"1392",-1.54322041312037,-3.88313980249382,70
"1393",-1.08040557805875,-4.16885408820811,70
"1394",-0.617590742997137,-4.45456837392239,70
"1395",-0.15477590793552,-4.59742551677954,70
"1396",0.308038927126097,-4.74028265963668,70
"1397",0.770853762187713,-4.74028265963668,70
"1398",1.23366859724933,-4.74028265963668,70
"1399",1.69648343231095,-4.74028265963668,70
"1400",2.15929826737256,-4.74028265963668,70
"1401",-6.63418359879815,-1.88313980249382,71
"1402",-6.17136876373653,-1.88313980249382,71
"1403",-5.70855392867492,-1.88313980249382,71
"1404",-5.2457390936133,-1.88313980249382,71
"1405",-4.78292425855168,-2.31171123106525,71
"1406",-4.32010942349007,-3.88313980249382,71
"1407",-3.85729458842845,-4.74028265963668,71
"1408",-3.39447975336684,-4.74028265963668,71
"1409",-2.93166491830522,-4.74028265963668,71
"1410",-2.4688500832436,-4.74028265963668,71
"1411",-2.00603524818199,-4.74028265963668,71
"1412",-1.54322041312037,-4.74028265963668,71
"1413",-1.08040557805875,-4.74028265963668,71
"1414",-0.617590742997137,-4.74028265963668,71
"1415",-0.15477590793552,-4.74028265963668,71
"1416",0.308038927126097,-4.74028265963668,71
"1417",0.770853762187713,-4.74028265963668,71
"1418",1.23366859724933,-4.74028265963668,71
"1419",1.69648343231095,-4.74028265963668,71
"1420",2.15929826737256,-4.74028265963668,71
"1421",-6.63418359879815,-1.88313980249382,72
"1422",-6.17136876373653,-1.88313980249382,72
"1423",-5.70855392867492,-1.88313980249382,72
"1424",-5.2457390936133,-2.16885408820811,72
"1425",-4.78292425855168,-2.59742551677954,72
"1426",-4.32010942349007,-2.88313980249382,72
"1427",-3.85729458842845,-3.02599694535097,72
"1428",-3.39447975336684,-3.31171123106525,72
"1429",-2.93166491830522,-3.59742551677954,72
"1430",-2.4688500832436,-3.59742551677954,72
"1431",-2.00603524818199,-3.74028265963668,72
"1432",-1.54322041312037,-4.74028265963668,72
"1433",-1.08040557805875,-4.74028265963668,72
"1434",-0.617590742997137,-4.74028265963668,72
"1435",-0.15477590793552,-4.74028265963668,72
"1436",0.308038927126097,-4.74028265963668,72
"1437",0.770853762187713,-4.74028265963668,72
"1438",1.23366859724933,-4.74028265963668,72
"1439",1.69648343231095,-4.74028265963668,72
"1440",2.15929826737256,-4.74028265963668,72
"1441",-6.63418359879815,-1.88313980249382,73
"1442",-6.17136876373653,-1.88313980249382,73
"1443",-5.70855392867492,-1.88313980249382,73
"1444",-5.2457390936133,-1.88313980249382,73
"1445",-4.78292425855168,-1.88313980249382,73
"1446",-4.32010942349007,-4.45456837392239,73
"1447",-3.85729458842845,-4.74028265963668,73
"1448",-3.39447975336684,-4.74028265963668,73
"1449",-2.93166491830522,-4.74028265963668,73
"1450",-2.4688500832436,-4.74028265963668,73
"1451",-2.00603524818199,-4.74028265963668,73
"1452",-1.54322041312037,-4.74028265963668,73
"1453",-1.08040557805875,-4.74028265963668,73
"1454",-0.617590742997137,-4.74028265963668,73
"1455",-0.15477590793552,-4.74028265963668,73
"1456",0.308038927126097,-4.74028265963668,73
"1457",0.770853762187713,-4.74028265963668,73
"1458",1.23366859724933,-4.74028265963668,73
"1459",1.69648343231095,-4.74028265963668,73
"1460",2.15929826737256,-4.74028265963668,73
"1461",-6.63418359879815,-1.88313980249382,74
"1462",-6.17136876373653,-1.88313980249382,74
"1463",-5.70855392867492,-1.88313980249382,74
"1464",-5.2457390936133,-2.16885408820811,74
"1465",-4.78292425855168,-2.59742551677954,74
"1466",-4.32010942349007,-2.88313980249382,74
"1467",-3.85729458842845,-3.31171123106525,74
"1468",-3.39447975336684,-4.31171123106525,74
"1469",-2.93166491830522,-4.74028265963668,74
"1470",-2.4688500832436,-4.74028265963668,74
"1471",-2.00603524818199,-4.74028265963668,74
"1472",-1.54322041312037,-4.74028265963668,74
"1473",-1.08040557805875,-4.74028265963668,74
"1474",-0.617590742997137,-4.74028265963668,74
"1475",-0.15477590793552,-4.74028265963668,74
"1476",0.308038927126097,-4.74028265963668,74
"1477",0.770853762187713,-4.74028265963668,74
"1478",1.23366859724933,-4.74028265963668,74
"1479",1.69648343231095,-4.74028265963668,74
"1480",2.15929826737256,-4.74028265963668,74
"1481",-6.63418359879815,-1.88313980249382,75
"1482",-6.17136876373653,-1.88313980249382,75
"1483",-5.70855392867492,-1.88313980249382,75
"1484",-5.2457390936133,-2.02599694535097,75
"1485",-4.78292425855168,-2.45456837392239,75
"1486",-4.32010942349007,-3.88313980249382,75
"1487",-3.85729458842845,-4.31171123106525,75
"1488",-3.39447975336684,-4.45456837392239,75
"1489",-2.93166491830522,-4.45456837392239,75
"1490",-2.4688500832436,-4.45456837392239,75
"1491",-2.00603524818199,-4.45456837392239,75
"1492",-1.54322041312037,-4.45456837392239,75
"1493",-1.08040557805875,-4.45456837392239,75
"1494",-0.617590742997137,-4.74028265963668,75
"1495",-0.15477590793552,-4.74028265963668,75
"1496",0.308038927126097,-4.74028265963668,75
"1497",0.770853762187713,-4.74028265963668,75
"1498",1.23366859724933,-4.74028265963668,75
"1499",1.69648343231095,-4.74028265963668,75
"1500",2.15929826737256,-4.74028265963668,75
"1501",-6.63418359879815,-1.88313980249382,76
"1502",-6.17136876373653,-1.88313980249382,76
"1503",-5.70855392867492,-1.88313980249382,76
"1504",-5.2457390936133,-1.88313980249382,76
"1505",-4.78292425855168,-2.45456837392239,76
"1506",-4.32010942349007,-3.02599694535097,76
"1507",-3.85729458842845,-3.45456837392239,76
"1508",-3.39447975336684,-3.59742551677954,76
"1509",-2.93166491830522,-3.88313980249382,76
"1510",-2.4688500832436,-4.02599694535097,76
"1511",-2.00603524818199,-4.16885408820811,76
"1512",-1.54322041312037,-4.16885408820811,76
"1513",-1.08040557805875,-4.16885408820811,76
"1514",-0.617590742997137,-4.31171123106525,76
"1515",-0.15477590793552,-4.45456837392239,76
"1516",0.308038927126097,-4.59742551677954,76
"1517",0.770853762187713,-4.74028265963668,76
"1518",1.23366859724933,-4.74028265963668,76
"1519",1.69648343231095,-4.74028265963668,76
"1520",2.15929826737256,-4.74028265963668,76
"1521",-6.63418359879815,-1.88313980249382,77
"1522",-6.17136876373653,-1.88313980249382,77
"1523",-5.70855392867492,-1.88313980249382,77
"1524",-5.2457390936133,-1.88313980249382,77
"1525",-4.78292425855168,-2.31171123106525,77
"1526",-4.32010942349007,-4.74028265963668,77
"1527",-3.85729458842845,-4.74028265963668,77
"1528",-3.39447975336684,-4.74028265963668,77
"1529",-2.93166491830522,-4.74028265963668,77
"1530",-2.4688500832436,-4.74028265963668,77
"1531",-2.00603524818199,-4.74028265963668,77
"1532",-1.54322041312037,-4.74028265963668,77
"1533",-1.08040557805875,-4.74028265963668,77
"1534",-0.617590742997137,-4.74028265963668,77
"1535",-0.15477590793552,-4.74028265963668,77
"1536",0.308038927126097,-4.74028265963668,77
"1537",0.770853762187713,-4.74028265963668,77
"1538",1.23366859724933,-4.74028265963668,77
"1539",1.69648343231095,-4.74028265963668,77
"1540",2.15929826737256,-4.74028265963668,77
"1541",-6.63418359879815,-1.88313980249382,78
"1542",-6.17136876373653,-1.88313980249382,78
"1543",-5.70855392867492,-1.88313980249382,78
"1544",-5.2457390936133,-1.88313980249382,78
"1545",-4.78292425855168,-2.45456837392239,78
"1546",-4.32010942349007,-3.02599694535097,78
"1547",-3.85729458842845,-3.45456837392239,78
"1548",-3.39447975336684,-3.74028265963668,78
"1549",-2.93166491830522,-4.16885408820811,78
"1550",-2.4688500832436,-4.45456837392239,78
"1551",-2.00603524818199,-4.59742551677954,78
"1552",-1.54322041312037,-4.74028265963668,78
"1553",-1.08040557805875,-4.74028265963668,78
"1554",-0.617590742997137,-4.74028265963668,78
"1555",-0.15477590793552,-4.74028265963668,78
"1556",0.308038927126097,-4.74028265963668,78
"1557",0.770853762187713,-4.74028265963668,78
"1558",1.23366859724933,-4.74028265963668,78
"1559",1.69648343231095,-4.74028265963668,78
"1560",2.15929826737256,-4.74028265963668,78
"1561",-6.63418359879815,-1.88313980249382,79
"1562",-6.17136876373653,-1.88313980249382,79
"1563",-5.70855392867492,-1.88313980249382,79
"1564",-5.2457390936133,-1.88313980249382,79
"1565",-4.78292425855168,-2.31171123106525,79
"1566",-4.32010942349007,-3.16885408820811,79
"1567",-3.85729458842845,-3.88313980249382,79
"1568",-3.39447975336684,-4.31171123106525,79
"1569",-2.93166491830522,-4.74028265963668,79
"1570",-2.4688500832436,-4.74028265963668,79
"1571",-2.00603524818199,-4.74028265963668,79
"1572",-1.54322041312037,-4.74028265963668,79
"1573",-1.08040557805875,-4.74028265963668,79
"1574",-0.617590742997137,-4.74028265963668,79
"1575",-0.15477590793552,-4.74028265963668,79
"1576",0.308038927126097,-4.74028265963668,79
"1577",0.770853762187713,-4.74028265963668,79
"1578",1.23366859724933,-4.74028265963668,79
"1579",1.69648343231095,-4.74028265963668,79
"1580",2.15929826737256,-4.74028265963668,79
"1581",-6.63418359879815,-1.88313980249382,80
"1582",-6.17136876373653,-2.02599694535097,80
"1583",-5.70855392867492,-2.31171123106525,80
"1584",-5.2457390936133,-2.45456837392239,80
"1585",-4.78292425855168,-2.59742551677954,80
"1586",-4.32010942349007,-2.74028265963668,80
"1587",-3.85729458842845,-3.02599694535097,80
"1588",-3.39447975336684,-3.59742551677954,80
"1589",-2.93166491830522,-4.02599694535097,80
"1590",-2.4688500832436,-4.45456837392239,80
"1591",-2.00603524818199,-4.74028265963668,80
"1592",-1.54322041312037,-4.74028265963668,80
"1593",-1.08040557805875,-4.74028265963668,80
"1594",-0.617590742997137,-4.74028265963668,80
"1595",-0.15477590793552,-4.74028265963668,80
"1596",0.308038927126097,-4.74028265963668,80
"1597",0.770853762187713,-4.74028265963668,80
"1598",1.23366859724933,-4.74028265963668,80
"1599",1.69648343231095,-4.74028265963668,80
"1600",2.15929826737256,-4.74028265963668,80
"1601",-6.63418359879815,-1.88313980249382,81
"1602",-6.17136876373653,-1.88313980249382,81
"1603",-5.70855392867492,-1.88313980249382,81
"1604",-5.2457390936133,-1.88313980249382,81
"1605",-4.78292425855168,-2.45456837392239,81
"1606",-4.32010942349007,-3.02599694535097,81
"1607",-3.85729458842845,-3.45456837392239,81
"1608",-3.39447975336684,-3.88313980249382,81
"1609",-2.93166491830522,-4.16885408820811,81
"1610",-2.4688500832436,-4.45456837392239,81
"1611",-2.00603524818199,-4.59742551677954,81
"1612",-1.54322041312037,-4.74028265963668,81
"1613",-1.08040557805875,-4.74028265963668,81
"1614",-0.617590742997137,-4.74028265963668,81
"1615",-0.15477590793552,-4.74028265963668,81
"1616",0.308038927126097,-4.74028265963668,81
"1617",0.770853762187713,-4.74028265963668,81
"1618",1.23366859724933,-4.74028265963668,81
"1619",1.69648343231095,-4.74028265963668,81
"1620",2.15929826737256,-4.74028265963668,81
"1621",-6.63418359879815,-1.88313980249382,82
"1622",-6.17136876373653,-1.88313980249382,82
"1623",-5.70855392867492,-1.88313980249382,82
"1624",-5.2457390936133,-1.88313980249382,82
"1625",-4.78292425855168,-2.31171123106525,82
"1626",-4.32010942349007,-3.16885408820811,82
"1627",-3.85729458842845,-3.88313980249382,82
"1628",-3.39447975336684,-4.31171123106525,82
"1629",-2.93166491830522,-4.74028265963668,82
"1630",-2.4688500832436,-4.74028265963668,82
"1631",-2.00603524818199,-4.74028265963668,82
"1632",-1.54322041312037,-4.74028265963668,82
"1633",-1.08040557805875,-4.74028265963668,82
"1634",-0.617590742997137,-4.74028265963668,82
"1635",-0.15477590793552,-4.74028265963668,82
"1636",0.308038927126097,-4.74028265963668,82
"1637",0.770853762187713,-4.74028265963668,82
"1638",1.23366859724933,-4.74028265963668,82
"1639",1.69648343231095,-4.74028265963668,82
"1640",2.15929826737256,-4.74028265963668,82
"1641",-6.63418359879815,-1.88313980249382,83
"1642",-6.17136876373653,-1.88313980249382,83
"1643",-5.70855392867492,-1.88313980249382,83
"1644",-5.2457390936133,-1.88313980249382,83
"1645",-4.78292425855168,-2.45456837392239,83
"1646",-4.32010942349007,-3.02599694535097,83
"1647",-3.85729458842845,-3.59742551677954,83
"1648",-3.39447975336684,-4.02599694535097,83
"1649",-2.93166491830522,-4.45456837392239,83
"1650",-2.4688500832436,-4.74028265963668,83
"1651",-2.00603524818199,-4.74028265963668,83
"1652",-1.54322041312037,-4.74028265963668,83
"1653",-1.08040557805875,-4.74028265963668,83
"1654",-0.617590742997137,-4.74028265963668,83
"1655",-0.15477590793552,-4.74028265963668,83
"1656",0.308038927126097,-4.74028265963668,83
"1657",0.770853762187713,-4.74028265963668,83
"1658",1.23366859724933,-4.74028265963668,83
"1659",1.69648343231095,-4.74028265963668,83
"1660",2.15929826737256,-4.74028265963668,83
"1661",-6.63418359879815,-1.88313980249382,84
"1662",-6.17136876373653,-1.88313980249382,84
"1663",-5.70855392867492,-1.88313980249382,84
"1664",-5.2457390936133,-2.02599694535097,84
"1665",-4.78292425855168,-2.59742551677954,84
"1666",-4.32010942349007,-2.88313980249382,84
"1667",-3.85729458842845,-3.31171123106525,84
"1668",-3.39447975336684,-3.59742551677954,84
"1669",-2.93166491830522,-4.02599694535097,84
"1670",-2.4688500832436,-4.31171123106525,84
"1671",-2.00603524818199,-4.59742551677954,84
"1672",-1.54322041312037,-4.74028265963668,84
"1673",-1.08040557805875,-4.74028265963668,84
"1674",-0.617590742997137,-4.74028265963668,84
"1675",-0.15477590793552,-4.74028265963668,84
"1676",0.308038927126097,-4.74028265963668,84
"1677",0.770853762187713,-4.74028265963668,84
"1678",1.23366859724933,-4.74028265963668,84
"1679",1.69648343231095,-4.74028265963668,84
"1680",2.15929826737256,-4.74028265963668,84
"1681",-6.63418359879815,-1.88313980249382,85
"1682",-6.17136876373653,-1.88313980249382,85
"1683",-5.70855392867492,-2.16885408820811,85
"1684",-5.2457390936133,-2.45456837392239,85
"1685",-4.78292425855168,-2.59742551677954,85
"1686",-4.32010942349007,-2.74028265963668,85
"1687",-3.85729458842845,-2.88313980249382,85
"1688",-3.39447975336684,-3.02599694535097,85
"1689",-2.93166491830522,-3.02599694535097,85
"1690",-2.4688500832436,-3.16885408820811,85
"1691",-2.00603524818199,-3.59742551677954,85
"1692",-1.54322041312037,-3.88313980249382,85
"1693",-1.08040557805875,-4.16885408820811,85
"1694",-0.617590742997137,-4.31171123106525,85
"1695",-0.15477590793552,-4.45456837392239,85
"1696",0.308038927126097,-4.59742551677954,85
"1697",0.770853762187713,-4.74028265963668,85
"1698",1.23366859724933,-4.74028265963668,85
"1699",1.69648343231095,-4.74028265963668,85
"1700",2.15929826737256,-4.74028265963668,85
"1701",-6.63418359879815,-1.88313980249382,86
"1702",-6.17136876373653,-1.88313980249382,86
"1703",-5.70855392867492,-1.88313980249382,86
"1704",-5.2457390936133,-2.31171123106525,86
"1705",-4.78292425855168,-2.59742551677954,86
"1706",-4.32010942349007,-2.88313980249382,86
"1707",-3.85729458842845,-3.16885408820811,86
"1708",-3.39447975336684,-3.45456837392239,86
"1709",-2.93166491830522,-3.88313980249382,86
"1710",-2.4688500832436,-4.02599694535097,86
"1711",-2.00603524818199,-4.31171123106525,86
"1712",-1.54322041312037,-4.45456837392239,86
"1713",-1.08040557805875,-4.74028265963668,86
"1714",-0.617590742997137,-4.74028265963668,86
"1715",-0.15477590793552,-4.74028265963668,86
"1716",0.308038927126097,-4.74028265963668,86
"1717",0.770853762187713,-4.74028265963668,86
"1718",1.23366859724933,-4.74028265963668,86
"1719",1.69648343231095,-4.74028265963668,86
"1720",2.15929826737256,-4.74028265963668,86
"1721",-6.63418359879815,-1.88313980249382,87
"1722",-6.17136876373653,-1.88313980249382,87
"1723",-5.70855392867492,-1.88313980249382,87
"1724",-5.2457390936133,-1.88313980249382,87
"1725",-4.78292425855168,-2.45456837392239,87
"1726",-4.32010942349007,-3.02599694535097,87
"1727",-3.85729458842845,-3.59742551677954,87
"1728",-3.39447975336684,-4.02599694535097,87
"1729",-2.93166491830522,-4.45456837392239,87
"1730",-2.4688500832436,-4.74028265963668,87
"1731",-2.00603524818199,-4.74028265963668,87
"1732",-1.54322041312037,-4.74028265963668,87
"1733",-1.08040557805875,-4.74028265963668,87
"1734",-0.617590742997137,-4.74028265963668,87
"1735",-0.15477590793552,-4.74028265963668,87
"1736",0.308038927126097,-4.74028265963668,87
"1737",0.770853762187713,-4.74028265963668,87
"1738",1.23366859724933,-4.74028265963668,87
"1739",1.69648343231095,-4.74028265963668,87
"1740",2.15929826737256,-4.74028265963668,87
"1741",-6.63418359879815,-1.88313980249382,88
"1742",-6.17136876373653,-1.88313980249382,88
"1743",-5.70855392867492,-1.88313980249382,88
"1744",-5.2457390936133,-2.02599694535097,88
"1745",-4.78292425855168,-2.59742551677954,88
"1746",-4.32010942349007,-2.88313980249382,88
"1747",-3.85729458842845,-3.16885408820811,88
"1748",-3.39447975336684,-3.45456837392239,88
"1749",-2.93166491830522,-3.74028265963668,88
"1750",-2.4688500832436,-3.88313980249382,88
"1751",-2.00603524818199,-4.02599694535097,88
"1752",-1.54322041312037,-4.16885408820811,88
"1753",-1.08040557805875,-4.16885408820811,88
"1754",-0.617590742997137,-4.31171123106525,88
"1755",-0.15477590793552,-4.31171123106525,88
"1756",0.308038927126097,-4.31171123106525,88
"1757",0.770853762187713,-4.31171123106525,88
"1758",1.23366859724933,-4.45456837392239,88
"1759",1.69648343231095,-4.45456837392239,88
"1760",2.15929826737256,-4.59742551677954,88
"1761",-6.63418359879815,-1.88313980249382,89
"1762",-6.17136876373653,-1.88313980249382,89
"1763",-5.70855392867492,-1.88313980249382,89
"1764",-5.2457390936133,-1.88313980249382,89
"1765",-4.78292425855168,-2.16885408820811,89
"1766",-4.32010942349007,-3.16885408820811,89
"1767",-3.85729458842845,-3.59742551677954,89
"1768",-3.39447975336684,-3.88313980249382,89
"1769",-2.93166491830522,-4.02599694535097,89
"1770",-2.4688500832436,-4.02599694535097,89
"1771",-2.00603524818199,-4.02599694535097,89
"1772",-1.54322041312037,-4.02599694535097,89
"1773",-1.08040557805875,-4.02599694535097,89
"1774",-0.617590742997137,-4.02599694535097,89
"1775",-0.15477590793552,-4.45456837392239,89
"1776",0.308038927126097,-4.74028265963668,89
"1777",0.770853762187713,-4.74028265963668,89
"1778",1.23366859724933,-4.74028265963668,89
"1779",1.69648343231095,-4.74028265963668,89
"1780",2.15929826737256,-4.74028265963668,89
"1781",-6.63418359879815,-1.88313980249382,90
"1782",-6.17136876373653,-1.88313980249382,90
"1783",-5.70855392867492,-1.88313980249382,90
"1784",-5.2457390936133,-1.88313980249382,90
"1785",-4.78292425855168,-2.45456837392239,90
"1786",-4.32010942349007,-3.16885408820811,90
"1787",-3.85729458842845,-4.16885408820811,90
"1788",-3.39447975336684,-4.74028265963668,90
"1789",-2.93166491830522,-4.74028265963668,90
"1790",-2.4688500832436,-4.74028265963668,90
"1791",-2.00603524818199,-4.74028265963668,90
"1792",-1.54322041312037,-4.74028265963668,90
"1793",-1.08040557805875,-4.74028265963668,90
"1794",-0.617590742997137,-4.74028265963668,90
"1795",-0.15477590793552,-4.74028265963668,90
"1796",0.308038927126097,-4.74028265963668,90
"1797",0.770853762187713,-4.74028265963668,90
"1798",1.23366859724933,-4.74028265963668,90
"1799",1.69648343231095,-4.74028265963668,90
"1800",2.15929826737256,-4.74028265963668,90
"1801",-6.63418359879815,-1.88313980249382,91
"1802",-6.17136876373653,-1.88313980249382,91
"1803",-5.70855392867492,-1.88313980249382,91
"1804",-5.2457390936133,-1.88313980249382,91
"1805",-4.78292425855168,-1.88313980249382,91
"1806",-4.32010942349007,-2.88313980249382,91
"1807",-3.85729458842845,-3.02599694535097,91
"1808",-3.39447975336684,-3.31171123106525,91
"1809",-2.93166491830522,-3.74028265963668,91
"1810",-2.4688500832436,-4.16885408820811,91
"1811",-2.00603524818199,-4.45456837392239,91
"1812",-1.54322041312037,-4.74028265963668,91
"1813",-1.08040557805875,-4.74028265963668,91
"1814",-0.617590742997137,-4.74028265963668,91
"1815",-0.15477590793552,-4.74028265963668,91
"1816",0.308038927126097,-4.74028265963668,91
"1817",0.770853762187713,-4.74028265963668,91
"1818",1.23366859724933,-4.74028265963668,91
"1819",1.69648343231095,-4.74028265963668,91
"1820",2.15929826737256,-4.74028265963668,91
"1821",-6.63418359879815,-1.88313980249382,92
"1822",-6.17136876373653,-1.88313980249382,92
"1823",-5.70855392867492,-1.88313980249382,92
"1824",-5.2457390936133,-1.88313980249382,92
"1825",-4.78292425855168,-2.45456837392239,92
"1826",-4.32010942349007,-2.88313980249382,92
"1827",-3.85729458842845,-3.16885408820811,92
"1828",-3.39447975336684,-3.31171123106525,92
"1829",-2.93166491830522,-3.31171123106525,92
"1830",-2.4688500832436,-3.31171123106525,92
"1831",-2.00603524818199,-3.31171123106525,92
"1832",-1.54322041312037,-3.31171123106525,92
"1833",-1.08040557805875,-3.31171123106525,92
"1834",-0.617590742997137,-3.45456837392239,92
"1835",-0.15477590793552,-3.45456837392239,92
"1836",0.308038927126097,-3.45456837392239,92
"1837",0.770853762187713,-3.45456837392239,92
"1838",1.23366859724933,-3.74028265963668,92
"1839",1.69648343231095,-3.88313980249382,92
"1840",2.15929826737256,-4.02599694535097,92
"1841",-6.63418359879815,-1.88313980249382,93
"1842",-6.17136876373653,-1.88313980249382,93
"1843",-5.70855392867492,-1.88313980249382,93
"1844",-5.2457390936133,-2.02599694535097,93
"1845",-4.78292425855168,-2.59742551677954,93
"1846",-4.32010942349007,-2.88313980249382,93
"1847",-3.85729458842845,-3.16885408820811,93
"1848",-3.39447975336684,-3.45456837392239,93
"1849",-2.93166491830522,-3.59742551677954,93
"1850",-2.4688500832436,-3.74028265963668,93
"1851",-2.00603524818199,-3.88313980249382,93
"1852",-1.54322041312037,-4.02599694535097,93
"1853",-1.08040557805875,-4.02599694535097,93
"1854",-0.617590742997137,-4.16885408820811,93
"1855",-0.15477590793552,-4.16885408820811,93
"1856",0.308038927126097,-4.16885408820811,93
"1857",0.770853762187713,-4.31171123106525,93
"1858",1.23366859724933,-4.31171123106525,93
"1859",1.69648343231095,-4.31171123106525,93
"1860",2.15929826737256,-4.31171123106525,93
"1861",-6.63418359879815,-2.31171123106525,94
"1862",-6.17136876373653,-2.45456837392239,94
"1863",-5.70855392867492,-2.59742551677954,94
"1864",-5.2457390936133,-2.59742551677954,94
"1865",-4.78292425855168,-2.59742551677954,94
"1866",-4.32010942349007,-2.74028265963668,94
"1867",-3.85729458842845,-2.74028265963668,94
"1868",-3.39447975336684,-2.88313980249382,94
"1869",-2.93166491830522,-3.02599694535097,94
"1870",-2.4688500832436,-3.16885408820811,94
"1871",-2.00603524818199,-3.16885408820811,94
"1872",-1.54322041312037,-3.31171123106525,94
"1873",-1.08040557805875,-3.74028265963668,94
"1874",-0.617590742997137,-4.45456837392239,94
"1875",-0.15477590793552,-4.74028265963668,94
"1876",0.308038927126097,-4.74028265963668,94
"1877",0.770853762187713,-4.74028265963668,94
"1878",1.23366859724933,-4.74028265963668,94
"1879",1.69648343231095,-4.74028265963668,94
"1880",2.15929826737256,-4.74028265963668,94
"1881",-6.63418359879815,-1.88313980249382,95
"1882",-6.17136876373653,-1.88313980249382,95
"1883",-5.70855392867492,-1.88313980249382,95
"1884",-5.2457390936133,-1.88313980249382,95
"1885",-4.78292425855168,-2.31171123106525,95
"1886",-4.32010942349007,-3.16885408820811,95
"1887",-3.85729458842845,-3.59742551677954,95
"1888",-3.39447975336684,-3.88313980249382,95
"1889",-2.93166491830522,-4.02599694535097,95
"1890",-2.4688500832436,-4.16885408820811,95
"1891",-2.00603524818199,-4.16885408820811,95
"1892",-1.54322041312037,-4.16885408820811,95
"1893",-1.08040557805875,-4.16885408820811,95
"1894",-0.617590742997137,-4.31171123106525,95
"1895",-0.15477590793552,-4.31171123106525,95
"1896",0.308038927126097,-4.45456837392239,95
"1897",0.770853762187713,-4.59742551677954,95
"1898",1.23366859724933,-4.74028265963668,95
"1899",1.69648343231095,-4.74028265963668,95
"1900",2.15929826737256,-4.74028265963668,95
"1901",-6.63418359879815,-1.88313980249382,96
"1902",-6.17136876373653,-1.88313980249382,96
"1903",-5.70855392867492,-1.88313980249382,96
"1904",-5.2457390936133,-1.88313980249382,96
"1905",-4.78292425855168,-2.16885408820811,96
"1906",-4.32010942349007,-3.16885408820811,96
"1907",-3.85729458842845,-3.45456837392239,96
"1908",-3.39447975336684,-3.74028265963668,96
"1909",-2.93166491830522,-3.74028265963668,96
"1910",-2.4688500832436,-3.88313980249382,96
"1911",-2.00603524818199,-3.88313980249382,96
"1912",-1.54322041312037,-3.88313980249382,96
"1913",-1.08040557805875,-3.88313980249382,96
"1914",-0.617590742997137,-3.88313980249382,96
"1915",-0.15477590793552,-3.88313980249382,96
"1916",0.308038927126097,-3.88313980249382,96
"1917",0.770853762187713,-3.88313980249382,96
"1918",1.23366859724933,-3.88313980249382,96
"1919",1.69648343231095,-3.88313980249382,96
"1920",2.15929826737256,-4.02599694535097,96
"1921",-6.63418359879815,-1.88313980249382,97
"1922",-6.17136876373653,-1.88313980249382,97
"1923",-5.70855392867492,-1.88313980249382,97
"1924",-5.2457390936133,-1.88313980249382,97
"1925",-4.78292425855168,-1.88313980249382,97
"1926",-4.32010942349007,-4.16885408820811,97
"1927",-3.85729458842845,-4.16885408820811,97
"1928",-3.39447975336684,-4.16885408820811,97
"1929",-2.93166491830522,-4.16885408820811,97
"1930",-2.4688500832436,-4.16885408820811,97
"1931",-2.00603524818199,-4.31171123106525,97
"1932",-1.54322041312037,-4.31171123106525,97
"1933",-1.08040557805875,-4.74028265963668,97
"1934",-0.617590742997137,-4.74028265963668,97
"1935",-0.15477590793552,-4.74028265963668,97
"1936",0.308038927126097,-4.74028265963668,97
"1937",0.770853762187713,-4.74028265963668,97
"1938",1.23366859724933,-4.74028265963668,97
"1939",1.69648343231095,-4.74028265963668,97
"1940",2.15929826737256,-4.74028265963668,97
"1941",-6.63418359879815,-1.88313980249382,98
"1942",-6.17136876373653,-1.88313980249382,98
"1943",-5.70855392867492,-1.88313980249382,98
"1944",-5.2457390936133,-1.88313980249382,98
"1945",-4.78292425855168,-1.88313980249382,98
"1946",-4.32010942349007,-4.31171123106525,98
"1947",-3.85729458842845,-4.59742551677954,98
"1948",-3.39447975336684,-4.59742551677954,98
"1949",-2.93166491830522,-4.59742551677954,98
"1950",-2.4688500832436,-4.59742551677954,98
"1951",-2.00603524818199,-4.59742551677954,98
"1952",-1.54322041312037,-4.59742551677954,98
"1953",-1.08040557805875,-4.59742551677954,98
"1954",-0.617590742997137,-4.59742551677954,98
"1955",-0.15477590793552,-4.74028265963668,98
"1956",0.308038927126097,-4.74028265963668,98
"1957",0.770853762187713,-4.74028265963668,98
"1958",1.23366859724933,-4.74028265963668,98
"1959",1.69648343231095,-4.74028265963668,98
"1960",2.15929826737256,-4.74028265963668,98
"1961",-6.63418359879815,-1.88313980249382,99
"1962",-6.17136876373653,-1.88313980249382,99
"1963",-5.70855392867492,-1.88313980249382,99
"1964",-5.2457390936133,-1.88313980249382,99
"1965",-4.78292425855168,-2.45456837392239,99
"1966",-4.32010942349007,-3.02599694535097,99
"1967",-3.85729458842845,-3.45456837392239,99
"1968",-3.39447975336684,-3.74028265963668,99
"1969",-2.93166491830522,-4.02599694535097,99
"1970",-2.4688500832436,-4.31171123106525,99
"1971",-2.00603524818199,-4.59742551677954,99
"1972",-1.54322041312037,-4.74028265963668,99
"1973",-1.08040557805875,-4.74028265963668,99
"1974",-0.617590742997137,-4.74028265963668,99
"1975",-0.15477590793552,-4.74028265963668,99
"1976",0.308038927126097,-4.74028265963668,99
"1977",0.770853762187713,-4.74028265963668,99
"1978",1.23366859724933,-4.74028265963668,99
"1979",1.69648343231095,-4.74028265963668,99
"1980",2.15929826737256,-4.74028265963668,99
"1981",-6.63418359879815,-1.88313980249382,100
"1982",-6.17136876373653,-1.88313980249382,100
"1983",-5.70855392867492,-1.88313980249382,100
"1984",-5.2457390936133,-1.88313980249382,100
"1985",-4.78292425855168,-2.45456837392239,100
"1986",-4.32010942349007,-3.02599694535097,100
"1987",-3.85729458842845,-3.45456837392239,100
"1988",-3.39447975336684,-3.88313980249382,100
"1989",-2.93166491830522,-4.16885408820811,100
"1990",-2.4688500832436,-4.31171123106525,100
"1991",-2.00603524818199,-4.59742551677954,100
"1992",-1.54322041312037,-4.74028265963668,100
"1993",-1.08040557805875,-4.74028265963668,100
"1994",-0.617590742997137,-4.74028265963668,100
"1995",-0.15477590793552,-4.74028265963668,100
"1996",0.308038927126097,-4.74028265963668,100
"1997",0.770853762187713,-4.74028265963668,100
"1998",1.23366859724933,-4.74028265963668,100
"1999",1.69648343231095,-4.74028265963668,100
"2000",2.15929826737256,-4.74028265963668,100
