"","x","y","sample"
"1",-6.04441417892703,1.9790718764797,1
"2",-5.59181588517088,1.9790718764797,1
"3",-5.13921759141473,1.68256912664283,1
"4",-4.68661929765857,0.20005537745849,1
"5",-4.23402100390242,-0.392950122215248,1
"6",-3.78142271014627,-0.689452872052117,1
"7",-3.32882441639012,-1.28245837172585,1
"8",-2.87622612263397,-1.57896112156272,1
"9",-2.42362782887782,-1.57896112156272,1
"10",-1.97102953512167,-2.17196662123646,1
"11",-1.51843124136552,-3.35797762058394,1
"12",-1.06583294760937,-3.95098312025767,1
"13",-0.613234653853214,-3.95098312025767,1
"14",-0.160636360097063,-3.95098312025767,1
"15",0.291961933659088,-3.95098312025767,1
"16",0.744560227415239,-3.95098312025767,1
"17",1.19715852117139,-3.95098312025767,1
"18",1.64975681492754,-3.95098312025767,1
"19",2.10235510868369,-3.95098312025767,1
"20",2.55495340243984,-3.95098312025767,1
"21",-6.04441417892703,1.9790718764797,2
"22",-5.59181588517088,1.9790718764797,2
"23",-5.13921759141473,1.9790718764797,2
"24",-4.68661929765857,1.9790718764797,2
"25",-4.23402100390242,1.9790718764797,2
"26",-3.78142271014627,-3.65448037042081,2
"27",-3.32882441639012,-3.95098312025767,2
"28",-2.87622612263397,-3.95098312025767,2
"29",-2.42362782887782,-3.95098312025767,2
"30",-1.97102953512167,-3.95098312025767,2
"31",-1.51843124136552,-3.95098312025767,2
"32",-1.06583294760937,-3.95098312025767,2
"33",-0.613234653853214,-3.95098312025767,2
"34",-0.160636360097063,-3.95098312025767,2
"35",0.291961933659088,-3.95098312025767,2
"36",0.744560227415239,-3.95098312025767,2
"37",1.19715852117139,-3.95098312025767,2
"38",1.64975681492754,-3.95098312025767,2
"39",2.10235510868369,-3.95098312025767,2
"40",2.55495340243984,-3.95098312025767,2
"41",-6.04441417892703,1.9790718764797,3
"42",-5.59181588517088,1.9790718764797,3
"43",-5.13921759141473,1.9790718764797,3
"44",-4.68661929765857,0.20005537745849,3
"45",-4.23402100390242,-0.392950122215248,3
"46",-3.78142271014627,-0.689452872052117,3
"47",-3.32882441639012,-1.28245837172585,3
"48",-2.87622612263397,-3.95098312025767,3
"49",-2.42362782887782,-3.95098312025767,3
"50",-1.97102953512167,-3.95098312025767,3
"51",-1.51843124136552,-3.95098312025767,3
"52",-1.06583294760937,-3.95098312025767,3
"53",-0.613234653853214,-3.95098312025767,3
"54",-0.160636360097063,-3.95098312025767,3
"55",0.291961933659088,-3.95098312025767,3
"56",0.744560227415239,-3.95098312025767,3
"57",1.19715852117139,-3.95098312025767,3
"58",1.64975681492754,-3.95098312025767,3
"59",2.10235510868369,-3.95098312025767,3
"60",2.55495340243984,-3.95098312025767,3
"61",-6.04441417892703,1.9790718764797,4
"62",-5.59181588517088,1.9790718764797,4
"63",-5.13921759141473,1.9790718764797,4
"64",-4.68661929765857,-0.392950122215248,4
"65",-4.23402100390242,-0.392950122215248,4
"66",-3.78142271014627,-3.06147487074707,4
"67",-3.32882441639012,-3.95098312025767,4
"68",-2.87622612263397,-3.95098312025767,4
"69",-2.42362782887782,-3.95098312025767,4
"70",-1.97102953512167,-3.95098312025767,4
"71",-1.51843124136552,-3.95098312025767,4
"72",-1.06583294760937,-3.95098312025767,4
"73",-0.613234653853214,-3.95098312025767,4
"74",-0.160636360097063,-3.95098312025767,4
"75",0.291961933659088,-3.95098312025767,4
"76",0.744560227415239,-3.95098312025767,4
"77",1.19715852117139,-3.95098312025767,4
"78",1.64975681492754,-3.95098312025767,4
"79",2.10235510868369,-3.95098312025767,4
"80",2.55495340243984,-3.95098312025767,4
"81",-6.04441417892703,1.9790718764797,5
"82",-5.59181588517088,1.9790718764797,5
"83",-5.13921759141473,1.9790718764797,5
"84",-4.68661929765857,1.9790718764797,5
"85",-4.23402100390242,-0.0964473723783787,5
"86",-3.78142271014627,-0.985955621888986,5
"87",-3.32882441639012,-1.28245837172585,5
"88",-2.87622612263397,-1.57896112156272,5
"89",-2.42362782887782,-1.57896112156272,5
"90",-1.97102953512167,-1.57896112156272,5
"91",-1.51843124136552,-1.87546387139959,5
"92",-1.06583294760937,-1.87546387139959,5
"93",-0.613234653853214,-1.87546387139959,5
"94",-0.160636360097063,-1.87546387139959,5
"95",0.291961933659088,-1.87546387139959,5
"96",0.744560227415239,-2.17196662123646,5
"97",1.19715852117139,-2.17196662123646,5
"98",1.64975681492754,-2.17196662123646,5
"99",2.10235510868369,-2.17196662123646,5
"100",2.55495340243984,-2.17196662123646,5
"101",-6.04441417892703,1.9790718764797,6
"102",-5.59181588517088,1.9790718764797,6
"103",-5.13921759141473,1.9790718764797,6
"104",-4.68661929765857,1.9790718764797,6
"105",-4.23402100390242,1.9790718764797,6
"106",-3.78142271014627,-1.87546387139959,6
"107",-3.32882441639012,-2.7649721209102,6
"108",-2.87622612263397,-3.06147487074707,6
"109",-2.42362782887782,-3.35797762058394,6
"110",-1.97102953512167,-3.65448037042081,6
"111",-1.51843124136552,-3.65448037042081,6
"112",-1.06583294760937,-3.65448037042081,6
"113",-0.613234653853214,-3.65448037042081,6
"114",-0.160636360097063,-3.65448037042081,6
"115",0.291961933659088,-3.65448037042081,6
"116",0.744560227415239,-3.65448037042081,6
"117",1.19715852117139,-3.65448037042081,6
"118",1.64975681492754,-3.65448037042081,6
"119",2.10235510868369,-3.65448037042081,6
"120",2.55495340243984,-3.65448037042081,6
"121",-6.04441417892703,1.9790718764797,7
"122",-5.59181588517088,1.9790718764797,7
"123",-5.13921759141473,1.9790718764797,7
"124",-4.68661929765857,1.9790718764797,7
"125",-4.23402100390242,1.9790718764797,7
"126",-3.78142271014627,-2.17196662123646,7
"127",-3.32882441639012,-3.95098312025767,7
"128",-2.87622612263397,-3.95098312025767,7
"129",-2.42362782887782,-3.95098312025767,7
"130",-1.97102953512167,-3.95098312025767,7
"131",-1.51843124136552,-3.95098312025767,7
"132",-1.06583294760937,-3.95098312025767,7
"133",-0.613234653853214,-3.95098312025767,7
"134",-0.160636360097063,-3.95098312025767,7
"135",0.291961933659088,-3.95098312025767,7
"136",0.744560227415239,-3.95098312025767,7
"137",1.19715852117139,-3.95098312025767,7
"138",1.64975681492754,-3.95098312025767,7
"139",2.10235510868369,-3.95098312025767,7
"140",2.55495340243984,-3.95098312025767,7
"141",-6.04441417892703,1.9790718764797,8
"142",-5.59181588517088,1.9790718764797,8
"143",-5.13921759141473,1.9790718764797,8
"144",-4.68661929765857,1.9790718764797,8
"145",-4.23402100390242,1.9790718764797,8
"146",-3.78142271014627,-1.57896112156272,8
"147",-3.32882441639012,-2.46846937107333,8
"148",-2.87622612263397,-2.7649721209102,8
"149",-2.42362782887782,-3.06147487074707,8
"150",-1.97102953512167,-3.06147487074707,8
"151",-1.51843124136552,-3.35797762058394,8
"152",-1.06583294760937,-3.35797762058394,8
"153",-0.613234653853214,-3.35797762058394,8
"154",-0.160636360097063,-3.35797762058394,8
"155",0.291961933659088,-3.35797762058394,8
"156",0.744560227415239,-3.35797762058394,8
"157",1.19715852117139,-3.35797762058394,8
"158",1.64975681492754,-3.35797762058394,8
"159",2.10235510868369,-3.35797762058394,8
"160",2.55495340243984,-3.35797762058394,8
"161",-6.04441417892703,1.9790718764797,9
"162",-5.59181588517088,1.9790718764797,9
"163",-5.13921759141473,1.9790718764797,9
"164",-4.68661929765857,1.9790718764797,9
"165",-4.23402100390242,1.9790718764797,9
"166",-3.78142271014627,-2.17196662123646,9
"167",-3.32882441639012,-2.7649721209102,9
"168",-2.87622612263397,-3.06147487074707,9
"169",-2.42362782887782,-3.06147487074707,9
"170",-1.97102953512167,-3.35797762058394,9
"171",-1.51843124136552,-3.65448037042081,9
"172",-1.06583294760937,-3.65448037042081,9
"173",-0.613234653853214,-3.65448037042081,9
"174",-0.160636360097063,-3.65448037042081,9
"175",0.291961933659088,-3.65448037042081,9
"176",0.744560227415239,-3.65448037042081,9
"177",1.19715852117139,-3.65448037042081,9
"178",1.64975681492754,-3.65448037042081,9
"179",2.10235510868369,-3.65448037042081,9
"180",2.55495340243984,-3.65448037042081,9
"181",-6.04441417892703,1.9790718764797,10
"182",-5.59181588517088,1.9790718764797,10
"183",-5.13921759141473,1.9790718764797,10
"184",-4.68661929765857,1.9790718764797,10
"185",-4.23402100390242,1.9790718764797,10
"186",-3.78142271014627,-1.28245837172585,10
"187",-3.32882441639012,-2.46846937107333,10
"188",-2.87622612263397,-3.06147487074707,10
"189",-2.42362782887782,-3.35797762058394,10
"190",-1.97102953512167,-3.65448037042081,10
"191",-1.51843124136552,-3.95098312025767,10
"192",-1.06583294760937,-3.95098312025767,10
"193",-0.613234653853214,-3.95098312025767,10
"194",-0.160636360097063,-3.95098312025767,10
"195",0.291961933659088,-3.95098312025767,10
"196",0.744560227415239,-3.95098312025767,10
"197",1.19715852117139,-3.95098312025767,10
"198",1.64975681492754,-3.95098312025767,10
"199",2.10235510868369,-3.95098312025767,10
"200",2.55495340243984,-3.95098312025767,10
"201",-6.04441417892703,1.9790718764797,11
"202",-5.59181588517088,1.9790718764797,11
"203",-5.13921759141473,1.9790718764797,11
"204",-4.68661929765857,1.9790718764797,11
"205",-4.23402100390242,1.9790718764797,11
"206",-3.78142271014627,-1.28245837172585,11
"207",-3.32882441639012,-2.17196662123646,11
"208",-2.87622612263397,-2.46846937107333,11
"209",-2.42362782887782,-2.7649721209102,11
"210",-1.97102953512167,-3.06147487074707,11
"211",-1.51843124136552,-3.06147487074707,11
"212",-1.06583294760937,-3.35797762058394,11
"213",-0.613234653853214,-3.65448037042081,11
"214",-0.160636360097063,-3.95098312025767,11
"215",0.291961933659088,-3.95098312025767,11
"216",0.744560227415239,-3.95098312025767,11
"217",1.19715852117139,-3.95098312025767,11
"218",1.64975681492754,-3.95098312025767,11
"219",2.10235510868369,-3.95098312025767,11
"220",2.55495340243984,-3.95098312025767,11
"221",-6.04441417892703,1.9790718764797,12
"222",-5.59181588517088,1.9790718764797,12
"223",-5.13921759141473,1.9790718764797,12
"224",-4.68661929765857,1.9790718764797,12
"225",-4.23402100390242,-0.0964473723783787,12
"226",-3.78142271014627,-0.985955621888986,12
"227",-3.32882441639012,-1.57896112156272,12
"228",-2.87622612263397,-2.17196662123646,12
"229",-2.42362782887782,-2.46846937107333,12
"230",-1.97102953512167,-2.46846937107333,12
"231",-1.51843124136552,-2.7649721209102,12
"232",-1.06583294760937,-3.06147487074707,12
"233",-0.613234653853214,-3.06147487074707,12
"234",-0.160636360097063,-3.06147487074707,12
"235",0.291961933659088,-3.06147487074707,12
"236",0.744560227415239,-3.06147487074707,12
"237",1.19715852117139,-3.35797762058394,12
"238",1.64975681492754,-3.35797762058394,12
"239",2.10235510868369,-3.35797762058394,12
"240",2.55495340243984,-3.35797762058394,12
"241",-6.04441417892703,1.9790718764797,13
"242",-5.59181588517088,1.9790718764797,13
"243",-5.13921759141473,1.9790718764797,13
"244",-4.68661929765857,1.9790718764797,13
"245",-4.23402100390242,1.9790718764797,13
"246",-3.78142271014627,-2.17196662123646,13
"247",-3.32882441639012,-3.06147487074707,13
"248",-2.87622612263397,-3.65448037042081,13
"249",-2.42362782887782,-3.95098312025767,13
"250",-1.97102953512167,-3.95098312025767,13
"251",-1.51843124136552,-3.95098312025767,13
"252",-1.06583294760937,-3.95098312025767,13
"253",-0.613234653853214,-3.95098312025767,13
"254",-0.160636360097063,-3.95098312025767,13
"255",0.291961933659088,-3.95098312025767,13
"256",0.744560227415239,-3.95098312025767,13
"257",1.19715852117139,-3.95098312025767,13
"258",1.64975681492754,-3.95098312025767,13
"259",2.10235510868369,-3.95098312025767,13
"260",2.55495340243984,-3.95098312025767,13
"261",-6.04441417892703,1.9790718764797,14
"262",-5.59181588517088,1.9790718764797,14
"263",-5.13921759141473,1.9790718764797,14
"264",-4.68661929765857,1.9790718764797,14
"265",-4.23402100390242,-0.0964473723783787,14
"266",-3.78142271014627,-0.985955621888986,14
"267",-3.32882441639012,-1.57896112156272,14
"268",-2.87622612263397,-2.17196662123646,14
"269",-2.42362782887782,-3.95098312025767,14
"270",-1.97102953512167,-3.95098312025767,14
"271",-1.51843124136552,-3.95098312025767,14
"272",-1.06583294760937,-3.95098312025767,14
"273",-0.613234653853214,-3.95098312025767,14
"274",-0.160636360097063,-3.95098312025767,14
"275",0.291961933659088,-3.95098312025767,14
"276",0.744560227415239,-3.95098312025767,14
"277",1.19715852117139,-3.95098312025767,14
"278",1.64975681492754,-3.95098312025767,14
"279",2.10235510868369,-3.95098312025767,14
"280",2.55495340243984,-3.95098312025767,14
"281",-6.04441417892703,1.9790718764797,15
"282",-5.59181588517088,1.9790718764797,15
"283",-5.13921759141473,1.9790718764797,15
"284",-4.68661929765857,0.793060877132228,15
"285",-4.23402100390242,-0.0964473723783787,15
"286",-3.78142271014627,-1.28245837172585,15
"287",-3.32882441639012,-2.46846937107333,15
"288",-2.87622612263397,-2.7649721209102,15
"289",-2.42362782887782,-3.06147487074707,15
"290",-1.97102953512167,-3.35797762058394,15
"291",-1.51843124136552,-3.35797762058394,15
"292",-1.06583294760937,-3.65448037042081,15
"293",-0.613234653853214,-3.65448037042081,15
"294",-0.160636360097063,-3.65448037042081,15
"295",0.291961933659088,-3.95098312025767,15
"296",0.744560227415239,-3.95098312025767,15
"297",1.19715852117139,-3.95098312025767,15
"298",1.64975681492754,-3.95098312025767,15
"299",2.10235510868369,-3.95098312025767,15
"300",2.55495340243984,-3.95098312025767,15
"301",-6.04441417892703,1.9790718764797,16
"302",-5.59181588517088,1.9790718764797,16
"303",-5.13921759141473,1.9790718764797,16
"304",-4.68661929765857,1.9790718764797,16
"305",-4.23402100390242,1.9790718764797,16
"306",-3.78142271014627,-2.7649721209102,16
"307",-3.32882441639012,-3.65448037042081,16
"308",-2.87622612263397,-3.95098312025767,16
"309",-2.42362782887782,-3.95098312025767,16
"310",-1.97102953512167,-3.95098312025767,16
"311",-1.51843124136552,-3.95098312025767,16
"312",-1.06583294760937,-3.95098312025767,16
"313",-0.613234653853214,-3.95098312025767,16
"314",-0.160636360097063,-3.95098312025767,16
"315",0.291961933659088,-3.95098312025767,16
"316",0.744560227415239,-3.95098312025767,16
"317",1.19715852117139,-3.95098312025767,16
"318",1.64975681492754,-3.95098312025767,16
"319",2.10235510868369,-3.95098312025767,16
"320",2.55495340243984,-3.95098312025767,16
"321",-6.04441417892703,1.9790718764797,17
"322",-5.59181588517088,1.9790718764797,17
"323",-5.13921759141473,1.9790718764797,17
"324",-4.68661929765857,1.9790718764797,17
"325",-4.23402100390242,1.9790718764797,17
"326",-3.78142271014627,-1.87546387139959,17
"327",-3.32882441639012,-1.87546387139959,17
"328",-2.87622612263397,-1.87546387139959,17
"329",-2.42362782887782,-3.95098312025767,17
"330",-1.97102953512167,-3.95098312025767,17
"331",-1.51843124136552,-3.95098312025767,17
"332",-1.06583294760937,-3.95098312025767,17
"333",-0.613234653853214,-3.95098312025767,17
"334",-0.160636360097063,-3.95098312025767,17
"335",0.291961933659088,-3.95098312025767,17
"336",0.744560227415239,-3.95098312025767,17
"337",1.19715852117139,-3.95098312025767,17
"338",1.64975681492754,-3.95098312025767,17
"339",2.10235510868369,-3.95098312025767,17
"340",2.55495340243984,-3.95098312025767,17
"341",-6.04441417892703,1.9790718764797,18
"342",-5.59181588517088,1.9790718764797,18
"343",-5.13921759141473,1.9790718764797,18
"344",-4.68661929765857,1.9790718764797,18
"345",-4.23402100390242,1.9790718764797,18
"346",-3.78142271014627,-2.17196662123646,18
"347",-3.32882441639012,-3.06147487074707,18
"348",-2.87622612263397,-3.65448037042081,18
"349",-2.42362782887782,-3.95098312025767,18
"350",-1.97102953512167,-3.95098312025767,18
"351",-1.51843124136552,-3.95098312025767,18
"352",-1.06583294760937,-3.95098312025767,18
"353",-0.613234653853214,-3.95098312025767,18
"354",-0.160636360097063,-3.95098312025767,18
"355",0.291961933659088,-3.95098312025767,18
"356",0.744560227415239,-3.95098312025767,18
"357",1.19715852117139,-3.95098312025767,18
"358",1.64975681492754,-3.95098312025767,18
"359",2.10235510868369,-3.95098312025767,18
"360",2.55495340243984,-3.95098312025767,18
"361",-6.04441417892703,1.9790718764797,19
"362",-5.59181588517088,1.9790718764797,19
"363",-5.13921759141473,1.68256912664283,19
"364",-4.68661929765857,-0.0964473723783787,19
"365",-4.23402100390242,-0.392950122215248,19
"366",-3.78142271014627,-0.689452872052117,19
"367",-3.32882441639012,-3.06147487074707,19
"368",-2.87622612263397,-3.65448037042081,19
"369",-2.42362782887782,-3.95098312025767,19
"370",-1.97102953512167,-3.95098312025767,19
"371",-1.51843124136552,-3.95098312025767,19
"372",-1.06583294760937,-3.95098312025767,19
"373",-0.613234653853214,-3.95098312025767,19
"374",-0.160636360097063,-3.95098312025767,19
"375",0.291961933659088,-3.95098312025767,19
"376",0.744560227415239,-3.95098312025767,19
"377",1.19715852117139,-3.95098312025767,19
"378",1.64975681492754,-3.95098312025767,19
"379",2.10235510868369,-3.95098312025767,19
"380",2.55495340243984,-3.95098312025767,19
"381",-6.04441417892703,1.9790718764797,20
"382",-5.59181588517088,1.9790718764797,20
"383",-5.13921759141473,1.9790718764797,20
"384",-4.68661929765857,1.9790718764797,20
"385",-4.23402100390242,1.9790718764797,20
"386",-3.78142271014627,-2.17196662123646,20
"387",-3.32882441639012,-3.06147487074707,20
"388",-2.87622612263397,-3.65448037042081,20
"389",-2.42362782887782,-3.95098312025767,20
"390",-1.97102953512167,-3.95098312025767,20
"391",-1.51843124136552,-3.95098312025767,20
"392",-1.06583294760937,-3.95098312025767,20
"393",-0.613234653853214,-3.95098312025767,20
"394",-0.160636360097063,-3.95098312025767,20
"395",0.291961933659088,-3.95098312025767,20
"396",0.744560227415239,-3.95098312025767,20
"397",1.19715852117139,-3.95098312025767,20
"398",1.64975681492754,-3.95098312025767,20
"399",2.10235510868369,-3.95098312025767,20
"400",2.55495340243984,-3.95098312025767,20
"401",-6.04441417892703,1.9790718764797,21
"402",-5.59181588517088,1.9790718764797,21
"403",-5.13921759141473,1.9790718764797,21
"404",-4.68661929765857,1.9790718764797,21
"405",-4.23402100390242,1.9790718764797,21
"406",-3.78142271014627,-1.57896112156272,21
"407",-3.32882441639012,-2.46846937107333,21
"408",-2.87622612263397,-2.7649721209102,21
"409",-2.42362782887782,-3.06147487074707,21
"410",-1.97102953512167,-3.06147487074707,21
"411",-1.51843124136552,-3.35797762058394,21
"412",-1.06583294760937,-3.35797762058394,21
"413",-0.613234653853214,-3.35797762058394,21
"414",-0.160636360097063,-3.35797762058394,21
"415",0.291961933659088,-3.35797762058394,21
"416",0.744560227415239,-3.35797762058394,21
"417",1.19715852117139,-3.35797762058394,21
"418",1.64975681492754,-3.35797762058394,21
"419",2.10235510868369,-3.35797762058394,21
"420",2.55495340243984,-3.35797762058394,21
"421",-6.04441417892703,1.9790718764797,22
"422",-5.59181588517088,1.9790718764797,22
"423",-5.13921759141473,1.9790718764797,22
"424",-4.68661929765857,1.9790718764797,22
"425",-4.23402100390242,-0.0964473723783787,22
"426",-3.78142271014627,-0.985955621888986,22
"427",-3.32882441639012,-1.57896112156272,22
"428",-2.87622612263397,-2.17196662123646,22
"429",-2.42362782887782,-2.17196662123646,22
"430",-1.97102953512167,-2.46846937107333,22
"431",-1.51843124136552,-2.7649721209102,22
"432",-1.06583294760937,-2.7649721209102,22
"433",-0.613234653853214,-3.06147487074707,22
"434",-0.160636360097063,-3.06147487074707,22
"435",0.291961933659088,-3.06147487074707,22
"436",0.744560227415239,-3.06147487074707,22
"437",1.19715852117139,-3.35797762058394,22
"438",1.64975681492754,-3.35797762058394,22
"439",2.10235510868369,-3.35797762058394,22
"440",2.55495340243984,-3.35797762058394,22
"441",-6.04441417892703,1.9790718764797,23
"442",-5.59181588517088,1.9790718764797,23
"443",-5.13921759141473,1.9790718764797,23
"444",-4.68661929765857,1.9790718764797,23
"445",-4.23402100390242,1.9790718764797,23
"446",-3.78142271014627,-1.87546387139959,23
"447",-3.32882441639012,-2.7649721209102,23
"448",-2.87622612263397,-3.65448037042081,23
"449",-2.42362782887782,-3.95098312025767,23
"450",-1.97102953512167,-3.95098312025767,23
"451",-1.51843124136552,-3.95098312025767,23
"452",-1.06583294760937,-3.95098312025767,23
"453",-0.613234653853214,-3.95098312025767,23
"454",-0.160636360097063,-3.95098312025767,23
"455",0.291961933659088,-3.95098312025767,23
"456",0.744560227415239,-3.95098312025767,23
"457",1.19715852117139,-3.95098312025767,23
"458",1.64975681492754,-3.95098312025767,23
"459",2.10235510868369,-3.95098312025767,23
"460",2.55495340243984,-3.95098312025767,23
"461",-6.04441417892703,1.9790718764797,24
"462",-5.59181588517088,1.9790718764797,24
"463",-5.13921759141473,1.9790718764797,24
"464",-4.68661929765857,1.9790718764797,24
"465",-4.23402100390242,1.9790718764797,24
"466",-3.78142271014627,-3.35797762058394,24
"467",-3.32882441639012,-3.65448037042081,24
"468",-2.87622612263397,-3.95098312025767,24
"469",-2.42362782887782,-3.95098312025767,24
"470",-1.97102953512167,-3.95098312025767,24
"471",-1.51843124136552,-3.95098312025767,24
"472",-1.06583294760937,-3.95098312025767,24
"473",-0.613234653853214,-3.95098312025767,24
"474",-0.160636360097063,-3.95098312025767,24
"475",0.291961933659088,-3.95098312025767,24
"476",0.744560227415239,-3.95098312025767,24
"477",1.19715852117139,-3.95098312025767,24
"478",1.64975681492754,-3.95098312025767,24
"479",2.10235510868369,-3.95098312025767,24
"480",2.55495340243984,-3.95098312025767,24
"481",-6.04441417892703,1.9790718764797,25
"482",-5.59181588517088,1.9790718764797,25
"483",-5.13921759141473,1.9790718764797,25
"484",-4.68661929765857,1.9790718764797,25
"485",-4.23402100390242,1.9790718764797,25
"486",-3.78142271014627,-2.7649721209102,25
"487",-3.32882441639012,-3.65448037042081,25
"488",-2.87622612263397,-3.65448037042081,25
"489",-2.42362782887782,-3.95098312025767,25
"490",-1.97102953512167,-3.95098312025767,25
"491",-1.51843124136552,-3.95098312025767,25
"492",-1.06583294760937,-3.95098312025767,25
"493",-0.613234653853214,-3.95098312025767,25
"494",-0.160636360097063,-3.95098312025767,25
"495",0.291961933659088,-3.95098312025767,25
"496",0.744560227415239,-3.95098312025767,25
"497",1.19715852117139,-3.95098312025767,25
"498",1.64975681492754,-3.95098312025767,25
"499",2.10235510868369,-3.95098312025767,25
"500",2.55495340243984,-3.95098312025767,25
"501",-6.04441417892703,1.9790718764797,26
"502",-5.59181588517088,1.9790718764797,26
"503",-5.13921759141473,1.9790718764797,26
"504",-4.68661929765857,1.9790718764797,26
"505",-4.23402100390242,1.9790718764797,26
"506",-3.78142271014627,-0.985955621888986,26
"507",-3.32882441639012,-1.57896112156272,26
"508",-2.87622612263397,-2.17196662123646,26
"509",-2.42362782887782,-2.7649721209102,26
"510",-1.97102953512167,-3.35797762058394,26
"511",-1.51843124136552,-3.65448037042081,26
"512",-1.06583294760937,-3.65448037042081,26
"513",-0.613234653853214,-3.95098312025767,26
"514",-0.160636360097063,-3.95098312025767,26
"515",0.291961933659088,-3.95098312025767,26
"516",0.744560227415239,-3.95098312025767,26
"517",1.19715852117139,-3.95098312025767,26
"518",1.64975681492754,-3.95098312025767,26
"519",2.10235510868369,-3.95098312025767,26
"520",2.55495340243984,-3.95098312025767,26
"521",-6.04441417892703,1.9790718764797,27
"522",-5.59181588517088,1.9790718764797,27
"523",-5.13921759141473,1.9790718764797,27
"524",-4.68661929765857,1.9790718764797,27
"525",-4.23402100390242,1.9790718764797,27
"526",-3.78142271014627,-1.87546387139959,27
"527",-3.32882441639012,-2.46846937107333,27
"528",-2.87622612263397,-3.06147487074707,27
"529",-2.42362782887782,-3.35797762058394,27
"530",-1.97102953512167,-3.35797762058394,27
"531",-1.51843124136552,-3.65448037042081,27
"532",-1.06583294760937,-3.65448037042081,27
"533",-0.613234653853214,-3.65448037042081,27
"534",-0.160636360097063,-3.65448037042081,27
"535",0.291961933659088,-3.65448037042081,27
"536",0.744560227415239,-3.65448037042081,27
"537",1.19715852117139,-3.65448037042081,27
"538",1.64975681492754,-3.65448037042081,27
"539",2.10235510868369,-3.65448037042081,27
"540",2.55495340243984,-3.65448037042081,27
"541",-6.04441417892703,1.9790718764797,28
"542",-5.59181588517088,1.9790718764797,28
"543",-5.13921759141473,1.9790718764797,28
"544",-4.68661929765857,1.9790718764797,28
"545",-4.23402100390242,0.793060877132228,28
"546",-3.78142271014627,-1.28245837172585,28
"547",-3.32882441639012,-2.17196662123646,28
"548",-2.87622612263397,-2.7649721209102,28
"549",-2.42362782887782,-3.06147487074707,28
"550",-1.97102953512167,-3.35797762058394,28
"551",-1.51843124136552,-3.65448037042081,28
"552",-1.06583294760937,-3.95098312025767,28
"553",-0.613234653853214,-3.95098312025767,28
"554",-0.160636360097063,-3.95098312025767,28
"555",0.291961933659088,-3.95098312025767,28
"556",0.744560227415239,-3.95098312025767,28
"557",1.19715852117139,-3.95098312025767,28
"558",1.64975681492754,-3.95098312025767,28
"559",2.10235510868369,-3.95098312025767,28
"560",2.55495340243984,-3.95098312025767,28
"561",-6.04441417892703,1.9790718764797,29
"562",-5.59181588517088,1.9790718764797,29
"563",-5.13921759141473,1.9790718764797,29
"564",-4.68661929765857,1.9790718764797,29
"565",-4.23402100390242,0.793060877132228,29
"566",-3.78142271014627,-1.28245837172585,29
"567",-3.32882441639012,-2.17196662123646,29
"568",-2.87622612263397,-2.7649721209102,29
"569",-2.42362782887782,-3.06147487074707,29
"570",-1.97102953512167,-3.35797762058394,29
"571",-1.51843124136552,-3.65448037042081,29
"572",-1.06583294760937,-3.95098312025767,29
"573",-0.613234653853214,-3.95098312025767,29
"574",-0.160636360097063,-3.95098312025767,29
"575",0.291961933659088,-3.95098312025767,29
"576",0.744560227415239,-3.95098312025767,29
"577",1.19715852117139,-3.95098312025767,29
"578",1.64975681492754,-3.95098312025767,29
"579",2.10235510868369,-3.95098312025767,29
"580",2.55495340243984,-3.95098312025767,29
"581",-6.04441417892703,1.9790718764797,30
"582",-5.59181588517088,1.9790718764797,30
"583",-5.13921759141473,1.9790718764797,30
"584",-4.68661929765857,1.9790718764797,30
"585",-4.23402100390242,-0.0964473723783787,30
"586",-3.78142271014627,-0.985955621888986,30
"587",-3.32882441639012,-1.57896112156272,30
"588",-2.87622612263397,-2.17196662123646,30
"589",-2.42362782887782,-2.46846937107333,30
"590",-1.97102953512167,-2.7649721209102,30
"591",-1.51843124136552,-2.7649721209102,30
"592",-1.06583294760937,-3.06147487074707,30
"593",-0.613234653853214,-3.06147487074707,30
"594",-0.160636360097063,-3.35797762058394,30
"595",0.291961933659088,-3.35797762058394,30
"596",0.744560227415239,-3.35797762058394,30
"597",1.19715852117139,-3.35797762058394,30
"598",1.64975681492754,-3.35797762058394,30
"599",2.10235510868369,-3.35797762058394,30
"600",2.55495340243984,-3.35797762058394,30
"601",-6.04441417892703,1.9790718764797,31
"602",-5.59181588517088,1.9790718764797,31
"603",-5.13921759141473,1.9790718764797,31
"604",-4.68661929765857,1.9790718764797,31
"605",-4.23402100390242,0.793060877132228,31
"606",-3.78142271014627,-1.57896112156272,31
"607",-3.32882441639012,-2.46846937107333,31
"608",-2.87622612263397,-3.06147487074707,31
"609",-2.42362782887782,-3.35797762058394,31
"610",-1.97102953512167,-3.95098312025767,31
"611",-1.51843124136552,-3.95098312025767,31
"612",-1.06583294760937,-3.95098312025767,31
"613",-0.613234653853214,-3.95098312025767,31
"614",-0.160636360097063,-3.95098312025767,31
"615",0.291961933659088,-3.95098312025767,31
"616",0.744560227415239,-3.95098312025767,31
"617",1.19715852117139,-3.95098312025767,31
"618",1.64975681492754,-3.95098312025767,31
"619",2.10235510868369,-3.95098312025767,31
"620",2.55495340243984,-3.95098312025767,31
"621",-6.04441417892703,1.9790718764797,32
"622",-5.59181588517088,1.9790718764797,32
"623",-5.13921759141473,1.9790718764797,32
"624",-4.68661929765857,1.9790718764797,32
"625",-4.23402100390242,1.0895636269691,32
"626",-3.78142271014627,-1.28245837172585,32
"627",-3.32882441639012,-2.17196662123646,32
"628",-2.87622612263397,-2.7649721209102,32
"629",-2.42362782887782,-3.06147487074707,32
"630",-1.97102953512167,-3.35797762058394,32
"631",-1.51843124136552,-3.35797762058394,32
"632",-1.06583294760937,-3.65448037042081,32
"633",-0.613234653853214,-3.65448037042081,32
"634",-0.160636360097063,-3.95098312025767,32
"635",0.291961933659088,-3.95098312025767,32
"636",0.744560227415239,-3.95098312025767,32
"637",1.19715852117139,-3.95098312025767,32
"638",1.64975681492754,-3.95098312025767,32
"639",2.10235510868369,-3.95098312025767,32
"640",2.55495340243984,-3.95098312025767,32
"641",-6.04441417892703,1.9790718764797,33
"642",-5.59181588517088,1.9790718764797,33
"643",-5.13921759141473,1.9790718764797,33
"644",-4.68661929765857,1.9790718764797,33
"645",-4.23402100390242,-0.0964473723783787,33
"646",-3.78142271014627,-0.985955621888986,33
"647",-3.32882441639012,-1.87546387139959,33
"648",-2.87622612263397,-2.17196662123646,33
"649",-2.42362782887782,-2.46846937107333,33
"650",-1.97102953512167,-2.7649721209102,33
"651",-1.51843124136552,-3.06147487074707,33
"652",-1.06583294760937,-3.35797762058394,33
"653",-0.613234653853214,-3.35797762058394,33
"654",-0.160636360097063,-3.65448037042081,33
"655",0.291961933659088,-3.65448037042081,33
"656",0.744560227415239,-3.65448037042081,33
"657",1.19715852117139,-3.65448037042081,33
"658",1.64975681492754,-3.65448037042081,33
"659",2.10235510868369,-3.65448037042081,33
"660",2.55495340243984,-3.65448037042081,33
"661",-6.04441417892703,1.9790718764797,34
"662",-5.59181588517088,1.9790718764797,34
"663",-5.13921759141473,1.9790718764797,34
"664",-4.68661929765857,0.793060877132228,34
"665",-4.23402100390242,-0.392950122215248,34
"666",-3.78142271014627,-0.985955621888986,34
"667",-3.32882441639012,-1.57896112156272,34
"668",-2.87622612263397,-1.87546387139959,34
"669",-2.42362782887782,-2.46846937107333,34
"670",-1.97102953512167,-2.7649721209102,34
"671",-1.51843124136552,-3.06147487074707,34
"672",-1.06583294760937,-3.95098312025767,34
"673",-0.613234653853214,-3.95098312025767,34
"674",-0.160636360097063,-3.95098312025767,34
"675",0.291961933659088,-3.95098312025767,34
"676",0.744560227415239,-3.95098312025767,34
"677",1.19715852117139,-3.95098312025767,34
"678",1.64975681492754,-3.95098312025767,34
"679",2.10235510868369,-3.95098312025767,34
"680",2.55495340243984,-3.95098312025767,34
"681",-6.04441417892703,1.9790718764797,35
"682",-5.59181588517088,1.9790718764797,35
"683",-5.13921759141473,1.9790718764797,35
"684",-4.68661929765857,0.20005537745849,35
"685",-4.23402100390242,-0.392950122215248,35
"686",-3.78142271014627,-0.985955621888986,35
"687",-3.32882441639012,-1.57896112156272,35
"688",-2.87622612263397,-2.17196662123646,35
"689",-2.42362782887782,-2.46846937107333,35
"690",-1.97102953512167,-2.7649721209102,35
"691",-1.51843124136552,-3.06147487074707,35
"692",-1.06583294760937,-3.35797762058394,35
"693",-0.613234653853214,-3.65448037042081,35
"694",-0.160636360097063,-3.95098312025767,35
"695",0.291961933659088,-3.95098312025767,35
"696",0.744560227415239,-3.95098312025767,35
"697",1.19715852117139,-3.95098312025767,35
"698",1.64975681492754,-3.95098312025767,35
"699",2.10235510868369,-3.95098312025767,35
"700",2.55495340243984,-3.95098312025767,35
"701",-6.04441417892703,1.9790718764797,36
"702",-5.59181588517088,1.9790718764797,36
"703",-5.13921759141473,1.9790718764797,36
"704",-4.68661929765857,1.9790718764797,36
"705",-4.23402100390242,1.9790718764797,36
"706",-3.78142271014627,-2.7649721209102,36
"707",-3.32882441639012,-3.65448037042081,36
"708",-2.87622612263397,-3.95098312025767,36
"709",-2.42362782887782,-3.95098312025767,36
"710",-1.97102953512167,-3.95098312025767,36
"711",-1.51843124136552,-3.95098312025767,36
"712",-1.06583294760937,-3.95098312025767,36
"713",-0.613234653853214,-3.95098312025767,36
"714",-0.160636360097063,-3.95098312025767,36
"715",0.291961933659088,-3.95098312025767,36
"716",0.744560227415239,-3.95098312025767,36
"717",1.19715852117139,-3.95098312025767,36
"718",1.64975681492754,-3.95098312025767,36
"719",2.10235510868369,-3.95098312025767,36
"720",2.55495340243984,-3.95098312025767,36
"721",-6.04441417892703,1.9790718764797,37
"722",-5.59181588517088,1.9790718764797,37
"723",-5.13921759141473,1.9790718764797,37
"724",-4.68661929765857,1.9790718764797,37
"725",-4.23402100390242,1.9790718764797,37
"726",-3.78142271014627,-3.06147487074707,37
"727",-3.32882441639012,-3.35797762058394,37
"728",-2.87622612263397,-3.35797762058394,37
"729",-2.42362782887782,-3.65448037042081,37
"730",-1.97102953512167,-3.65448037042081,37
"731",-1.51843124136552,-3.65448037042081,37
"732",-1.06583294760937,-3.65448037042081,37
"733",-0.613234653853214,-3.65448037042081,37
"734",-0.160636360097063,-3.65448037042081,37
"735",0.291961933659088,-3.65448037042081,37
"736",0.744560227415239,-3.65448037042081,37
"737",1.19715852117139,-3.65448037042081,37
"738",1.64975681492754,-3.65448037042081,37
"739",2.10235510868369,-3.65448037042081,37
"740",2.55495340243984,-3.65448037042081,37
"741",-6.04441417892703,1.9790718764797,38
"742",-5.59181588517088,1.9790718764797,38
"743",-5.13921759141473,1.9790718764797,38
"744",-4.68661929765857,1.9790718764797,38
"745",-4.23402100390242,1.9790718764797,38
"746",-3.78142271014627,-1.57896112156272,38
"747",-3.32882441639012,-3.95098312025767,38
"748",-2.87622612263397,-3.95098312025767,38
"749",-2.42362782887782,-3.95098312025767,38
"750",-1.97102953512167,-3.95098312025767,38
"751",-1.51843124136552,-3.95098312025767,38
"752",-1.06583294760937,-3.95098312025767,38
"753",-0.613234653853214,-3.95098312025767,38
"754",-0.160636360097063,-3.95098312025767,38
"755",0.291961933659088,-3.95098312025767,38
"756",0.744560227415239,-3.95098312025767,38
"757",1.19715852117139,-3.95098312025767,38
"758",1.64975681492754,-3.95098312025767,38
"759",2.10235510868369,-3.95098312025767,38
"760",2.55495340243984,-3.95098312025767,38
"761",-6.04441417892703,1.9790718764797,39
"762",-5.59181588517088,1.9790718764797,39
"763",-5.13921759141473,1.0895636269691,39
"764",-4.68661929765857,0.793060877132228,39
"765",-4.23402100390242,0.20005537745849,39
"766",-3.78142271014627,-1.87546387139959,39
"767",-3.32882441639012,-3.06147487074707,39
"768",-2.87622612263397,-3.95098312025767,39
"769",-2.42362782887782,-3.95098312025767,39
"770",-1.97102953512167,-3.95098312025767,39
"771",-1.51843124136552,-3.95098312025767,39
"772",-1.06583294760937,-3.95098312025767,39
"773",-0.613234653853214,-3.95098312025767,39
"774",-0.160636360097063,-3.95098312025767,39
"775",0.291961933659088,-3.95098312025767,39
"776",0.744560227415239,-3.95098312025767,39
"777",1.19715852117139,-3.95098312025767,39
"778",1.64975681492754,-3.95098312025767,39
"779",2.10235510868369,-3.95098312025767,39
"780",2.55495340243984,-3.95098312025767,39
"781",-6.04441417892703,1.9790718764797,40
"782",-5.59181588517088,1.9790718764797,40
"783",-5.13921759141473,1.9790718764797,40
"784",-4.68661929765857,1.9790718764797,40
"785",-4.23402100390242,1.9790718764797,40
"786",-3.78142271014627,-2.46846937107333,40
"787",-3.32882441639012,-3.35797762058394,40
"788",-2.87622612263397,-3.65448037042081,40
"789",-2.42362782887782,-3.95098312025767,40
"790",-1.97102953512167,-3.95098312025767,40
"791",-1.51843124136552,-3.95098312025767,40
"792",-1.06583294760937,-3.95098312025767,40
"793",-0.613234653853214,-3.95098312025767,40
"794",-0.160636360097063,-3.95098312025767,40
"795",0.291961933659088,-3.95098312025767,40
"796",0.744560227415239,-3.95098312025767,40
"797",1.19715852117139,-3.95098312025767,40
"798",1.64975681492754,-3.95098312025767,40
"799",2.10235510868369,-3.95098312025767,40
"800",2.55495340243984,-3.95098312025767,40
"801",-6.04441417892703,1.9790718764797,41
"802",-5.59181588517088,1.9790718764797,41
"803",-5.13921759141473,1.9790718764797,41
"804",-4.68661929765857,1.9790718764797,41
"805",-4.23402100390242,1.9790718764797,41
"806",-3.78142271014627,-1.87546387139959,41
"807",-3.32882441639012,-3.06147487074707,41
"808",-2.87622612263397,-3.65448037042081,41
"809",-2.42362782887782,-3.95098312025767,41
"810",-1.97102953512167,-3.95098312025767,41
"811",-1.51843124136552,-3.95098312025767,41
"812",-1.06583294760937,-3.95098312025767,41
"813",-0.613234653853214,-3.95098312025767,41
"814",-0.160636360097063,-3.95098312025767,41
"815",0.291961933659088,-3.95098312025767,41
"816",0.744560227415239,-3.95098312025767,41
"817",1.19715852117139,-3.95098312025767,41
"818",1.64975681492754,-3.95098312025767,41
"819",2.10235510868369,-3.95098312025767,41
"820",2.55495340243984,-3.95098312025767,41
"821",-6.04441417892703,1.9790718764797,42
"822",-5.59181588517088,1.9790718764797,42
"823",-5.13921759141473,1.9790718764797,42
"824",-4.68661929765857,1.9790718764797,42
"825",-4.23402100390242,1.9790718764797,42
"826",-3.78142271014627,-1.57896112156272,42
"827",-3.32882441639012,-2.17196662123646,42
"828",-2.87622612263397,-3.65448037042081,42
"829",-2.42362782887782,-3.95098312025767,42
"830",-1.97102953512167,-3.95098312025767,42
"831",-1.51843124136552,-3.95098312025767,42
"832",-1.06583294760937,-3.95098312025767,42
"833",-0.613234653853214,-3.95098312025767,42
"834",-0.160636360097063,-3.95098312025767,42
"835",0.291961933659088,-3.95098312025767,42
"836",0.744560227415239,-3.95098312025767,42
"837",1.19715852117139,-3.95098312025767,42
"838",1.64975681492754,-3.95098312025767,42
"839",2.10235510868369,-3.95098312025767,42
"840",2.55495340243984,-3.95098312025767,42
"841",-6.04441417892703,1.9790718764797,43
"842",-5.59181588517088,1.9790718764797,43
"843",-5.13921759141473,1.9790718764797,43
"844",-4.68661929765857,1.9790718764797,43
"845",-4.23402100390242,0.793060877132228,43
"846",-3.78142271014627,-3.35797762058394,43
"847",-3.32882441639012,-3.65448037042081,43
"848",-2.87622612263397,-3.95098312025767,43
"849",-2.42362782887782,-3.95098312025767,43
"850",-1.97102953512167,-3.95098312025767,43
"851",-1.51843124136552,-3.95098312025767,43
"852",-1.06583294760937,-3.95098312025767,43
"853",-0.613234653853214,-3.95098312025767,43
"854",-0.160636360097063,-3.95098312025767,43
"855",0.291961933659088,-3.95098312025767,43
"856",0.744560227415239,-3.95098312025767,43
"857",1.19715852117139,-3.95098312025767,43
"858",1.64975681492754,-3.95098312025767,43
"859",2.10235510868369,-3.95098312025767,43
"860",2.55495340243984,-3.95098312025767,43
"861",-6.04441417892703,1.9790718764797,44
"862",-5.59181588517088,1.9790718764797,44
"863",-5.13921759141473,1.9790718764797,44
"864",-4.68661929765857,1.9790718764797,44
"865",-4.23402100390242,1.9790718764797,44
"866",-3.78142271014627,-3.06147487074707,44
"867",-3.32882441639012,-3.06147487074707,44
"868",-2.87622612263397,-3.06147487074707,44
"869",-2.42362782887782,-3.06147487074707,44
"870",-1.97102953512167,-3.35797762058394,44
"871",-1.51843124136552,-3.35797762058394,44
"872",-1.06583294760937,-3.35797762058394,44
"873",-0.613234653853214,-3.35797762058394,44
"874",-0.160636360097063,-3.35797762058394,44
"875",0.291961933659088,-3.35797762058394,44
"876",0.744560227415239,-3.65448037042081,44
"877",1.19715852117139,-3.95098312025767,44
"878",1.64975681492754,-3.95098312025767,44
"879",2.10235510868369,-3.95098312025767,44
"880",2.55495340243984,-3.95098312025767,44
"881",-6.04441417892703,1.9790718764797,45
"882",-5.59181588517088,1.9790718764797,45
"883",-5.13921759141473,1.9790718764797,45
"884",-4.68661929765857,1.9790718764797,45
"885",-4.23402100390242,1.38606637680597,45
"886",-3.78142271014627,-2.17196662123646,45
"887",-3.32882441639012,-2.7649721209102,45
"888",-2.87622612263397,-3.35797762058394,45
"889",-2.42362782887782,-3.35797762058394,45
"890",-1.97102953512167,-3.65448037042081,45
"891",-1.51843124136552,-3.65448037042081,45
"892",-1.06583294760937,-3.65448037042081,45
"893",-0.613234653853214,-3.65448037042081,45
"894",-0.160636360097063,-3.65448037042081,45
"895",0.291961933659088,-3.65448037042081,45
"896",0.744560227415239,-3.65448037042081,45
"897",1.19715852117139,-3.65448037042081,45
"898",1.64975681492754,-3.65448037042081,45
"899",2.10235510868369,-3.65448037042081,45
"900",2.55495340243984,-3.65448037042081,45
"901",-6.04441417892703,1.9790718764797,46
"902",-5.59181588517088,1.9790718764797,46
"903",-5.13921759141473,1.9790718764797,46
"904",-4.68661929765857,1.9790718764797,46
"905",-4.23402100390242,1.9790718764797,46
"906",-3.78142271014627,-3.06147487074707,46
"907",-3.32882441639012,-3.35797762058394,46
"908",-2.87622612263397,-3.65448037042081,46
"909",-2.42362782887782,-3.65448037042081,46
"910",-1.97102953512167,-3.65448037042081,46
"911",-1.51843124136552,-3.65448037042081,46
"912",-1.06583294760937,-3.65448037042081,46
"913",-0.613234653853214,-3.65448037042081,46
"914",-0.160636360097063,-3.65448037042081,46
"915",0.291961933659088,-3.65448037042081,46
"916",0.744560227415239,-3.65448037042081,46
"917",1.19715852117139,-3.95098312025767,46
"918",1.64975681492754,-3.95098312025767,46
"919",2.10235510868369,-3.95098312025767,46
"920",2.55495340243984,-3.95098312025767,46
"921",-6.04441417892703,1.9790718764797,47
"922",-5.59181588517088,1.9790718764797,47
"923",-5.13921759141473,1.9790718764797,47
"924",-4.68661929765857,1.9790718764797,47
"925",-4.23402100390242,1.9790718764797,47
"926",-3.78142271014627,-1.57896112156272,47
"927",-3.32882441639012,-2.46846937107333,47
"928",-2.87622612263397,-2.7649721209102,47
"929",-2.42362782887782,-3.06147487074707,47
"930",-1.97102953512167,-3.35797762058394,47
"931",-1.51843124136552,-3.65448037042081,47
"932",-1.06583294760937,-3.65448037042081,47
"933",-0.613234653853214,-3.65448037042081,47
"934",-0.160636360097063,-3.65448037042081,47
"935",0.291961933659088,-3.65448037042081,47
"936",0.744560227415239,-3.65448037042081,47
"937",1.19715852117139,-3.65448037042081,47
"938",1.64975681492754,-3.95098312025767,47
"939",2.10235510868369,-3.95098312025767,47
"940",2.55495340243984,-3.95098312025767,47
"941",-6.04441417892703,1.9790718764797,48
"942",-5.59181588517088,1.9790718764797,48
"943",-5.13921759141473,1.9790718764797,48
"944",-4.68661929765857,1.9790718764797,48
"945",-4.23402100390242,-0.0964473723783787,48
"946",-3.78142271014627,-0.985955621888986,48
"947",-3.32882441639012,-1.57896112156272,48
"948",-2.87622612263397,-2.17196662123646,48
"949",-2.42362782887782,-2.46846937107333,48
"950",-1.97102953512167,-2.46846937107333,48
"951",-1.51843124136552,-2.7649721209102,48
"952",-1.06583294760937,-3.06147487074707,48
"953",-0.613234653853214,-3.06147487074707,48
"954",-0.160636360097063,-3.06147487074707,48
"955",0.291961933659088,-3.35797762058394,48
"956",0.744560227415239,-3.35797762058394,48
"957",1.19715852117139,-3.35797762058394,48
"958",1.64975681492754,-3.35797762058394,48
"959",2.10235510868369,-3.35797762058394,48
"960",2.55495340243984,-3.35797762058394,48
"961",-6.04441417892703,1.9790718764797,49
"962",-5.59181588517088,1.9790718764797,49
"963",-5.13921759141473,1.9790718764797,49
"964",-4.68661929765857,1.9790718764797,49
"965",-4.23402100390242,1.9790718764797,49
"966",-3.78142271014627,-1.28245837172585,49
"967",-3.32882441639012,-2.17196662123646,49
"968",-2.87622612263397,-2.46846937107333,49
"969",-2.42362782887782,-3.06147487074707,49
"970",-1.97102953512167,-3.06147487074707,49
"971",-1.51843124136552,-3.35797762058394,49
"972",-1.06583294760937,-3.65448037042081,49
"973",-0.613234653853214,-3.65448037042081,49
"974",-0.160636360097063,-3.65448037042081,49
"975",0.291961933659088,-3.65448037042081,49
"976",0.744560227415239,-3.65448037042081,49
"977",1.19715852117139,-3.65448037042081,49
"978",1.64975681492754,-3.65448037042081,49
"979",2.10235510868369,-3.65448037042081,49
"980",2.55495340243984,-3.65448037042081,49
"981",-6.04441417892703,1.9790718764797,50
"982",-5.59181588517088,1.9790718764797,50
"983",-5.13921759141473,1.9790718764797,50
"984",-4.68661929765857,1.9790718764797,50
"985",-4.23402100390242,1.9790718764797,50
"986",-3.78142271014627,-1.57896112156272,50
"987",-3.32882441639012,-2.17196662123646,50
"988",-2.87622612263397,-2.7649721209102,50
"989",-2.42362782887782,-3.06147487074707,50
"990",-1.97102953512167,-3.35797762058394,50
"991",-1.51843124136552,-3.65448037042081,50
"992",-1.06583294760937,-3.65448037042081,50
"993",-0.613234653853214,-3.95098312025767,50
"994",-0.160636360097063,-3.95098312025767,50
"995",0.291961933659088,-3.95098312025767,50
"996",0.744560227415239,-3.95098312025767,50
"997",1.19715852117139,-3.95098312025767,50
"998",1.64975681492754,-3.95098312025767,50
"999",2.10235510868369,-3.95098312025767,50
"1000",2.55495340243984,-3.95098312025767,50
"1001",-6.04441417892703,1.9790718764797,51
"1002",-5.59181588517088,1.9790718764797,51
"1003",-5.13921759141473,1.9790718764797,51
"1004",-4.68661929765857,1.38606637680597,51
"1005",-4.23402100390242,-0.0964473723783787,51
"1006",-3.78142271014627,-0.985955621888986,51
"1007",-3.32882441639012,-1.87546387139959,51
"1008",-2.87622612263397,-2.7649721209102,51
"1009",-2.42362782887782,-3.35797762058394,51
"1010",-1.97102953512167,-3.65448037042081,51
"1011",-1.51843124136552,-3.65448037042081,51
"1012",-1.06583294760937,-3.95098312025767,51
"1013",-0.613234653853214,-3.95098312025767,51
"1014",-0.160636360097063,-3.95098312025767,51
"1015",0.291961933659088,-3.95098312025767,51
"1016",0.744560227415239,-3.95098312025767,51
"1017",1.19715852117139,-3.95098312025767,51
"1018",1.64975681492754,-3.95098312025767,51
"1019",2.10235510868369,-3.95098312025767,51
"1020",2.55495340243984,-3.95098312025767,51
"1021",-6.04441417892703,1.9790718764797,52
"1022",-5.59181588517088,1.9790718764797,52
"1023",-5.13921759141473,1.9790718764797,52
"1024",-4.68661929765857,1.9790718764797,52
"1025",-4.23402100390242,0.793060877132228,52
"1026",-3.78142271014627,-1.57896112156272,52
"1027",-3.32882441639012,-2.46846937107333,52
"1028",-2.87622612263397,-3.35797762058394,52
"1029",-2.42362782887782,-3.65448037042081,52
"1030",-1.97102953512167,-3.95098312025767,52
"1031",-1.51843124136552,-3.95098312025767,52
"1032",-1.06583294760937,-3.95098312025767,52
"1033",-0.613234653853214,-3.95098312025767,52
"1034",-0.160636360097063,-3.95098312025767,52
"1035",0.291961933659088,-3.95098312025767,52
"1036",0.744560227415239,-3.95098312025767,52
"1037",1.19715852117139,-3.95098312025767,52
"1038",1.64975681492754,-3.95098312025767,52
"1039",2.10235510868369,-3.95098312025767,52
"1040",2.55495340243984,-3.95098312025767,52
"1041",-6.04441417892703,1.9790718764797,53
"1042",-5.59181588517088,1.9790718764797,53
"1043",-5.13921759141473,1.9790718764797,53
"1044",-4.68661929765857,1.9790718764797,53
"1045",-4.23402100390242,0.20005537745849,53
"1046",-3.78142271014627,-1.28245837172585,53
"1047",-3.32882441639012,-1.87546387139959,53
"1048",-2.87622612263397,-2.46846937107333,53
"1049",-2.42362782887782,-2.7649721209102,53
"1050",-1.97102953512167,-3.06147487074707,53
"1051",-1.51843124136552,-3.35797762058394,53
"1052",-1.06583294760937,-3.35797762058394,53
"1053",-0.613234653853214,-3.65448037042081,53
"1054",-0.160636360097063,-3.65448037042081,53
"1055",0.291961933659088,-3.65448037042081,53
"1056",0.744560227415239,-3.65448037042081,53
"1057",1.19715852117139,-3.95098312025767,53
"1058",1.64975681492754,-3.95098312025767,53
"1059",2.10235510868369,-3.95098312025767,53
"1060",2.55495340243984,-3.95098312025767,53
"1061",-6.04441417892703,1.9790718764797,54
"1062",-5.59181588517088,1.9790718764797,54
"1063",-5.13921759141473,1.9790718764797,54
"1064",-4.68661929765857,1.9790718764797,54
"1065",-4.23402100390242,1.9790718764797,54
"1066",-3.78142271014627,-1.28245837172585,54
"1067",-3.32882441639012,-2.17196662123646,54
"1068",-2.87622612263397,-2.7649721209102,54
"1069",-2.42362782887782,-3.06147487074707,54
"1070",-1.97102953512167,-3.35797762058394,54
"1071",-1.51843124136552,-3.65448037042081,54
"1072",-1.06583294760937,-3.95098312025767,54
"1073",-0.613234653853214,-3.95098312025767,54
"1074",-0.160636360097063,-3.95098312025767,54
"1075",0.291961933659088,-3.95098312025767,54
"1076",0.744560227415239,-3.95098312025767,54
"1077",1.19715852117139,-3.95098312025767,54
"1078",1.64975681492754,-3.95098312025767,54
"1079",2.10235510868369,-3.95098312025767,54
"1080",2.55495340243984,-3.95098312025767,54
"1081",-6.04441417892703,1.9790718764797,55
"1082",-5.59181588517088,1.9790718764797,55
"1083",-5.13921759141473,1.9790718764797,55
"1084",-4.68661929765857,1.9790718764797,55
"1085",-4.23402100390242,0.20005537745849,55
"1086",-3.78142271014627,-1.28245837172585,55
"1087",-3.32882441639012,-2.17196662123646,55
"1088",-2.87622612263397,-2.7649721209102,55
"1089",-2.42362782887782,-3.06147487074707,55
"1090",-1.97102953512167,-3.35797762058394,55
"1091",-1.51843124136552,-3.65448037042081,55
"1092",-1.06583294760937,-3.95098312025767,55
"1093",-0.613234653853214,-3.95098312025767,55
"1094",-0.160636360097063,-3.95098312025767,55
"1095",0.291961933659088,-3.95098312025767,55
"1096",0.744560227415239,-3.95098312025767,55
"1097",1.19715852117139,-3.95098312025767,55
"1098",1.64975681492754,-3.95098312025767,55
"1099",2.10235510868369,-3.95098312025767,55
"1100",2.55495340243984,-3.95098312025767,55
"1101",-6.04441417892703,1.9790718764797,56
"1102",-5.59181588517088,1.9790718764797,56
"1103",-5.13921759141473,1.9790718764797,56
"1104",-4.68661929765857,1.9790718764797,56
"1105",-4.23402100390242,0.20005537745849,56
"1106",-3.78142271014627,-1.28245837172585,56
"1107",-3.32882441639012,-2.17196662123646,56
"1108",-2.87622612263397,-2.7649721209102,56
"1109",-2.42362782887782,-3.35797762058394,56
"1110",-1.97102953512167,-3.65448037042081,56
"1111",-1.51843124136552,-3.95098312025767,56
"1112",-1.06583294760937,-3.95098312025767,56
"1113",-0.613234653853214,-3.95098312025767,56
"1114",-0.160636360097063,-3.95098312025767,56
"1115",0.291961933659088,-3.95098312025767,56
"1116",0.744560227415239,-3.95098312025767,56
"1117",1.19715852117139,-3.95098312025767,56
"1118",1.64975681492754,-3.95098312025767,56
"1119",2.10235510868369,-3.95098312025767,56
"1120",2.55495340243984,-3.95098312025767,56
"1121",-6.04441417892703,1.9790718764797,57
"1122",-5.59181588517088,1.9790718764797,57
"1123",-5.13921759141473,1.9790718764797,57
"1124",-4.68661929765857,1.9790718764797,57
"1125",-4.23402100390242,0.793060877132228,57
"1126",-3.78142271014627,-1.28245837172585,57
"1127",-3.32882441639012,-2.17196662123646,57
"1128",-2.87622612263397,-2.7649721209102,57
"1129",-2.42362782887782,-3.06147487074707,57
"1130",-1.97102953512167,-3.35797762058394,57
"1131",-1.51843124136552,-3.65448037042081,57
"1132",-1.06583294760937,-3.95098312025767,57
"1133",-0.613234653853214,-3.95098312025767,57
"1134",-0.160636360097063,-3.95098312025767,57
"1135",0.291961933659088,-3.95098312025767,57
"1136",0.744560227415239,-3.95098312025767,57
"1137",1.19715852117139,-3.95098312025767,57
"1138",1.64975681492754,-3.95098312025767,57
"1139",2.10235510868369,-3.95098312025767,57
"1140",2.55495340243984,-3.95098312025767,57
"1141",-6.04441417892703,1.9790718764797,58
"1142",-5.59181588517088,1.9790718764797,58
"1143",-5.13921759141473,1.9790718764797,58
"1144",-4.68661929765857,1.9790718764797,58
"1145",-4.23402100390242,0.20005537745849,58
"1146",-3.78142271014627,-1.57896112156272,58
"1147",-3.32882441639012,-2.7649721209102,58
"1148",-2.87622612263397,-3.65448037042081,58
"1149",-2.42362782887782,-3.95098312025767,58
"1150",-1.97102953512167,-3.95098312025767,58
"1151",-1.51843124136552,-3.95098312025767,58
"1152",-1.06583294760937,-3.95098312025767,58
"1153",-0.613234653853214,-3.95098312025767,58
"1154",-0.160636360097063,-3.95098312025767,58
"1155",0.291961933659088,-3.95098312025767,58
"1156",0.744560227415239,-3.95098312025767,58
"1157",1.19715852117139,-3.95098312025767,58
"1158",1.64975681492754,-3.95098312025767,58
"1159",2.10235510868369,-3.95098312025767,58
"1160",2.55495340243984,-3.95098312025767,58
"1161",-6.04441417892703,1.9790718764797,59
"1162",-5.59181588517088,1.9790718764797,59
"1163",-5.13921759141473,1.9790718764797,59
"1164",-4.68661929765857,1.9790718764797,59
"1165",-4.23402100390242,1.9790718764797,59
"1166",-3.78142271014627,-1.57896112156272,59
"1167",-3.32882441639012,-2.46846937107333,59
"1168",-2.87622612263397,-3.06147487074707,59
"1169",-2.42362782887782,-3.35797762058394,59
"1170",-1.97102953512167,-3.65448037042081,59
"1171",-1.51843124136552,-3.65448037042081,59
"1172",-1.06583294760937,-3.95098312025767,59
"1173",-0.613234653853214,-3.95098312025767,59
"1174",-0.160636360097063,-3.95098312025767,59
"1175",0.291961933659088,-3.95098312025767,59
"1176",0.744560227415239,-3.95098312025767,59
"1177",1.19715852117139,-3.95098312025767,59
"1178",1.64975681492754,-3.95098312025767,59
"1179",2.10235510868369,-3.95098312025767,59
"1180",2.55495340243984,-3.95098312025767,59
"1181",-6.04441417892703,1.9790718764797,60
"1182",-5.59181588517088,1.9790718764797,60
"1183",-5.13921759141473,1.9790718764797,60
"1184",-4.68661929765857,1.9790718764797,60
"1185",-4.23402100390242,1.9790718764797,60
"1186",-3.78142271014627,-2.17196662123646,60
"1187",-3.32882441639012,-3.06147487074707,60
"1188",-2.87622612263397,-3.95098312025767,60
"1189",-2.42362782887782,-3.95098312025767,60
"1190",-1.97102953512167,-3.95098312025767,60
"1191",-1.51843124136552,-3.95098312025767,60
"1192",-1.06583294760937,-3.95098312025767,60
"1193",-0.613234653853214,-3.95098312025767,60
"1194",-0.160636360097063,-3.95098312025767,60
"1195",0.291961933659088,-3.95098312025767,60
"1196",0.744560227415239,-3.95098312025767,60
"1197",1.19715852117139,-3.95098312025767,60
"1198",1.64975681492754,-3.95098312025767,60
"1199",2.10235510868369,-3.95098312025767,60
"1200",2.55495340243984,-3.95098312025767,60
"1201",-6.04441417892703,1.9790718764797,61
"1202",-5.59181588517088,1.9790718764797,61
"1203",-5.13921759141473,1.9790718764797,61
"1204",-4.68661929765857,1.9790718764797,61
"1205",-4.23402100390242,1.9790718764797,61
"1206",-3.78142271014627,-2.17196662123646,61
"1207",-3.32882441639012,-3.06147487074707,61
"1208",-2.87622612263397,-3.65448037042081,61
"1209",-2.42362782887782,-3.95098312025767,61
"1210",-1.97102953512167,-3.95098312025767,61
"1211",-1.51843124136552,-3.95098312025767,61
"1212",-1.06583294760937,-3.95098312025767,61
"1213",-0.613234653853214,-3.95098312025767,61
"1214",-0.160636360097063,-3.95098312025767,61
"1215",0.291961933659088,-3.95098312025767,61
"1216",0.744560227415239,-3.95098312025767,61
"1217",1.19715852117139,-3.95098312025767,61
"1218",1.64975681492754,-3.95098312025767,61
"1219",2.10235510868369,-3.95098312025767,61
"1220",2.55495340243984,-3.95098312025767,61
"1221",-6.04441417892703,1.9790718764797,62
"1222",-5.59181588517088,1.9790718764797,62
"1223",-5.13921759141473,1.9790718764797,62
"1224",-4.68661929765857,1.9790718764797,62
"1225",-4.23402100390242,0.496558127295359,62
"1226",-3.78142271014627,-1.28245837172585,62
"1227",-3.32882441639012,-2.17196662123646,62
"1228",-2.87622612263397,-2.7649721209102,62
"1229",-2.42362782887782,-3.06147487074707,62
"1230",-1.97102953512167,-3.35797762058394,62
"1231",-1.51843124136552,-3.65448037042081,62
"1232",-1.06583294760937,-3.95098312025767,62
"1233",-0.613234653853214,-3.95098312025767,62
"1234",-0.160636360097063,-3.95098312025767,62
"1235",0.291961933659088,-3.95098312025767,62
"1236",0.744560227415239,-3.95098312025767,62
"1237",1.19715852117139,-3.95098312025767,62
"1238",1.64975681492754,-3.95098312025767,62
"1239",2.10235510868369,-3.95098312025767,62
"1240",2.55495340243984,-3.95098312025767,62
"1241",-6.04441417892703,1.9790718764797,63
"1242",-5.59181588517088,1.9790718764797,63
"1243",-5.13921759141473,1.68256912664283,63
"1244",-4.68661929765857,0.793060877132228,63
"1245",-4.23402100390242,-0.0964473723783787,63
"1246",-3.78142271014627,-0.985955621888986,63
"1247",-3.32882441639012,-1.87546387139959,63
"1248",-2.87622612263397,-2.46846937107333,63
"1249",-2.42362782887782,-3.06147487074707,63
"1250",-1.97102953512167,-3.65448037042081,63
"1251",-1.51843124136552,-3.95098312025767,63
"1252",-1.06583294760937,-3.95098312025767,63
"1253",-0.613234653853214,-3.95098312025767,63
"1254",-0.160636360097063,-3.95098312025767,63
"1255",0.291961933659088,-3.95098312025767,63
"1256",0.744560227415239,-3.95098312025767,63
"1257",1.19715852117139,-3.95098312025767,63
"1258",1.64975681492754,-3.95098312025767,63
"1259",2.10235510868369,-3.95098312025767,63
"1260",2.55495340243984,-3.95098312025767,63
"1261",-6.04441417892703,1.9790718764797,64
"1262",-5.59181588517088,1.9790718764797,64
"1263",-5.13921759141473,1.9790718764797,64
"1264",-4.68661929765857,1.9790718764797,64
"1265",-4.23402100390242,1.9790718764797,64
"1266",-3.78142271014627,-3.06147487074707,64
"1267",-3.32882441639012,-3.65448037042081,64
"1268",-2.87622612263397,-3.95098312025767,64
"1269",-2.42362782887782,-3.95098312025767,64
"1270",-1.97102953512167,-3.95098312025767,64
"1271",-1.51843124136552,-3.95098312025767,64
"1272",-1.06583294760937,-3.95098312025767,64
"1273",-0.613234653853214,-3.95098312025767,64
"1274",-0.160636360097063,-3.95098312025767,64
"1275",0.291961933659088,-3.95098312025767,64
"1276",0.744560227415239,-3.95098312025767,64
"1277",1.19715852117139,-3.95098312025767,64
"1278",1.64975681492754,-3.95098312025767,64
"1279",2.10235510868369,-3.95098312025767,64
"1280",2.55495340243984,-3.95098312025767,64
"1281",-6.04441417892703,1.9790718764797,65
"1282",-5.59181588517088,1.9790718764797,65
"1283",-5.13921759141473,1.9790718764797,65
"1284",-4.68661929765857,1.9790718764797,65
"1285",-4.23402100390242,1.9790718764797,65
"1286",-3.78142271014627,-1.87546387139959,65
"1287",-3.32882441639012,-3.06147487074707,65
"1288",-2.87622612263397,-3.65448037042081,65
"1289",-2.42362782887782,-3.95098312025767,65
"1290",-1.97102953512167,-3.95098312025767,65
"1291",-1.51843124136552,-3.95098312025767,65
"1292",-1.06583294760937,-3.95098312025767,65
"1293",-0.613234653853214,-3.95098312025767,65
"1294",-0.160636360097063,-3.95098312025767,65
"1295",0.291961933659088,-3.95098312025767,65
"1296",0.744560227415239,-3.95098312025767,65
"1297",1.19715852117139,-3.95098312025767,65
"1298",1.64975681492754,-3.95098312025767,65
"1299",2.10235510868369,-3.95098312025767,65
"1300",2.55495340243984,-3.95098312025767,65
"1301",-6.04441417892703,1.9790718764797,66
"1302",-5.59181588517088,1.9790718764797,66
"1303",-5.13921759141473,1.9790718764797,66
"1304",-4.68661929765857,1.9790718764797,66
"1305",-4.23402100390242,1.9790718764797,66
"1306",-3.78142271014627,-2.17196662123646,66
"1307",-3.32882441639012,-2.46846937107333,66
"1308",-2.87622612263397,-2.46846937107333,66
"1309",-2.42362782887782,-2.46846937107333,66
"1310",-1.97102953512167,-2.7649721209102,66
"1311",-1.51843124136552,-3.35797762058394,66
"1312",-1.06583294760937,-3.95098312025767,66
"1313",-0.613234653853214,-3.95098312025767,66
"1314",-0.160636360097063,-3.95098312025767,66
"1315",0.291961933659088,-3.95098312025767,66
"1316",0.744560227415239,-3.95098312025767,66
"1317",1.19715852117139,-3.95098312025767,66
"1318",1.64975681492754,-3.95098312025767,66
"1319",2.10235510868369,-3.95098312025767,66
"1320",2.55495340243984,-3.95098312025767,66
"1321",-6.04441417892703,1.9790718764797,67
"1322",-5.59181588517088,1.9790718764797,67
"1323",-5.13921759141473,1.9790718764797,67
"1324",-4.68661929765857,1.9790718764797,67
"1325",-4.23402100390242,1.9790718764797,67
"1326",-3.78142271014627,-2.46846937107333,67
"1327",-3.32882441639012,-3.35797762058394,67
"1328",-2.87622612263397,-3.65448037042081,67
"1329",-2.42362782887782,-3.95098312025767,67
"1330",-1.97102953512167,-3.95098312025767,67
"1331",-1.51843124136552,-3.95098312025767,67
"1332",-1.06583294760937,-3.95098312025767,67
"1333",-0.613234653853214,-3.95098312025767,67
"1334",-0.160636360097063,-3.95098312025767,67
"1335",0.291961933659088,-3.95098312025767,67
"1336",0.744560227415239,-3.95098312025767,67
"1337",1.19715852117139,-3.95098312025767,67
"1338",1.64975681492754,-3.95098312025767,67
"1339",2.10235510868369,-3.95098312025767,67
"1340",2.55495340243984,-3.95098312025767,67
"1341",-6.04441417892703,1.9790718764797,68
"1342",-5.59181588517088,1.9790718764797,68
"1343",-5.13921759141473,1.9790718764797,68
"1344",-4.68661929765857,1.9790718764797,68
"1345",-4.23402100390242,1.9790718764797,68
"1346",-3.78142271014627,-2.46846937107333,68
"1347",-3.32882441639012,-3.65448037042081,68
"1348",-2.87622612263397,-3.95098312025767,68
"1349",-2.42362782887782,-3.95098312025767,68
"1350",-1.97102953512167,-3.95098312025767,68
"1351",-1.51843124136552,-3.95098312025767,68
"1352",-1.06583294760937,-3.95098312025767,68
"1353",-0.613234653853214,-3.95098312025767,68
"1354",-0.160636360097063,-3.95098312025767,68
"1355",0.291961933659088,-3.95098312025767,68
"1356",0.744560227415239,-3.95098312025767,68
"1357",1.19715852117139,-3.95098312025767,68
"1358",1.64975681492754,-3.95098312025767,68
"1359",2.10235510868369,-3.95098312025767,68
"1360",2.55495340243984,-3.95098312025767,68
"1361",-6.04441417892703,1.9790718764797,69
"1362",-5.59181588517088,1.9790718764797,69
"1363",-5.13921759141473,1.9790718764797,69
"1364",-4.68661929765857,1.9790718764797,69
"1365",-4.23402100390242,1.9790718764797,69
"1366",-3.78142271014627,-2.7649721209102,69
"1367",-3.32882441639012,-3.06147487074707,69
"1368",-2.87622612263397,-3.35797762058394,69
"1369",-2.42362782887782,-3.35797762058394,69
"1370",-1.97102953512167,-3.35797762058394,69
"1371",-1.51843124136552,-3.35797762058394,69
"1372",-1.06583294760937,-3.35797762058394,69
"1373",-0.613234653853214,-3.35797762058394,69
"1374",-0.160636360097063,-3.35797762058394,69
"1375",0.291961933659088,-3.65448037042081,69
"1376",0.744560227415239,-3.65448037042081,69
"1377",1.19715852117139,-3.95098312025767,69
"1378",1.64975681492754,-3.95098312025767,69
"1379",2.10235510868369,-3.95098312025767,69
"1380",2.55495340243984,-3.95098312025767,69
"1381",-6.04441417892703,1.9790718764797,70
"1382",-5.59181588517088,1.9790718764797,70
"1383",-5.13921759141473,1.9790718764797,70
"1384",-4.68661929765857,1.9790718764797,70
"1385",-4.23402100390242,1.38606637680597,70
"1386",-3.78142271014627,-1.57896112156272,70
"1387",-3.32882441639012,-2.17196662123646,70
"1388",-2.87622612263397,-2.17196662123646,70
"1389",-2.42362782887782,-2.46846937107333,70
"1390",-1.97102953512167,-2.46846937107333,70
"1391",-1.51843124136552,-3.65448037042081,70
"1392",-1.06583294760937,-3.95098312025767,70
"1393",-0.613234653853214,-3.95098312025767,70
"1394",-0.160636360097063,-3.95098312025767,70
"1395",0.291961933659088,-3.95098312025767,70
"1396",0.744560227415239,-3.95098312025767,70
"1397",1.19715852117139,-3.95098312025767,70
"1398",1.64975681492754,-3.95098312025767,70
"1399",2.10235510868369,-3.95098312025767,70
"1400",2.55495340243984,-3.95098312025767,70
"1401",-6.04441417892703,1.9790718764797,71
"1402",-5.59181588517088,1.9790718764797,71
"1403",-5.13921759141473,1.9790718764797,71
"1404",-4.68661929765857,1.9790718764797,71
"1405",-4.23402100390242,1.9790718764797,71
"1406",-3.78142271014627,-1.87546387139959,71
"1407",-3.32882441639012,-2.46846937107333,71
"1408",-2.87622612263397,-2.7649721209102,71
"1409",-2.42362782887782,-3.06147487074707,71
"1410",-1.97102953512167,-3.06147487074707,71
"1411",-1.51843124136552,-3.35797762058394,71
"1412",-1.06583294760937,-3.35797762058394,71
"1413",-0.613234653853214,-3.35797762058394,71
"1414",-0.160636360097063,-3.35797762058394,71
"1415",0.291961933659088,-3.35797762058394,71
"1416",0.744560227415239,-3.35797762058394,71
"1417",1.19715852117139,-3.35797762058394,71
"1418",1.64975681492754,-3.35797762058394,71
"1419",2.10235510868369,-3.35797762058394,71
"1420",2.55495340243984,-3.35797762058394,71
"1421",-6.04441417892703,1.9790718764797,72
"1422",-5.59181588517088,1.9790718764797,72
"1423",-5.13921759141473,1.9790718764797,72
"1424",-4.68661929765857,1.9790718764797,72
"1425",-4.23402100390242,0.793060877132228,72
"1426",-3.78142271014627,-1.28245837172585,72
"1427",-3.32882441639012,-1.87546387139959,72
"1428",-2.87622612263397,-2.17196662123646,72
"1429",-2.42362782887782,-2.46846937107333,72
"1430",-1.97102953512167,-2.7649721209102,72
"1431",-1.51843124136552,-2.7649721209102,72
"1432",-1.06583294760937,-3.06147487074707,72
"1433",-0.613234653853214,-3.06147487074707,72
"1434",-0.160636360097063,-3.06147487074707,72
"1435",0.291961933659088,-3.06147487074707,72
"1436",0.744560227415239,-3.35797762058394,72
"1437",1.19715852117139,-3.35797762058394,72
"1438",1.64975681492754,-3.65448037042081,72
"1439",2.10235510868369,-3.65448037042081,72
"1440",2.55495340243984,-3.65448037042081,72
"1441",-6.04441417892703,1.9790718764797,73
"1442",-5.59181588517088,1.9790718764797,73
"1443",-5.13921759141473,1.9790718764797,73
"1444",-4.68661929765857,1.9790718764797,73
"1445",-4.23402100390242,0.20005537745849,73
"1446",-3.78142271014627,-1.28245837172585,73
"1447",-3.32882441639012,-1.87546387139959,73
"1448",-2.87622612263397,-2.17196662123646,73
"1449",-2.42362782887782,-2.46846937107333,73
"1450",-1.97102953512167,-2.7649721209102,73
"1451",-1.51843124136552,-3.06147487074707,73
"1452",-1.06583294760937,-3.06147487074707,73
"1453",-0.613234653853214,-3.35797762058394,73
"1454",-0.160636360097063,-3.35797762058394,73
"1455",0.291961933659088,-3.35797762058394,73
"1456",0.744560227415239,-3.35797762058394,73
"1457",1.19715852117139,-3.35797762058394,73
"1458",1.64975681492754,-3.35797762058394,73
"1459",2.10235510868369,-3.65448037042081,73
"1460",2.55495340243984,-3.65448037042081,73
"1461",-6.04441417892703,1.9790718764797,74
"1462",-5.59181588517088,1.9790718764797,74
"1463",-5.13921759141473,1.9790718764797,74
"1464",-4.68661929765857,1.9790718764797,74
"1465",-4.23402100390242,1.9790718764797,74
"1466",-3.78142271014627,-2.17196662123646,74
"1467",-3.32882441639012,-3.06147487074707,74
"1468",-2.87622612263397,-3.65448037042081,74
"1469",-2.42362782887782,-3.95098312025767,74
"1470",-1.97102953512167,-3.95098312025767,74
"1471",-1.51843124136552,-3.95098312025767,74
"1472",-1.06583294760937,-3.95098312025767,74
"1473",-0.613234653853214,-3.95098312025767,74
"1474",-0.160636360097063,-3.95098312025767,74
"1475",0.291961933659088,-3.95098312025767,74
"1476",0.744560227415239,-3.95098312025767,74
"1477",1.19715852117139,-3.95098312025767,74
"1478",1.64975681492754,-3.95098312025767,74
"1479",2.10235510868369,-3.95098312025767,74
"1480",2.55495340243984,-3.95098312025767,74
"1481",-6.04441417892703,1.9790718764797,75
"1482",-5.59181588517088,1.9790718764797,75
"1483",-5.13921759141473,1.9790718764797,75
"1484",-4.68661929765857,1.9790718764797,75
"1485",-4.23402100390242,1.9790718764797,75
"1486",-3.78142271014627,-1.57896112156272,75
"1487",-3.32882441639012,-2.46846937107333,75
"1488",-2.87622612263397,-3.35797762058394,75
"1489",-2.42362782887782,-3.95098312025767,75
"1490",-1.97102953512167,-3.95098312025767,75
"1491",-1.51843124136552,-3.95098312025767,75
"1492",-1.06583294760937,-3.95098312025767,75
"1493",-0.613234653853214,-3.95098312025767,75
"1494",-0.160636360097063,-3.95098312025767,75
"1495",0.291961933659088,-3.95098312025767,75
"1496",0.744560227415239,-3.95098312025767,75
"1497",1.19715852117139,-3.95098312025767,75
"1498",1.64975681492754,-3.95098312025767,75
"1499",2.10235510868369,-3.95098312025767,75
"1500",2.55495340243984,-3.95098312025767,75
"1501",-6.04441417892703,1.9790718764797,76
"1502",-5.59181588517088,1.9790718764797,76
"1503",-5.13921759141473,1.9790718764797,76
"1504",-4.68661929765857,1.9790718764797,76
"1505",-4.23402100390242,1.9790718764797,76
"1506",-3.78142271014627,-2.7649721209102,76
"1507",-3.32882441639012,-3.35797762058394,76
"1508",-2.87622612263397,-3.65448037042081,76
"1509",-2.42362782887782,-3.65448037042081,76
"1510",-1.97102953512167,-3.95098312025767,76
"1511",-1.51843124136552,-3.95098312025767,76
"1512",-1.06583294760937,-3.95098312025767,76
"1513",-0.613234653853214,-3.95098312025767,76
"1514",-0.160636360097063,-3.95098312025767,76
"1515",0.291961933659088,-3.95098312025767,76
"1516",0.744560227415239,-3.95098312025767,76
"1517",1.19715852117139,-3.95098312025767,76
"1518",1.64975681492754,-3.95098312025767,76
"1519",2.10235510868369,-3.95098312025767,76
"1520",2.55495340243984,-3.95098312025767,76
"1521",-6.04441417892703,1.9790718764797,77
"1522",-5.59181588517088,1.9790718764797,77
"1523",-5.13921759141473,1.9790718764797,77
"1524",-4.68661929765857,1.9790718764797,77
"1525",-4.23402100390242,1.9790718764797,77
"1526",-3.78142271014627,-1.28245837172585,77
"1527",-3.32882441639012,-1.87546387139959,77
"1528",-2.87622612263397,-2.17196662123646,77
"1529",-2.42362782887782,-2.46846937107333,77
"1530",-1.97102953512167,-2.46846937107333,77
"1531",-1.51843124136552,-2.7649721209102,77
"1532",-1.06583294760937,-2.7649721209102,77
"1533",-0.613234653853214,-2.7649721209102,77
"1534",-0.160636360097063,-2.7649721209102,77
"1535",0.291961933659088,-2.7649721209102,77
"1536",0.744560227415239,-2.7649721209102,77
"1537",1.19715852117139,-3.06147487074707,77
"1538",1.64975681492754,-3.06147487074707,77
"1539",2.10235510868369,-3.35797762058394,77
"1540",2.55495340243984,-3.65448037042081,77
"1541",-6.04441417892703,1.9790718764797,78
"1542",-5.59181588517088,1.9790718764797,78
"1543",-5.13921759141473,1.9790718764797,78
"1544",-4.68661929765857,1.9790718764797,78
"1545",-4.23402100390242,-0.0964473723783787,78
"1546",-3.78142271014627,-0.985955621888986,78
"1547",-3.32882441639012,-1.57896112156272,78
"1548",-2.87622612263397,-1.87546387139959,78
"1549",-2.42362782887782,-2.17196662123646,78
"1550",-1.97102953512167,-2.46846937107333,78
"1551",-1.51843124136552,-2.7649721209102,78
"1552",-1.06583294760937,-3.65448037042081,78
"1553",-0.613234653853214,-3.95098312025767,78
"1554",-0.160636360097063,-3.95098312025767,78
"1555",0.291961933659088,-3.95098312025767,78
"1556",0.744560227415239,-3.95098312025767,78
"1557",1.19715852117139,-3.95098312025767,78
"1558",1.64975681492754,-3.95098312025767,78
"1559",2.10235510868369,-3.95098312025767,78
"1560",2.55495340243984,-3.95098312025767,78
"1561",-6.04441417892703,1.9790718764797,79
"1562",-5.59181588517088,1.9790718764797,79
"1563",-5.13921759141473,1.9790718764797,79
"1564",-4.68661929765857,0.20005537745849,79
"1565",-4.23402100390242,-0.392950122215248,79
"1566",-3.78142271014627,-0.985955621888986,79
"1567",-3.32882441639012,-3.06147487074707,79
"1568",-2.87622612263397,-3.35797762058394,79
"1569",-2.42362782887782,-3.65448037042081,79
"1570",-1.97102953512167,-3.65448037042081,79
"1571",-1.51843124136552,-3.65448037042081,79
"1572",-1.06583294760937,-3.65448037042081,79
"1573",-0.613234653853214,-3.65448037042081,79
"1574",-0.160636360097063,-3.65448037042081,79
"1575",0.291961933659088,-3.95098312025767,79
"1576",0.744560227415239,-3.95098312025767,79
"1577",1.19715852117139,-3.95098312025767,79
"1578",1.64975681492754,-3.95098312025767,79
"1579",2.10235510868369,-3.95098312025767,79
"1580",2.55495340243984,-3.95098312025767,79
"1581",-6.04441417892703,1.9790718764797,80
"1582",-5.59181588517088,1.9790718764797,80
"1583",-5.13921759141473,1.9790718764797,80
"1584",-4.68661929765857,0.496558127295359,80
"1585",-4.23402100390242,-0.0964473723783787,80
"1586",-3.78142271014627,-3.95098312025767,80
"1587",-3.32882441639012,-3.95098312025767,80
"1588",-2.87622612263397,-3.95098312025767,80
"1589",-2.42362782887782,-3.95098312025767,80
"1590",-1.97102953512167,-3.95098312025767,80
"1591",-1.51843124136552,-3.95098312025767,80
"1592",-1.06583294760937,-3.95098312025767,80
"1593",-0.613234653853214,-3.95098312025767,80
"1594",-0.160636360097063,-3.95098312025767,80
"1595",0.291961933659088,-3.95098312025767,80
"1596",0.744560227415239,-3.95098312025767,80
"1597",1.19715852117139,-3.95098312025767,80
"1598",1.64975681492754,-3.95098312025767,80
"1599",2.10235510868369,-3.95098312025767,80
"1600",2.55495340243984,-3.95098312025767,80
"1601",-6.04441417892703,1.9790718764797,81
"1602",-5.59181588517088,1.9790718764797,81
"1603",-5.13921759141473,1.38606637680597,81
"1604",-4.68661929765857,0.793060877132228,81
"1605",-4.23402100390242,0.20005537745849,81
"1606",-3.78142271014627,-1.28245837172585,81
"1607",-3.32882441639012,-2.46846937107333,81
"1608",-2.87622612263397,-3.06147487074707,81
"1609",-2.42362782887782,-3.65448037042081,81
"1610",-1.97102953512167,-3.95098312025767,81
"1611",-1.51843124136552,-3.95098312025767,81
"1612",-1.06583294760937,-3.95098312025767,81
"1613",-0.613234653853214,-3.95098312025767,81
"1614",-0.160636360097063,-3.95098312025767,81
"1615",0.291961933659088,-3.95098312025767,81
"1616",0.744560227415239,-3.95098312025767,81
"1617",1.19715852117139,-3.95098312025767,81
"1618",1.64975681492754,-3.95098312025767,81
"1619",2.10235510868369,-3.95098312025767,81
"1620",2.55495340243984,-3.95098312025767,81
"1621",-6.04441417892703,1.9790718764797,82
"1622",-5.59181588517088,1.9790718764797,82
"1623",-5.13921759141473,1.9790718764797,82
"1624",-4.68661929765857,1.9790718764797,82
"1625",-4.23402100390242,0.496558127295359,82
"1626",-3.78142271014627,-1.28245837172585,82
"1627",-3.32882441639012,-1.87546387139959,82
"1628",-2.87622612263397,-2.46846937107333,82
"1629",-2.42362782887782,-2.7649721209102,82
"1630",-1.97102953512167,-3.06147487074707,82
"1631",-1.51843124136552,-3.35797762058394,82
"1632",-1.06583294760937,-3.35797762058394,82
"1633",-0.613234653853214,-3.35797762058394,82
"1634",-0.160636360097063,-3.65448037042081,82
"1635",0.291961933659088,-3.65448037042081,82
"1636",0.744560227415239,-3.65448037042081,82
"1637",1.19715852117139,-3.65448037042081,82
"1638",1.64975681492754,-3.65448037042081,82
"1639",2.10235510868369,-3.65448037042081,82
"1640",2.55495340243984,-3.65448037042081,82
"1641",-6.04441417892703,1.9790718764797,83
"1642",-5.59181588517088,1.9790718764797,83
"1643",-5.13921759141473,1.9790718764797,83
"1644",-4.68661929765857,1.9790718764797,83
"1645",-4.23402100390242,1.9790718764797,83
"1646",-3.78142271014627,-1.87546387139959,83
"1647",-3.32882441639012,-2.17196662123646,83
"1648",-2.87622612263397,-2.46846937107333,83
"1649",-2.42362782887782,-2.7649721209102,83
"1650",-1.97102953512167,-3.06147487074707,83
"1651",-1.51843124136552,-3.35797762058394,83
"1652",-1.06583294760937,-3.35797762058394,83
"1653",-0.613234653853214,-3.65448037042081,83
"1654",-0.160636360097063,-3.65448037042081,83
"1655",0.291961933659088,-3.65448037042081,83
"1656",0.744560227415239,-3.65448037042081,83
"1657",1.19715852117139,-3.65448037042081,83
"1658",1.64975681492754,-3.65448037042081,83
"1659",2.10235510868369,-3.65448037042081,83
"1660",2.55495340243984,-3.65448037042081,83
"1661",-6.04441417892703,1.9790718764797,84
"1662",-5.59181588517088,1.9790718764797,84
"1663",-5.13921759141473,1.9790718764797,84
"1664",-4.68661929765857,1.9790718764797,84
"1665",-4.23402100390242,1.0895636269691,84
"1666",-3.78142271014627,-1.57896112156272,84
"1667",-3.32882441639012,-3.95098312025767,84
"1668",-2.87622612263397,-3.95098312025767,84
"1669",-2.42362782887782,-3.95098312025767,84
"1670",-1.97102953512167,-3.95098312025767,84
"1671",-1.51843124136552,-3.95098312025767,84
"1672",-1.06583294760937,-3.95098312025767,84
"1673",-0.613234653853214,-3.95098312025767,84
"1674",-0.160636360097063,-3.95098312025767,84
"1675",0.291961933659088,-3.95098312025767,84
"1676",0.744560227415239,-3.95098312025767,84
"1677",1.19715852117139,-3.95098312025767,84
"1678",1.64975681492754,-3.95098312025767,84
"1679",2.10235510868369,-3.95098312025767,84
"1680",2.55495340243984,-3.95098312025767,84
"1681",-6.04441417892703,1.9790718764797,85
"1682",-5.59181588517088,1.9790718764797,85
"1683",-5.13921759141473,1.9790718764797,85
"1684",-4.68661929765857,1.0895636269691,85
"1685",-4.23402100390242,-0.0964473723783787,85
"1686",-3.78142271014627,-0.985955621888986,85
"1687",-3.32882441639012,-1.57896112156272,85
"1688",-2.87622612263397,-2.17196662123646,85
"1689",-2.42362782887782,-2.46846937107333,85
"1690",-1.97102953512167,-3.06147487074707,85
"1691",-1.51843124136552,-3.35797762058394,85
"1692",-1.06583294760937,-3.65448037042081,85
"1693",-0.613234653853214,-3.65448037042081,85
"1694",-0.160636360097063,-3.95098312025767,85
"1695",0.291961933659088,-3.95098312025767,85
"1696",0.744560227415239,-3.95098312025767,85
"1697",1.19715852117139,-3.95098312025767,85
"1698",1.64975681492754,-3.95098312025767,85
"1699",2.10235510868369,-3.95098312025767,85
"1700",2.55495340243984,-3.95098312025767,85
"1701",-6.04441417892703,1.9790718764797,86
"1702",-5.59181588517088,1.9790718764797,86
"1703",-5.13921759141473,1.9790718764797,86
"1704",-4.68661929765857,1.9790718764797,86
"1705",-4.23402100390242,-0.0964473723783787,86
"1706",-3.78142271014627,-0.985955621888986,86
"1707",-3.32882441639012,-1.87546387139959,86
"1708",-2.87622612263397,-2.17196662123646,86
"1709",-2.42362782887782,-2.46846937107333,86
"1710",-1.97102953512167,-2.7649721209102,86
"1711",-1.51843124136552,-3.06147487074707,86
"1712",-1.06583294760937,-3.06147487074707,86
"1713",-0.613234653853214,-3.35797762058394,86
"1714",-0.160636360097063,-3.35797762058394,86
"1715",0.291961933659088,-3.65448037042081,86
"1716",0.744560227415239,-3.65448037042081,86
"1717",1.19715852117139,-3.65448037042081,86
"1718",1.64975681492754,-3.65448037042081,86
"1719",2.10235510868369,-3.65448037042081,86
"1720",2.55495340243984,-3.65448037042081,86
"1721",-6.04441417892703,1.9790718764797,87
"1722",-5.59181588517088,1.9790718764797,87
"1723",-5.13921759141473,1.9790718764797,87
"1724",-4.68661929765857,1.9790718764797,87
"1725",-4.23402100390242,0.20005537745849,87
"1726",-3.78142271014627,-1.28245837172585,87
"1727",-3.32882441639012,-2.17196662123646,87
"1728",-2.87622612263397,-2.7649721209102,87
"1729",-2.42362782887782,-3.06147487074707,87
"1730",-1.97102953512167,-3.65448037042081,87
"1731",-1.51843124136552,-3.95098312025767,87
"1732",-1.06583294760937,-3.95098312025767,87
"1733",-0.613234653853214,-3.95098312025767,87
"1734",-0.160636360097063,-3.95098312025767,87
"1735",0.291961933659088,-3.95098312025767,87
"1736",0.744560227415239,-3.95098312025767,87
"1737",1.19715852117139,-3.95098312025767,87
"1738",1.64975681492754,-3.95098312025767,87
"1739",2.10235510868369,-3.95098312025767,87
"1740",2.55495340243984,-3.95098312025767,87
"1741",-6.04441417892703,1.9790718764797,88
"1742",-5.59181588517088,1.9790718764797,88
"1743",-5.13921759141473,1.9790718764797,88
"1744",-4.68661929765857,1.9790718764797,88
"1745",-4.23402100390242,1.9790718764797,88
"1746",-3.78142271014627,-1.57896112156272,88
"1747",-3.32882441639012,-2.17196662123646,88
"1748",-2.87622612263397,-2.7649721209102,88
"1749",-2.42362782887782,-3.06147487074707,88
"1750",-1.97102953512167,-3.35797762058394,88
"1751",-1.51843124136552,-3.35797762058394,88
"1752",-1.06583294760937,-3.65448037042081,88
"1753",-0.613234653853214,-3.65448037042081,88
"1754",-0.160636360097063,-3.65448037042081,88
"1755",0.291961933659088,-3.95098312025767,88
"1756",0.744560227415239,-3.95098312025767,88
"1757",1.19715852117139,-3.95098312025767,88
"1758",1.64975681492754,-3.95098312025767,88
"1759",2.10235510868369,-3.95098312025767,88
"1760",2.55495340243984,-3.95098312025767,88
"1761",-6.04441417892703,1.9790718764797,89
"1762",-5.59181588517088,1.9790718764797,89
"1763",-5.13921759141473,1.9790718764797,89
"1764",-4.68661929765857,1.9790718764797,89
"1765",-4.23402100390242,0.496558127295359,89
"1766",-3.78142271014627,-1.28245837172585,89
"1767",-3.32882441639012,-2.17196662123646,89
"1768",-2.87622612263397,-2.7649721209102,89
"1769",-2.42362782887782,-3.06147487074707,89
"1770",-1.97102953512167,-3.35797762058394,89
"1771",-1.51843124136552,-3.65448037042081,89
"1772",-1.06583294760937,-3.65448037042081,89
"1773",-0.613234653853214,-3.95098312025767,89
"1774",-0.160636360097063,-3.95098312025767,89
"1775",0.291961933659088,-3.95098312025767,89
"1776",0.744560227415239,-3.95098312025767,89
"1777",1.19715852117139,-3.95098312025767,89
"1778",1.64975681492754,-3.95098312025767,89
"1779",2.10235510868369,-3.95098312025767,89
"1780",2.55495340243984,-3.95098312025767,89
"1781",-6.04441417892703,1.9790718764797,90
"1782",-5.59181588517088,1.9790718764797,90
"1783",-5.13921759141473,1.9790718764797,90
"1784",-4.68661929765857,1.9790718764797,90
"1785",-4.23402100390242,0.496558127295359,90
"1786",-3.78142271014627,-1.57896112156272,90
"1787",-3.32882441639012,-2.46846937107333,90
"1788",-2.87622612263397,-3.35797762058394,90
"1789",-2.42362782887782,-3.65448037042081,90
"1790",-1.97102953512167,-3.95098312025767,90
"1791",-1.51843124136552,-3.95098312025767,90
"1792",-1.06583294760937,-3.95098312025767,90
"1793",-0.613234653853214,-3.95098312025767,90
"1794",-0.160636360097063,-3.95098312025767,90
"1795",0.291961933659088,-3.95098312025767,90
"1796",0.744560227415239,-3.95098312025767,90
"1797",1.19715852117139,-3.95098312025767,90
"1798",1.64975681492754,-3.95098312025767,90
"1799",2.10235510868369,-3.95098312025767,90
"1800",2.55495340243984,-3.95098312025767,90
"1801",-6.04441417892703,1.9790718764797,91
"1802",-5.59181588517088,1.9790718764797,91
"1803",-5.13921759141473,1.9790718764797,91
"1804",-4.68661929765857,1.9790718764797,91
"1805",-4.23402100390242,1.0895636269691,91
"1806",-3.78142271014627,-1.57896112156272,91
"1807",-3.32882441639012,-2.17196662123646,91
"1808",-2.87622612263397,-2.7649721209102,91
"1809",-2.42362782887782,-3.35797762058394,91
"1810",-1.97102953512167,-3.65448037042081,91
"1811",-1.51843124136552,-3.95098312025767,91
"1812",-1.06583294760937,-3.95098312025767,91
"1813",-0.613234653853214,-3.95098312025767,91
"1814",-0.160636360097063,-3.95098312025767,91
"1815",0.291961933659088,-3.95098312025767,91
"1816",0.744560227415239,-3.95098312025767,91
"1817",1.19715852117139,-3.95098312025767,91
"1818",1.64975681492754,-3.95098312025767,91
"1819",2.10235510868369,-3.95098312025767,91
"1820",2.55495340243984,-3.95098312025767,91
"1821",-6.04441417892703,1.9790718764797,92
"1822",-5.59181588517088,1.9790718764797,92
"1823",-5.13921759141473,1.9790718764797,92
"1824",-4.68661929765857,1.9790718764797,92
"1825",-4.23402100390242,0.496558127295359,92
"1826",-3.78142271014627,-1.28245837172585,92
"1827",-3.32882441639012,-2.17196662123646,92
"1828",-2.87622612263397,-2.7649721209102,92
"1829",-2.42362782887782,-3.06147487074707,92
"1830",-1.97102953512167,-3.35797762058394,92
"1831",-1.51843124136552,-3.65448037042081,92
"1832",-1.06583294760937,-3.95098312025767,92
"1833",-0.613234653853214,-3.95098312025767,92
"1834",-0.160636360097063,-3.95098312025767,92
"1835",0.291961933659088,-3.95098312025767,92
"1836",0.744560227415239,-3.95098312025767,92
"1837",1.19715852117139,-3.95098312025767,92
"1838",1.64975681492754,-3.95098312025767,92
"1839",2.10235510868369,-3.95098312025767,92
"1840",2.55495340243984,-3.95098312025767,92
"1841",-6.04441417892703,1.9790718764797,93
"1842",-5.59181588517088,1.9790718764797,93
"1843",-5.13921759141473,1.9790718764797,93
"1844",-4.68661929765857,1.9790718764797,93
"1845",-4.23402100390242,1.9790718764797,93
"1846",-3.78142271014627,-0.985955621888986,93
"1847",-3.32882441639012,-1.28245837172585,93
"1848",-2.87622612263397,-1.28245837172585,93
"1849",-2.42362782887782,-1.28245837172585,93
"1850",-1.97102953512167,-2.17196662123646,93
"1851",-1.51843124136552,-2.7649721209102,93
"1852",-1.06583294760937,-3.06147487074707,93
"1853",-0.613234653853214,-3.35797762058394,93
"1854",-0.160636360097063,-3.35797762058394,93
"1855",0.291961933659088,-3.65448037042081,93
"1856",0.744560227415239,-3.65448037042081,93
"1857",1.19715852117139,-3.65448037042081,93
"1858",1.64975681492754,-3.65448037042081,93
"1859",2.10235510868369,-3.65448037042081,93
"1860",2.55495340243984,-3.65448037042081,93
"1861",-6.04441417892703,1.9790718764797,94
"1862",-5.59181588517088,1.9790718764797,94
"1863",-5.13921759141473,1.9790718764797,94
"1864",-4.68661929765857,1.9790718764797,94
"1865",-4.23402100390242,1.9790718764797,94
"1866",-3.78142271014627,-1.87546387139959,94
"1867",-3.32882441639012,-2.46846937107333,94
"1868",-2.87622612263397,-3.06147487074707,94
"1869",-2.42362782887782,-3.35797762058394,94
"1870",-1.97102953512167,-3.95098312025767,94
"1871",-1.51843124136552,-3.95098312025767,94
"1872",-1.06583294760937,-3.95098312025767,94
"1873",-0.613234653853214,-3.95098312025767,94
"1874",-0.160636360097063,-3.95098312025767,94
"1875",0.291961933659088,-3.95098312025767,94
"1876",0.744560227415239,-3.95098312025767,94
"1877",1.19715852117139,-3.95098312025767,94
"1878",1.64975681492754,-3.95098312025767,94
"1879",2.10235510868369,-3.95098312025767,94
"1880",2.55495340243984,-3.95098312025767,94
"1881",-6.04441417892703,1.9790718764797,95
"1882",-5.59181588517088,1.9790718764797,95
"1883",-5.13921759141473,1.9790718764797,95
"1884",-4.68661929765857,1.9790718764797,95
"1885",-4.23402100390242,1.9790718764797,95
"1886",-3.78142271014627,-0.985955621888986,95
"1887",-3.32882441639012,-1.57896112156272,95
"1888",-2.87622612263397,-1.87546387139959,95
"1889",-2.42362782887782,-1.87546387139959,95
"1890",-1.97102953512167,-2.46846937107333,95
"1891",-1.51843124136552,-2.46846937107333,95
"1892",-1.06583294760937,-2.46846937107333,95
"1893",-0.613234653853214,-2.7649721209102,95
"1894",-0.160636360097063,-2.7649721209102,95
"1895",0.291961933659088,-3.06147487074707,95
"1896",0.744560227415239,-3.06147487074707,95
"1897",1.19715852117139,-3.06147487074707,95
"1898",1.64975681492754,-3.06147487074707,95
"1899",2.10235510868369,-3.06147487074707,95
"1900",2.55495340243984,-3.06147487074707,95
"1901",-6.04441417892703,1.9790718764797,96
"1902",-5.59181588517088,1.38606637680597,96
"1903",-5.13921759141473,0.793060877132228,96
"1904",-4.68661929765857,0.496558127295359,96
"1905",-4.23402100390242,0.20005537745849,96
"1906",-3.78142271014627,-2.17196662123646,96
"1907",-3.32882441639012,-3.06147487074707,96
"1908",-2.87622612263397,-3.35797762058394,96
"1909",-2.42362782887782,-3.65448037042081,96
"1910",-1.97102953512167,-3.65448037042081,96
"1911",-1.51843124136552,-3.95098312025767,96
"1912",-1.06583294760937,-3.95098312025767,96
"1913",-0.613234653853214,-3.95098312025767,96
"1914",-0.160636360097063,-3.95098312025767,96
"1915",0.291961933659088,-3.95098312025767,96
"1916",0.744560227415239,-3.95098312025767,96
"1917",1.19715852117139,-3.95098312025767,96
"1918",1.64975681492754,-3.95098312025767,96
"1919",2.10235510868369,-3.95098312025767,96
"1920",2.55495340243984,-3.95098312025767,96
"1921",-6.04441417892703,1.9790718764797,97
"1922",-5.59181588517088,1.9790718764797,97
"1923",-5.13921759141473,1.9790718764797,97
"1924",-4.68661929765857,1.9790718764797,97
"1925",-4.23402100390242,1.9790718764797,97
"1926",-3.78142271014627,-3.65448037042081,97
"1927",-3.32882441639012,-3.95098312025767,97
"1928",-2.87622612263397,-3.95098312025767,97
"1929",-2.42362782887782,-3.95098312025767,97
"1930",-1.97102953512167,-3.95098312025767,97
"1931",-1.51843124136552,-3.95098312025767,97
"1932",-1.06583294760937,-3.95098312025767,97
"1933",-0.613234653853214,-3.95098312025767,97
"1934",-0.160636360097063,-3.95098312025767,97
"1935",0.291961933659088,-3.95098312025767,97
"1936",0.744560227415239,-3.95098312025767,97
"1937",1.19715852117139,-3.95098312025767,97
"1938",1.64975681492754,-3.95098312025767,97
"1939",2.10235510868369,-3.95098312025767,97
"1940",2.55495340243984,-3.95098312025767,97
"1941",-6.04441417892703,1.9790718764797,98
"1942",-5.59181588517088,1.9790718764797,98
"1943",-5.13921759141473,1.9790718764797,98
"1944",-4.68661929765857,1.9790718764797,98
"1945",-4.23402100390242,1.9790718764797,98
"1946",-3.78142271014627,-0.985955621888986,98
"1947",-3.32882441639012,-1.57896112156272,98
"1948",-2.87622612263397,-2.7649721209102,98
"1949",-2.42362782887782,-3.65448037042081,98
"1950",-1.97102953512167,-3.95098312025767,98
"1951",-1.51843124136552,-3.95098312025767,98
"1952",-1.06583294760937,-3.95098312025767,98
"1953",-0.613234653853214,-3.95098312025767,98
"1954",-0.160636360097063,-3.95098312025767,98
"1955",0.291961933659088,-3.95098312025767,98
"1956",0.744560227415239,-3.95098312025767,98
"1957",1.19715852117139,-3.95098312025767,98
"1958",1.64975681492754,-3.95098312025767,98
"1959",2.10235510868369,-3.95098312025767,98
"1960",2.55495340243984,-3.95098312025767,98
"1961",-6.04441417892703,1.9790718764797,99
"1962",-5.59181588517088,1.9790718764797,99
"1963",-5.13921759141473,1.9790718764797,99
"1964",-4.68661929765857,1.9790718764797,99
"1965",-4.23402100390242,-0.0964473723783787,99
"1966",-3.78142271014627,-1.28245837172585,99
"1967",-3.32882441639012,-2.17196662123646,99
"1968",-2.87622612263397,-2.7649721209102,99
"1969",-2.42362782887782,-3.35797762058394,99
"1970",-1.97102953512167,-3.65448037042081,99
"1971",-1.51843124136552,-3.95098312025767,99
"1972",-1.06583294760937,-3.95098312025767,99
"1973",-0.613234653853214,-3.95098312025767,99
"1974",-0.160636360097063,-3.95098312025767,99
"1975",0.291961933659088,-3.95098312025767,99
"1976",0.744560227415239,-3.95098312025767,99
"1977",1.19715852117139,-3.95098312025767,99
"1978",1.64975681492754,-3.95098312025767,99
"1979",2.10235510868369,-3.95098312025767,99
"1980",2.55495340243984,-3.95098312025767,99
"1981",-6.04441417892703,1.9790718764797,100
"1982",-5.59181588517088,1.9790718764797,100
"1983",-5.13921759141473,1.9790718764797,100
"1984",-4.68661929765857,1.9790718764797,100
"1985",-4.23402100390242,1.9790718764797,100
"1986",-3.78142271014627,-2.17196662123646,100
"1987",-3.32882441639012,-2.7649721209102,100
"1988",-2.87622612263397,-3.06147487074707,100
"1989",-2.42362782887782,-3.35797762058394,100
"1990",-1.97102953512167,-3.35797762058394,100
"1991",-1.51843124136552,-3.35797762058394,100
"1992",-1.06583294760937,-3.35797762058394,100
"1993",-0.613234653853214,-3.35797762058394,100
"1994",-0.160636360097063,-3.35797762058394,100
"1995",0.291961933659088,-3.35797762058394,100
"1996",0.744560227415239,-3.35797762058394,100
"1997",1.19715852117139,-3.35797762058394,100
"1998",1.64975681492754,-3.35797762058394,100
"1999",2.10235510868369,-3.35797762058394,100
"2000",2.55495340243984,-3.35797762058394,100
