"","x","y","sample"
"1",-7.4310097010627,-3.42392158194894,1
"2",-6.91057224977551,-3.42392158194894,1
"3",-6.39013479848831,-3.42392158194894,1
"4",-5.86969734720112,-3.42392158194894,1
"5",-5.34925989591393,-4.2810644390918,1
"6",-4.82882244462674,-4.70963586766323,1
"7",-4.30838499333955,-4.99535015337751,1
"8",-3.78794754205236,-5.13820729623466,1
"9",-3.26751009076517,-5.2810644390918,1
"10",-2.74707263947797,-5.2810644390918,1
"11",-2.22663518819078,-5.2810644390918,1
"12",-1.70619773690359,-5.2810644390918,1
"13",-1.1857602856164,-5.2810644390918,1
"14",-0.665322834329208,-5.2810644390918,1
"15",-0.144885383042017,-5.42392158194894,1
"16",0.375552068245174,-5.42392158194894,1
"17",0.895989519532366,-5.42392158194894,1
"18",1.41642697081956,-5.42392158194894,1
"19",1.93686442210675,-5.42392158194894,1
"20",2.45730187339394,-5.42392158194894,1
"21",-7.4310097010627,-3.42392158194894,2
"22",-6.91057224977551,-3.42392158194894,2
"23",-6.39013479848831,-3.42392158194894,2
"24",-5.86969734720112,-3.42392158194894,2
"25",-5.34925989591393,-4.2810644390918,2
"26",-4.82882244462674,-4.99535015337751,2
"27",-4.30838499333955,-5.42392158194894,2
"28",-3.78794754205236,-5.70963586766323,2
"29",-3.26751009076517,-5.99535015337751,2
"30",-2.74707263947797,-6.13820729623465,2
"31",-2.22663518819078,-6.2810644390918,2
"32",-1.70619773690359,-6.2810644390918,2
"33",-1.1857602856164,-6.2810644390918,2
"34",-0.665322834329208,-6.2810644390918,2
"35",-0.144885383042017,-6.2810644390918,2
"36",0.375552068245174,-6.2810644390918,2
"37",0.895989519532366,-6.2810644390918,2
"38",1.41642697081956,-6.2810644390918,2
"39",1.93686442210675,-6.2810644390918,2
"40",2.45730187339394,-6.2810644390918,2
"41",-7.4310097010627,-3.42392158194894,3
"42",-6.91057224977551,-3.42392158194894,3
"43",-6.39013479848831,-3.42392158194894,3
"44",-5.86969734720112,-3.42392158194894,3
"45",-5.34925989591393,-6.2810644390918,3
"46",-4.82882244462674,-6.2810644390918,3
"47",-4.30838499333955,-6.2810644390918,3
"48",-3.78794754205236,-6.2810644390918,3
"49",-3.26751009076517,-6.2810644390918,3
"50",-2.74707263947797,-6.2810644390918,3
"51",-2.22663518819078,-6.2810644390918,3
"52",-1.70619773690359,-6.2810644390918,3
"53",-1.1857602856164,-6.2810644390918,3
"54",-0.665322834329208,-6.2810644390918,3
"55",-0.144885383042017,-6.2810644390918,3
"56",0.375552068245174,-6.2810644390918,3
"57",0.895989519532366,-6.2810644390918,3
"58",1.41642697081956,-6.2810644390918,3
"59",1.93686442210675,-6.2810644390918,3
"60",2.45730187339394,-6.2810644390918,3
"61",-7.4310097010627,-3.42392158194894,4
"62",-6.91057224977551,-3.56677872480608,4
"63",-6.39013479848831,-3.85249301052037,4
"64",-5.86969734720112,-3.99535015337751,4
"65",-5.34925989591393,-4.2810644390918,4
"66",-4.82882244462674,-4.42392158194894,4
"67",-4.30838499333955,-4.70963586766323,4
"68",-3.78794754205236,-4.85249301052037,4
"69",-3.26751009076517,-5.13820729623466,4
"70",-2.74707263947797,-5.56677872480608,4
"71",-2.22663518819078,-5.85249301052037,4
"72",-1.70619773690359,-5.99535015337751,4
"73",-1.1857602856164,-5.99535015337751,4
"74",-0.665322834329208,-5.99535015337751,4
"75",-0.144885383042017,-6.2810644390918,4
"76",0.375552068245174,-6.2810644390918,4
"77",0.895989519532366,-6.2810644390918,4
"78",1.41642697081956,-6.2810644390918,4
"79",1.93686442210675,-6.2810644390918,4
"80",2.45730187339394,-6.2810644390918,4
"81",-7.4310097010627,-3.42392158194894,5
"82",-6.91057224977551,-3.42392158194894,5
"83",-6.39013479848831,-3.42392158194894,5
"84",-5.86969734720112,-3.85249301052037,5
"85",-5.34925989591393,-4.2810644390918,5
"86",-4.82882244462674,-4.56677872480608,5
"87",-4.30838499333955,-4.70963586766323,5
"88",-3.78794754205236,-4.85249301052037,5
"89",-3.26751009076517,-4.85249301052037,5
"90",-2.74707263947797,-4.85249301052037,5
"91",-2.22663518819078,-4.99535015337751,5
"92",-1.70619773690359,-4.99535015337751,5
"93",-1.1857602856164,-4.99535015337751,5
"94",-0.665322834329208,-4.99535015337751,5
"95",-0.144885383042017,-4.99535015337751,5
"96",0.375552068245174,-4.99535015337751,5
"97",0.895989519532366,-4.99535015337751,5
"98",1.41642697081956,-4.99535015337751,5
"99",1.93686442210675,-4.99535015337751,5
"100",2.45730187339394,-4.99535015337751,5
"101",-7.4310097010627,-3.42392158194894,6
"102",-6.91057224977551,-3.42392158194894,6
"103",-6.39013479848831,-3.42392158194894,6
"104",-5.86969734720112,-3.56677872480608,6
"105",-5.34925989591393,-4.2810644390918,6
"106",-4.82882244462674,-4.70963586766323,6
"107",-4.30838499333955,-4.85249301052037,6
"108",-3.78794754205236,-4.99535015337751,6
"109",-3.26751009076517,-5.13820729623466,6
"110",-2.74707263947797,-5.99535015337751,6
"111",-2.22663518819078,-6.2810644390918,6
"112",-1.70619773690359,-6.2810644390918,6
"113",-1.1857602856164,-6.2810644390918,6
"114",-0.665322834329208,-6.2810644390918,6
"115",-0.144885383042017,-6.2810644390918,6
"116",0.375552068245174,-6.2810644390918,6
"117",0.895989519532366,-6.2810644390918,6
"118",1.41642697081956,-6.2810644390918,6
"119",1.93686442210675,-6.2810644390918,6
"120",2.45730187339394,-6.2810644390918,6
"121",-7.4310097010627,-3.42392158194894,7
"122",-6.91057224977551,-3.42392158194894,7
"123",-6.39013479848831,-3.70963586766323,7
"124",-5.86969734720112,-3.99535015337751,7
"125",-5.34925989591393,-4.2810644390918,7
"126",-4.82882244462674,-4.42392158194894,7
"127",-4.30838499333955,-4.56677872480608,7
"128",-3.78794754205236,-4.70963586766323,7
"129",-3.26751009076517,-4.85249301052037,7
"130",-2.74707263947797,-4.85249301052037,7
"131",-2.22663518819078,-4.99535015337751,7
"132",-1.70619773690359,-4.99535015337751,7
"133",-1.1857602856164,-4.99535015337751,7
"134",-0.665322834329208,-4.99535015337751,7
"135",-0.144885383042017,-4.99535015337751,7
"136",0.375552068245174,-4.99535015337751,7
"137",0.895989519532366,-4.99535015337751,7
"138",1.41642697081956,-4.99535015337751,7
"139",1.93686442210675,-4.99535015337751,7
"140",2.45730187339394,-4.99535015337751,7
"141",-7.4310097010627,-3.42392158194894,8
"142",-6.91057224977551,-3.42392158194894,8
"143",-6.39013479848831,-3.42392158194894,8
"144",-5.86969734720112,-3.42392158194894,8
"145",-5.34925989591393,-4.2810644390918,8
"146",-4.82882244462674,-4.99535015337751,8
"147",-4.30838499333955,-5.56677872480608,8
"148",-3.78794754205236,-5.99535015337751,8
"149",-3.26751009076517,-6.2810644390918,8
"150",-2.74707263947797,-6.2810644390918,8
"151",-2.22663518819078,-6.2810644390918,8
"152",-1.70619773690359,-6.2810644390918,8
"153",-1.1857602856164,-6.2810644390918,8
"154",-0.665322834329208,-6.2810644390918,8
"155",-0.144885383042017,-6.2810644390918,8
"156",0.375552068245174,-6.2810644390918,8
"157",0.895989519532366,-6.2810644390918,8
"158",1.41642697081956,-6.2810644390918,8
"159",1.93686442210675,-6.2810644390918,8
"160",2.45730187339394,-6.2810644390918,8
"161",-7.4310097010627,-3.42392158194894,9
"162",-6.91057224977551,-3.42392158194894,9
"163",-6.39013479848831,-3.42392158194894,9
"164",-5.86969734720112,-3.99535015337751,9
"165",-5.34925989591393,-4.2810644390918,9
"166",-4.82882244462674,-4.2810644390918,9
"167",-4.30838499333955,-4.42392158194894,9
"168",-3.78794754205236,-4.42392158194894,9
"169",-3.26751009076517,-4.70963586766323,9
"170",-2.74707263947797,-4.99535015337751,9
"171",-2.22663518819078,-5.42392158194894,9
"172",-1.70619773690359,-5.56677872480608,9
"173",-1.1857602856164,-5.85249301052037,9
"174",-0.665322834329208,-5.85249301052037,9
"175",-0.144885383042017,-5.99535015337751,9
"176",0.375552068245174,-5.99535015337751,9
"177",0.895989519532366,-5.99535015337751,9
"178",1.41642697081956,-5.99535015337751,9
"179",1.93686442210675,-5.99535015337751,9
"180",2.45730187339394,-5.99535015337751,9
"181",-7.4310097010627,-3.42392158194894,10
"182",-6.91057224977551,-3.42392158194894,10
"183",-6.39013479848831,-3.42392158194894,10
"184",-5.86969734720112,-3.42392158194894,10
"185",-5.34925989591393,-4.42392158194894,10
"186",-4.82882244462674,-5.13820729623466,10
"187",-4.30838499333955,-5.56677872480608,10
"188",-3.78794754205236,-5.85249301052037,10
"189",-3.26751009076517,-6.13820729623465,10
"190",-2.74707263947797,-6.2810644390918,10
"191",-2.22663518819078,-6.2810644390918,10
"192",-1.70619773690359,-6.2810644390918,10
"193",-1.1857602856164,-6.2810644390918,10
"194",-0.665322834329208,-6.2810644390918,10
"195",-0.144885383042017,-6.2810644390918,10
"196",0.375552068245174,-6.2810644390918,10
"197",0.895989519532366,-6.2810644390918,10
"198",1.41642697081956,-6.2810644390918,10
"199",1.93686442210675,-6.2810644390918,10
"200",2.45730187339394,-6.2810644390918,10
"201",-7.4310097010627,-3.42392158194894,11
"202",-6.91057224977551,-3.42392158194894,11
"203",-6.39013479848831,-3.42392158194894,11
"204",-5.86969734720112,-3.70963586766323,11
"205",-5.34925989591393,-4.2810644390918,11
"206",-4.82882244462674,-4.70963586766323,11
"207",-4.30838499333955,-4.99535015337751,11
"208",-3.78794754205236,-5.2810644390918,11
"209",-3.26751009076517,-5.56677872480608,11
"210",-2.74707263947797,-5.70963586766323,11
"211",-2.22663518819078,-5.85249301052037,11
"212",-1.70619773690359,-5.85249301052037,11
"213",-1.1857602856164,-5.99535015337751,11
"214",-0.665322834329208,-5.99535015337751,11
"215",-0.144885383042017,-5.99535015337751,11
"216",0.375552068245174,-5.99535015337751,11
"217",0.895989519532366,-5.99535015337751,11
"218",1.41642697081956,-6.13820729623465,11
"219",1.93686442210675,-6.13820729623465,11
"220",2.45730187339394,-6.13820729623465,11
"221",-7.4310097010627,-3.42392158194894,12
"222",-6.91057224977551,-3.42392158194894,12
"223",-6.39013479848831,-3.42392158194894,12
"224",-5.86969734720112,-3.42392158194894,12
"225",-5.34925989591393,-4.56677872480608,12
"226",-4.82882244462674,-5.99535015337751,12
"227",-4.30838499333955,-6.2810644390918,12
"228",-3.78794754205236,-6.2810644390918,12
"229",-3.26751009076517,-6.2810644390918,12
"230",-2.74707263947797,-6.2810644390918,12
"231",-2.22663518819078,-6.2810644390918,12
"232",-1.70619773690359,-6.2810644390918,12
"233",-1.1857602856164,-6.2810644390918,12
"234",-0.665322834329208,-6.2810644390918,12
"235",-0.144885383042017,-6.2810644390918,12
"236",0.375552068245174,-6.2810644390918,12
"237",0.895989519532366,-6.2810644390918,12
"238",1.41642697081956,-6.2810644390918,12
"239",1.93686442210675,-6.2810644390918,12
"240",2.45730187339394,-6.2810644390918,12
"241",-7.4310097010627,-3.42392158194894,13
"242",-6.91057224977551,-3.42392158194894,13
"243",-6.39013479848831,-3.42392158194894,13
"244",-5.86969734720112,-3.70963586766323,13
"245",-5.34925989591393,-4.2810644390918,13
"246",-4.82882244462674,-4.70963586766323,13
"247",-4.30838499333955,-4.85249301052037,13
"248",-3.78794754205236,-5.13820729623466,13
"249",-3.26751009076517,-5.13820729623466,13
"250",-2.74707263947797,-5.2810644390918,13
"251",-2.22663518819078,-5.2810644390918,13
"252",-1.70619773690359,-5.2810644390918,13
"253",-1.1857602856164,-5.2810644390918,13
"254",-0.665322834329208,-5.85249301052037,13
"255",-0.144885383042017,-6.2810644390918,13
"256",0.375552068245174,-6.2810644390918,13
"257",0.895989519532366,-6.2810644390918,13
"258",1.41642697081956,-6.2810644390918,13
"259",1.93686442210675,-6.2810644390918,13
"260",2.45730187339394,-6.2810644390918,13
"261",-7.4310097010627,-3.42392158194894,14
"262",-6.91057224977551,-3.85249301052037,14
"263",-6.39013479848831,-3.99535015337751,14
"264",-5.86969734720112,-4.13820729623466,14
"265",-5.34925989591393,-4.2810644390918,14
"266",-4.82882244462674,-4.2810644390918,14
"267",-4.30838499333955,-4.2810644390918,14
"268",-3.78794754205236,-4.2810644390918,14
"269",-3.26751009076517,-4.2810644390918,14
"270",-2.74707263947797,-4.2810644390918,14
"271",-2.22663518819078,-4.2810644390918,14
"272",-1.70619773690359,-4.2810644390918,14
"273",-1.1857602856164,-4.2810644390918,14
"274",-0.665322834329208,-4.42392158194894,14
"275",-0.144885383042017,-4.99535015337751,14
"276",0.375552068245174,-5.70963586766323,14
"277",0.895989519532366,-6.2810644390918,14
"278",1.41642697081956,-6.2810644390918,14
"279",1.93686442210675,-6.2810644390918,14
"280",2.45730187339394,-6.2810644390918,14
"281",-7.4310097010627,-3.85249301052037,15
"282",-6.91057224977551,-3.99535015337751,15
"283",-6.39013479848831,-4.13820729623466,15
"284",-5.86969734720112,-4.13820729623466,15
"285",-5.34925989591393,-4.2810644390918,15
"286",-4.82882244462674,-4.2810644390918,15
"287",-4.30838499333955,-4.2810644390918,15
"288",-3.78794754205236,-4.2810644390918,15
"289",-3.26751009076517,-4.42392158194894,15
"290",-2.74707263947797,-4.85249301052037,15
"291",-2.22663518819078,-5.2810644390918,15
"292",-1.70619773690359,-5.42392158194894,15
"293",-1.1857602856164,-5.56677872480608,15
"294",-0.665322834329208,-5.70963586766323,15
"295",-0.144885383042017,-5.85249301052037,15
"296",0.375552068245174,-6.2810644390918,15
"297",0.895989519532366,-6.2810644390918,15
"298",1.41642697081956,-6.2810644390918,15
"299",1.93686442210675,-6.2810644390918,15
"300",2.45730187339394,-6.2810644390918,15
"301",-7.4310097010627,-3.42392158194894,16
"302",-6.91057224977551,-3.42392158194894,16
"303",-6.39013479848831,-3.70963586766323,16
"304",-5.86969734720112,-3.99535015337751,16
"305",-5.34925989591393,-4.2810644390918,16
"306",-4.82882244462674,-4.42392158194894,16
"307",-4.30838499333955,-4.85249301052037,16
"308",-3.78794754205236,-5.13820729623466,16
"309",-3.26751009076517,-5.42392158194894,16
"310",-2.74707263947797,-5.56677872480608,16
"311",-2.22663518819078,-5.56677872480608,16
"312",-1.70619773690359,-5.56677872480608,16
"313",-1.1857602856164,-5.56677872480608,16
"314",-0.665322834329208,-5.70963586766323,16
"315",-0.144885383042017,-5.70963586766323,16
"316",0.375552068245174,-5.70963586766323,16
"317",0.895989519532366,-5.70963586766323,16
"318",1.41642697081956,-5.85249301052037,16
"319",1.93686442210675,-5.85249301052037,16
"320",2.45730187339394,-5.85249301052037,16
"321",-7.4310097010627,-3.42392158194894,17
"322",-6.91057224977551,-3.42392158194894,17
"323",-6.39013479848831,-3.42392158194894,17
"324",-5.86969734720112,-3.42392158194894,17
"325",-5.34925989591393,-4.2810644390918,17
"326",-4.82882244462674,-4.70963586766323,17
"327",-4.30838499333955,-4.99535015337751,17
"328",-3.78794754205236,-5.2810644390918,17
"329",-3.26751009076517,-5.42392158194894,17
"330",-2.74707263947797,-5.42392158194894,17
"331",-2.22663518819078,-5.56677872480608,17
"332",-1.70619773690359,-5.56677872480608,17
"333",-1.1857602856164,-5.56677872480608,17
"334",-0.665322834329208,-5.56677872480608,17
"335",-0.144885383042017,-5.56677872480608,17
"336",0.375552068245174,-5.56677872480608,17
"337",0.895989519532366,-5.85249301052037,17
"338",1.41642697081956,-6.2810644390918,17
"339",1.93686442210675,-6.2810644390918,17
"340",2.45730187339394,-6.2810644390918,17
"341",-7.4310097010627,-3.42392158194894,18
"342",-6.91057224977551,-3.42392158194894,18
"343",-6.39013479848831,-3.42392158194894,18
"344",-5.86969734720112,-3.42392158194894,18
"345",-5.34925989591393,-4.42392158194894,18
"346",-4.82882244462674,-5.56677872480608,18
"347",-4.30838499333955,-6.13820729623465,18
"348",-3.78794754205236,-6.2810644390918,18
"349",-3.26751009076517,-6.2810644390918,18
"350",-2.74707263947797,-6.2810644390918,18
"351",-2.22663518819078,-6.2810644390918,18
"352",-1.70619773690359,-6.2810644390918,18
"353",-1.1857602856164,-6.2810644390918,18
"354",-0.665322834329208,-6.2810644390918,18
"355",-0.144885383042017,-6.2810644390918,18
"356",0.375552068245174,-6.2810644390918,18
"357",0.895989519532366,-6.2810644390918,18
"358",1.41642697081956,-6.2810644390918,18
"359",1.93686442210675,-6.2810644390918,18
"360",2.45730187339394,-6.2810644390918,18
"361",-7.4310097010627,-3.42392158194894,19
"362",-6.91057224977551,-3.42392158194894,19
"363",-6.39013479848831,-3.42392158194894,19
"364",-5.86969734720112,-3.42392158194894,19
"365",-5.34925989591393,-4.2810644390918,19
"366",-4.82882244462674,-4.42392158194894,19
"367",-4.30838499333955,-4.42392158194894,19
"368",-3.78794754205236,-4.56677872480608,19
"369",-3.26751009076517,-6.13820729623465,19
"370",-2.74707263947797,-6.2810644390918,19
"371",-2.22663518819078,-6.2810644390918,19
"372",-1.70619773690359,-6.2810644390918,19
"373",-1.1857602856164,-6.2810644390918,19
"374",-0.665322834329208,-6.2810644390918,19
"375",-0.144885383042017,-6.2810644390918,19
"376",0.375552068245174,-6.2810644390918,19
"377",0.895989519532366,-6.2810644390918,19
"378",1.41642697081956,-6.2810644390918,19
"379",1.93686442210675,-6.2810644390918,19
"380",2.45730187339394,-6.2810644390918,19
"381",-7.4310097010627,-3.42392158194894,20
"382",-6.91057224977551,-3.42392158194894,20
"383",-6.39013479848831,-3.42392158194894,20
"384",-5.86969734720112,-3.42392158194894,20
"385",-5.34925989591393,-4.2810644390918,20
"386",-4.82882244462674,-4.99535015337751,20
"387",-4.30838499333955,-5.42392158194894,20
"388",-3.78794754205236,-5.85249301052037,20
"389",-3.26751009076517,-6.13820729623465,20
"390",-2.74707263947797,-6.2810644390918,20
"391",-2.22663518819078,-6.2810644390918,20
"392",-1.70619773690359,-6.2810644390918,20
"393",-1.1857602856164,-6.2810644390918,20
"394",-0.665322834329208,-6.2810644390918,20
"395",-0.144885383042017,-6.2810644390918,20
"396",0.375552068245174,-6.2810644390918,20
"397",0.895989519532366,-6.2810644390918,20
"398",1.41642697081956,-6.2810644390918,20
"399",1.93686442210675,-6.2810644390918,20
"400",2.45730187339394,-6.2810644390918,20
"401",-7.4310097010627,-3.42392158194894,21
"402",-6.91057224977551,-3.42392158194894,21
"403",-6.39013479848831,-3.42392158194894,21
"404",-5.86969734720112,-3.56677872480608,21
"405",-5.34925989591393,-4.2810644390918,21
"406",-4.82882244462674,-4.85249301052037,21
"407",-4.30838499333955,-5.2810644390918,21
"408",-3.78794754205236,-5.70963586766323,21
"409",-3.26751009076517,-5.99535015337751,21
"410",-2.74707263947797,-6.13820729623465,21
"411",-2.22663518819078,-6.2810644390918,21
"412",-1.70619773690359,-6.2810644390918,21
"413",-1.1857602856164,-6.2810644390918,21
"414",-0.665322834329208,-6.2810644390918,21
"415",-0.144885383042017,-6.2810644390918,21
"416",0.375552068245174,-6.2810644390918,21
"417",0.895989519532366,-6.2810644390918,21
"418",1.41642697081956,-6.2810644390918,21
"419",1.93686442210675,-6.2810644390918,21
"420",2.45730187339394,-6.2810644390918,21
"421",-7.4310097010627,-3.42392158194894,22
"422",-6.91057224977551,-3.42392158194894,22
"423",-6.39013479848831,-3.42392158194894,22
"424",-5.86969734720112,-3.42392158194894,22
"425",-5.34925989591393,-4.42392158194894,22
"426",-4.82882244462674,-5.13820729623466,22
"427",-4.30838499333955,-5.42392158194894,22
"428",-3.78794754205236,-5.70963586766323,22
"429",-3.26751009076517,-5.85249301052037,22
"430",-2.74707263947797,-5.85249301052037,22
"431",-2.22663518819078,-5.99535015337751,22
"432",-1.70619773690359,-5.99535015337751,22
"433",-1.1857602856164,-6.2810644390918,22
"434",-0.665322834329208,-6.2810644390918,22
"435",-0.144885383042017,-6.2810644390918,22
"436",0.375552068245174,-6.2810644390918,22
"437",0.895989519532366,-6.2810644390918,22
"438",1.41642697081956,-6.2810644390918,22
"439",1.93686442210675,-6.2810644390918,22
"440",2.45730187339394,-6.2810644390918,22
"441",-7.4310097010627,-3.42392158194894,23
"442",-6.91057224977551,-3.42392158194894,23
"443",-6.39013479848831,-3.56677872480608,23
"444",-5.86969734720112,-3.99535015337751,23
"445",-5.34925989591393,-4.2810644390918,23
"446",-4.82882244462674,-4.42392158194894,23
"447",-4.30838499333955,-4.56677872480608,23
"448",-3.78794754205236,-4.70963586766323,23
"449",-3.26751009076517,-4.70963586766323,23
"450",-2.74707263947797,-4.85249301052037,23
"451",-2.22663518819078,-4.85249301052037,23
"452",-1.70619773690359,-4.85249301052037,23
"453",-1.1857602856164,-4.85249301052037,23
"454",-0.665322834329208,-4.85249301052037,23
"455",-0.144885383042017,-4.85249301052037,23
"456",0.375552068245174,-4.99535015337751,23
"457",0.895989519532366,-4.99535015337751,23
"458",1.41642697081956,-4.99535015337751,23
"459",1.93686442210675,-4.99535015337751,23
"460",2.45730187339394,-4.99535015337751,23
"461",-7.4310097010627,-3.42392158194894,24
"462",-6.91057224977551,-3.42392158194894,24
"463",-6.39013479848831,-3.42392158194894,24
"464",-5.86969734720112,-3.42392158194894,24
"465",-5.34925989591393,-5.99535015337751,24
"466",-4.82882244462674,-6.2810644390918,24
"467",-4.30838499333955,-6.2810644390918,24
"468",-3.78794754205236,-6.2810644390918,24
"469",-3.26751009076517,-6.2810644390918,24
"470",-2.74707263947797,-6.2810644390918,24
"471",-2.22663518819078,-6.2810644390918,24
"472",-1.70619773690359,-6.2810644390918,24
"473",-1.1857602856164,-6.2810644390918,24
"474",-0.665322834329208,-6.2810644390918,24
"475",-0.144885383042017,-6.2810644390918,24
"476",0.375552068245174,-6.2810644390918,24
"477",0.895989519532366,-6.2810644390918,24
"478",1.41642697081956,-6.2810644390918,24
"479",1.93686442210675,-6.2810644390918,24
"480",2.45730187339394,-6.2810644390918,24
"481",-7.4310097010627,-3.42392158194894,25
"482",-6.91057224977551,-3.42392158194894,25
"483",-6.39013479848831,-3.42392158194894,25
"484",-5.86969734720112,-3.42392158194894,25
"485",-5.34925989591393,-4.56677872480608,25
"486",-4.82882244462674,-5.42392158194894,25
"487",-4.30838499333955,-5.70963586766323,25
"488",-3.78794754205236,-5.85249301052037,25
"489",-3.26751009076517,-5.99535015337751,25
"490",-2.74707263947797,-5.99535015337751,25
"491",-2.22663518819078,-5.99535015337751,25
"492",-1.70619773690359,-5.99535015337751,25
"493",-1.1857602856164,-5.99535015337751,25
"494",-0.665322834329208,-5.99535015337751,25
"495",-0.144885383042017,-5.99535015337751,25
"496",0.375552068245174,-5.99535015337751,25
"497",0.895989519532366,-6.2810644390918,25
"498",1.41642697081956,-6.2810644390918,25
"499",1.93686442210675,-6.2810644390918,25
"500",2.45730187339394,-6.2810644390918,25
"501",-7.4310097010627,-3.42392158194894,26
"502",-6.91057224977551,-3.42392158194894,26
"503",-6.39013479848831,-3.70963586766323,26
"504",-5.86969734720112,-3.99535015337751,26
"505",-5.34925989591393,-4.2810644390918,26
"506",-4.82882244462674,-4.56677872480608,26
"507",-4.30838499333955,-4.85249301052037,26
"508",-3.78794754205236,-5.13820729623466,26
"509",-3.26751009076517,-6.2810644390918,26
"510",-2.74707263947797,-6.2810644390918,26
"511",-2.22663518819078,-6.2810644390918,26
"512",-1.70619773690359,-6.2810644390918,26
"513",-1.1857602856164,-6.2810644390918,26
"514",-0.665322834329208,-6.2810644390918,26
"515",-0.144885383042017,-6.2810644390918,26
"516",0.375552068245174,-6.2810644390918,26
"517",0.895989519532366,-6.2810644390918,26
"518",1.41642697081956,-6.2810644390918,26
"519",1.93686442210675,-6.2810644390918,26
"520",2.45730187339394,-6.2810644390918,26
"521",-7.4310097010627,-3.42392158194894,27
"522",-6.91057224977551,-3.42392158194894,27
"523",-6.39013479848831,-3.42392158194894,27
"524",-5.86969734720112,-3.42392158194894,27
"525",-5.34925989591393,-4.56677872480608,27
"526",-4.82882244462674,-4.85249301052037,27
"527",-4.30838499333955,-4.85249301052037,27
"528",-3.78794754205236,-4.85249301052037,27
"529",-3.26751009076517,-4.99535015337751,27
"530",-2.74707263947797,-5.13820729623466,27
"531",-2.22663518819078,-5.2810644390918,27
"532",-1.70619773690359,-5.42392158194894,27
"533",-1.1857602856164,-5.56677872480608,27
"534",-0.665322834329208,-5.56677872480608,27
"535",-0.144885383042017,-5.56677872480608,27
"536",0.375552068245174,-5.56677872480608,27
"537",0.895989519532366,-5.56677872480608,27
"538",1.41642697081956,-5.70963586766323,27
"539",1.93686442210675,-5.70963586766323,27
"540",2.45730187339394,-5.70963586766323,27
"541",-7.4310097010627,-3.42392158194894,28
"542",-6.91057224977551,-3.42392158194894,28
"543",-6.39013479848831,-3.42392158194894,28
"544",-5.86969734720112,-3.56677872480608,28
"545",-5.34925989591393,-4.2810644390918,28
"546",-4.82882244462674,-4.56677872480608,28
"547",-4.30838499333955,-4.85249301052037,28
"548",-3.78794754205236,-4.99535015337751,28
"549",-3.26751009076517,-5.13820729623466,28
"550",-2.74707263947797,-5.13820729623466,28
"551",-2.22663518819078,-5.2810644390918,28
"552",-1.70619773690359,-5.2810644390918,28
"553",-1.1857602856164,-5.70963586766323,28
"554",-0.665322834329208,-5.99535015337751,28
"555",-0.144885383042017,-6.13820729623465,28
"556",0.375552068245174,-6.2810644390918,28
"557",0.895989519532366,-6.2810644390918,28
"558",1.41642697081956,-6.2810644390918,28
"559",1.93686442210675,-6.2810644390918,28
"560",2.45730187339394,-6.2810644390918,28
"561",-7.4310097010627,-3.42392158194894,29
"562",-6.91057224977551,-3.42392158194894,29
"563",-6.39013479848831,-3.42392158194894,29
"564",-5.86969734720112,-3.85249301052037,29
"565",-5.34925989591393,-4.2810644390918,29
"566",-4.82882244462674,-4.2810644390918,29
"567",-4.30838499333955,-4.2810644390918,29
"568",-3.78794754205236,-4.2810644390918,29
"569",-3.26751009076517,-4.2810644390918,29
"570",-2.74707263947797,-4.2810644390918,29
"571",-2.22663518819078,-4.2810644390918,29
"572",-1.70619773690359,-4.2810644390918,29
"573",-1.1857602856164,-4.2810644390918,29
"574",-0.665322834329208,-4.2810644390918,29
"575",-0.144885383042017,-4.2810644390918,29
"576",0.375552068245174,-4.42392158194894,29
"577",0.895989519532366,-4.42392158194894,29
"578",1.41642697081956,-4.56677872480608,29
"579",1.93686442210675,-4.56677872480608,29
"580",2.45730187339394,-4.56677872480608,29
"581",-7.4310097010627,-3.42392158194894,30
"582",-6.91057224977551,-3.42392158194894,30
"583",-6.39013479848831,-3.42392158194894,30
"584",-5.86969734720112,-3.42392158194894,30
"585",-5.34925989591393,-4.42392158194894,30
"586",-4.82882244462674,-5.13820729623466,30
"587",-4.30838499333955,-5.56677872480608,30
"588",-3.78794754205236,-5.99535015337751,30
"589",-3.26751009076517,-6.13820729623465,30
"590",-2.74707263947797,-6.2810644390918,30
"591",-2.22663518819078,-6.2810644390918,30
"592",-1.70619773690359,-6.2810644390918,30
"593",-1.1857602856164,-6.2810644390918,30
"594",-0.665322834329208,-6.2810644390918,30
"595",-0.144885383042017,-6.2810644390918,30
"596",0.375552068245174,-6.2810644390918,30
"597",0.895989519532366,-6.2810644390918,30
"598",1.41642697081956,-6.2810644390918,30
"599",1.93686442210675,-6.2810644390918,30
"600",2.45730187339394,-6.2810644390918,30
"601",-7.4310097010627,-3.42392158194894,31
"602",-6.91057224977551,-3.42392158194894,31
"603",-6.39013479848831,-3.42392158194894,31
"604",-5.86969734720112,-3.42392158194894,31
"605",-5.34925989591393,-4.2810644390918,31
"606",-4.82882244462674,-4.85249301052037,31
"607",-4.30838499333955,-5.13820729623466,31
"608",-3.78794754205236,-5.2810644390918,31
"609",-3.26751009076517,-5.42392158194894,31
"610",-2.74707263947797,-5.56677872480608,31
"611",-2.22663518819078,-5.56677872480608,31
"612",-1.70619773690359,-5.56677872480608,31
"613",-1.1857602856164,-5.56677872480608,31
"614",-0.665322834329208,-5.56677872480608,31
"615",-0.144885383042017,-5.56677872480608,31
"616",0.375552068245174,-5.56677872480608,31
"617",0.895989519532366,-5.56677872480608,31
"618",1.41642697081956,-5.56677872480608,31
"619",1.93686442210675,-5.56677872480608,31
"620",2.45730187339394,-5.56677872480608,31
"621",-7.4310097010627,-3.42392158194894,32
"622",-6.91057224977551,-3.42392158194894,32
"623",-6.39013479848831,-3.42392158194894,32
"624",-5.86969734720112,-3.42392158194894,32
"625",-5.34925989591393,-4.2810644390918,32
"626",-4.82882244462674,-4.85249301052037,32
"627",-4.30838499333955,-5.2810644390918,32
"628",-3.78794754205236,-5.56677872480608,32
"629",-3.26751009076517,-5.85249301052037,32
"630",-2.74707263947797,-5.99535015337751,32
"631",-2.22663518819078,-6.13820729623465,32
"632",-1.70619773690359,-6.13820729623465,32
"633",-1.1857602856164,-6.13820729623465,32
"634",-0.665322834329208,-6.13820729623465,32
"635",-0.144885383042017,-6.13820729623465,32
"636",0.375552068245174,-6.13820729623465,32
"637",0.895989519532366,-6.13820729623465,32
"638",1.41642697081956,-6.13820729623465,32
"639",1.93686442210675,-6.13820729623465,32
"640",2.45730187339394,-6.13820729623465,32
"641",-7.4310097010627,-3.42392158194894,33
"642",-6.91057224977551,-3.42392158194894,33
"643",-6.39013479848831,-3.42392158194894,33
"644",-5.86969734720112,-3.85249301052037,33
"645",-5.34925989591393,-4.2810644390918,33
"646",-4.82882244462674,-4.56677872480608,33
"647",-4.30838499333955,-4.85249301052037,33
"648",-3.78794754205236,-5.13820729623466,33
"649",-3.26751009076517,-5.2810644390918,33
"650",-2.74707263947797,-5.56677872480608,33
"651",-2.22663518819078,-5.70963586766323,33
"652",-1.70619773690359,-5.70963586766323,33
"653",-1.1857602856164,-5.85249301052037,33
"654",-0.665322834329208,-5.99535015337751,33
"655",-0.144885383042017,-5.99535015337751,33
"656",0.375552068245174,-5.99535015337751,33
"657",0.895989519532366,-5.99535015337751,33
"658",1.41642697081956,-5.99535015337751,33
"659",1.93686442210675,-5.99535015337751,33
"660",2.45730187339394,-5.99535015337751,33
"661",-7.4310097010627,-3.42392158194894,34
"662",-6.91057224977551,-3.42392158194894,34
"663",-6.39013479848831,-3.42392158194894,34
"664",-5.86969734720112,-3.42392158194894,34
"665",-5.34925989591393,-4.2810644390918,34
"666",-4.82882244462674,-4.85249301052037,34
"667",-4.30838499333955,-5.2810644390918,34
"668",-3.78794754205236,-5.42392158194894,34
"669",-3.26751009076517,-5.56677872480608,34
"670",-2.74707263947797,-5.70963586766323,34
"671",-2.22663518819078,-5.85249301052037,34
"672",-1.70619773690359,-5.85249301052037,34
"673",-1.1857602856164,-5.85249301052037,34
"674",-0.665322834329208,-5.85249301052037,34
"675",-0.144885383042017,-5.85249301052037,34
"676",0.375552068245174,-5.85249301052037,34
"677",0.895989519532366,-5.85249301052037,34
"678",1.41642697081956,-5.85249301052037,34
"679",1.93686442210675,-5.85249301052037,34
"680",2.45730187339394,-5.85249301052037,34
"681",-7.4310097010627,-3.42392158194894,35
"682",-6.91057224977551,-3.42392158194894,35
"683",-6.39013479848831,-3.42392158194894,35
"684",-5.86969734720112,-3.70963586766323,35
"685",-5.34925989591393,-4.2810644390918,35
"686",-4.82882244462674,-4.85249301052037,35
"687",-4.30838499333955,-5.13820729623466,35
"688",-3.78794754205236,-5.56677872480608,35
"689",-3.26751009076517,-5.85249301052037,35
"690",-2.74707263947797,-5.99535015337751,35
"691",-2.22663518819078,-6.13820729623465,35
"692",-1.70619773690359,-6.2810644390918,35
"693",-1.1857602856164,-6.2810644390918,35
"694",-0.665322834329208,-6.2810644390918,35
"695",-0.144885383042017,-6.2810644390918,35
"696",0.375552068245174,-6.2810644390918,35
"697",0.895989519532366,-6.2810644390918,35
"698",1.41642697081956,-6.2810644390918,35
"699",1.93686442210675,-6.2810644390918,35
"700",2.45730187339394,-6.2810644390918,35
"701",-7.4310097010627,-3.42392158194894,36
"702",-6.91057224977551,-3.42392158194894,36
"703",-6.39013479848831,-3.42392158194894,36
"704",-5.86969734720112,-3.42392158194894,36
"705",-5.34925989591393,-4.56677872480608,36
"706",-4.82882244462674,-6.2810644390918,36
"707",-4.30838499333955,-6.2810644390918,36
"708",-3.78794754205236,-6.2810644390918,36
"709",-3.26751009076517,-6.2810644390918,36
"710",-2.74707263947797,-6.2810644390918,36
"711",-2.22663518819078,-6.2810644390918,36
"712",-1.70619773690359,-6.2810644390918,36
"713",-1.1857602856164,-6.2810644390918,36
"714",-0.665322834329208,-6.2810644390918,36
"715",-0.144885383042017,-6.2810644390918,36
"716",0.375552068245174,-6.2810644390918,36
"717",0.895989519532366,-6.2810644390918,36
"718",1.41642697081956,-6.2810644390918,36
"719",1.93686442210675,-6.2810644390918,36
"720",2.45730187339394,-6.2810644390918,36
"721",-7.4310097010627,-3.42392158194894,37
"722",-6.91057224977551,-3.42392158194894,37
"723",-6.39013479848831,-3.42392158194894,37
"724",-5.86969734720112,-3.42392158194894,37
"725",-5.34925989591393,-4.2810644390918,37
"726",-4.82882244462674,-4.99535015337751,37
"727",-4.30838499333955,-5.56677872480608,37
"728",-3.78794754205236,-5.99535015337751,37
"729",-3.26751009076517,-6.2810644390918,37
"730",-2.74707263947797,-6.2810644390918,37
"731",-2.22663518819078,-6.2810644390918,37
"732",-1.70619773690359,-6.2810644390918,37
"733",-1.1857602856164,-6.2810644390918,37
"734",-0.665322834329208,-6.2810644390918,37
"735",-0.144885383042017,-6.2810644390918,37
"736",0.375552068245174,-6.2810644390918,37
"737",0.895989519532366,-6.2810644390918,37
"738",1.41642697081956,-6.2810644390918,37
"739",1.93686442210675,-6.2810644390918,37
"740",2.45730187339394,-6.2810644390918,37
"741",-7.4310097010627,-3.42392158194894,38
"742",-6.91057224977551,-3.42392158194894,38
"743",-6.39013479848831,-3.42392158194894,38
"744",-5.86969734720112,-3.42392158194894,38
"745",-5.34925989591393,-4.56677872480608,38
"746",-4.82882244462674,-5.99535015337751,38
"747",-4.30838499333955,-6.2810644390918,38
"748",-3.78794754205236,-6.2810644390918,38
"749",-3.26751009076517,-6.2810644390918,38
"750",-2.74707263947797,-6.2810644390918,38
"751",-2.22663518819078,-6.2810644390918,38
"752",-1.70619773690359,-6.2810644390918,38
"753",-1.1857602856164,-6.2810644390918,38
"754",-0.665322834329208,-6.2810644390918,38
"755",-0.144885383042017,-6.2810644390918,38
"756",0.375552068245174,-6.2810644390918,38
"757",0.895989519532366,-6.2810644390918,38
"758",1.41642697081956,-6.2810644390918,38
"759",1.93686442210675,-6.2810644390918,38
"760",2.45730187339394,-6.2810644390918,38
"761",-7.4310097010627,-3.42392158194894,39
"762",-6.91057224977551,-3.42392158194894,39
"763",-6.39013479848831,-3.42392158194894,39
"764",-5.86969734720112,-3.42392158194894,39
"765",-5.34925989591393,-4.2810644390918,39
"766",-4.82882244462674,-5.13820729623466,39
"767",-4.30838499333955,-5.70963586766323,39
"768",-3.78794754205236,-6.13820729623465,39
"769",-3.26751009076517,-6.2810644390918,39
"770",-2.74707263947797,-6.2810644390918,39
"771",-2.22663518819078,-6.2810644390918,39
"772",-1.70619773690359,-6.2810644390918,39
"773",-1.1857602856164,-6.2810644390918,39
"774",-0.665322834329208,-6.2810644390918,39
"775",-0.144885383042017,-6.2810644390918,39
"776",0.375552068245174,-6.2810644390918,39
"777",0.895989519532366,-6.2810644390918,39
"778",1.41642697081956,-6.2810644390918,39
"779",1.93686442210675,-6.2810644390918,39
"780",2.45730187339394,-6.2810644390918,39
"781",-7.4310097010627,-3.42392158194894,40
"782",-6.91057224977551,-3.42392158194894,40
"783",-6.39013479848831,-3.42392158194894,40
"784",-5.86969734720112,-3.85249301052037,40
"785",-5.34925989591393,-4.2810644390918,40
"786",-4.82882244462674,-4.42392158194894,40
"787",-4.30838499333955,-4.56677872480608,40
"788",-3.78794754205236,-4.56677872480608,40
"789",-3.26751009076517,-4.56677872480608,40
"790",-2.74707263947797,-4.56677872480608,40
"791",-2.22663518819078,-4.56677872480608,40
"792",-1.70619773690359,-4.56677872480608,40
"793",-1.1857602856164,-4.56677872480608,40
"794",-0.665322834329208,-4.56677872480608,40
"795",-0.144885383042017,-4.70963586766323,40
"796",0.375552068245174,-5.85249301052037,40
"797",0.895989519532366,-6.2810644390918,40
"798",1.41642697081956,-6.2810644390918,40
"799",1.93686442210675,-6.2810644390918,40
"800",2.45730187339394,-6.2810644390918,40
"801",-7.4310097010627,-3.42392158194894,41
"802",-6.91057224977551,-3.70963586766323,41
"803",-6.39013479848831,-3.99535015337751,41
"804",-5.86969734720112,-4.13820729623466,41
"805",-5.34925989591393,-4.2810644390918,41
"806",-4.82882244462674,-4.2810644390918,41
"807",-4.30838499333955,-4.2810644390918,41
"808",-3.78794754205236,-4.2810644390918,41
"809",-3.26751009076517,-4.2810644390918,41
"810",-2.74707263947797,-4.2810644390918,41
"811",-2.22663518819078,-4.2810644390918,41
"812",-1.70619773690359,-4.2810644390918,41
"813",-1.1857602856164,-4.2810644390918,41
"814",-0.665322834329208,-4.56677872480608,41
"815",-0.144885383042017,-4.70963586766323,41
"816",0.375552068245174,-4.70963586766323,41
"817",0.895989519532366,-4.85249301052037,41
"818",1.41642697081956,-4.85249301052037,41
"819",1.93686442210675,-4.85249301052037,41
"820",2.45730187339394,-4.99535015337751,41
"821",-7.4310097010627,-3.42392158194894,42
"822",-6.91057224977551,-3.42392158194894,42
"823",-6.39013479848831,-3.42392158194894,42
"824",-5.86969734720112,-3.99535015337751,42
"825",-5.34925989591393,-4.2810644390918,42
"826",-4.82882244462674,-4.42392158194894,42
"827",-4.30838499333955,-4.99535015337751,42
"828",-3.78794754205236,-6.2810644390918,42
"829",-3.26751009076517,-6.2810644390918,42
"830",-2.74707263947797,-6.2810644390918,42
"831",-2.22663518819078,-6.2810644390918,42
"832",-1.70619773690359,-6.2810644390918,42
"833",-1.1857602856164,-6.2810644390918,42
"834",-0.665322834329208,-6.2810644390918,42
"835",-0.144885383042017,-6.2810644390918,42
"836",0.375552068245174,-6.2810644390918,42
"837",0.895989519532366,-6.2810644390918,42
"838",1.41642697081956,-6.2810644390918,42
"839",1.93686442210675,-6.2810644390918,42
"840",2.45730187339394,-6.2810644390918,42
"841",-7.4310097010627,-3.42392158194894,43
"842",-6.91057224977551,-3.42392158194894,43
"843",-6.39013479848831,-3.42392158194894,43
"844",-5.86969734720112,-3.56677872480608,43
"845",-5.34925989591393,-4.2810644390918,43
"846",-4.82882244462674,-4.85249301052037,43
"847",-4.30838499333955,-5.2810644390918,43
"848",-3.78794754205236,-5.70963586766323,43
"849",-3.26751009076517,-5.99535015337751,43
"850",-2.74707263947797,-6.13820729623465,43
"851",-2.22663518819078,-6.2810644390918,43
"852",-1.70619773690359,-6.2810644390918,43
"853",-1.1857602856164,-6.2810644390918,43
"854",-0.665322834329208,-6.2810644390918,43
"855",-0.144885383042017,-6.2810644390918,43
"856",0.375552068245174,-6.2810644390918,43
"857",0.895989519532366,-6.2810644390918,43
"858",1.41642697081956,-6.2810644390918,43
"859",1.93686442210675,-6.2810644390918,43
"860",2.45730187339394,-6.2810644390918,43
"861",-7.4310097010627,-3.42392158194894,44
"862",-6.91057224977551,-3.42392158194894,44
"863",-6.39013479848831,-3.42392158194894,44
"864",-5.86969734720112,-3.85249301052037,44
"865",-5.34925989591393,-4.2810644390918,44
"866",-4.82882244462674,-4.70963586766323,44
"867",-4.30838499333955,-4.99535015337751,44
"868",-3.78794754205236,-5.2810644390918,44
"869",-3.26751009076517,-5.56677872480608,44
"870",-2.74707263947797,-5.70963586766323,44
"871",-2.22663518819078,-5.85249301052037,44
"872",-1.70619773690359,-5.99535015337751,44
"873",-1.1857602856164,-6.13820729623465,44
"874",-0.665322834329208,-6.2810644390918,44
"875",-0.144885383042017,-6.2810644390918,44
"876",0.375552068245174,-6.2810644390918,44
"877",0.895989519532366,-6.2810644390918,44
"878",1.41642697081956,-6.2810644390918,44
"879",1.93686442210675,-6.2810644390918,44
"880",2.45730187339394,-6.2810644390918,44
"881",-7.4310097010627,-3.42392158194894,45
"882",-6.91057224977551,-3.42392158194894,45
"883",-6.39013479848831,-3.42392158194894,45
"884",-5.86969734720112,-3.42392158194894,45
"885",-5.34925989591393,-4.2810644390918,45
"886",-4.82882244462674,-4.85249301052037,45
"887",-4.30838499333955,-5.42392158194894,45
"888",-3.78794754205236,-5.70963586766323,45
"889",-3.26751009076517,-5.99535015337751,45
"890",-2.74707263947797,-6.13820729623465,45
"891",-2.22663518819078,-6.2810644390918,45
"892",-1.70619773690359,-6.2810644390918,45
"893",-1.1857602856164,-6.2810644390918,45
"894",-0.665322834329208,-6.2810644390918,45
"895",-0.144885383042017,-6.2810644390918,45
"896",0.375552068245174,-6.2810644390918,45
"897",0.895989519532366,-6.2810644390918,45
"898",1.41642697081956,-6.2810644390918,45
"899",1.93686442210675,-6.2810644390918,45
"900",2.45730187339394,-6.2810644390918,45
"901",-7.4310097010627,-3.42392158194894,46
"902",-6.91057224977551,-3.42392158194894,46
"903",-6.39013479848831,-3.42392158194894,46
"904",-5.86969734720112,-3.70963586766323,46
"905",-5.34925989591393,-4.2810644390918,46
"906",-4.82882244462674,-4.70963586766323,46
"907",-4.30838499333955,-5.13820729623466,46
"908",-3.78794754205236,-5.42392158194894,46
"909",-3.26751009076517,-5.70963586766323,46
"910",-2.74707263947797,-5.85249301052037,46
"911",-2.22663518819078,-5.99535015337751,46
"912",-1.70619773690359,-6.13820729623465,46
"913",-1.1857602856164,-6.13820729623465,46
"914",-0.665322834329208,-6.2810644390918,46
"915",-0.144885383042017,-6.2810644390918,46
"916",0.375552068245174,-6.2810644390918,46
"917",0.895989519532366,-6.2810644390918,46
"918",1.41642697081956,-6.2810644390918,46
"919",1.93686442210675,-6.2810644390918,46
"920",2.45730187339394,-6.2810644390918,46
"921",-7.4310097010627,-3.42392158194894,47
"922",-6.91057224977551,-3.42392158194894,47
"923",-6.39013479848831,-3.42392158194894,47
"924",-5.86969734720112,-3.70963586766323,47
"925",-5.34925989591393,-4.2810644390918,47
"926",-4.82882244462674,-4.70963586766323,47
"927",-4.30838499333955,-4.99535015337751,47
"928",-3.78794754205236,-5.13820729623466,47
"929",-3.26751009076517,-5.2810644390918,47
"930",-2.74707263947797,-5.42392158194894,47
"931",-2.22663518819078,-5.42392158194894,47
"932",-1.70619773690359,-5.56677872480608,47
"933",-1.1857602856164,-5.99535015337751,47
"934",-0.665322834329208,-6.2810644390918,47
"935",-0.144885383042017,-6.2810644390918,47
"936",0.375552068245174,-6.2810644390918,47
"937",0.895989519532366,-6.2810644390918,47
"938",1.41642697081956,-6.2810644390918,47
"939",1.93686442210675,-6.2810644390918,47
"940",2.45730187339394,-6.2810644390918,47
"941",-7.4310097010627,-3.42392158194894,48
"942",-6.91057224977551,-3.42392158194894,48
"943",-6.39013479848831,-3.42392158194894,48
"944",-5.86969734720112,-3.70963586766323,48
"945",-5.34925989591393,-4.2810644390918,48
"946",-4.82882244462674,-4.70963586766323,48
"947",-4.30838499333955,-4.85249301052037,48
"948",-3.78794754205236,-5.13820729623466,48
"949",-3.26751009076517,-5.2810644390918,48
"950",-2.74707263947797,-5.42392158194894,48
"951",-2.22663518819078,-5.99535015337751,48
"952",-1.70619773690359,-6.2810644390918,48
"953",-1.1857602856164,-6.2810644390918,48
"954",-0.665322834329208,-6.2810644390918,48
"955",-0.144885383042017,-6.2810644390918,48
"956",0.375552068245174,-6.2810644390918,48
"957",0.895989519532366,-6.2810644390918,48
"958",1.41642697081956,-6.2810644390918,48
"959",1.93686442210675,-6.2810644390918,48
"960",2.45730187339394,-6.2810644390918,48
"961",-7.4310097010627,-3.42392158194894,49
"962",-6.91057224977551,-3.42392158194894,49
"963",-6.39013479848831,-3.42392158194894,49
"964",-5.86969734720112,-3.42392158194894,49
"965",-5.34925989591393,-4.2810644390918,49
"966",-4.82882244462674,-4.99535015337751,49
"967",-4.30838499333955,-5.42392158194894,49
"968",-3.78794754205236,-5.70963586766323,49
"969",-3.26751009076517,-5.99535015337751,49
"970",-2.74707263947797,-6.13820729623465,49
"971",-2.22663518819078,-6.2810644390918,49
"972",-1.70619773690359,-6.2810644390918,49
"973",-1.1857602856164,-6.2810644390918,49
"974",-0.665322834329208,-6.2810644390918,49
"975",-0.144885383042017,-6.2810644390918,49
"976",0.375552068245174,-6.2810644390918,49
"977",0.895989519532366,-6.2810644390918,49
"978",1.41642697081956,-6.2810644390918,49
"979",1.93686442210675,-6.2810644390918,49
"980",2.45730187339394,-6.2810644390918,49
"981",-7.4310097010627,-3.42392158194894,50
"982",-6.91057224977551,-3.42392158194894,50
"983",-6.39013479848831,-3.42392158194894,50
"984",-5.86969734720112,-3.42392158194894,50
"985",-5.34925989591393,-5.85249301052037,50
"986",-4.82882244462674,-6.2810644390918,50
"987",-4.30838499333955,-6.2810644390918,50
"988",-3.78794754205236,-6.2810644390918,50
"989",-3.26751009076517,-6.2810644390918,50
"990",-2.74707263947797,-6.2810644390918,50
"991",-2.22663518819078,-6.2810644390918,50
"992",-1.70619773690359,-6.2810644390918,50
"993",-1.1857602856164,-6.2810644390918,50
"994",-0.665322834329208,-6.2810644390918,50
"995",-0.144885383042017,-6.2810644390918,50
"996",0.375552068245174,-6.2810644390918,50
"997",0.895989519532366,-6.2810644390918,50
"998",1.41642697081956,-6.2810644390918,50
"999",1.93686442210675,-6.2810644390918,50
"1000",2.45730187339394,-6.2810644390918,50
"1001",-7.4310097010627,-3.42392158194894,51
"1002",-6.91057224977551,-3.42392158194894,51
"1003",-6.39013479848831,-3.42392158194894,51
"1004",-5.86969734720112,-3.42392158194894,51
"1005",-5.34925989591393,-4.99535015337751,51
"1006",-4.82882244462674,-6.13820729623465,51
"1007",-4.30838499333955,-6.2810644390918,51
"1008",-3.78794754205236,-6.2810644390918,51
"1009",-3.26751009076517,-6.2810644390918,51
"1010",-2.74707263947797,-6.2810644390918,51
"1011",-2.22663518819078,-6.2810644390918,51
"1012",-1.70619773690359,-6.2810644390918,51
"1013",-1.1857602856164,-6.2810644390918,51
"1014",-0.665322834329208,-6.2810644390918,51
"1015",-0.144885383042017,-6.2810644390918,51
"1016",0.375552068245174,-6.2810644390918,51
"1017",0.895989519532366,-6.2810644390918,51
"1018",1.41642697081956,-6.2810644390918,51
"1019",1.93686442210675,-6.2810644390918,51
"1020",2.45730187339394,-6.2810644390918,51
"1021",-7.4310097010627,-3.42392158194894,52
"1022",-6.91057224977551,-3.42392158194894,52
"1023",-6.39013479848831,-3.42392158194894,52
"1024",-5.86969734720112,-3.42392158194894,52
"1025",-5.34925989591393,-4.2810644390918,52
"1026",-4.82882244462674,-4.85249301052037,52
"1027",-4.30838499333955,-5.13820729623466,52
"1028",-3.78794754205236,-5.2810644390918,52
"1029",-3.26751009076517,-5.42392158194894,52
"1030",-2.74707263947797,-5.42392158194894,52
"1031",-2.22663518819078,-5.56677872480608,52
"1032",-1.70619773690359,-5.56677872480608,52
"1033",-1.1857602856164,-5.56677872480608,52
"1034",-0.665322834329208,-5.56677872480608,52
"1035",-0.144885383042017,-5.56677872480608,52
"1036",0.375552068245174,-5.56677872480608,52
"1037",0.895989519532366,-5.56677872480608,52
"1038",1.41642697081956,-5.56677872480608,52
"1039",1.93686442210675,-5.56677872480608,52
"1040",2.45730187339394,-5.56677872480608,52
"1041",-7.4310097010627,-3.42392158194894,53
"1042",-6.91057224977551,-3.42392158194894,53
"1043",-6.39013479848831,-3.42392158194894,53
"1044",-5.86969734720112,-3.42392158194894,53
"1045",-5.34925989591393,-4.42392158194894,53
"1046",-4.82882244462674,-4.99535015337751,53
"1047",-4.30838499333955,-6.2810644390918,53
"1048",-3.78794754205236,-6.2810644390918,53
"1049",-3.26751009076517,-6.2810644390918,53
"1050",-2.74707263947797,-6.2810644390918,53
"1051",-2.22663518819078,-6.2810644390918,53
"1052",-1.70619773690359,-6.2810644390918,53
"1053",-1.1857602856164,-6.2810644390918,53
"1054",-0.665322834329208,-6.2810644390918,53
"1055",-0.144885383042017,-6.2810644390918,53
"1056",0.375552068245174,-6.2810644390918,53
"1057",0.895989519532366,-6.2810644390918,53
"1058",1.41642697081956,-6.2810644390918,53
"1059",1.93686442210675,-6.2810644390918,53
"1060",2.45730187339394,-6.2810644390918,53
"1061",-7.4310097010627,-3.42392158194894,54
"1062",-6.91057224977551,-3.85249301052037,54
"1063",-6.39013479848831,-4.13820729623466,54
"1064",-5.86969734720112,-4.13820729623466,54
"1065",-5.34925989591393,-4.2810644390918,54
"1066",-4.82882244462674,-4.42392158194894,54
"1067",-4.30838499333955,-5.70963586766323,54
"1068",-3.78794754205236,-6.2810644390918,54
"1069",-3.26751009076517,-6.2810644390918,54
"1070",-2.74707263947797,-6.2810644390918,54
"1071",-2.22663518819078,-6.2810644390918,54
"1072",-1.70619773690359,-6.2810644390918,54
"1073",-1.1857602856164,-6.2810644390918,54
"1074",-0.665322834329208,-6.2810644390918,54
"1075",-0.144885383042017,-6.2810644390918,54
"1076",0.375552068245174,-6.2810644390918,54
"1077",0.895989519532366,-6.2810644390918,54
"1078",1.41642697081956,-6.2810644390918,54
"1079",1.93686442210675,-6.2810644390918,54
"1080",2.45730187339394,-6.2810644390918,54
"1081",-7.4310097010627,-3.42392158194894,55
"1082",-6.91057224977551,-3.42392158194894,55
"1083",-6.39013479848831,-3.70963586766323,55
"1084",-5.86969734720112,-3.99535015337751,55
"1085",-5.34925989591393,-4.2810644390918,55
"1086",-4.82882244462674,-4.56677872480608,55
"1087",-4.30838499333955,-4.85249301052037,55
"1088",-3.78794754205236,-4.99535015337751,55
"1089",-3.26751009076517,-5.13820729623466,55
"1090",-2.74707263947797,-5.13820729623466,55
"1091",-2.22663518819078,-5.2810644390918,55
"1092",-1.70619773690359,-5.2810644390918,55
"1093",-1.1857602856164,-5.2810644390918,55
"1094",-0.665322834329208,-5.2810644390918,55
"1095",-0.144885383042017,-5.2810644390918,55
"1096",0.375552068245174,-5.2810644390918,55
"1097",0.895989519532366,-5.2810644390918,55
"1098",1.41642697081956,-5.2810644390918,55
"1099",1.93686442210675,-5.2810644390918,55
"1100",2.45730187339394,-5.2810644390918,55
"1101",-7.4310097010627,-3.42392158194894,56
"1102",-6.91057224977551,-3.42392158194894,56
"1103",-6.39013479848831,-3.42392158194894,56
"1104",-5.86969734720112,-3.42392158194894,56
"1105",-5.34925989591393,-4.2810644390918,56
"1106",-4.82882244462674,-4.85249301052037,56
"1107",-4.30838499333955,-4.99535015337751,56
"1108",-3.78794754205236,-5.13820729623466,56
"1109",-3.26751009076517,-5.13820729623466,56
"1110",-2.74707263947797,-5.13820729623466,56
"1111",-2.22663518819078,-5.13820729623466,56
"1112",-1.70619773690359,-5.13820729623466,56
"1113",-1.1857602856164,-5.13820729623466,56
"1114",-0.665322834329208,-5.13820729623466,56
"1115",-0.144885383042017,-5.13820729623466,56
"1116",0.375552068245174,-5.2810644390918,56
"1117",0.895989519532366,-5.42392158194894,56
"1118",1.41642697081956,-5.70963586766323,56
"1119",1.93686442210675,-5.70963586766323,56
"1120",2.45730187339394,-5.85249301052037,56
"1121",-7.4310097010627,-3.42392158194894,57
"1122",-6.91057224977551,-3.42392158194894,57
"1123",-6.39013479848831,-3.85249301052037,57
"1124",-5.86969734720112,-4.13820729623466,57
"1125",-5.34925989591393,-4.2810644390918,57
"1126",-4.82882244462674,-4.2810644390918,57
"1127",-4.30838499333955,-4.42392158194894,57
"1128",-3.78794754205236,-4.42392158194894,57
"1129",-3.26751009076517,-4.42392158194894,57
"1130",-2.74707263947797,-4.42392158194894,57
"1131",-2.22663518819078,-4.42392158194894,57
"1132",-1.70619773690359,-4.70963586766323,57
"1133",-1.1857602856164,-4.99535015337751,57
"1134",-0.665322834329208,-5.2810644390918,57
"1135",-0.144885383042017,-5.42392158194894,57
"1136",0.375552068245174,-5.56677872480608,57
"1137",0.895989519532366,-5.56677872480608,57
"1138",1.41642697081956,-5.70963586766323,57
"1139",1.93686442210675,-5.70963586766323,57
"1140",2.45730187339394,-5.70963586766323,57
"1141",-7.4310097010627,-3.42392158194894,58
"1142",-6.91057224977551,-3.99535015337751,58
"1143",-6.39013479848831,-4.13820729623466,58
"1144",-5.86969734720112,-4.13820729623466,58
"1145",-5.34925989591393,-4.2810644390918,58
"1146",-4.82882244462674,-4.2810644390918,58
"1147",-4.30838499333955,-4.2810644390918,58
"1148",-3.78794754205236,-4.2810644390918,58
"1149",-3.26751009076517,-4.2810644390918,58
"1150",-2.74707263947797,-4.2810644390918,58
"1151",-2.22663518819078,-4.2810644390918,58
"1152",-1.70619773690359,-4.42392158194894,58
"1153",-1.1857602856164,-4.70963586766323,58
"1154",-0.665322834329208,-4.99535015337751,58
"1155",-0.144885383042017,-5.2810644390918,58
"1156",0.375552068245174,-5.42392158194894,58
"1157",0.895989519532366,-5.56677872480608,58
"1158",1.41642697081956,-5.56677872480608,58
"1159",1.93686442210675,-5.56677872480608,58
"1160",2.45730187339394,-5.56677872480608,58
"1161",-7.4310097010627,-3.42392158194894,59
"1162",-6.91057224977551,-3.42392158194894,59
"1163",-6.39013479848831,-3.42392158194894,59
"1164",-5.86969734720112,-3.42392158194894,59
"1165",-5.34925989591393,-4.2810644390918,59
"1166",-4.82882244462674,-4.70963586766323,59
"1167",-4.30838499333955,-4.99535015337751,59
"1168",-3.78794754205236,-4.99535015337751,59
"1169",-3.26751009076517,-5.13820729623466,59
"1170",-2.74707263947797,-5.13820729623466,59
"1171",-2.22663518819078,-5.13820729623466,59
"1172",-1.70619773690359,-5.13820729623466,59
"1173",-1.1857602856164,-5.13820729623466,59
"1174",-0.665322834329208,-5.2810644390918,59
"1175",-0.144885383042017,-5.2810644390918,59
"1176",0.375552068245174,-5.2810644390918,59
"1177",0.895989519532366,-5.2810644390918,59
"1178",1.41642697081956,-5.42392158194894,59
"1179",1.93686442210675,-5.42392158194894,59
"1180",2.45730187339394,-5.42392158194894,59
"1181",-7.4310097010627,-3.42392158194894,60
"1182",-6.91057224977551,-3.42392158194894,60
"1183",-6.39013479848831,-3.42392158194894,60
"1184",-5.86969734720112,-3.85249301052037,60
"1185",-5.34925989591393,-4.2810644390918,60
"1186",-4.82882244462674,-4.56677872480608,60
"1187",-4.30838499333955,-4.85249301052037,60
"1188",-3.78794754205236,-5.13820729623466,60
"1189",-3.26751009076517,-5.2810644390918,60
"1190",-2.74707263947797,-5.42392158194894,60
"1191",-2.22663518819078,-5.70963586766323,60
"1192",-1.70619773690359,-6.2810644390918,60
"1193",-1.1857602856164,-6.2810644390918,60
"1194",-0.665322834329208,-6.2810644390918,60
"1195",-0.144885383042017,-6.2810644390918,60
"1196",0.375552068245174,-6.2810644390918,60
"1197",0.895989519532366,-6.2810644390918,60
"1198",1.41642697081956,-6.2810644390918,60
"1199",1.93686442210675,-6.2810644390918,60
"1200",2.45730187339394,-6.2810644390918,60
"1201",-7.4310097010627,-3.42392158194894,61
"1202",-6.91057224977551,-3.42392158194894,61
"1203",-6.39013479848831,-3.56677872480608,61
"1204",-5.86969734720112,-3.99535015337751,61
"1205",-5.34925989591393,-4.2810644390918,61
"1206",-4.82882244462674,-4.42392158194894,61
"1207",-4.30838499333955,-4.70963586766323,61
"1208",-3.78794754205236,-4.85249301052037,61
"1209",-3.26751009076517,-4.99535015337751,61
"1210",-2.74707263947797,-5.13820729623466,61
"1211",-2.22663518819078,-5.13820729623466,61
"1212",-1.70619773690359,-5.2810644390918,61
"1213",-1.1857602856164,-5.2810644390918,61
"1214",-0.665322834329208,-5.2810644390918,61
"1215",-0.144885383042017,-5.42392158194894,61
"1216",0.375552068245174,-5.42392158194894,61
"1217",0.895989519532366,-5.42392158194894,61
"1218",1.41642697081956,-5.42392158194894,61
"1219",1.93686442210675,-5.42392158194894,61
"1220",2.45730187339394,-5.42392158194894,61
"1221",-7.4310097010627,-3.42392158194894,62
"1222",-6.91057224977551,-3.42392158194894,62
"1223",-6.39013479848831,-3.42392158194894,62
"1224",-5.86969734720112,-3.70963586766323,62
"1225",-5.34925989591393,-4.2810644390918,62
"1226",-4.82882244462674,-4.70963586766323,62
"1227",-4.30838499333955,-5.13820729623466,62
"1228",-3.78794754205236,-5.42392158194894,62
"1229",-3.26751009076517,-5.56677872480608,62
"1230",-2.74707263947797,-5.85249301052037,62
"1231",-2.22663518819078,-6.2810644390918,62
"1232",-1.70619773690359,-6.2810644390918,62
"1233",-1.1857602856164,-6.2810644390918,62
"1234",-0.665322834329208,-6.2810644390918,62
"1235",-0.144885383042017,-6.2810644390918,62
"1236",0.375552068245174,-6.2810644390918,62
"1237",0.895989519532366,-6.2810644390918,62
"1238",1.41642697081956,-6.2810644390918,62
"1239",1.93686442210675,-6.2810644390918,62
"1240",2.45730187339394,-6.2810644390918,62
"1241",-7.4310097010627,-3.42392158194894,63
"1242",-6.91057224977551,-3.42392158194894,63
"1243",-6.39013479848831,-3.42392158194894,63
"1244",-5.86969734720112,-3.56677872480608,63
"1245",-5.34925989591393,-4.2810644390918,63
"1246",-4.82882244462674,-4.85249301052037,63
"1247",-4.30838499333955,-5.13820729623466,63
"1248",-3.78794754205236,-5.42392158194894,63
"1249",-3.26751009076517,-5.70963586766323,63
"1250",-2.74707263947797,-5.85249301052037,63
"1251",-2.22663518819078,-5.99535015337751,63
"1252",-1.70619773690359,-6.13820729623465,63
"1253",-1.1857602856164,-6.2810644390918,63
"1254",-0.665322834329208,-6.2810644390918,63
"1255",-0.144885383042017,-6.2810644390918,63
"1256",0.375552068245174,-6.2810644390918,63
"1257",0.895989519532366,-6.2810644390918,63
"1258",1.41642697081956,-6.2810644390918,63
"1259",1.93686442210675,-6.2810644390918,63
"1260",2.45730187339394,-6.2810644390918,63
"1261",-7.4310097010627,-3.42392158194894,64
"1262",-6.91057224977551,-3.42392158194894,64
"1263",-6.39013479848831,-3.42392158194894,64
"1264",-5.86969734720112,-3.42392158194894,64
"1265",-5.34925989591393,-4.42392158194894,64
"1266",-4.82882244462674,-5.13820729623466,64
"1267",-4.30838499333955,-5.70963586766323,64
"1268",-3.78794754205236,-6.13820729623465,64
"1269",-3.26751009076517,-6.2810644390918,64
"1270",-2.74707263947797,-6.2810644390918,64
"1271",-2.22663518819078,-6.2810644390918,64
"1272",-1.70619773690359,-6.2810644390918,64
"1273",-1.1857602856164,-6.2810644390918,64
"1274",-0.665322834329208,-6.2810644390918,64
"1275",-0.144885383042017,-6.2810644390918,64
"1276",0.375552068245174,-6.2810644390918,64
"1277",0.895989519532366,-6.2810644390918,64
"1278",1.41642697081956,-6.2810644390918,64
"1279",1.93686442210675,-6.2810644390918,64
"1280",2.45730187339394,-6.2810644390918,64
"1281",-7.4310097010627,-3.42392158194894,65
"1282",-6.91057224977551,-3.42392158194894,65
"1283",-6.39013479848831,-3.42392158194894,65
"1284",-5.86969734720112,-3.42392158194894,65
"1285",-5.34925989591393,-4.42392158194894,65
"1286",-4.82882244462674,-5.13820729623466,65
"1287",-4.30838499333955,-5.70963586766323,65
"1288",-3.78794754205236,-6.13820729623465,65
"1289",-3.26751009076517,-6.2810644390918,65
"1290",-2.74707263947797,-6.2810644390918,65
"1291",-2.22663518819078,-6.2810644390918,65
"1292",-1.70619773690359,-6.2810644390918,65
"1293",-1.1857602856164,-6.2810644390918,65
"1294",-0.665322834329208,-6.2810644390918,65
"1295",-0.144885383042017,-6.2810644390918,65
"1296",0.375552068245174,-6.2810644390918,65
"1297",0.895989519532366,-6.2810644390918,65
"1298",1.41642697081956,-6.2810644390918,65
"1299",1.93686442210675,-6.2810644390918,65
"1300",2.45730187339394,-6.2810644390918,65
"1301",-7.4310097010627,-3.42392158194894,66
"1302",-6.91057224977551,-3.42392158194894,66
"1303",-6.39013479848831,-3.42392158194894,66
"1304",-5.86969734720112,-3.56677872480608,66
"1305",-5.34925989591393,-4.2810644390918,66
"1306",-4.82882244462674,-4.85249301052037,66
"1307",-4.30838499333955,-5.13820729623466,66
"1308",-3.78794754205236,-5.42392158194894,66
"1309",-3.26751009076517,-5.56677872480608,66
"1310",-2.74707263947797,-5.70963586766323,66
"1311",-2.22663518819078,-5.85249301052037,66
"1312",-1.70619773690359,-5.85249301052037,66
"1313",-1.1857602856164,-5.85249301052037,66
"1314",-0.665322834329208,-5.85249301052037,66
"1315",-0.144885383042017,-5.85249301052037,66
"1316",0.375552068245174,-5.85249301052037,66
"1317",0.895989519532366,-5.85249301052037,66
"1318",1.41642697081956,-5.85249301052037,66
"1319",1.93686442210675,-5.85249301052037,66
"1320",2.45730187339394,-5.85249301052037,66
"1321",-7.4310097010627,-3.42392158194894,67
"1322",-6.91057224977551,-3.42392158194894,67
"1323",-6.39013479848831,-3.42392158194894,67
"1324",-5.86969734720112,-3.85249301052037,67
"1325",-5.34925989591393,-4.2810644390918,67
"1326",-4.82882244462674,-4.56677872480608,67
"1327",-4.30838499333955,-4.85249301052037,67
"1328",-3.78794754205236,-4.99535015337751,67
"1329",-3.26751009076517,-5.13820729623466,67
"1330",-2.74707263947797,-5.13820729623466,67
"1331",-2.22663518819078,-5.2810644390918,67
"1332",-1.70619773690359,-5.2810644390918,67
"1333",-1.1857602856164,-5.2810644390918,67
"1334",-0.665322834329208,-5.2810644390918,67
"1335",-0.144885383042017,-5.2810644390918,67
"1336",0.375552068245174,-5.2810644390918,67
"1337",0.895989519532366,-5.2810644390918,67
"1338",1.41642697081956,-5.2810644390918,67
"1339",1.93686442210675,-5.2810644390918,67
"1340",2.45730187339394,-5.2810644390918,67
"1341",-7.4310097010627,-3.42392158194894,68
"1342",-6.91057224977551,-3.42392158194894,68
"1343",-6.39013479848831,-3.42392158194894,68
"1344",-5.86969734720112,-3.85249301052037,68
"1345",-5.34925989591393,-4.2810644390918,68
"1346",-4.82882244462674,-4.56677872480608,68
"1347",-4.30838499333955,-4.70963586766323,68
"1348",-3.78794754205236,-4.85249301052037,68
"1349",-3.26751009076517,-4.85249301052037,68
"1350",-2.74707263947797,-4.99535015337751,68
"1351",-2.22663518819078,-4.99535015337751,68
"1352",-1.70619773690359,-4.99535015337751,68
"1353",-1.1857602856164,-4.99535015337751,68
"1354",-0.665322834329208,-5.13820729623466,68
"1355",-0.144885383042017,-5.56677872480608,68
"1356",0.375552068245174,-6.2810644390918,68
"1357",0.895989519532366,-6.2810644390918,68
"1358",1.41642697081956,-6.2810644390918,68
"1359",1.93686442210675,-6.2810644390918,68
"1360",2.45730187339394,-6.2810644390918,68
"1361",-7.4310097010627,-3.42392158194894,69
"1362",-6.91057224977551,-3.42392158194894,69
"1363",-6.39013479848831,-3.70963586766323,69
"1364",-5.86969734720112,-3.99535015337751,69
"1365",-5.34925989591393,-4.2810644390918,69
"1366",-4.82882244462674,-4.56677872480608,69
"1367",-4.30838499333955,-4.99535015337751,69
"1368",-3.78794754205236,-6.2810644390918,69
"1369",-3.26751009076517,-6.2810644390918,69
"1370",-2.74707263947797,-6.2810644390918,69
"1371",-2.22663518819078,-6.2810644390918,69
"1372",-1.70619773690359,-6.2810644390918,69
"1373",-1.1857602856164,-6.2810644390918,69
"1374",-0.665322834329208,-6.2810644390918,69
"1375",-0.144885383042017,-6.2810644390918,69
"1376",0.375552068245174,-6.2810644390918,69
"1377",0.895989519532366,-6.2810644390918,69
"1378",1.41642697081956,-6.2810644390918,69
"1379",1.93686442210675,-6.2810644390918,69
"1380",2.45730187339394,-6.2810644390918,69
"1381",-7.4310097010627,-3.42392158194894,70
"1382",-6.91057224977551,-3.42392158194894,70
"1383",-6.39013479848831,-3.42392158194894,70
"1384",-5.86969734720112,-3.42392158194894,70
"1385",-5.34925989591393,-5.56677872480608,70
"1386",-4.82882244462674,-6.2810644390918,70
"1387",-4.30838499333955,-6.2810644390918,70
"1388",-3.78794754205236,-6.2810644390918,70
"1389",-3.26751009076517,-6.2810644390918,70
"1390",-2.74707263947797,-6.2810644390918,70
"1391",-2.22663518819078,-6.2810644390918,70
"1392",-1.70619773690359,-6.2810644390918,70
"1393",-1.1857602856164,-6.2810644390918,70
"1394",-0.665322834329208,-6.2810644390918,70
"1395",-0.144885383042017,-6.2810644390918,70
"1396",0.375552068245174,-6.2810644390918,70
"1397",0.895989519532366,-6.2810644390918,70
"1398",1.41642697081956,-6.2810644390918,70
"1399",1.93686442210675,-6.2810644390918,70
"1400",2.45730187339394,-6.2810644390918,70
"1401",-7.4310097010627,-3.42392158194894,71
"1402",-6.91057224977551,-3.42392158194894,71
"1403",-6.39013479848831,-3.42392158194894,71
"1404",-5.86969734720112,-3.42392158194894,71
"1405",-5.34925989591393,-4.99535015337751,71
"1406",-4.82882244462674,-5.70963586766323,71
"1407",-4.30838499333955,-5.85249301052037,71
"1408",-3.78794754205236,-5.99535015337751,71
"1409",-3.26751009076517,-5.99535015337751,71
"1410",-2.74707263947797,-5.99535015337751,71
"1411",-2.22663518819078,-5.99535015337751,71
"1412",-1.70619773690359,-5.99535015337751,71
"1413",-1.1857602856164,-5.99535015337751,71
"1414",-0.665322834329208,-5.99535015337751,71
"1415",-0.144885383042017,-5.99535015337751,71
"1416",0.375552068245174,-5.99535015337751,71
"1417",0.895989519532366,-5.99535015337751,71
"1418",1.41642697081956,-5.99535015337751,71
"1419",1.93686442210675,-5.99535015337751,71
"1420",2.45730187339394,-5.99535015337751,71
"1421",-7.4310097010627,-3.42392158194894,72
"1422",-6.91057224977551,-3.42392158194894,72
"1423",-6.39013479848831,-3.42392158194894,72
"1424",-5.86969734720112,-3.42392158194894,72
"1425",-5.34925989591393,-4.56677872480608,72
"1426",-4.82882244462674,-5.56677872480608,72
"1427",-4.30838499333955,-5.85249301052037,72
"1428",-3.78794754205236,-5.99535015337751,72
"1429",-3.26751009076517,-5.99535015337751,72
"1430",-2.74707263947797,-5.99535015337751,72
"1431",-2.22663518819078,-5.99535015337751,72
"1432",-1.70619773690359,-5.99535015337751,72
"1433",-1.1857602856164,-5.99535015337751,72
"1434",-0.665322834329208,-5.99535015337751,72
"1435",-0.144885383042017,-5.99535015337751,72
"1436",0.375552068245174,-5.99535015337751,72
"1437",0.895989519532366,-5.99535015337751,72
"1438",1.41642697081956,-5.99535015337751,72
"1439",1.93686442210675,-5.99535015337751,72
"1440",2.45730187339394,-5.99535015337751,72
"1441",-7.4310097010627,-3.42392158194894,73
"1442",-6.91057224977551,-3.42392158194894,73
"1443",-6.39013479848831,-3.42392158194894,73
"1444",-5.86969734720112,-3.42392158194894,73
"1445",-5.34925989591393,-6.2810644390918,73
"1446",-4.82882244462674,-6.2810644390918,73
"1447",-4.30838499333955,-6.2810644390918,73
"1448",-3.78794754205236,-6.2810644390918,73
"1449",-3.26751009076517,-6.2810644390918,73
"1450",-2.74707263947797,-6.2810644390918,73
"1451",-2.22663518819078,-6.2810644390918,73
"1452",-1.70619773690359,-6.2810644390918,73
"1453",-1.1857602856164,-6.2810644390918,73
"1454",-0.665322834329208,-6.2810644390918,73
"1455",-0.144885383042017,-6.2810644390918,73
"1456",0.375552068245174,-6.2810644390918,73
"1457",0.895989519532366,-6.2810644390918,73
"1458",1.41642697081956,-6.2810644390918,73
"1459",1.93686442210675,-6.2810644390918,73
"1460",2.45730187339394,-6.2810644390918,73
"1461",-7.4310097010627,-3.42392158194894,74
"1462",-6.91057224977551,-3.42392158194894,74
"1463",-6.39013479848831,-3.42392158194894,74
"1464",-5.86969734720112,-3.99535015337751,74
"1465",-5.34925989591393,-4.2810644390918,74
"1466",-4.82882244462674,-4.42392158194894,74
"1467",-4.30838499333955,-4.42392158194894,74
"1468",-3.78794754205236,-4.56677872480608,74
"1469",-3.26751009076517,-4.56677872480608,74
"1470",-2.74707263947797,-4.56677872480608,74
"1471",-2.22663518819078,-4.56677872480608,74
"1472",-1.70619773690359,-4.56677872480608,74
"1473",-1.1857602856164,-4.56677872480608,74
"1474",-0.665322834329208,-4.56677872480608,74
"1475",-0.144885383042017,-4.56677872480608,74
"1476",0.375552068245174,-4.56677872480608,74
"1477",0.895989519532366,-4.56677872480608,74
"1478",1.41642697081956,-4.56677872480608,74
"1479",1.93686442210675,-4.85249301052037,74
"1480",2.45730187339394,-5.13820729623466,74
"1481",-7.4310097010627,-3.42392158194894,75
"1482",-6.91057224977551,-3.42392158194894,75
"1483",-6.39013479848831,-3.42392158194894,75
"1484",-5.86969734720112,-3.42392158194894,75
"1485",-5.34925989591393,-4.56677872480608,75
"1486",-4.82882244462674,-5.56677872480608,75
"1487",-4.30838499333955,-5.99535015337751,75
"1488",-3.78794754205236,-6.13820729623465,75
"1489",-3.26751009076517,-6.2810644390918,75
"1490",-2.74707263947797,-6.2810644390918,75
"1491",-2.22663518819078,-6.2810644390918,75
"1492",-1.70619773690359,-6.2810644390918,75
"1493",-1.1857602856164,-6.2810644390918,75
"1494",-0.665322834329208,-6.2810644390918,75
"1495",-0.144885383042017,-6.2810644390918,75
"1496",0.375552068245174,-6.2810644390918,75
"1497",0.895989519532366,-6.2810644390918,75
"1498",1.41642697081956,-6.2810644390918,75
"1499",1.93686442210675,-6.2810644390918,75
"1500",2.45730187339394,-6.2810644390918,75
"1501",-7.4310097010627,-3.42392158194894,76
"1502",-6.91057224977551,-3.42392158194894,76
"1503",-6.39013479848831,-3.42392158194894,76
"1504",-5.86969734720112,-3.42392158194894,76
"1505",-5.34925989591393,-4.2810644390918,76
"1506",-4.82882244462674,-4.85249301052037,76
"1507",-4.30838499333955,-5.13820729623466,76
"1508",-3.78794754205236,-5.42392158194894,76
"1509",-3.26751009076517,-5.56677872480608,76
"1510",-2.74707263947797,-5.70963586766323,76
"1511",-2.22663518819078,-5.70963586766323,76
"1512",-1.70619773690359,-5.70963586766323,76
"1513",-1.1857602856164,-5.70963586766323,76
"1514",-0.665322834329208,-5.70963586766323,76
"1515",-0.144885383042017,-5.70963586766323,76
"1516",0.375552068245174,-5.70963586766323,76
"1517",0.895989519532366,-5.85249301052037,76
"1518",1.41642697081956,-5.85249301052037,76
"1519",1.93686442210675,-5.85249301052037,76
"1520",2.45730187339394,-5.85249301052037,76
"1521",-7.4310097010627,-3.42392158194894,77
"1522",-6.91057224977551,-3.42392158194894,77
"1523",-6.39013479848831,-3.42392158194894,77
"1524",-5.86969734720112,-3.42392158194894,77
"1525",-5.34925989591393,-5.70963586766323,77
"1526",-4.82882244462674,-6.2810644390918,77
"1527",-4.30838499333955,-6.2810644390918,77
"1528",-3.78794754205236,-6.2810644390918,77
"1529",-3.26751009076517,-6.2810644390918,77
"1530",-2.74707263947797,-6.2810644390918,77
"1531",-2.22663518819078,-6.2810644390918,77
"1532",-1.70619773690359,-6.2810644390918,77
"1533",-1.1857602856164,-6.2810644390918,77
"1534",-0.665322834329208,-6.2810644390918,77
"1535",-0.144885383042017,-6.2810644390918,77
"1536",0.375552068245174,-6.2810644390918,77
"1537",0.895989519532366,-6.2810644390918,77
"1538",1.41642697081956,-6.2810644390918,77
"1539",1.93686442210675,-6.2810644390918,77
"1540",2.45730187339394,-6.2810644390918,77
"1541",-7.4310097010627,-3.42392158194894,78
"1542",-6.91057224977551,-3.42392158194894,78
"1543",-6.39013479848831,-3.42392158194894,78
"1544",-5.86969734720112,-3.42392158194894,78
"1545",-5.34925989591393,-4.42392158194894,78
"1546",-4.82882244462674,-5.13820729623466,78
"1547",-4.30838499333955,-5.56677872480608,78
"1548",-3.78794754205236,-5.70963586766323,78
"1549",-3.26751009076517,-5.85249301052037,78
"1550",-2.74707263947797,-5.85249301052037,78
"1551",-2.22663518819078,-5.85249301052037,78
"1552",-1.70619773690359,-6.2810644390918,78
"1553",-1.1857602856164,-6.2810644390918,78
"1554",-0.665322834329208,-6.2810644390918,78
"1555",-0.144885383042017,-6.2810644390918,78
"1556",0.375552068245174,-6.2810644390918,78
"1557",0.895989519532366,-6.2810644390918,78
"1558",1.41642697081956,-6.2810644390918,78
"1559",1.93686442210675,-6.2810644390918,78
"1560",2.45730187339394,-6.2810644390918,78
"1561",-7.4310097010627,-3.42392158194894,79
"1562",-6.91057224977551,-3.42392158194894,79
"1563",-6.39013479848831,-3.42392158194894,79
"1564",-5.86969734720112,-3.42392158194894,79
"1565",-5.34925989591393,-4.2810644390918,79
"1566",-4.82882244462674,-4.85249301052037,79
"1567",-4.30838499333955,-5.42392158194894,79
"1568",-3.78794754205236,-5.70963586766323,79
"1569",-3.26751009076517,-5.99535015337751,79
"1570",-2.74707263947797,-6.13820729623465,79
"1571",-2.22663518819078,-6.2810644390918,79
"1572",-1.70619773690359,-6.2810644390918,79
"1573",-1.1857602856164,-6.2810644390918,79
"1574",-0.665322834329208,-6.2810644390918,79
"1575",-0.144885383042017,-6.2810644390918,79
"1576",0.375552068245174,-6.2810644390918,79
"1577",0.895989519532366,-6.2810644390918,79
"1578",1.41642697081956,-6.2810644390918,79
"1579",1.93686442210675,-6.2810644390918,79
"1580",2.45730187339394,-6.2810644390918,79
"1581",-7.4310097010627,-3.42392158194894,80
"1582",-6.91057224977551,-3.42392158194894,80
"1583",-6.39013479848831,-3.42392158194894,80
"1584",-5.86969734720112,-3.70963586766323,80
"1585",-5.34925989591393,-4.2810644390918,80
"1586",-4.82882244462674,-4.70963586766323,80
"1587",-4.30838499333955,-4.99535015337751,80
"1588",-3.78794754205236,-5.13820729623466,80
"1589",-3.26751009076517,-5.2810644390918,80
"1590",-2.74707263947797,-5.42392158194894,80
"1591",-2.22663518819078,-5.42392158194894,80
"1592",-1.70619773690359,-5.42392158194894,80
"1593",-1.1857602856164,-5.56677872480608,80
"1594",-0.665322834329208,-5.56677872480608,80
"1595",-0.144885383042017,-5.56677872480608,80
"1596",0.375552068245174,-5.56677872480608,80
"1597",0.895989519532366,-5.56677872480608,80
"1598",1.41642697081956,-5.56677872480608,80
"1599",1.93686442210675,-5.56677872480608,80
"1600",2.45730187339394,-5.56677872480608,80
"1601",-7.4310097010627,-3.42392158194894,81
"1602",-6.91057224977551,-3.42392158194894,81
"1603",-6.39013479848831,-3.42392158194894,81
"1604",-5.86969734720112,-3.42392158194894,81
"1605",-5.34925989591393,-4.2810644390918,81
"1606",-4.82882244462674,-4.99535015337751,81
"1607",-4.30838499333955,-5.56677872480608,81
"1608",-3.78794754205236,-5.99535015337751,81
"1609",-3.26751009076517,-6.2810644390918,81
"1610",-2.74707263947797,-6.2810644390918,81
"1611",-2.22663518819078,-6.2810644390918,81
"1612",-1.70619773690359,-6.2810644390918,81
"1613",-1.1857602856164,-6.2810644390918,81
"1614",-0.665322834329208,-6.2810644390918,81
"1615",-0.144885383042017,-6.2810644390918,81
"1616",0.375552068245174,-6.2810644390918,81
"1617",0.895989519532366,-6.2810644390918,81
"1618",1.41642697081956,-6.2810644390918,81
"1619",1.93686442210675,-6.2810644390918,81
"1620",2.45730187339394,-6.2810644390918,81
"1621",-7.4310097010627,-3.42392158194894,82
"1622",-6.91057224977551,-3.42392158194894,82
"1623",-6.39013479848831,-3.42392158194894,82
"1624",-5.86969734720112,-3.42392158194894,82
"1625",-5.34925989591393,-4.2810644390918,82
"1626",-4.82882244462674,-4.99535015337751,82
"1627",-4.30838499333955,-5.42392158194894,82
"1628",-3.78794754205236,-5.70963586766323,82
"1629",-3.26751009076517,-5.99535015337751,82
"1630",-2.74707263947797,-6.13820729623465,82
"1631",-2.22663518819078,-6.2810644390918,82
"1632",-1.70619773690359,-6.2810644390918,82
"1633",-1.1857602856164,-6.2810644390918,82
"1634",-0.665322834329208,-6.2810644390918,82
"1635",-0.144885383042017,-6.2810644390918,82
"1636",0.375552068245174,-6.2810644390918,82
"1637",0.895989519532366,-6.2810644390918,82
"1638",1.41642697081956,-6.2810644390918,82
"1639",1.93686442210675,-6.2810644390918,82
"1640",2.45730187339394,-6.2810644390918,82
"1641",-7.4310097010627,-3.42392158194894,83
"1642",-6.91057224977551,-3.42392158194894,83
"1643",-6.39013479848831,-3.42392158194894,83
"1644",-5.86969734720112,-3.56677872480608,83
"1645",-5.34925989591393,-4.2810644390918,83
"1646",-4.82882244462674,-4.85249301052037,83
"1647",-4.30838499333955,-5.13820729623466,83
"1648",-3.78794754205236,-5.42392158194894,83
"1649",-3.26751009076517,-5.70963586766323,83
"1650",-2.74707263947797,-5.85249301052037,83
"1651",-2.22663518819078,-5.99535015337751,83
"1652",-1.70619773690359,-5.99535015337751,83
"1653",-1.1857602856164,-5.99535015337751,83
"1654",-0.665322834329208,-6.13820729623465,83
"1655",-0.144885383042017,-6.13820729623465,83
"1656",0.375552068245174,-6.13820729623465,83
"1657",0.895989519532366,-6.13820729623465,83
"1658",1.41642697081956,-6.13820729623465,83
"1659",1.93686442210675,-6.13820729623465,83
"1660",2.45730187339394,-6.13820729623465,83
"1661",-7.4310097010627,-3.42392158194894,84
"1662",-6.91057224977551,-3.42392158194894,84
"1663",-6.39013479848831,-3.42392158194894,84
"1664",-5.86969734720112,-3.85249301052037,84
"1665",-5.34925989591393,-4.2810644390918,84
"1666",-4.82882244462674,-4.56677872480608,84
"1667",-4.30838499333955,-4.70963586766323,84
"1668",-3.78794754205236,-4.70963586766323,84
"1669",-3.26751009076517,-4.85249301052037,84
"1670",-2.74707263947797,-4.85249301052037,84
"1671",-2.22663518819078,-4.85249301052037,84
"1672",-1.70619773690359,-4.85249301052037,84
"1673",-1.1857602856164,-4.85249301052037,84
"1674",-0.665322834329208,-4.85249301052037,84
"1675",-0.144885383042017,-4.85249301052037,84
"1676",0.375552068245174,-4.85249301052037,84
"1677",0.895989519532366,-4.85249301052037,84
"1678",1.41642697081956,-4.85249301052037,84
"1679",1.93686442210675,-4.85249301052037,84
"1680",2.45730187339394,-4.85249301052037,84
"1681",-7.4310097010627,-3.42392158194894,85
"1682",-6.91057224977551,-3.42392158194894,85
"1683",-6.39013479848831,-3.42392158194894,85
"1684",-5.86969734720112,-3.70963586766323,85
"1685",-5.34925989591393,-4.2810644390918,85
"1686",-4.82882244462674,-4.56677872480608,85
"1687",-4.30838499333955,-5.13820729623466,85
"1688",-3.78794754205236,-5.70963586766323,85
"1689",-3.26751009076517,-5.99535015337751,85
"1690",-2.74707263947797,-6.13820729623465,85
"1691",-2.22663518819078,-6.2810644390918,85
"1692",-1.70619773690359,-6.2810644390918,85
"1693",-1.1857602856164,-6.2810644390918,85
"1694",-0.665322834329208,-6.2810644390918,85
"1695",-0.144885383042017,-6.2810644390918,85
"1696",0.375552068245174,-6.2810644390918,85
"1697",0.895989519532366,-6.2810644390918,85
"1698",1.41642697081956,-6.2810644390918,85
"1699",1.93686442210675,-6.2810644390918,85
"1700",2.45730187339394,-6.2810644390918,85
"1701",-7.4310097010627,-3.42392158194894,86
"1702",-6.91057224977551,-3.42392158194894,86
"1703",-6.39013479848831,-3.42392158194894,86
"1704",-5.86969734720112,-3.70963586766323,86
"1705",-5.34925989591393,-4.2810644390918,86
"1706",-4.82882244462674,-4.85249301052037,86
"1707",-4.30838499333955,-5.13820729623466,86
"1708",-3.78794754205236,-5.56677872480608,86
"1709",-3.26751009076517,-5.85249301052037,86
"1710",-2.74707263947797,-5.99535015337751,86
"1711",-2.22663518819078,-6.2810644390918,86
"1712",-1.70619773690359,-6.2810644390918,86
"1713",-1.1857602856164,-6.2810644390918,86
"1714",-0.665322834329208,-6.2810644390918,86
"1715",-0.144885383042017,-6.2810644390918,86
"1716",0.375552068245174,-6.2810644390918,86
"1717",0.895989519532366,-6.2810644390918,86
"1718",1.41642697081956,-6.2810644390918,86
"1719",1.93686442210675,-6.2810644390918,86
"1720",2.45730187339394,-6.2810644390918,86
"1721",-7.4310097010627,-3.42392158194894,87
"1722",-6.91057224977551,-3.42392158194894,87
"1723",-6.39013479848831,-3.42392158194894,87
"1724",-5.86969734720112,-3.42392158194894,87
"1725",-5.34925989591393,-4.42392158194894,87
"1726",-4.82882244462674,-5.56677872480608,87
"1727",-4.30838499333955,-6.2810644390918,87
"1728",-3.78794754205236,-6.2810644390918,87
"1729",-3.26751009076517,-6.2810644390918,87
"1730",-2.74707263947797,-6.2810644390918,87
"1731",-2.22663518819078,-6.2810644390918,87
"1732",-1.70619773690359,-6.2810644390918,87
"1733",-1.1857602856164,-6.2810644390918,87
"1734",-0.665322834329208,-6.2810644390918,87
"1735",-0.144885383042017,-6.2810644390918,87
"1736",0.375552068245174,-6.2810644390918,87
"1737",0.895989519532366,-6.2810644390918,87
"1738",1.41642697081956,-6.2810644390918,87
"1739",1.93686442210675,-6.2810644390918,87
"1740",2.45730187339394,-6.2810644390918,87
"1741",-7.4310097010627,-3.42392158194894,88
"1742",-6.91057224977551,-3.42392158194894,88
"1743",-6.39013479848831,-3.42392158194894,88
"1744",-5.86969734720112,-3.42392158194894,88
"1745",-5.34925989591393,-4.2810644390918,88
"1746",-4.82882244462674,-5.13820729623466,88
"1747",-4.30838499333955,-5.70963586766323,88
"1748",-3.78794754205236,-6.13820729623465,88
"1749",-3.26751009076517,-6.2810644390918,88
"1750",-2.74707263947797,-6.2810644390918,88
"1751",-2.22663518819078,-6.2810644390918,88
"1752",-1.70619773690359,-6.2810644390918,88
"1753",-1.1857602856164,-6.2810644390918,88
"1754",-0.665322834329208,-6.2810644390918,88
"1755",-0.144885383042017,-6.2810644390918,88
"1756",0.375552068245174,-6.2810644390918,88
"1757",0.895989519532366,-6.2810644390918,88
"1758",1.41642697081956,-6.2810644390918,88
"1759",1.93686442210675,-6.2810644390918,88
"1760",2.45730187339394,-6.2810644390918,88
"1761",-7.4310097010627,-3.42392158194894,89
"1762",-6.91057224977551,-3.42392158194894,89
"1763",-6.39013479848831,-3.42392158194894,89
"1764",-5.86969734720112,-3.42392158194894,89
"1765",-5.34925989591393,-4.42392158194894,89
"1766",-4.82882244462674,-4.99535015337751,89
"1767",-4.30838499333955,-5.42392158194894,89
"1768",-3.78794754205236,-5.70963586766323,89
"1769",-3.26751009076517,-5.85249301052037,89
"1770",-2.74707263947797,-5.99535015337751,89
"1771",-2.22663518819078,-6.13820729623465,89
"1772",-1.70619773690359,-6.13820729623465,89
"1773",-1.1857602856164,-6.13820729623465,89
"1774",-0.665322834329208,-6.13820729623465,89
"1775",-0.144885383042017,-6.13820729623465,89
"1776",0.375552068245174,-6.13820729623465,89
"1777",0.895989519532366,-6.13820729623465,89
"1778",1.41642697081956,-6.13820729623465,89
"1779",1.93686442210675,-6.13820729623465,89
"1780",2.45730187339394,-6.13820729623465,89
"1781",-7.4310097010627,-3.42392158194894,90
"1782",-6.91057224977551,-3.42392158194894,90
"1783",-6.39013479848831,-3.70963586766323,90
"1784",-5.86969734720112,-3.85249301052037,90
"1785",-5.34925989591393,-5.56677872480608,90
"1786",-4.82882244462674,-6.2810644390918,90
"1787",-4.30838499333955,-6.2810644390918,90
"1788",-3.78794754205236,-6.2810644390918,90
"1789",-3.26751009076517,-6.2810644390918,90
"1790",-2.74707263947797,-6.2810644390918,90
"1791",-2.22663518819078,-6.2810644390918,90
"1792",-1.70619773690359,-6.2810644390918,90
"1793",-1.1857602856164,-6.2810644390918,90
"1794",-0.665322834329208,-6.2810644390918,90
"1795",-0.144885383042017,-6.2810644390918,90
"1796",0.375552068245174,-6.2810644390918,90
"1797",0.895989519532366,-6.2810644390918,90
"1798",1.41642697081956,-6.2810644390918,90
"1799",1.93686442210675,-6.2810644390918,90
"1800",2.45730187339394,-6.2810644390918,90
"1801",-7.4310097010627,-3.42392158194894,91
"1802",-6.91057224977551,-3.42392158194894,91
"1803",-6.39013479848831,-3.42392158194894,91
"1804",-5.86969734720112,-3.42392158194894,91
"1805",-5.34925989591393,-4.2810644390918,91
"1806",-4.82882244462674,-4.70963586766323,91
"1807",-4.30838499333955,-4.85249301052037,91
"1808",-3.78794754205236,-4.85249301052037,91
"1809",-3.26751009076517,-4.85249301052037,91
"1810",-2.74707263947797,-4.85249301052037,91
"1811",-2.22663518819078,-4.85249301052037,91
"1812",-1.70619773690359,-4.85249301052037,91
"1813",-1.1857602856164,-4.85249301052037,91
"1814",-0.665322834329208,-4.85249301052037,91
"1815",-0.144885383042017,-4.85249301052037,91
"1816",0.375552068245174,-4.99535015337751,91
"1817",0.895989519532366,-5.13820729623466,91
"1818",1.41642697081956,-5.13820729623466,91
"1819",1.93686442210675,-5.2810644390918,91
"1820",2.45730187339394,-5.2810644390918,91
"1821",-7.4310097010627,-3.42392158194894,92
"1822",-6.91057224977551,-3.42392158194894,92
"1823",-6.39013479848831,-3.42392158194894,92
"1824",-5.86969734720112,-3.99535015337751,92
"1825",-5.34925989591393,-4.2810644390918,92
"1826",-4.82882244462674,-4.42392158194894,92
"1827",-4.30838499333955,-4.42392158194894,92
"1828",-3.78794754205236,-4.42392158194894,92
"1829",-3.26751009076517,-4.56677872480608,92
"1830",-2.74707263947797,-5.56677872480608,92
"1831",-2.22663518819078,-5.70963586766323,92
"1832",-1.70619773690359,-5.70963586766323,92
"1833",-1.1857602856164,-5.70963586766323,92
"1834",-0.665322834329208,-5.70963586766323,92
"1835",-0.144885383042017,-5.70963586766323,92
"1836",0.375552068245174,-5.70963586766323,92
"1837",0.895989519532366,-5.70963586766323,92
"1838",1.41642697081956,-5.85249301052037,92
"1839",1.93686442210675,-5.85249301052037,92
"1840",2.45730187339394,-5.99535015337751,92
"1841",-7.4310097010627,-4.13820729623466,93
"1842",-6.91057224977551,-4.13820729623466,93
"1843",-6.39013479848831,-4.13820729623466,93
"1844",-5.86969734720112,-4.13820729623466,93
"1845",-5.34925989591393,-4.2810644390918,93
"1846",-4.82882244462674,-5.42392158194894,93
"1847",-4.30838499333955,-6.2810644390918,93
"1848",-3.78794754205236,-6.2810644390918,93
"1849",-3.26751009076517,-6.2810644390918,93
"1850",-2.74707263947797,-6.2810644390918,93
"1851",-2.22663518819078,-6.2810644390918,93
"1852",-1.70619773690359,-6.2810644390918,93
"1853",-1.1857602856164,-6.2810644390918,93
"1854",-0.665322834329208,-6.2810644390918,93
"1855",-0.144885383042017,-6.2810644390918,93
"1856",0.375552068245174,-6.2810644390918,93
"1857",0.895989519532366,-6.2810644390918,93
"1858",1.41642697081956,-6.2810644390918,93
"1859",1.93686442210675,-6.2810644390918,93
"1860",2.45730187339394,-6.2810644390918,93
"1861",-7.4310097010627,-3.42392158194894,94
"1862",-6.91057224977551,-3.42392158194894,94
"1863",-6.39013479848831,-3.42392158194894,94
"1864",-5.86969734720112,-3.42392158194894,94
"1865",-5.34925989591393,-4.56677872480608,94
"1866",-4.82882244462674,-5.85249301052037,94
"1867",-4.30838499333955,-6.2810644390918,94
"1868",-3.78794754205236,-6.2810644390918,94
"1869",-3.26751009076517,-6.2810644390918,94
"1870",-2.74707263947797,-6.2810644390918,94
"1871",-2.22663518819078,-6.2810644390918,94
"1872",-1.70619773690359,-6.2810644390918,94
"1873",-1.1857602856164,-6.2810644390918,94
"1874",-0.665322834329208,-6.2810644390918,94
"1875",-0.144885383042017,-6.2810644390918,94
"1876",0.375552068245174,-6.2810644390918,94
"1877",0.895989519532366,-6.2810644390918,94
"1878",1.41642697081956,-6.2810644390918,94
"1879",1.93686442210675,-6.2810644390918,94
"1880",2.45730187339394,-6.2810644390918,94
"1881",-7.4310097010627,-3.42392158194894,95
"1882",-6.91057224977551,-3.42392158194894,95
"1883",-6.39013479848831,-3.42392158194894,95
"1884",-5.86969734720112,-3.42392158194894,95
"1885",-5.34925989591393,-4.42392158194894,95
"1886",-4.82882244462674,-5.42392158194894,95
"1887",-4.30838499333955,-6.13820729623465,95
"1888",-3.78794754205236,-6.2810644390918,95
"1889",-3.26751009076517,-6.2810644390918,95
"1890",-2.74707263947797,-6.2810644390918,95
"1891",-2.22663518819078,-6.2810644390918,95
"1892",-1.70619773690359,-6.2810644390918,95
"1893",-1.1857602856164,-6.2810644390918,95
"1894",-0.665322834329208,-6.2810644390918,95
"1895",-0.144885383042017,-6.2810644390918,95
"1896",0.375552068245174,-6.2810644390918,95
"1897",0.895989519532366,-6.2810644390918,95
"1898",1.41642697081956,-6.2810644390918,95
"1899",1.93686442210675,-6.2810644390918,95
"1900",2.45730187339394,-6.2810644390918,95
"1901",-7.4310097010627,-3.42392158194894,96
"1902",-6.91057224977551,-3.42392158194894,96
"1903",-6.39013479848831,-3.42392158194894,96
"1904",-5.86969734720112,-3.56677872480608,96
"1905",-5.34925989591393,-5.70963586766323,96
"1906",-4.82882244462674,-6.2810644390918,96
"1907",-4.30838499333955,-6.2810644390918,96
"1908",-3.78794754205236,-6.2810644390918,96
"1909",-3.26751009076517,-6.2810644390918,96
"1910",-2.74707263947797,-6.2810644390918,96
"1911",-2.22663518819078,-6.2810644390918,96
"1912",-1.70619773690359,-6.2810644390918,96
"1913",-1.1857602856164,-6.2810644390918,96
"1914",-0.665322834329208,-6.2810644390918,96
"1915",-0.144885383042017,-6.2810644390918,96
"1916",0.375552068245174,-6.2810644390918,96
"1917",0.895989519532366,-6.2810644390918,96
"1918",1.41642697081956,-6.2810644390918,96
"1919",1.93686442210675,-6.2810644390918,96
"1920",2.45730187339394,-6.2810644390918,96
"1921",-7.4310097010627,-3.42392158194894,97
"1922",-6.91057224977551,-3.42392158194894,97
"1923",-6.39013479848831,-3.42392158194894,97
"1924",-5.86969734720112,-3.99535015337751,97
"1925",-5.34925989591393,-4.2810644390918,97
"1926",-4.82882244462674,-4.42392158194894,97
"1927",-4.30838499333955,-4.56677872480608,97
"1928",-3.78794754205236,-4.70963586766323,97
"1929",-3.26751009076517,-4.70963586766323,97
"1930",-2.74707263947797,-4.70963586766323,97
"1931",-2.22663518819078,-4.70963586766323,97
"1932",-1.70619773690359,-4.70963586766323,97
"1933",-1.1857602856164,-4.70963586766323,97
"1934",-0.665322834329208,-4.70963586766323,97
"1935",-0.144885383042017,-5.70963586766323,97
"1936",0.375552068245174,-6.2810644390918,97
"1937",0.895989519532366,-6.2810644390918,97
"1938",1.41642697081956,-6.2810644390918,97
"1939",1.93686442210675,-6.2810644390918,97
"1940",2.45730187339394,-6.2810644390918,97
"1941",-7.4310097010627,-3.42392158194894,98
"1942",-6.91057224977551,-3.42392158194894,98
"1943",-6.39013479848831,-3.42392158194894,98
"1944",-5.86969734720112,-3.42392158194894,98
"1945",-5.34925989591393,-5.99535015337751,98
"1946",-4.82882244462674,-6.2810644390918,98
"1947",-4.30838499333955,-6.2810644390918,98
"1948",-3.78794754205236,-6.2810644390918,98
"1949",-3.26751009076517,-6.2810644390918,98
"1950",-2.74707263947797,-6.2810644390918,98
"1951",-2.22663518819078,-6.2810644390918,98
"1952",-1.70619773690359,-6.2810644390918,98
"1953",-1.1857602856164,-6.2810644390918,98
"1954",-0.665322834329208,-6.2810644390918,98
"1955",-0.144885383042017,-6.2810644390918,98
"1956",0.375552068245174,-6.2810644390918,98
"1957",0.895989519532366,-6.2810644390918,98
"1958",1.41642697081956,-6.2810644390918,98
"1959",1.93686442210675,-6.2810644390918,98
"1960",2.45730187339394,-6.2810644390918,98
"1961",-7.4310097010627,-3.42392158194894,99
"1962",-6.91057224977551,-3.42392158194894,99
"1963",-6.39013479848831,-3.42392158194894,99
"1964",-5.86969734720112,-3.99535015337751,99
"1965",-5.34925989591393,-4.2810644390918,99
"1966",-4.82882244462674,-4.2810644390918,99
"1967",-4.30838499333955,-4.2810644390918,99
"1968",-3.78794754205236,-4.2810644390918,99
"1969",-3.26751009076517,-4.42392158194894,99
"1970",-2.74707263947797,-4.42392158194894,99
"1971",-2.22663518819078,-4.56677872480608,99
"1972",-1.70619773690359,-4.56677872480608,99
"1973",-1.1857602856164,-4.56677872480608,99
"1974",-0.665322834329208,-4.85249301052037,99
"1975",-0.144885383042017,-5.13820729623466,99
"1976",0.375552068245174,-5.2810644390918,99
"1977",0.895989519532366,-5.56677872480608,99
"1978",1.41642697081956,-5.70963586766323,99
"1979",1.93686442210675,-5.70963586766323,99
"1980",2.45730187339394,-5.70963586766323,99
"1981",-7.4310097010627,-3.42392158194894,100
"1982",-6.91057224977551,-3.42392158194894,100
"1983",-6.39013479848831,-3.42392158194894,100
"1984",-5.86969734720112,-3.56677872480608,100
"1985",-5.34925989591393,-4.2810644390918,100
"1986",-4.82882244462674,-4.85249301052037,100
"1987",-4.30838499333955,-5.2810644390918,100
"1988",-3.78794754205236,-5.70963586766323,100
"1989",-3.26751009076517,-5.99535015337751,100
"1990",-2.74707263947797,-6.13820729623465,100
"1991",-2.22663518819078,-6.2810644390918,100
"1992",-1.70619773690359,-6.2810644390918,100
"1993",-1.1857602856164,-6.2810644390918,100
"1994",-0.665322834329208,-6.2810644390918,100
"1995",-0.144885383042017,-6.2810644390918,100
"1996",0.375552068245174,-6.2810644390918,100
"1997",0.895989519532366,-6.2810644390918,100
"1998",1.41642697081956,-6.2810644390918,100
"1999",1.93686442210675,-6.2810644390918,100
"2000",2.45730187339394,-6.2810644390918,100
