"","x","y","sample"
"1",-7.26835937561693,-0.135644055569826,1
"2",-6.77815755655793,-0.135644055569826,1
"3",-6.28795573749893,-0.135644055569826,1
"4",-5.79775391843993,-0.373739293665064,1
"5",-5.30755209938093,-0.849929769855541,1
"6",-4.81735028032193,-4.89754881747459,1
"7",-4.32714846126293,-4.89754881747459,1
"8",-3.83694664220393,-4.89754881747459,1
"9",-3.34674482314493,-4.89754881747459,1
"10",-2.85654300408594,-4.89754881747459,1
"11",-2.36634118502694,-4.89754881747459,1
"12",-1.87613936596794,-4.89754881747459,1
"13",-1.38593754690894,-4.89754881747459,1
"14",-0.895735727849937,-4.89754881747459,1
"15",-0.405533908790938,-4.89754881747459,1
"16",0.0846679102680623,-4.89754881747459,1
"17",0.574869729327061,-4.89754881747459,1
"18",1.06507154838606,-4.89754881747459,1
"19",1.55527336744506,-4.89754881747459,1
"20",2.04547518650406,-4.89754881747459,1
"21",-7.26835937561693,-0.135644055569826,2
"22",-6.77815755655793,-0.135644055569826,2
"23",-6.28795573749893,-0.135644055569826,2
"24",-5.79775391843993,-0.373739293665064,2
"25",-5.30755209938093,-2.51659643652221,2
"26",-4.81735028032193,-3.94516786509364,2
"27",-4.32714846126293,-4.89754881747459,2
"28",-3.83694664220393,-4.89754881747459,2
"29",-3.34674482314493,-4.89754881747459,2
"30",-2.85654300408594,-4.89754881747459,2
"31",-2.36634118502694,-4.89754881747459,2
"32",-1.87613936596794,-4.89754881747459,2
"33",-1.38593754690894,-4.89754881747459,2
"34",-0.895735727849937,-4.89754881747459,2
"35",-0.405533908790938,-4.89754881747459,2
"36",0.0846679102680623,-4.89754881747459,2
"37",0.574869729327061,-4.89754881747459,2
"38",1.06507154838606,-4.89754881747459,2
"39",1.55527336744506,-4.89754881747459,2
"40",2.04547518650406,-4.89754881747459,2
"41",-7.26835937561693,-2.27850119842697,3
"42",-6.77815755655793,-2.27850119842697,3
"43",-6.28795573749893,-2.27850119842697,3
"44",-5.79775391843993,-2.27850119842697,3
"45",-5.30755209938093,-2.51659643652221,3
"46",-4.81735028032193,-4.89754881747459,3
"47",-4.32714846126293,-4.89754881747459,3
"48",-3.83694664220393,-4.89754881747459,3
"49",-3.34674482314493,-4.89754881747459,3
"50",-2.85654300408594,-4.89754881747459,3
"51",-2.36634118502694,-4.89754881747459,3
"52",-1.87613936596794,-4.89754881747459,3
"53",-1.38593754690894,-4.89754881747459,3
"54",-0.895735727849937,-4.89754881747459,3
"55",-0.405533908790938,-4.89754881747459,3
"56",0.0846679102680623,-4.89754881747459,3
"57",0.574869729327061,-4.89754881747459,3
"58",1.06507154838606,-4.89754881747459,3
"59",1.55527336744506,-4.89754881747459,3
"60",2.04547518650406,-4.89754881747459,3
"61",-7.26835937561693,-0.135644055569826,4
"62",-6.77815755655793,-0.135644055569826,4
"63",-6.28795573749893,-0.135644055569826,4
"64",-5.79775391843993,-0.135644055569826,4
"65",-5.30755209938093,-2.51659643652221,4
"66",-4.81735028032193,-4.18326310318887,4
"67",-4.32714846126293,-4.65945357937935,4
"68",-3.83694664220393,-4.89754881747459,4
"69",-3.34674482314493,-4.89754881747459,4
"70",-2.85654300408594,-4.89754881747459,4
"71",-2.36634118502694,-4.89754881747459,4
"72",-1.87613936596794,-4.89754881747459,4
"73",-1.38593754690894,-4.89754881747459,4
"74",-0.895735727849937,-4.89754881747459,4
"75",-0.405533908790938,-4.89754881747459,4
"76",0.0846679102680623,-4.89754881747459,4
"77",0.574869729327061,-4.89754881747459,4
"78",1.06507154838606,-4.89754881747459,4
"79",1.55527336744506,-4.89754881747459,4
"80",2.04547518650406,-4.89754881747459,4
"81",-7.26835937561693,-2.27850119842697,5
"82",-6.77815755655793,-2.51659643652221,5
"83",-6.28795573749893,-2.51659643652221,5
"84",-5.79775391843993,-2.51659643652221,5
"85",-5.30755209938093,-2.75469167461745,5
"86",-4.81735028032193,-4.89754881747459,5
"87",-4.32714846126293,-4.89754881747459,5
"88",-3.83694664220393,-4.89754881747459,5
"89",-3.34674482314493,-4.89754881747459,5
"90",-2.85654300408594,-4.89754881747459,5
"91",-2.36634118502694,-4.89754881747459,5
"92",-1.87613936596794,-4.89754881747459,5
"93",-1.38593754690894,-4.89754881747459,5
"94",-0.895735727849937,-4.89754881747459,5
"95",-0.405533908790938,-4.89754881747459,5
"96",0.0846679102680623,-4.89754881747459,5
"97",0.574869729327061,-4.89754881747459,5
"98",1.06507154838606,-4.89754881747459,5
"99",1.55527336744506,-4.89754881747459,5
"100",2.04547518650406,-4.89754881747459,5
"101",-7.26835937561693,-0.135644055569826,6
"102",-6.77815755655793,-0.135644055569826,6
"103",-6.28795573749893,-0.135644055569826,6
"104",-5.79775391843993,-0.135644055569826,6
"105",-5.30755209938093,-0.135644055569826,6
"106",-4.81735028032193,-3.94516786509364,6
"107",-4.32714846126293,-4.18326310318887,6
"108",-3.83694664220393,-4.18326310318887,6
"109",-3.34674482314493,-4.18326310318887,6
"110",-2.85654300408594,-4.18326310318887,6
"111",-2.36634118502694,-4.18326310318887,6
"112",-1.87613936596794,-4.42135834128411,6
"113",-1.38593754690894,-4.65945357937935,6
"114",-0.895735727849937,-4.65945357937935,6
"115",-0.405533908790938,-4.65945357937935,6
"116",0.0846679102680623,-4.65945357937935,6
"117",0.574869729327061,-4.65945357937935,6
"118",1.06507154838606,-4.65945357937935,6
"119",1.55527336744506,-4.65945357937935,6
"120",2.04547518650406,-4.65945357937935,6
"121",-7.26835937561693,-0.135644055569826,7
"122",-6.77815755655793,-0.135644055569826,7
"123",-6.28795573749893,-0.135644055569826,7
"124",-5.79775391843993,-0.135644055569826,7
"125",-5.30755209938093,-0.135644055569826,7
"126",-4.81735028032193,-4.89754881747459,7
"127",-4.32714846126293,-4.89754881747459,7
"128",-3.83694664220393,-4.89754881747459,7
"129",-3.34674482314493,-4.89754881747459,7
"130",-2.85654300408594,-4.89754881747459,7
"131",-2.36634118502694,-4.89754881747459,7
"132",-1.87613936596794,-4.89754881747459,7
"133",-1.38593754690894,-4.89754881747459,7
"134",-0.895735727849937,-4.89754881747459,7
"135",-0.405533908790938,-4.89754881747459,7
"136",0.0846679102680623,-4.89754881747459,7
"137",0.574869729327061,-4.89754881747459,7
"138",1.06507154838606,-4.89754881747459,7
"139",1.55527336744506,-4.89754881747459,7
"140",2.04547518650406,-4.89754881747459,7
"141",-7.26835937561693,-0.135644055569826,8
"142",-6.77815755655793,-0.135644055569826,8
"143",-6.28795573749893,-0.135644055569826,8
"144",-5.79775391843993,-0.135644055569826,8
"145",-5.30755209938093,-0.135644055569826,8
"146",-4.81735028032193,-4.18326310318887,8
"147",-4.32714846126293,-4.65945357937935,8
"148",-3.83694664220393,-4.89754881747459,8
"149",-3.34674482314493,-4.89754881747459,8
"150",-2.85654300408594,-4.89754881747459,8
"151",-2.36634118502694,-4.89754881747459,8
"152",-1.87613936596794,-4.89754881747459,8
"153",-1.38593754690894,-4.89754881747459,8
"154",-0.895735727849937,-4.89754881747459,8
"155",-0.405533908790938,-4.89754881747459,8
"156",0.0846679102680623,-4.89754881747459,8
"157",0.574869729327061,-4.89754881747459,8
"158",1.06507154838606,-4.89754881747459,8
"159",1.55527336744506,-4.89754881747459,8
"160",2.04547518650406,-4.89754881747459,8
"161",-7.26835937561693,-0.135644055569826,9
"162",-6.77815755655793,-0.135644055569826,9
"163",-6.28795573749893,-0.135644055569826,9
"164",-5.79775391843993,-0.135644055569826,9
"165",-5.30755209938093,-0.135644055569826,9
"166",-4.81735028032193,-4.89754881747459,9
"167",-4.32714846126293,-4.89754881747459,9
"168",-3.83694664220393,-4.89754881747459,9
"169",-3.34674482314493,-4.89754881747459,9
"170",-2.85654300408594,-4.89754881747459,9
"171",-2.36634118502694,-4.89754881747459,9
"172",-1.87613936596794,-4.89754881747459,9
"173",-1.38593754690894,-4.89754881747459,9
"174",-0.895735727849937,-4.89754881747459,9
"175",-0.405533908790938,-4.89754881747459,9
"176",0.0846679102680623,-4.89754881747459,9
"177",0.574869729327061,-4.89754881747459,9
"178",1.06507154838606,-4.89754881747459,9
"179",1.55527336744506,-4.89754881747459,9
"180",2.04547518650406,-4.89754881747459,9
"181",-7.26835937561693,-0.135644055569826,10
"182",-6.77815755655793,-0.135644055569826,10
"183",-6.28795573749893,-0.135644055569826,10
"184",-5.79775391843993,-0.135644055569826,10
"185",-5.30755209938093,-2.75469167461745,10
"186",-4.81735028032193,-3.46897738890316,10
"187",-4.32714846126293,-3.94516786509364,10
"188",-3.83694664220393,-3.94516786509364,10
"189",-3.34674482314493,-4.18326310318887,10
"190",-2.85654300408594,-4.18326310318887,10
"191",-2.36634118502694,-4.42135834128411,10
"192",-1.87613936596794,-4.42135834128411,10
"193",-1.38593754690894,-4.42135834128411,10
"194",-0.895735727849937,-4.42135834128411,10
"195",-0.405533908790938,-4.42135834128411,10
"196",0.0846679102680623,-4.42135834128411,10
"197",0.574869729327061,-4.42135834128411,10
"198",1.06507154838606,-4.42135834128411,10
"199",1.55527336744506,-4.42135834128411,10
"200",2.04547518650406,-4.42135834128411,10
"201",-7.26835937561693,-0.135644055569826,11
"202",-6.77815755655793,-0.135644055569826,11
"203",-6.28795573749893,-0.373739293665064,11
"204",-5.79775391843993,-2.27850119842697,11
"205",-5.30755209938093,-2.75469167461745,11
"206",-4.81735028032193,-2.99278691271268,11
"207",-4.32714846126293,-3.23088215080792,11
"208",-3.83694664220393,-3.23088215080792,11
"209",-3.34674482314493,-3.7070726269984,11
"210",-2.85654300408594,-4.42135834128411,11
"211",-2.36634118502694,-4.65945357937935,11
"212",-1.87613936596794,-4.89754881747459,11
"213",-1.38593754690894,-4.89754881747459,11
"214",-0.895735727849937,-4.89754881747459,11
"215",-0.405533908790938,-4.89754881747459,11
"216",0.0846679102680623,-4.89754881747459,11
"217",0.574869729327061,-4.89754881747459,11
"218",1.06507154838606,-4.89754881747459,11
"219",1.55527336744506,-4.89754881747459,11
"220",2.04547518650406,-4.89754881747459,11
"221",-7.26835937561693,-0.135644055569826,12
"222",-6.77815755655793,-0.135644055569826,12
"223",-6.28795573749893,-0.135644055569826,12
"224",-5.79775391843993,-0.135644055569826,12
"225",-5.30755209938093,-0.135644055569826,12
"226",-4.81735028032193,-4.89754881747459,12
"227",-4.32714846126293,-4.89754881747459,12
"228",-3.83694664220393,-4.89754881747459,12
"229",-3.34674482314493,-4.89754881747459,12
"230",-2.85654300408594,-4.89754881747459,12
"231",-2.36634118502694,-4.89754881747459,12
"232",-1.87613936596794,-4.89754881747459,12
"233",-1.38593754690894,-4.89754881747459,12
"234",-0.895735727849937,-4.89754881747459,12
"235",-0.405533908790938,-4.89754881747459,12
"236",0.0846679102680623,-4.89754881747459,12
"237",0.574869729327061,-4.89754881747459,12
"238",1.06507154838606,-4.89754881747459,12
"239",1.55527336744506,-4.89754881747459,12
"240",2.04547518650406,-4.89754881747459,12
"241",-7.26835937561693,-0.135644055569826,13
"242",-6.77815755655793,-0.135644055569826,13
"243",-6.28795573749893,-0.135644055569826,13
"244",-5.79775391843993,-0.135644055569826,13
"245",-5.30755209938093,-2.51659643652221,13
"246",-4.81735028032193,-4.18326310318887,13
"247",-4.32714846126293,-4.89754881747459,13
"248",-3.83694664220393,-4.89754881747459,13
"249",-3.34674482314493,-4.89754881747459,13
"250",-2.85654300408594,-4.89754881747459,13
"251",-2.36634118502694,-4.89754881747459,13
"252",-1.87613936596794,-4.89754881747459,13
"253",-1.38593754690894,-4.89754881747459,13
"254",-0.895735727849937,-4.89754881747459,13
"255",-0.405533908790938,-4.89754881747459,13
"256",0.0846679102680623,-4.89754881747459,13
"257",0.574869729327061,-4.89754881747459,13
"258",1.06507154838606,-4.89754881747459,13
"259",1.55527336744506,-4.89754881747459,13
"260",2.04547518650406,-4.89754881747459,13
"261",-7.26835937561693,-0.135644055569826,14
"262",-6.77815755655793,-0.135644055569826,14
"263",-6.28795573749893,-0.135644055569826,14
"264",-5.79775391843993,-0.135644055569826,14
"265",-5.30755209938093,-2.51659643652221,14
"266",-4.81735028032193,-3.23088215080792,14
"267",-4.32714846126293,-3.23088215080792,14
"268",-3.83694664220393,-3.23088215080792,14
"269",-3.34674482314493,-3.23088215080792,14
"270",-2.85654300408594,-4.89754881747459,14
"271",-2.36634118502694,-4.89754881747459,14
"272",-1.87613936596794,-4.89754881747459,14
"273",-1.38593754690894,-4.89754881747459,14
"274",-0.895735727849937,-4.89754881747459,14
"275",-0.405533908790938,-4.89754881747459,14
"276",0.0846679102680623,-4.89754881747459,14
"277",0.574869729327061,-4.89754881747459,14
"278",1.06507154838606,-4.89754881747459,14
"279",1.55527336744506,-4.89754881747459,14
"280",2.04547518650406,-4.89754881747459,14
"281",-7.26835937561693,-0.135644055569826,15
"282",-6.77815755655793,-0.135644055569826,15
"283",-6.28795573749893,-0.135644055569826,15
"284",-5.79775391843993,-0.135644055569826,15
"285",-5.30755209938093,-0.135644055569826,15
"286",-4.81735028032193,-4.89754881747459,15
"287",-4.32714846126293,-4.89754881747459,15
"288",-3.83694664220393,-4.89754881747459,15
"289",-3.34674482314493,-4.89754881747459,15
"290",-2.85654300408594,-4.89754881747459,15
"291",-2.36634118502694,-4.89754881747459,15
"292",-1.87613936596794,-4.89754881747459,15
"293",-1.38593754690894,-4.89754881747459,15
"294",-0.895735727849937,-4.89754881747459,15
"295",-0.405533908790938,-4.89754881747459,15
"296",0.0846679102680623,-4.89754881747459,15
"297",0.574869729327061,-4.89754881747459,15
"298",1.06507154838606,-4.89754881747459,15
"299",1.55527336744506,-4.89754881747459,15
"300",2.04547518650406,-4.89754881747459,15
"301",-7.26835937561693,-0.135644055569826,16
"302",-6.77815755655793,-0.135644055569826,16
"303",-6.28795573749893,-0.135644055569826,16
"304",-5.79775391843993,-0.135644055569826,16
"305",-5.30755209938093,-0.135644055569826,16
"306",-4.81735028032193,-4.89754881747459,16
"307",-4.32714846126293,-4.89754881747459,16
"308",-3.83694664220393,-4.89754881747459,16
"309",-3.34674482314493,-4.89754881747459,16
"310",-2.85654300408594,-4.89754881747459,16
"311",-2.36634118502694,-4.89754881747459,16
"312",-1.87613936596794,-4.89754881747459,16
"313",-1.38593754690894,-4.89754881747459,16
"314",-0.895735727849937,-4.89754881747459,16
"315",-0.405533908790938,-4.89754881747459,16
"316",0.0846679102680623,-4.89754881747459,16
"317",0.574869729327061,-4.89754881747459,16
"318",1.06507154838606,-4.89754881747459,16
"319",1.55527336744506,-4.89754881747459,16
"320",2.04547518650406,-4.89754881747459,16
"321",-7.26835937561693,-0.135644055569826,17
"322",-6.77815755655793,-0.135644055569826,17
"323",-6.28795573749893,-0.135644055569826,17
"324",-5.79775391843993,-0.135644055569826,17
"325",-5.30755209938093,-2.75469167461745,17
"326",-4.81735028032193,-3.7070726269984,17
"327",-4.32714846126293,-4.18326310318887,17
"328",-3.83694664220393,-4.65945357937935,17
"329",-3.34674482314493,-4.89754881747459,17
"330",-2.85654300408594,-4.89754881747459,17
"331",-2.36634118502694,-4.89754881747459,17
"332",-1.87613936596794,-4.89754881747459,17
"333",-1.38593754690894,-4.89754881747459,17
"334",-0.895735727849937,-4.89754881747459,17
"335",-0.405533908790938,-4.89754881747459,17
"336",0.0846679102680623,-4.89754881747459,17
"337",0.574869729327061,-4.89754881747459,17
"338",1.06507154838606,-4.89754881747459,17
"339",1.55527336744506,-4.89754881747459,17
"340",2.04547518650406,-4.89754881747459,17
"341",-7.26835937561693,-0.135644055569826,18
"342",-6.77815755655793,-0.135644055569826,18
"343",-6.28795573749893,-0.135644055569826,18
"344",-5.79775391843993,-0.135644055569826,18
"345",-5.30755209938093,-2.27850119842697,18
"346",-4.81735028032193,-4.42135834128411,18
"347",-4.32714846126293,-4.89754881747459,18
"348",-3.83694664220393,-4.89754881747459,18
"349",-3.34674482314493,-4.89754881747459,18
"350",-2.85654300408594,-4.89754881747459,18
"351",-2.36634118502694,-4.89754881747459,18
"352",-1.87613936596794,-4.89754881747459,18
"353",-1.38593754690894,-4.89754881747459,18
"354",-0.895735727849937,-4.89754881747459,18
"355",-0.405533908790938,-4.89754881747459,18
"356",0.0846679102680623,-4.89754881747459,18
"357",0.574869729327061,-4.89754881747459,18
"358",1.06507154838606,-4.89754881747459,18
"359",1.55527336744506,-4.89754881747459,18
"360",2.04547518650406,-4.89754881747459,18
"361",-7.26835937561693,-0.135644055569826,19
"362",-6.77815755655793,-0.135644055569826,19
"363",-6.28795573749893,-0.135644055569826,19
"364",-5.79775391843993,-0.135644055569826,19
"365",-5.30755209938093,-1.56421548414125,19
"366",-4.81735028032193,-4.65945357937935,19
"367",-4.32714846126293,-4.89754881747459,19
"368",-3.83694664220393,-4.89754881747459,19
"369",-3.34674482314493,-4.89754881747459,19
"370",-2.85654300408594,-4.89754881747459,19
"371",-2.36634118502694,-4.89754881747459,19
"372",-1.87613936596794,-4.89754881747459,19
"373",-1.38593754690894,-4.89754881747459,19
"374",-0.895735727849937,-4.89754881747459,19
"375",-0.405533908790938,-4.89754881747459,19
"376",0.0846679102680623,-4.89754881747459,19
"377",0.574869729327061,-4.89754881747459,19
"378",1.06507154838606,-4.89754881747459,19
"379",1.55527336744506,-4.89754881747459,19
"380",2.04547518650406,-4.89754881747459,19
"381",-7.26835937561693,-0.135644055569826,20
"382",-6.77815755655793,-0.135644055569826,20
"383",-6.28795573749893,-0.611834531760302,20
"384",-5.79775391843993,-2.04040596033173,20
"385",-5.30755209938093,-2.75469167461745,20
"386",-4.81735028032193,-3.23088215080792,20
"387",-4.32714846126293,-3.7070726269984,20
"388",-3.83694664220393,-3.94516786509364,20
"389",-3.34674482314493,-4.18326310318887,20
"390",-2.85654300408594,-4.42135834128411,20
"391",-2.36634118502694,-4.65945357937935,20
"392",-1.87613936596794,-4.65945357937935,20
"393",-1.38593754690894,-4.89754881747459,20
"394",-0.895735727849937,-4.89754881747459,20
"395",-0.405533908790938,-4.89754881747459,20
"396",0.0846679102680623,-4.89754881747459,20
"397",0.574869729327061,-4.89754881747459,20
"398",1.06507154838606,-4.89754881747459,20
"399",1.55527336744506,-4.89754881747459,20
"400",2.04547518650406,-4.89754881747459,20
"401",-7.26835937561693,-0.135644055569826,21
"402",-6.77815755655793,-0.135644055569826,21
"403",-6.28795573749893,-0.135644055569826,21
"404",-5.79775391843993,-0.135644055569826,21
"405",-5.30755209938093,-2.75469167461745,21
"406",-4.81735028032193,-3.7070726269984,21
"407",-4.32714846126293,-4.42135834128411,21
"408",-3.83694664220393,-4.89754881747459,21
"409",-3.34674482314493,-4.89754881747459,21
"410",-2.85654300408594,-4.89754881747459,21
"411",-2.36634118502694,-4.89754881747459,21
"412",-1.87613936596794,-4.89754881747459,21
"413",-1.38593754690894,-4.89754881747459,21
"414",-0.895735727849937,-4.89754881747459,21
"415",-0.405533908790938,-4.89754881747459,21
"416",0.0846679102680623,-4.89754881747459,21
"417",0.574869729327061,-4.89754881747459,21
"418",1.06507154838606,-4.89754881747459,21
"419",1.55527336744506,-4.89754881747459,21
"420",2.04547518650406,-4.89754881747459,21
"421",-7.26835937561693,-0.135644055569826,22
"422",-6.77815755655793,-0.135644055569826,22
"423",-6.28795573749893,-0.135644055569826,22
"424",-5.79775391843993,-0.135644055569826,22
"425",-5.30755209938093,-2.75469167461745,22
"426",-4.81735028032193,-3.7070726269984,22
"427",-4.32714846126293,-4.18326310318887,22
"428",-3.83694664220393,-4.89754881747459,22
"429",-3.34674482314493,-4.89754881747459,22
"430",-2.85654300408594,-4.89754881747459,22
"431",-2.36634118502694,-4.89754881747459,22
"432",-1.87613936596794,-4.89754881747459,22
"433",-1.38593754690894,-4.89754881747459,22
"434",-0.895735727849937,-4.89754881747459,22
"435",-0.405533908790938,-4.89754881747459,22
"436",0.0846679102680623,-4.89754881747459,22
"437",0.574869729327061,-4.89754881747459,22
"438",1.06507154838606,-4.89754881747459,22
"439",1.55527336744506,-4.89754881747459,22
"440",2.04547518650406,-4.89754881747459,22
"441",-7.26835937561693,-0.135644055569826,23
"442",-6.77815755655793,-0.135644055569826,23
"443",-6.28795573749893,-0.135644055569826,23
"444",-5.79775391843993,-1.32612024604602,23
"445",-5.30755209938093,-2.27850119842697,23
"446",-4.81735028032193,-4.42135834128411,23
"447",-4.32714846126293,-4.42135834128411,23
"448",-3.83694664220393,-4.65945357937935,23
"449",-3.34674482314493,-4.65945357937935,23
"450",-2.85654300408594,-4.65945357937935,23
"451",-2.36634118502694,-4.65945357937935,23
"452",-1.87613936596794,-4.65945357937935,23
"453",-1.38593754690894,-4.65945357937935,23
"454",-0.895735727849937,-4.65945357937935,23
"455",-0.405533908790938,-4.65945357937935,23
"456",0.0846679102680623,-4.65945357937935,23
"457",0.574869729327061,-4.65945357937935,23
"458",1.06507154838606,-4.65945357937935,23
"459",1.55527336744506,-4.65945357937935,23
"460",2.04547518650406,-4.65945357937935,23
"461",-7.26835937561693,-1.80231072223649,24
"462",-6.77815755655793,-2.04040596033173,24
"463",-6.28795573749893,-2.04040596033173,24
"464",-5.79775391843993,-2.27850119842697,24
"465",-5.30755209938093,-2.51659643652221,24
"466",-4.81735028032193,-4.18326310318887,24
"467",-4.32714846126293,-4.89754881747459,24
"468",-3.83694664220393,-4.89754881747459,24
"469",-3.34674482314493,-4.89754881747459,24
"470",-2.85654300408594,-4.89754881747459,24
"471",-2.36634118502694,-4.89754881747459,24
"472",-1.87613936596794,-4.89754881747459,24
"473",-1.38593754690894,-4.89754881747459,24
"474",-0.895735727849937,-4.89754881747459,24
"475",-0.405533908790938,-4.89754881747459,24
"476",0.0846679102680623,-4.89754881747459,24
"477",0.574869729327061,-4.89754881747459,24
"478",1.06507154838606,-4.89754881747459,24
"479",1.55527336744506,-4.89754881747459,24
"480",2.04547518650406,-4.89754881747459,24
"481",-7.26835937561693,-0.135644055569826,25
"482",-6.77815755655793,-0.135644055569826,25
"483",-6.28795573749893,-0.135644055569826,25
"484",-5.79775391843993,-0.135644055569826,25
"485",-5.30755209938093,-0.135644055569826,25
"486",-4.81735028032193,-4.89754881747459,25
"487",-4.32714846126293,-4.89754881747459,25
"488",-3.83694664220393,-4.89754881747459,25
"489",-3.34674482314493,-4.89754881747459,25
"490",-2.85654300408594,-4.89754881747459,25
"491",-2.36634118502694,-4.89754881747459,25
"492",-1.87613936596794,-4.89754881747459,25
"493",-1.38593754690894,-4.89754881747459,25
"494",-0.895735727849937,-4.89754881747459,25
"495",-0.405533908790938,-4.89754881747459,25
"496",0.0846679102680623,-4.89754881747459,25
"497",0.574869729327061,-4.89754881747459,25
"498",1.06507154838606,-4.89754881747459,25
"499",1.55527336744506,-4.89754881747459,25
"500",2.04547518650406,-4.89754881747459,25
"501",-7.26835937561693,-0.135644055569826,26
"502",-6.77815755655793,-0.135644055569826,26
"503",-6.28795573749893,-0.135644055569826,26
"504",-5.79775391843993,-0.373739293665064,26
"505",-5.30755209938093,-1.08802500795078,26
"506",-4.81735028032193,-4.89754881747459,26
"507",-4.32714846126293,-4.89754881747459,26
"508",-3.83694664220393,-4.89754881747459,26
"509",-3.34674482314493,-4.89754881747459,26
"510",-2.85654300408594,-4.89754881747459,26
"511",-2.36634118502694,-4.89754881747459,26
"512",-1.87613936596794,-4.89754881747459,26
"513",-1.38593754690894,-4.89754881747459,26
"514",-0.895735727849937,-4.89754881747459,26
"515",-0.405533908790938,-4.89754881747459,26
"516",0.0846679102680623,-4.89754881747459,26
"517",0.574869729327061,-4.89754881747459,26
"518",1.06507154838606,-4.89754881747459,26
"519",1.55527336744506,-4.89754881747459,26
"520",2.04547518650406,-4.89754881747459,26
"521",-7.26835937561693,-0.135644055569826,27
"522",-6.77815755655793,-0.135644055569826,27
"523",-6.28795573749893,-0.135644055569826,27
"524",-5.79775391843993,-2.04040596033173,27
"525",-5.30755209938093,-2.75469167461745,27
"526",-4.81735028032193,-3.23088215080792,27
"527",-4.32714846126293,-3.7070726269984,27
"528",-3.83694664220393,-3.94516786509364,27
"529",-3.34674482314493,-3.94516786509364,27
"530",-2.85654300408594,-4.89754881747459,27
"531",-2.36634118502694,-4.89754881747459,27
"532",-1.87613936596794,-4.89754881747459,27
"533",-1.38593754690894,-4.89754881747459,27
"534",-0.895735727849937,-4.89754881747459,27
"535",-0.405533908790938,-4.89754881747459,27
"536",0.0846679102680623,-4.89754881747459,27
"537",0.574869729327061,-4.89754881747459,27
"538",1.06507154838606,-4.89754881747459,27
"539",1.55527336744506,-4.89754881747459,27
"540",2.04547518650406,-4.89754881747459,27
"541",-7.26835937561693,-0.135644055569826,28
"542",-6.77815755655793,-0.135644055569826,28
"543",-6.28795573749893,-0.135644055569826,28
"544",-5.79775391843993,-0.135644055569826,28
"545",-5.30755209938093,-0.135644055569826,28
"546",-4.81735028032193,-4.89754881747459,28
"547",-4.32714846126293,-4.89754881747459,28
"548",-3.83694664220393,-4.89754881747459,28
"549",-3.34674482314493,-4.89754881747459,28
"550",-2.85654300408594,-4.89754881747459,28
"551",-2.36634118502694,-4.89754881747459,28
"552",-1.87613936596794,-4.89754881747459,28
"553",-1.38593754690894,-4.89754881747459,28
"554",-0.895735727849937,-4.89754881747459,28
"555",-0.405533908790938,-4.89754881747459,28
"556",0.0846679102680623,-4.89754881747459,28
"557",0.574869729327061,-4.89754881747459,28
"558",1.06507154838606,-4.89754881747459,28
"559",1.55527336744506,-4.89754881747459,28
"560",2.04547518650406,-4.89754881747459,28
"561",-7.26835937561693,-0.135644055569826,29
"562",-6.77815755655793,-0.135644055569826,29
"563",-6.28795573749893,-1.08802500795078,29
"564",-5.79775391843993,-2.04040596033173,29
"565",-5.30755209938093,-2.75469167461745,29
"566",-4.81735028032193,-4.89754881747459,29
"567",-4.32714846126293,-4.89754881747459,29
"568",-3.83694664220393,-4.89754881747459,29
"569",-3.34674482314493,-4.89754881747459,29
"570",-2.85654300408594,-4.89754881747459,29
"571",-2.36634118502694,-4.89754881747459,29
"572",-1.87613936596794,-4.89754881747459,29
"573",-1.38593754690894,-4.89754881747459,29
"574",-0.895735727849937,-4.89754881747459,29
"575",-0.405533908790938,-4.89754881747459,29
"576",0.0846679102680623,-4.89754881747459,29
"577",0.574869729327061,-4.89754881747459,29
"578",1.06507154838606,-4.89754881747459,29
"579",1.55527336744506,-4.89754881747459,29
"580",2.04547518650406,-4.89754881747459,29
"581",-7.26835937561693,-0.135644055569826,30
"582",-6.77815755655793,-0.135644055569826,30
"583",-6.28795573749893,-0.135644055569826,30
"584",-5.79775391843993,-1.08802500795078,30
"585",-5.30755209938093,-2.75469167461745,30
"586",-4.81735028032193,-3.46897738890316,30
"587",-4.32714846126293,-3.94516786509364,30
"588",-3.83694664220393,-4.18326310318887,30
"589",-3.34674482314493,-4.42135834128411,30
"590",-2.85654300408594,-4.65945357937935,30
"591",-2.36634118502694,-4.89754881747459,30
"592",-1.87613936596794,-4.89754881747459,30
"593",-1.38593754690894,-4.89754881747459,30
"594",-0.895735727849937,-4.89754881747459,30
"595",-0.405533908790938,-4.89754881747459,30
"596",0.0846679102680623,-4.89754881747459,30
"597",0.574869729327061,-4.89754881747459,30
"598",1.06507154838606,-4.89754881747459,30
"599",1.55527336744506,-4.89754881747459,30
"600",2.04547518650406,-4.89754881747459,30
"601",-7.26835937561693,-0.135644055569826,31
"602",-6.77815755655793,-0.135644055569826,31
"603",-6.28795573749893,-0.135644055569826,31
"604",-5.79775391843993,-0.135644055569826,31
"605",-5.30755209938093,-0.849929769855541,31
"606",-4.81735028032193,-3.46897738890316,31
"607",-4.32714846126293,-3.7070726269984,31
"608",-3.83694664220393,-3.7070726269984,31
"609",-3.34674482314493,-3.7070726269984,31
"610",-2.85654300408594,-3.7070726269984,31
"611",-2.36634118502694,-4.18326310318887,31
"612",-1.87613936596794,-4.89754881747459,31
"613",-1.38593754690894,-4.89754881747459,31
"614",-0.895735727849937,-4.89754881747459,31
"615",-0.405533908790938,-4.89754881747459,31
"616",0.0846679102680623,-4.89754881747459,31
"617",0.574869729327061,-4.89754881747459,31
"618",1.06507154838606,-4.89754881747459,31
"619",1.55527336744506,-4.89754881747459,31
"620",2.04547518650406,-4.89754881747459,31
"621",-7.26835937561693,-0.135644055569826,32
"622",-6.77815755655793,-0.135644055569826,32
"623",-6.28795573749893,-0.135644055569826,32
"624",-5.79775391843993,-2.75469167461745,32
"625",-5.30755209938093,-2.75469167461745,32
"626",-4.81735028032193,-2.75469167461745,32
"627",-4.32714846126293,-2.75469167461745,32
"628",-3.83694664220393,-3.7070726269984,32
"629",-3.34674482314493,-4.89754881747459,32
"630",-2.85654300408594,-4.89754881747459,32
"631",-2.36634118502694,-4.89754881747459,32
"632",-1.87613936596794,-4.89754881747459,32
"633",-1.38593754690894,-4.89754881747459,32
"634",-0.895735727849937,-4.89754881747459,32
"635",-0.405533908790938,-4.89754881747459,32
"636",0.0846679102680623,-4.89754881747459,32
"637",0.574869729327061,-4.89754881747459,32
"638",1.06507154838606,-4.89754881747459,32
"639",1.55527336744506,-4.89754881747459,32
"640",2.04547518650406,-4.89754881747459,32
"641",-7.26835937561693,-0.135644055569826,33
"642",-6.77815755655793,-0.135644055569826,33
"643",-6.28795573749893,-0.135644055569826,33
"644",-5.79775391843993,-0.135644055569826,33
"645",-5.30755209938093,-2.75469167461745,33
"646",-4.81735028032193,-3.23088215080792,33
"647",-4.32714846126293,-3.23088215080792,33
"648",-3.83694664220393,-4.89754881747459,33
"649",-3.34674482314493,-4.89754881747459,33
"650",-2.85654300408594,-4.89754881747459,33
"651",-2.36634118502694,-4.89754881747459,33
"652",-1.87613936596794,-4.89754881747459,33
"653",-1.38593754690894,-4.89754881747459,33
"654",-0.895735727849937,-4.89754881747459,33
"655",-0.405533908790938,-4.89754881747459,33
"656",0.0846679102680623,-4.89754881747459,33
"657",0.574869729327061,-4.89754881747459,33
"658",1.06507154838606,-4.89754881747459,33
"659",1.55527336744506,-4.89754881747459,33
"660",2.04547518650406,-4.89754881747459,33
"661",-7.26835937561693,-0.135644055569826,34
"662",-6.77815755655793,-0.135644055569826,34
"663",-6.28795573749893,-0.135644055569826,34
"664",-5.79775391843993,-0.135644055569826,34
"665",-5.30755209938093,-2.27850119842697,34
"666",-4.81735028032193,-3.7070726269984,34
"667",-4.32714846126293,-4.18326310318887,34
"668",-3.83694664220393,-4.42135834128411,34
"669",-3.34674482314493,-4.42135834128411,34
"670",-2.85654300408594,-4.42135834128411,34
"671",-2.36634118502694,-4.42135834128411,34
"672",-1.87613936596794,-4.65945357937935,34
"673",-1.38593754690894,-4.89754881747459,34
"674",-0.895735727849937,-4.89754881747459,34
"675",-0.405533908790938,-4.89754881747459,34
"676",0.0846679102680623,-4.89754881747459,34
"677",0.574869729327061,-4.89754881747459,34
"678",1.06507154838606,-4.89754881747459,34
"679",1.55527336744506,-4.89754881747459,34
"680",2.04547518650406,-4.89754881747459,34
"681",-7.26835937561693,-1.32612024604602,35
"682",-6.77815755655793,-1.32612024604602,35
"683",-6.28795573749893,-1.32612024604602,35
"684",-5.79775391843993,-1.32612024604602,35
"685",-5.30755209938093,-1.32612024604602,35
"686",-4.81735028032193,-4.65945357937935,35
"687",-4.32714846126293,-4.65945357937935,35
"688",-3.83694664220393,-4.89754881747459,35
"689",-3.34674482314493,-4.89754881747459,35
"690",-2.85654300408594,-4.89754881747459,35
"691",-2.36634118502694,-4.89754881747459,35
"692",-1.87613936596794,-4.89754881747459,35
"693",-1.38593754690894,-4.89754881747459,35
"694",-0.895735727849937,-4.89754881747459,35
"695",-0.405533908790938,-4.89754881747459,35
"696",0.0846679102680623,-4.89754881747459,35
"697",0.574869729327061,-4.89754881747459,35
"698",1.06507154838606,-4.89754881747459,35
"699",1.55527336744506,-4.89754881747459,35
"700",2.04547518650406,-4.89754881747459,35
"701",-7.26835937561693,-0.135644055569826,36
"702",-6.77815755655793,-0.135644055569826,36
"703",-6.28795573749893,-0.135644055569826,36
"704",-5.79775391843993,-0.135644055569826,36
"705",-5.30755209938093,-2.51659643652221,36
"706",-4.81735028032193,-3.46897738890316,36
"707",-4.32714846126293,-3.94516786509364,36
"708",-3.83694664220393,-3.94516786509364,36
"709",-3.34674482314493,-3.94516786509364,36
"710",-2.85654300408594,-3.94516786509364,36
"711",-2.36634118502694,-4.18326310318887,36
"712",-1.87613936596794,-4.42135834128411,36
"713",-1.38593754690894,-4.42135834128411,36
"714",-0.895735727849937,-4.42135834128411,36
"715",-0.405533908790938,-4.42135834128411,36
"716",0.0846679102680623,-4.42135834128411,36
"717",0.574869729327061,-4.42135834128411,36
"718",1.06507154838606,-4.42135834128411,36
"719",1.55527336744506,-4.42135834128411,36
"720",2.04547518650406,-4.42135834128411,36
"721",-7.26835937561693,-0.135644055569826,37
"722",-6.77815755655793,-0.135644055569826,37
"723",-6.28795573749893,-0.135644055569826,37
"724",-5.79775391843993,-0.135644055569826,37
"725",-5.30755209938093,-1.56421548414125,37
"726",-4.81735028032193,-4.89754881747459,37
"727",-4.32714846126293,-4.89754881747459,37
"728",-3.83694664220393,-4.89754881747459,37
"729",-3.34674482314493,-4.89754881747459,37
"730",-2.85654300408594,-4.89754881747459,37
"731",-2.36634118502694,-4.89754881747459,37
"732",-1.87613936596794,-4.89754881747459,37
"733",-1.38593754690894,-4.89754881747459,37
"734",-0.895735727849937,-4.89754881747459,37
"735",-0.405533908790938,-4.89754881747459,37
"736",0.0846679102680623,-4.89754881747459,37
"737",0.574869729327061,-4.89754881747459,37
"738",1.06507154838606,-4.89754881747459,37
"739",1.55527336744506,-4.89754881747459,37
"740",2.04547518650406,-4.89754881747459,37
"741",-7.26835937561693,-0.135644055569826,38
"742",-6.77815755655793,-0.135644055569826,38
"743",-6.28795573749893,-0.135644055569826,38
"744",-5.79775391843993,-0.135644055569826,38
"745",-5.30755209938093,-0.135644055569826,38
"746",-4.81735028032193,-4.89754881747459,38
"747",-4.32714846126293,-4.89754881747459,38
"748",-3.83694664220393,-4.89754881747459,38
"749",-3.34674482314493,-4.89754881747459,38
"750",-2.85654300408594,-4.89754881747459,38
"751",-2.36634118502694,-4.89754881747459,38
"752",-1.87613936596794,-4.89754881747459,38
"753",-1.38593754690894,-4.89754881747459,38
"754",-0.895735727849937,-4.89754881747459,38
"755",-0.405533908790938,-4.89754881747459,38
"756",0.0846679102680623,-4.89754881747459,38
"757",0.574869729327061,-4.89754881747459,38
"758",1.06507154838606,-4.89754881747459,38
"759",1.55527336744506,-4.89754881747459,38
"760",2.04547518650406,-4.89754881747459,38
"761",-7.26835937561693,-0.135644055569826,39
"762",-6.77815755655793,-0.135644055569826,39
"763",-6.28795573749893,-0.135644055569826,39
"764",-5.79775391843993,-0.611834531760302,39
"765",-5.30755209938093,-1.32612024604602,39
"766",-4.81735028032193,-4.89754881747459,39
"767",-4.32714846126293,-4.89754881747459,39
"768",-3.83694664220393,-4.89754881747459,39
"769",-3.34674482314493,-4.89754881747459,39
"770",-2.85654300408594,-4.89754881747459,39
"771",-2.36634118502694,-4.89754881747459,39
"772",-1.87613936596794,-4.89754881747459,39
"773",-1.38593754690894,-4.89754881747459,39
"774",-0.895735727849937,-4.89754881747459,39
"775",-0.405533908790938,-4.89754881747459,39
"776",0.0846679102680623,-4.89754881747459,39
"777",0.574869729327061,-4.89754881747459,39
"778",1.06507154838606,-4.89754881747459,39
"779",1.55527336744506,-4.89754881747459,39
"780",2.04547518650406,-4.89754881747459,39
"781",-7.26835937561693,-0.135644055569826,40
"782",-6.77815755655793,-0.135644055569826,40
"783",-6.28795573749893,-0.135644055569826,40
"784",-5.79775391843993,-0.135644055569826,40
"785",-5.30755209938093,-1.32612024604602,40
"786",-4.81735028032193,-3.46897738890316,40
"787",-4.32714846126293,-4.18326310318887,40
"788",-3.83694664220393,-4.42135834128411,40
"789",-3.34674482314493,-4.65945357937935,40
"790",-2.85654300408594,-4.89754881747459,40
"791",-2.36634118502694,-4.89754881747459,40
"792",-1.87613936596794,-4.89754881747459,40
"793",-1.38593754690894,-4.89754881747459,40
"794",-0.895735727849937,-4.89754881747459,40
"795",-0.405533908790938,-4.89754881747459,40
"796",0.0846679102680623,-4.89754881747459,40
"797",0.574869729327061,-4.89754881747459,40
"798",1.06507154838606,-4.89754881747459,40
"799",1.55527336744506,-4.89754881747459,40
"800",2.04547518650406,-4.89754881747459,40
"801",-7.26835937561693,-1.80231072223649,41
"802",-6.77815755655793,-1.80231072223649,41
"803",-6.28795573749893,-1.80231072223649,41
"804",-5.79775391843993,-1.80231072223649,41
"805",-5.30755209938093,-1.80231072223649,41
"806",-4.81735028032193,-4.89754881747459,41
"807",-4.32714846126293,-4.89754881747459,41
"808",-3.83694664220393,-4.89754881747459,41
"809",-3.34674482314493,-4.89754881747459,41
"810",-2.85654300408594,-4.89754881747459,41
"811",-2.36634118502694,-4.89754881747459,41
"812",-1.87613936596794,-4.89754881747459,41
"813",-1.38593754690894,-4.89754881747459,41
"814",-0.895735727849937,-4.89754881747459,41
"815",-0.405533908790938,-4.89754881747459,41
"816",0.0846679102680623,-4.89754881747459,41
"817",0.574869729327061,-4.89754881747459,41
"818",1.06507154838606,-4.89754881747459,41
"819",1.55527336744506,-4.89754881747459,41
"820",2.04547518650406,-4.89754881747459,41
"821",-7.26835937561693,-0.135644055569826,42
"822",-6.77815755655793,-0.135644055569826,42
"823",-6.28795573749893,-0.135644055569826,42
"824",-5.79775391843993,-0.135644055569826,42
"825",-5.30755209938093,-0.135644055569826,42
"826",-4.81735028032193,-4.89754881747459,42
"827",-4.32714846126293,-4.89754881747459,42
"828",-3.83694664220393,-4.89754881747459,42
"829",-3.34674482314493,-4.89754881747459,42
"830",-2.85654300408594,-4.89754881747459,42
"831",-2.36634118502694,-4.89754881747459,42
"832",-1.87613936596794,-4.89754881747459,42
"833",-1.38593754690894,-4.89754881747459,42
"834",-0.895735727849937,-4.89754881747459,42
"835",-0.405533908790938,-4.89754881747459,42
"836",0.0846679102680623,-4.89754881747459,42
"837",0.574869729327061,-4.89754881747459,42
"838",1.06507154838606,-4.89754881747459,42
"839",1.55527336744506,-4.89754881747459,42
"840",2.04547518650406,-4.89754881747459,42
"841",-7.26835937561693,-0.135644055569826,43
"842",-6.77815755655793,-0.135644055569826,43
"843",-6.28795573749893,-0.135644055569826,43
"844",-5.79775391843993,-0.135644055569826,43
"845",-5.30755209938093,-0.135644055569826,43
"846",-4.81735028032193,-4.18326310318887,43
"847",-4.32714846126293,-4.42135834128411,43
"848",-3.83694664220393,-4.42135834128411,43
"849",-3.34674482314493,-4.65945357937935,43
"850",-2.85654300408594,-4.65945357937935,43
"851",-2.36634118502694,-4.65945357937935,43
"852",-1.87613936596794,-4.65945357937935,43
"853",-1.38593754690894,-4.65945357937935,43
"854",-0.895735727849937,-4.65945357937935,43
"855",-0.405533908790938,-4.65945357937935,43
"856",0.0846679102680623,-4.65945357937935,43
"857",0.574869729327061,-4.65945357937935,43
"858",1.06507154838606,-4.65945357937935,43
"859",1.55527336744506,-4.65945357937935,43
"860",2.04547518650406,-4.65945357937935,43
"861",-7.26835937561693,-0.135644055569826,44
"862",-6.77815755655793,-0.135644055569826,44
"863",-6.28795573749893,-0.135644055569826,44
"864",-5.79775391843993,-0.135644055569826,44
"865",-5.30755209938093,-0.135644055569826,44
"866",-4.81735028032193,-4.89754881747459,44
"867",-4.32714846126293,-4.89754881747459,44
"868",-3.83694664220393,-4.89754881747459,44
"869",-3.34674482314493,-4.89754881747459,44
"870",-2.85654300408594,-4.89754881747459,44
"871",-2.36634118502694,-4.89754881747459,44
"872",-1.87613936596794,-4.89754881747459,44
"873",-1.38593754690894,-4.89754881747459,44
"874",-0.895735727849937,-4.89754881747459,44
"875",-0.405533908790938,-4.89754881747459,44
"876",0.0846679102680623,-4.89754881747459,44
"877",0.574869729327061,-4.89754881747459,44
"878",1.06507154838606,-4.89754881747459,44
"879",1.55527336744506,-4.89754881747459,44
"880",2.04547518650406,-4.89754881747459,44
"881",-7.26835937561693,-0.135644055569826,45
"882",-6.77815755655793,-0.135644055569826,45
"883",-6.28795573749893,-0.135644055569826,45
"884",-5.79775391843993,-0.135644055569826,45
"885",-5.30755209938093,-2.75469167461745,45
"886",-4.81735028032193,-2.99278691271268,45
"887",-4.32714846126293,-3.23088215080792,45
"888",-3.83694664220393,-3.23088215080792,45
"889",-3.34674482314493,-3.23088215080792,45
"890",-2.85654300408594,-3.7070726269984,45
"891",-2.36634118502694,-4.65945357937935,45
"892",-1.87613936596794,-4.65945357937935,45
"893",-1.38593754690894,-4.89754881747459,45
"894",-0.895735727849937,-4.89754881747459,45
"895",-0.405533908790938,-4.89754881747459,45
"896",0.0846679102680623,-4.89754881747459,45
"897",0.574869729327061,-4.89754881747459,45
"898",1.06507154838606,-4.89754881747459,45
"899",1.55527336744506,-4.89754881747459,45
"900",2.04547518650406,-4.89754881747459,45
"901",-7.26835937561693,-0.135644055569826,46
"902",-6.77815755655793,-2.51659643652221,46
"903",-6.28795573749893,-2.51659643652221,46
"904",-5.79775391843993,-2.51659643652221,46
"905",-5.30755209938093,-2.75469167461745,46
"906",-4.81735028032193,-3.23088215080792,46
"907",-4.32714846126293,-3.46897738890316,46
"908",-3.83694664220393,-3.7070726269984,46
"909",-3.34674482314493,-3.94516786509364,46
"910",-2.85654300408594,-4.18326310318887,46
"911",-2.36634118502694,-4.89754881747459,46
"912",-1.87613936596794,-4.89754881747459,46
"913",-1.38593754690894,-4.89754881747459,46
"914",-0.895735727849937,-4.89754881747459,46
"915",-0.405533908790938,-4.89754881747459,46
"916",0.0846679102680623,-4.89754881747459,46
"917",0.574869729327061,-4.89754881747459,46
"918",1.06507154838606,-4.89754881747459,46
"919",1.55527336744506,-4.89754881747459,46
"920",2.04547518650406,-4.89754881747459,46
"921",-7.26835937561693,-1.32612024604602,47
"922",-6.77815755655793,-1.32612024604602,47
"923",-6.28795573749893,-1.56421548414125,47
"924",-5.79775391843993,-1.56421548414125,47
"925",-5.30755209938093,-1.80231072223649,47
"926",-4.81735028032193,-4.89754881747459,47
"927",-4.32714846126293,-4.89754881747459,47
"928",-3.83694664220393,-4.89754881747459,47
"929",-3.34674482314493,-4.89754881747459,47
"930",-2.85654300408594,-4.89754881747459,47
"931",-2.36634118502694,-4.89754881747459,47
"932",-1.87613936596794,-4.89754881747459,47
"933",-1.38593754690894,-4.89754881747459,47
"934",-0.895735727849937,-4.89754881747459,47
"935",-0.405533908790938,-4.89754881747459,47
"936",0.0846679102680623,-4.89754881747459,47
"937",0.574869729327061,-4.89754881747459,47
"938",1.06507154838606,-4.89754881747459,47
"939",1.55527336744506,-4.89754881747459,47
"940",2.04547518650406,-4.89754881747459,47
"941",-7.26835937561693,-2.27850119842697,48
"942",-6.77815755655793,-2.51659643652221,48
"943",-6.28795573749893,-2.51659643652221,48
"944",-5.79775391843993,-2.51659643652221,48
"945",-5.30755209938093,-2.75469167461745,48
"946",-4.81735028032193,-4.89754881747459,48
"947",-4.32714846126293,-4.89754881747459,48
"948",-3.83694664220393,-4.89754881747459,48
"949",-3.34674482314493,-4.89754881747459,48
"950",-2.85654300408594,-4.89754881747459,48
"951",-2.36634118502694,-4.89754881747459,48
"952",-1.87613936596794,-4.89754881747459,48
"953",-1.38593754690894,-4.89754881747459,48
"954",-0.895735727849937,-4.89754881747459,48
"955",-0.405533908790938,-4.89754881747459,48
"956",0.0846679102680623,-4.89754881747459,48
"957",0.574869729327061,-4.89754881747459,48
"958",1.06507154838606,-4.89754881747459,48
"959",1.55527336744506,-4.89754881747459,48
"960",2.04547518650406,-4.89754881747459,48
"961",-7.26835937561693,-1.08802500795078,49
"962",-6.77815755655793,-1.56421548414125,49
"963",-6.28795573749893,-1.80231072223649,49
"964",-5.79775391843993,-2.04040596033173,49
"965",-5.30755209938093,-2.51659643652221,49
"966",-4.81735028032193,-4.18326310318887,49
"967",-4.32714846126293,-4.42135834128411,49
"968",-3.83694664220393,-4.65945357937935,49
"969",-3.34674482314493,-4.65945357937935,49
"970",-2.85654300408594,-4.65945357937935,49
"971",-2.36634118502694,-4.65945357937935,49
"972",-1.87613936596794,-4.89754881747459,49
"973",-1.38593754690894,-4.89754881747459,49
"974",-0.895735727849937,-4.89754881747459,49
"975",-0.405533908790938,-4.89754881747459,49
"976",0.0846679102680623,-4.89754881747459,49
"977",0.574869729327061,-4.89754881747459,49
"978",1.06507154838606,-4.89754881747459,49
"979",1.55527336744506,-4.89754881747459,49
"980",2.04547518650406,-4.89754881747459,49
"981",-7.26835937561693,-0.135644055569826,50
"982",-6.77815755655793,-0.135644055569826,50
"983",-6.28795573749893,-0.135644055569826,50
"984",-5.79775391843993,-0.135644055569826,50
"985",-5.30755209938093,-0.135644055569826,50
"986",-4.81735028032193,-4.18326310318887,50
"987",-4.32714846126293,-4.42135834128411,50
"988",-3.83694664220393,-4.65945357937935,50
"989",-3.34674482314493,-4.65945357937935,50
"990",-2.85654300408594,-4.65945357937935,50
"991",-2.36634118502694,-4.65945357937935,50
"992",-1.87613936596794,-4.65945357937935,50
"993",-1.38593754690894,-4.65945357937935,50
"994",-0.895735727849937,-4.65945357937935,50
"995",-0.405533908790938,-4.65945357937935,50
"996",0.0846679102680623,-4.65945357937935,50
"997",0.574869729327061,-4.65945357937935,50
"998",1.06507154838606,-4.65945357937935,50
"999",1.55527336744506,-4.65945357937935,50
"1000",2.04547518650406,-4.65945357937935,50
"1001",-7.26835937561693,-0.135644055569826,51
"1002",-6.77815755655793,-0.135644055569826,51
"1003",-6.28795573749893,-0.849929769855541,51
"1004",-5.79775391843993,-2.27850119842697,51
"1005",-5.30755209938093,-2.75469167461745,51
"1006",-4.81735028032193,-2.99278691271268,51
"1007",-4.32714846126293,-3.46897738890316,51
"1008",-3.83694664220393,-3.46897738890316,51
"1009",-3.34674482314493,-4.18326310318887,51
"1010",-2.85654300408594,-4.65945357937935,51
"1011",-2.36634118502694,-4.65945357937935,51
"1012",-1.87613936596794,-4.65945357937935,51
"1013",-1.38593754690894,-4.65945357937935,51
"1014",-0.895735727849937,-4.65945357937935,51
"1015",-0.405533908790938,-4.65945357937935,51
"1016",0.0846679102680623,-4.65945357937935,51
"1017",0.574869729327061,-4.65945357937935,51
"1018",1.06507154838606,-4.65945357937935,51
"1019",1.55527336744506,-4.65945357937935,51
"1020",2.04547518650406,-4.65945357937935,51
"1021",-7.26835937561693,-0.135644055569826,52
"1022",-6.77815755655793,-0.135644055569826,52
"1023",-6.28795573749893,-0.135644055569826,52
"1024",-5.79775391843993,-0.135644055569826,52
"1025",-5.30755209938093,-2.75469167461745,52
"1026",-4.81735028032193,-2.99278691271268,52
"1027",-4.32714846126293,-2.99278691271268,52
"1028",-3.83694664220393,-2.99278691271268,52
"1029",-3.34674482314493,-3.23088215080792,52
"1030",-2.85654300408594,-3.46897738890316,52
"1031",-2.36634118502694,-4.42135834128411,52
"1032",-1.87613936596794,-4.89754881747459,52
"1033",-1.38593754690894,-4.89754881747459,52
"1034",-0.895735727849937,-4.89754881747459,52
"1035",-0.405533908790938,-4.89754881747459,52
"1036",0.0846679102680623,-4.89754881747459,52
"1037",0.574869729327061,-4.89754881747459,52
"1038",1.06507154838606,-4.89754881747459,52
"1039",1.55527336744506,-4.89754881747459,52
"1040",2.04547518650406,-4.89754881747459,52
"1041",-7.26835937561693,-0.135644055569826,53
"1042",-6.77815755655793,-0.135644055569826,53
"1043",-6.28795573749893,-2.04040596033173,53
"1044",-5.79775391843993,-2.51659643652221,53
"1045",-5.30755209938093,-2.75469167461745,53
"1046",-4.81735028032193,-4.65945357937935,53
"1047",-4.32714846126293,-4.89754881747459,53
"1048",-3.83694664220393,-4.89754881747459,53
"1049",-3.34674482314493,-4.89754881747459,53
"1050",-2.85654300408594,-4.89754881747459,53
"1051",-2.36634118502694,-4.89754881747459,53
"1052",-1.87613936596794,-4.89754881747459,53
"1053",-1.38593754690894,-4.89754881747459,53
"1054",-0.895735727849937,-4.89754881747459,53
"1055",-0.405533908790938,-4.89754881747459,53
"1056",0.0846679102680623,-4.89754881747459,53
"1057",0.574869729327061,-4.89754881747459,53
"1058",1.06507154838606,-4.89754881747459,53
"1059",1.55527336744506,-4.89754881747459,53
"1060",2.04547518650406,-4.89754881747459,53
"1061",-7.26835937561693,-0.135644055569826,54
"1062",-6.77815755655793,-0.135644055569826,54
"1063",-6.28795573749893,-0.135644055569826,54
"1064",-5.79775391843993,-0.135644055569826,54
"1065",-5.30755209938093,-2.27850119842697,54
"1066",-4.81735028032193,-4.18326310318887,54
"1067",-4.32714846126293,-4.89754881747459,54
"1068",-3.83694664220393,-4.89754881747459,54
"1069",-3.34674482314493,-4.89754881747459,54
"1070",-2.85654300408594,-4.89754881747459,54
"1071",-2.36634118502694,-4.89754881747459,54
"1072",-1.87613936596794,-4.89754881747459,54
"1073",-1.38593754690894,-4.89754881747459,54
"1074",-0.895735727849937,-4.89754881747459,54
"1075",-0.405533908790938,-4.89754881747459,54
"1076",0.0846679102680623,-4.89754881747459,54
"1077",0.574869729327061,-4.89754881747459,54
"1078",1.06507154838606,-4.89754881747459,54
"1079",1.55527336744506,-4.89754881747459,54
"1080",2.04547518650406,-4.89754881747459,54
"1081",-7.26835937561693,-2.04040596033173,55
"1082",-6.77815755655793,-2.04040596033173,55
"1083",-6.28795573749893,-2.04040596033173,55
"1084",-5.79775391843993,-2.04040596033173,55
"1085",-5.30755209938093,-2.27850119842697,55
"1086",-4.81735028032193,-4.89754881747459,55
"1087",-4.32714846126293,-4.89754881747459,55
"1088",-3.83694664220393,-4.89754881747459,55
"1089",-3.34674482314493,-4.89754881747459,55
"1090",-2.85654300408594,-4.89754881747459,55
"1091",-2.36634118502694,-4.89754881747459,55
"1092",-1.87613936596794,-4.89754881747459,55
"1093",-1.38593754690894,-4.89754881747459,55
"1094",-0.895735727849937,-4.89754881747459,55
"1095",-0.405533908790938,-4.89754881747459,55
"1096",0.0846679102680623,-4.89754881747459,55
"1097",0.574869729327061,-4.89754881747459,55
"1098",1.06507154838606,-4.89754881747459,55
"1099",1.55527336744506,-4.89754881747459,55
"1100",2.04547518650406,-4.89754881747459,55
"1101",-7.26835937561693,-0.135644055569826,56
"1102",-6.77815755655793,-0.135644055569826,56
"1103",-6.28795573749893,-0.135644055569826,56
"1104",-5.79775391843993,-0.135644055569826,56
"1105",-5.30755209938093,-0.849929769855541,56
"1106",-4.81735028032193,-4.89754881747459,56
"1107",-4.32714846126293,-4.89754881747459,56
"1108",-3.83694664220393,-4.89754881747459,56
"1109",-3.34674482314493,-4.89754881747459,56
"1110",-2.85654300408594,-4.89754881747459,56
"1111",-2.36634118502694,-4.89754881747459,56
"1112",-1.87613936596794,-4.89754881747459,56
"1113",-1.38593754690894,-4.89754881747459,56
"1114",-0.895735727849937,-4.89754881747459,56
"1115",-0.405533908790938,-4.89754881747459,56
"1116",0.0846679102680623,-4.89754881747459,56
"1117",0.574869729327061,-4.89754881747459,56
"1118",1.06507154838606,-4.89754881747459,56
"1119",1.55527336744506,-4.89754881747459,56
"1120",2.04547518650406,-4.89754881747459,56
"1121",-7.26835937561693,-0.135644055569826,57
"1122",-6.77815755655793,-0.135644055569826,57
"1123",-6.28795573749893,-0.135644055569826,57
"1124",-5.79775391843993,-2.04040596033173,57
"1125",-5.30755209938093,-2.75469167461745,57
"1126",-4.81735028032193,-2.99278691271268,57
"1127",-4.32714846126293,-3.23088215080792,57
"1128",-3.83694664220393,-3.46897738890316,57
"1129",-3.34674482314493,-3.7070726269984,57
"1130",-2.85654300408594,-3.7070726269984,57
"1131",-2.36634118502694,-3.94516786509364,57
"1132",-1.87613936596794,-4.65945357937935,57
"1133",-1.38593754690894,-4.89754881747459,57
"1134",-0.895735727849937,-4.89754881747459,57
"1135",-0.405533908790938,-4.89754881747459,57
"1136",0.0846679102680623,-4.89754881747459,57
"1137",0.574869729327061,-4.89754881747459,57
"1138",1.06507154838606,-4.89754881747459,57
"1139",1.55527336744506,-4.89754881747459,57
"1140",2.04547518650406,-4.89754881747459,57
"1141",-7.26835937561693,-0.135644055569826,58
"1142",-6.77815755655793,-0.135644055569826,58
"1143",-6.28795573749893,-0.135644055569826,58
"1144",-5.79775391843993,-0.135644055569826,58
"1145",-5.30755209938093,-2.75469167461745,58
"1146",-4.81735028032193,-3.7070726269984,58
"1147",-4.32714846126293,-4.18326310318887,58
"1148",-3.83694664220393,-4.42135834128411,58
"1149",-3.34674482314493,-4.65945357937935,58
"1150",-2.85654300408594,-4.89754881747459,58
"1151",-2.36634118502694,-4.89754881747459,58
"1152",-1.87613936596794,-4.89754881747459,58
"1153",-1.38593754690894,-4.89754881747459,58
"1154",-0.895735727849937,-4.89754881747459,58
"1155",-0.405533908790938,-4.89754881747459,58
"1156",0.0846679102680623,-4.89754881747459,58
"1157",0.574869729327061,-4.89754881747459,58
"1158",1.06507154838606,-4.89754881747459,58
"1159",1.55527336744506,-4.89754881747459,58
"1160",2.04547518650406,-4.89754881747459,58
"1161",-7.26835937561693,-1.32612024604602,59
"1162",-6.77815755655793,-1.56421548414125,59
"1163",-6.28795573749893,-2.04040596033173,59
"1164",-5.79775391843993,-2.27850119842697,59
"1165",-5.30755209938093,-2.51659643652221,59
"1166",-4.81735028032193,-4.89754881747459,59
"1167",-4.32714846126293,-4.89754881747459,59
"1168",-3.83694664220393,-4.89754881747459,59
"1169",-3.34674482314493,-4.89754881747459,59
"1170",-2.85654300408594,-4.89754881747459,59
"1171",-2.36634118502694,-4.89754881747459,59
"1172",-1.87613936596794,-4.89754881747459,59
"1173",-1.38593754690894,-4.89754881747459,59
"1174",-0.895735727849937,-4.89754881747459,59
"1175",-0.405533908790938,-4.89754881747459,59
"1176",0.0846679102680623,-4.89754881747459,59
"1177",0.574869729327061,-4.89754881747459,59
"1178",1.06507154838606,-4.89754881747459,59
"1179",1.55527336744506,-4.89754881747459,59
"1180",2.04547518650406,-4.89754881747459,59
"1181",-7.26835937561693,-0.135644055569826,60
"1182",-6.77815755655793,-0.135644055569826,60
"1183",-6.28795573749893,-0.135644055569826,60
"1184",-5.79775391843993,-0.135644055569826,60
"1185",-5.30755209938093,-0.135644055569826,60
"1186",-4.81735028032193,-4.18326310318887,60
"1187",-4.32714846126293,-4.89754881747459,60
"1188",-3.83694664220393,-4.89754881747459,60
"1189",-3.34674482314493,-4.89754881747459,60
"1190",-2.85654300408594,-4.89754881747459,60
"1191",-2.36634118502694,-4.89754881747459,60
"1192",-1.87613936596794,-4.89754881747459,60
"1193",-1.38593754690894,-4.89754881747459,60
"1194",-0.895735727849937,-4.89754881747459,60
"1195",-0.405533908790938,-4.89754881747459,60
"1196",0.0846679102680623,-4.89754881747459,60
"1197",0.574869729327061,-4.89754881747459,60
"1198",1.06507154838606,-4.89754881747459,60
"1199",1.55527336744506,-4.89754881747459,60
"1200",2.04547518650406,-4.89754881747459,60
"1201",-7.26835937561693,-0.135644055569826,61
"1202",-6.77815755655793,-0.611834531760302,61
"1203",-6.28795573749893,-0.849929769855541,61
"1204",-5.79775391843993,-1.32612024604602,61
"1205",-5.30755209938093,-2.75469167461745,61
"1206",-4.81735028032193,-2.75469167461745,61
"1207",-4.32714846126293,-2.75469167461745,61
"1208",-3.83694664220393,-2.99278691271268,61
"1209",-3.34674482314493,-3.23088215080792,61
"1210",-2.85654300408594,-3.94516786509364,61
"1211",-2.36634118502694,-4.18326310318887,61
"1212",-1.87613936596794,-4.42135834128411,61
"1213",-1.38593754690894,-4.42135834128411,61
"1214",-0.895735727849937,-4.42135834128411,61
"1215",-0.405533908790938,-4.42135834128411,61
"1216",0.0846679102680623,-4.42135834128411,61
"1217",0.574869729327061,-4.42135834128411,61
"1218",1.06507154838606,-4.42135834128411,61
"1219",1.55527336744506,-4.42135834128411,61
"1220",2.04547518650406,-4.42135834128411,61
"1221",-7.26835937561693,-0.135644055569826,62
"1222",-6.77815755655793,-0.135644055569826,62
"1223",-6.28795573749893,-0.135644055569826,62
"1224",-5.79775391843993,-0.135644055569826,62
"1225",-5.30755209938093,-2.51659643652221,62
"1226",-4.81735028032193,-3.46897738890316,62
"1227",-4.32714846126293,-3.7070726269984,62
"1228",-3.83694664220393,-3.7070726269984,62
"1229",-3.34674482314493,-3.94516786509364,62
"1230",-2.85654300408594,-3.94516786509364,62
"1231",-2.36634118502694,-3.94516786509364,62
"1232",-1.87613936596794,-4.18326310318887,62
"1233",-1.38593754690894,-4.18326310318887,62
"1234",-0.895735727849937,-4.18326310318887,62
"1235",-0.405533908790938,-4.18326310318887,62
"1236",0.0846679102680623,-4.18326310318887,62
"1237",0.574869729327061,-4.18326310318887,62
"1238",1.06507154838606,-4.18326310318887,62
"1239",1.55527336744506,-4.18326310318887,62
"1240",2.04547518650406,-4.18326310318887,62
"1241",-7.26835937561693,-0.135644055569826,63
"1242",-6.77815755655793,-0.135644055569826,63
"1243",-6.28795573749893,-0.135644055569826,63
"1244",-5.79775391843993,-0.135644055569826,63
"1245",-5.30755209938093,-2.51659643652221,63
"1246",-4.81735028032193,-3.46897738890316,63
"1247",-4.32714846126293,-3.7070726269984,63
"1248",-3.83694664220393,-3.7070726269984,63
"1249",-3.34674482314493,-4.89754881747459,63
"1250",-2.85654300408594,-4.89754881747459,63
"1251",-2.36634118502694,-4.89754881747459,63
"1252",-1.87613936596794,-4.89754881747459,63
"1253",-1.38593754690894,-4.89754881747459,63
"1254",-0.895735727849937,-4.89754881747459,63
"1255",-0.405533908790938,-4.89754881747459,63
"1256",0.0846679102680623,-4.89754881747459,63
"1257",0.574869729327061,-4.89754881747459,63
"1258",1.06507154838606,-4.89754881747459,63
"1259",1.55527336744506,-4.89754881747459,63
"1260",2.04547518650406,-4.89754881747459,63
"1261",-7.26835937561693,-0.135644055569826,64
"1262",-6.77815755655793,-0.135644055569826,64
"1263",-6.28795573749893,-0.135644055569826,64
"1264",-5.79775391843993,-0.135644055569826,64
"1265",-5.30755209938093,-2.75469167461745,64
"1266",-4.81735028032193,-3.46897738890316,64
"1267",-4.32714846126293,-3.7070726269984,64
"1268",-3.83694664220393,-4.89754881747459,64
"1269",-3.34674482314493,-4.89754881747459,64
"1270",-2.85654300408594,-4.89754881747459,64
"1271",-2.36634118502694,-4.89754881747459,64
"1272",-1.87613936596794,-4.89754881747459,64
"1273",-1.38593754690894,-4.89754881747459,64
"1274",-0.895735727849937,-4.89754881747459,64
"1275",-0.405533908790938,-4.89754881747459,64
"1276",0.0846679102680623,-4.89754881747459,64
"1277",0.574869729327061,-4.89754881747459,64
"1278",1.06507154838606,-4.89754881747459,64
"1279",1.55527336744506,-4.89754881747459,64
"1280",2.04547518650406,-4.89754881747459,64
"1281",-7.26835937561693,-0.135644055569826,65
"1282",-6.77815755655793,-0.135644055569826,65
"1283",-6.28795573749893,-0.135644055569826,65
"1284",-5.79775391843993,-0.135644055569826,65
"1285",-5.30755209938093,-2.75469167461745,65
"1286",-4.81735028032193,-3.46897738890316,65
"1287",-4.32714846126293,-4.18326310318887,65
"1288",-3.83694664220393,-4.42135834128411,65
"1289",-3.34674482314493,-4.65945357937935,65
"1290",-2.85654300408594,-4.89754881747459,65
"1291",-2.36634118502694,-4.89754881747459,65
"1292",-1.87613936596794,-4.89754881747459,65
"1293",-1.38593754690894,-4.89754881747459,65
"1294",-0.895735727849937,-4.89754881747459,65
"1295",-0.405533908790938,-4.89754881747459,65
"1296",0.0846679102680623,-4.89754881747459,65
"1297",0.574869729327061,-4.89754881747459,65
"1298",1.06507154838606,-4.89754881747459,65
"1299",1.55527336744506,-4.89754881747459,65
"1300",2.04547518650406,-4.89754881747459,65
"1301",-7.26835937561693,-0.135644055569826,66
"1302",-6.77815755655793,-0.135644055569826,66
"1303",-6.28795573749893,-0.135644055569826,66
"1304",-5.79775391843993,-1.32612024604602,66
"1305",-5.30755209938093,-2.75469167461745,66
"1306",-4.81735028032193,-3.23088215080792,66
"1307",-4.32714846126293,-3.7070726269984,66
"1308",-3.83694664220393,-3.94516786509364,66
"1309",-3.34674482314493,-4.42135834128411,66
"1310",-2.85654300408594,-4.65945357937935,66
"1311",-2.36634118502694,-4.65945357937935,66
"1312",-1.87613936596794,-4.65945357937935,66
"1313",-1.38593754690894,-4.65945357937935,66
"1314",-0.895735727849937,-4.65945357937935,66
"1315",-0.405533908790938,-4.65945357937935,66
"1316",0.0846679102680623,-4.89754881747459,66
"1317",0.574869729327061,-4.89754881747459,66
"1318",1.06507154838606,-4.89754881747459,66
"1319",1.55527336744506,-4.89754881747459,66
"1320",2.04547518650406,-4.89754881747459,66
"1321",-7.26835937561693,-0.135644055569826,67
"1322",-6.77815755655793,-1.08802500795078,67
"1323",-6.28795573749893,-1.56421548414125,67
"1324",-5.79775391843993,-2.27850119842697,67
"1325",-5.30755209938093,-2.75469167461745,67
"1326",-4.81735028032193,-4.89754881747459,67
"1327",-4.32714846126293,-4.89754881747459,67
"1328",-3.83694664220393,-4.89754881747459,67
"1329",-3.34674482314493,-4.89754881747459,67
"1330",-2.85654300408594,-4.89754881747459,67
"1331",-2.36634118502694,-4.89754881747459,67
"1332",-1.87613936596794,-4.89754881747459,67
"1333",-1.38593754690894,-4.89754881747459,67
"1334",-0.895735727849937,-4.89754881747459,67
"1335",-0.405533908790938,-4.89754881747459,67
"1336",0.0846679102680623,-4.89754881747459,67
"1337",0.574869729327061,-4.89754881747459,67
"1338",1.06507154838606,-4.89754881747459,67
"1339",1.55527336744506,-4.89754881747459,67
"1340",2.04547518650406,-4.89754881747459,67
"1341",-7.26835937561693,-0.135644055569826,68
"1342",-6.77815755655793,-0.135644055569826,68
"1343",-6.28795573749893,-0.135644055569826,68
"1344",-5.79775391843993,-0.135644055569826,68
"1345",-5.30755209938093,-0.611834531760302,68
"1346",-4.81735028032193,-3.46897738890316,68
"1347",-4.32714846126293,-3.46897738890316,68
"1348",-3.83694664220393,-3.46897738890316,68
"1349",-3.34674482314493,-3.46897738890316,68
"1350",-2.85654300408594,-4.18326310318887,68
"1351",-2.36634118502694,-4.89754881747459,68
"1352",-1.87613936596794,-4.89754881747459,68
"1353",-1.38593754690894,-4.89754881747459,68
"1354",-0.895735727849937,-4.89754881747459,68
"1355",-0.405533908790938,-4.89754881747459,68
"1356",0.0846679102680623,-4.89754881747459,68
"1357",0.574869729327061,-4.89754881747459,68
"1358",1.06507154838606,-4.89754881747459,68
"1359",1.55527336744506,-4.89754881747459,68
"1360",2.04547518650406,-4.89754881747459,68
"1361",-7.26835937561693,-0.849929769855541,69
"1362",-6.77815755655793,-1.08802500795078,69
"1363",-6.28795573749893,-1.32612024604602,69
"1364",-5.79775391843993,-1.80231072223649,69
"1365",-5.30755209938093,-2.51659643652221,69
"1366",-4.81735028032193,-4.42135834128411,69
"1367",-4.32714846126293,-4.89754881747459,69
"1368",-3.83694664220393,-4.89754881747459,69
"1369",-3.34674482314493,-4.89754881747459,69
"1370",-2.85654300408594,-4.89754881747459,69
"1371",-2.36634118502694,-4.89754881747459,69
"1372",-1.87613936596794,-4.89754881747459,69
"1373",-1.38593754690894,-4.89754881747459,69
"1374",-0.895735727849937,-4.89754881747459,69
"1375",-0.405533908790938,-4.89754881747459,69
"1376",0.0846679102680623,-4.89754881747459,69
"1377",0.574869729327061,-4.89754881747459,69
"1378",1.06507154838606,-4.89754881747459,69
"1379",1.55527336744506,-4.89754881747459,69
"1380",2.04547518650406,-4.89754881747459,69
"1381",-7.26835937561693,-2.04040596033173,70
"1382",-6.77815755655793,-2.27850119842697,70
"1383",-6.28795573749893,-2.51659643652221,70
"1384",-5.79775391843993,-2.51659643652221,70
"1385",-5.30755209938093,-2.75469167461745,70
"1386",-4.81735028032193,-2.99278691271268,70
"1387",-4.32714846126293,-3.23088215080792,70
"1388",-3.83694664220393,-4.18326310318887,70
"1389",-3.34674482314493,-4.65945357937935,70
"1390",-2.85654300408594,-4.65945357937935,70
"1391",-2.36634118502694,-4.89754881747459,70
"1392",-1.87613936596794,-4.89754881747459,70
"1393",-1.38593754690894,-4.89754881747459,70
"1394",-0.895735727849937,-4.89754881747459,70
"1395",-0.405533908790938,-4.89754881747459,70
"1396",0.0846679102680623,-4.89754881747459,70
"1397",0.574869729327061,-4.89754881747459,70
"1398",1.06507154838606,-4.89754881747459,70
"1399",1.55527336744506,-4.89754881747459,70
"1400",2.04547518650406,-4.89754881747459,70
"1401",-7.26835937561693,-0.135644055569826,71
"1402",-6.77815755655793,-1.08802500795078,71
"1403",-6.28795573749893,-1.56421548414125,71
"1404",-5.79775391843993,-1.80231072223649,71
"1405",-5.30755209938093,-2.04040596033173,71
"1406",-4.81735028032193,-4.89754881747459,71
"1407",-4.32714846126293,-4.89754881747459,71
"1408",-3.83694664220393,-4.89754881747459,71
"1409",-3.34674482314493,-4.89754881747459,71
"1410",-2.85654300408594,-4.89754881747459,71
"1411",-2.36634118502694,-4.89754881747459,71
"1412",-1.87613936596794,-4.89754881747459,71
"1413",-1.38593754690894,-4.89754881747459,71
"1414",-0.895735727849937,-4.89754881747459,71
"1415",-0.405533908790938,-4.89754881747459,71
"1416",0.0846679102680623,-4.89754881747459,71
"1417",0.574869729327061,-4.89754881747459,71
"1418",1.06507154838606,-4.89754881747459,71
"1419",1.55527336744506,-4.89754881747459,71
"1420",2.04547518650406,-4.89754881747459,71
"1421",-7.26835937561693,-0.135644055569826,72
"1422",-6.77815755655793,-0.135644055569826,72
"1423",-6.28795573749893,-0.373739293665064,72
"1424",-5.79775391843993,-0.611834531760302,72
"1425",-5.30755209938093,-1.56421548414125,72
"1426",-4.81735028032193,-4.89754881747459,72
"1427",-4.32714846126293,-4.89754881747459,72
"1428",-3.83694664220393,-4.89754881747459,72
"1429",-3.34674482314493,-4.89754881747459,72
"1430",-2.85654300408594,-4.89754881747459,72
"1431",-2.36634118502694,-4.89754881747459,72
"1432",-1.87613936596794,-4.89754881747459,72
"1433",-1.38593754690894,-4.89754881747459,72
"1434",-0.895735727849937,-4.89754881747459,72
"1435",-0.405533908790938,-4.89754881747459,72
"1436",0.0846679102680623,-4.89754881747459,72
"1437",0.574869729327061,-4.89754881747459,72
"1438",1.06507154838606,-4.89754881747459,72
"1439",1.55527336744506,-4.89754881747459,72
"1440",2.04547518650406,-4.89754881747459,72
"1441",-7.26835937561693,-0.135644055569826,73
"1442",-6.77815755655793,-0.135644055569826,73
"1443",-6.28795573749893,-0.135644055569826,73
"1444",-5.79775391843993,-0.373739293665064,73
"1445",-5.30755209938093,-1.56421548414125,73
"1446",-4.81735028032193,-4.89754881747459,73
"1447",-4.32714846126293,-4.89754881747459,73
"1448",-3.83694664220393,-4.89754881747459,73
"1449",-3.34674482314493,-4.89754881747459,73
"1450",-2.85654300408594,-4.89754881747459,73
"1451",-2.36634118502694,-4.89754881747459,73
"1452",-1.87613936596794,-4.89754881747459,73
"1453",-1.38593754690894,-4.89754881747459,73
"1454",-0.895735727849937,-4.89754881747459,73
"1455",-0.405533908790938,-4.89754881747459,73
"1456",0.0846679102680623,-4.89754881747459,73
"1457",0.574869729327061,-4.89754881747459,73
"1458",1.06507154838606,-4.89754881747459,73
"1459",1.55527336744506,-4.89754881747459,73
"1460",2.04547518650406,-4.89754881747459,73
"1461",-7.26835937561693,-0.135644055569826,74
"1462",-6.77815755655793,-0.135644055569826,74
"1463",-6.28795573749893,-1.80231072223649,74
"1464",-5.79775391843993,-2.51659643652221,74
"1465",-5.30755209938093,-2.75469167461745,74
"1466",-4.81735028032193,-2.99278691271268,74
"1467",-4.32714846126293,-2.99278691271268,74
"1468",-3.83694664220393,-2.99278691271268,74
"1469",-3.34674482314493,-3.7070726269984,74
"1470",-2.85654300408594,-4.65945357937935,74
"1471",-2.36634118502694,-4.65945357937935,74
"1472",-1.87613936596794,-4.89754881747459,74
"1473",-1.38593754690894,-4.89754881747459,74
"1474",-0.895735727849937,-4.89754881747459,74
"1475",-0.405533908790938,-4.89754881747459,74
"1476",0.0846679102680623,-4.89754881747459,74
"1477",0.574869729327061,-4.89754881747459,74
"1478",1.06507154838606,-4.89754881747459,74
"1479",1.55527336744506,-4.89754881747459,74
"1480",2.04547518650406,-4.89754881747459,74
"1481",-7.26835937561693,-0.135644055569826,75
"1482",-6.77815755655793,-0.135644055569826,75
"1483",-6.28795573749893,-0.135644055569826,75
"1484",-5.79775391843993,-0.135644055569826,75
"1485",-5.30755209938093,-0.849929769855541,75
"1486",-4.81735028032193,-4.89754881747459,75
"1487",-4.32714846126293,-4.89754881747459,75
"1488",-3.83694664220393,-4.89754881747459,75
"1489",-3.34674482314493,-4.89754881747459,75
"1490",-2.85654300408594,-4.89754881747459,75
"1491",-2.36634118502694,-4.89754881747459,75
"1492",-1.87613936596794,-4.89754881747459,75
"1493",-1.38593754690894,-4.89754881747459,75
"1494",-0.895735727849937,-4.89754881747459,75
"1495",-0.405533908790938,-4.89754881747459,75
"1496",0.0846679102680623,-4.89754881747459,75
"1497",0.574869729327061,-4.89754881747459,75
"1498",1.06507154838606,-4.89754881747459,75
"1499",1.55527336744506,-4.89754881747459,75
"1500",2.04547518650406,-4.89754881747459,75
"1501",-7.26835937561693,-0.135644055569826,76
"1502",-6.77815755655793,-0.135644055569826,76
"1503",-6.28795573749893,-0.135644055569826,76
"1504",-5.79775391843993,-0.135644055569826,76
"1505",-5.30755209938093,-0.135644055569826,76
"1506",-4.81735028032193,-4.89754881747459,76
"1507",-4.32714846126293,-4.89754881747459,76
"1508",-3.83694664220393,-4.89754881747459,76
"1509",-3.34674482314493,-4.89754881747459,76
"1510",-2.85654300408594,-4.89754881747459,76
"1511",-2.36634118502694,-4.89754881747459,76
"1512",-1.87613936596794,-4.89754881747459,76
"1513",-1.38593754690894,-4.89754881747459,76
"1514",-0.895735727849937,-4.89754881747459,76
"1515",-0.405533908790938,-4.89754881747459,76
"1516",0.0846679102680623,-4.89754881747459,76
"1517",0.574869729327061,-4.89754881747459,76
"1518",1.06507154838606,-4.89754881747459,76
"1519",1.55527336744506,-4.89754881747459,76
"1520",2.04547518650406,-4.89754881747459,76
"1521",-7.26835937561693,-0.135644055569826,77
"1522",-6.77815755655793,-0.135644055569826,77
"1523",-6.28795573749893,-0.135644055569826,77
"1524",-5.79775391843993,-0.135644055569826,77
"1525",-5.30755209938093,-0.135644055569826,77
"1526",-4.81735028032193,-4.65945357937935,77
"1527",-4.32714846126293,-4.89754881747459,77
"1528",-3.83694664220393,-4.89754881747459,77
"1529",-3.34674482314493,-4.89754881747459,77
"1530",-2.85654300408594,-4.89754881747459,77
"1531",-2.36634118502694,-4.89754881747459,77
"1532",-1.87613936596794,-4.89754881747459,77
"1533",-1.38593754690894,-4.89754881747459,77
"1534",-0.895735727849937,-4.89754881747459,77
"1535",-0.405533908790938,-4.89754881747459,77
"1536",0.0846679102680623,-4.89754881747459,77
"1537",0.574869729327061,-4.89754881747459,77
"1538",1.06507154838606,-4.89754881747459,77
"1539",1.55527336744506,-4.89754881747459,77
"1540",2.04547518650406,-4.89754881747459,77
"1541",-7.26835937561693,-0.135644055569826,78
"1542",-6.77815755655793,-0.135644055569826,78
"1543",-6.28795573749893,-0.135644055569826,78
"1544",-5.79775391843993,-0.135644055569826,78
"1545",-5.30755209938093,-0.135644055569826,78
"1546",-4.81735028032193,-3.94516786509364,78
"1547",-4.32714846126293,-4.18326310318887,78
"1548",-3.83694664220393,-4.18326310318887,78
"1549",-3.34674482314493,-4.18326310318887,78
"1550",-2.85654300408594,-4.18326310318887,78
"1551",-2.36634118502694,-4.42135834128411,78
"1552",-1.87613936596794,-4.42135834128411,78
"1553",-1.38593754690894,-4.42135834128411,78
"1554",-0.895735727849937,-4.42135834128411,78
"1555",-0.405533908790938,-4.42135834128411,78
"1556",0.0846679102680623,-4.42135834128411,78
"1557",0.574869729327061,-4.42135834128411,78
"1558",1.06507154838606,-4.42135834128411,78
"1559",1.55527336744506,-4.42135834128411,78
"1560",2.04547518650406,-4.42135834128411,78
"1561",-7.26835937561693,-0.135644055569826,79
"1562",-6.77815755655793,-0.135644055569826,79
"1563",-6.28795573749893,-0.135644055569826,79
"1564",-5.79775391843993,-0.135644055569826,79
"1565",-5.30755209938093,-1.32612024604602,79
"1566",-4.81735028032193,-4.42135834128411,79
"1567",-4.32714846126293,-4.65945357937935,79
"1568",-3.83694664220393,-4.65945357937935,79
"1569",-3.34674482314493,-4.89754881747459,79
"1570",-2.85654300408594,-4.89754881747459,79
"1571",-2.36634118502694,-4.89754881747459,79
"1572",-1.87613936596794,-4.89754881747459,79
"1573",-1.38593754690894,-4.89754881747459,79
"1574",-0.895735727849937,-4.89754881747459,79
"1575",-0.405533908790938,-4.89754881747459,79
"1576",0.0846679102680623,-4.89754881747459,79
"1577",0.574869729327061,-4.89754881747459,79
"1578",1.06507154838606,-4.89754881747459,79
"1579",1.55527336744506,-4.89754881747459,79
"1580",2.04547518650406,-4.89754881747459,79
"1581",-7.26835937561693,-0.135644055569826,80
"1582",-6.77815755655793,-0.135644055569826,80
"1583",-6.28795573749893,-0.373739293665064,80
"1584",-5.79775391843993,-0.849929769855541,80
"1585",-5.30755209938093,-1.56421548414125,80
"1586",-4.81735028032193,-4.89754881747459,80
"1587",-4.32714846126293,-4.89754881747459,80
"1588",-3.83694664220393,-4.89754881747459,80
"1589",-3.34674482314493,-4.89754881747459,80
"1590",-2.85654300408594,-4.89754881747459,80
"1591",-2.36634118502694,-4.89754881747459,80
"1592",-1.87613936596794,-4.89754881747459,80
"1593",-1.38593754690894,-4.89754881747459,80
"1594",-0.895735727849937,-4.89754881747459,80
"1595",-0.405533908790938,-4.89754881747459,80
"1596",0.0846679102680623,-4.89754881747459,80
"1597",0.574869729327061,-4.89754881747459,80
"1598",1.06507154838606,-4.89754881747459,80
"1599",1.55527336744506,-4.89754881747459,80
"1600",2.04547518650406,-4.89754881747459,80
"1601",-7.26835937561693,-0.135644055569826,81
"1602",-6.77815755655793,-0.135644055569826,81
"1603",-6.28795573749893,-0.135644055569826,81
"1604",-5.79775391843993,-0.135644055569826,81
"1605",-5.30755209938093,-2.75469167461745,81
"1606",-4.81735028032193,-3.7070726269984,81
"1607",-4.32714846126293,-4.18326310318887,81
"1608",-3.83694664220393,-4.42135834128411,81
"1609",-3.34674482314493,-4.65945357937935,81
"1610",-2.85654300408594,-4.65945357937935,81
"1611",-2.36634118502694,-4.89754881747459,81
"1612",-1.87613936596794,-4.89754881747459,81
"1613",-1.38593754690894,-4.89754881747459,81
"1614",-0.895735727849937,-4.89754881747459,81
"1615",-0.405533908790938,-4.89754881747459,81
"1616",0.0846679102680623,-4.89754881747459,81
"1617",0.574869729327061,-4.89754881747459,81
"1618",1.06507154838606,-4.89754881747459,81
"1619",1.55527336744506,-4.89754881747459,81
"1620",2.04547518650406,-4.89754881747459,81
"1621",-7.26835937561693,-0.135644055569826,82
"1622",-6.77815755655793,-0.135644055569826,82
"1623",-6.28795573749893,-0.135644055569826,82
"1624",-5.79775391843993,-0.135644055569826,82
"1625",-5.30755209938093,-2.51659643652221,82
"1626",-4.81735028032193,-3.46897738890316,82
"1627",-4.32714846126293,-3.7070726269984,82
"1628",-3.83694664220393,-3.94516786509364,82
"1629",-3.34674482314493,-3.94516786509364,82
"1630",-2.85654300408594,-3.94516786509364,82
"1631",-2.36634118502694,-4.18326310318887,82
"1632",-1.87613936596794,-4.42135834128411,82
"1633",-1.38593754690894,-4.65945357937935,82
"1634",-0.895735727849937,-4.89754881747459,82
"1635",-0.405533908790938,-4.89754881747459,82
"1636",0.0846679102680623,-4.89754881747459,82
"1637",0.574869729327061,-4.89754881747459,82
"1638",1.06507154838606,-4.89754881747459,82
"1639",1.55527336744506,-4.89754881747459,82
"1640",2.04547518650406,-4.89754881747459,82
"1641",-7.26835937561693,-0.135644055569826,83
"1642",-6.77815755655793,-2.75469167461745,83
"1643",-6.28795573749893,-2.75469167461745,83
"1644",-5.79775391843993,-2.75469167461745,83
"1645",-5.30755209938093,-2.75469167461745,83
"1646",-4.81735028032193,-2.99278691271268,83
"1647",-4.32714846126293,-4.89754881747459,83
"1648",-3.83694664220393,-4.89754881747459,83
"1649",-3.34674482314493,-4.89754881747459,83
"1650",-2.85654300408594,-4.89754881747459,83
"1651",-2.36634118502694,-4.89754881747459,83
"1652",-1.87613936596794,-4.89754881747459,83
"1653",-1.38593754690894,-4.89754881747459,83
"1654",-0.895735727849937,-4.89754881747459,83
"1655",-0.405533908790938,-4.89754881747459,83
"1656",0.0846679102680623,-4.89754881747459,83
"1657",0.574869729327061,-4.89754881747459,83
"1658",1.06507154838606,-4.89754881747459,83
"1659",1.55527336744506,-4.89754881747459,83
"1660",2.04547518650406,-4.89754881747459,83
"1661",-7.26835937561693,-2.51659643652221,84
"1662",-6.77815755655793,-2.75469167461745,84
"1663",-6.28795573749893,-2.75469167461745,84
"1664",-5.79775391843993,-2.75469167461745,84
"1665",-5.30755209938093,-2.75469167461745,84
"1666",-4.81735028032193,-2.75469167461745,84
"1667",-4.32714846126293,-3.94516786509364,84
"1668",-3.83694664220393,-4.89754881747459,84
"1669",-3.34674482314493,-4.89754881747459,84
"1670",-2.85654300408594,-4.89754881747459,84
"1671",-2.36634118502694,-4.89754881747459,84
"1672",-1.87613936596794,-4.89754881747459,84
"1673",-1.38593754690894,-4.89754881747459,84
"1674",-0.895735727849937,-4.89754881747459,84
"1675",-0.405533908790938,-4.89754881747459,84
"1676",0.0846679102680623,-4.89754881747459,84
"1677",0.574869729327061,-4.89754881747459,84
"1678",1.06507154838606,-4.89754881747459,84
"1679",1.55527336744506,-4.89754881747459,84
"1680",2.04547518650406,-4.89754881747459,84
"1681",-7.26835937561693,-0.135644055569826,85
"1682",-6.77815755655793,-0.135644055569826,85
"1683",-6.28795573749893,-0.135644055569826,85
"1684",-5.79775391843993,-0.135644055569826,85
"1685",-5.30755209938093,-2.51659643652221,85
"1686",-4.81735028032193,-4.89754881747459,85
"1687",-4.32714846126293,-4.89754881747459,85
"1688",-3.83694664220393,-4.89754881747459,85
"1689",-3.34674482314493,-4.89754881747459,85
"1690",-2.85654300408594,-4.89754881747459,85
"1691",-2.36634118502694,-4.89754881747459,85
"1692",-1.87613936596794,-4.89754881747459,85
"1693",-1.38593754690894,-4.89754881747459,85
"1694",-0.895735727849937,-4.89754881747459,85
"1695",-0.405533908790938,-4.89754881747459,85
"1696",0.0846679102680623,-4.89754881747459,85
"1697",0.574869729327061,-4.89754881747459,85
"1698",1.06507154838606,-4.89754881747459,85
"1699",1.55527336744506,-4.89754881747459,85
"1700",2.04547518650406,-4.89754881747459,85
"1701",-7.26835937561693,-0.135644055569826,86
"1702",-6.77815755655793,-0.135644055569826,86
"1703",-6.28795573749893,-0.135644055569826,86
"1704",-5.79775391843993,-2.51659643652221,86
"1705",-5.30755209938093,-2.75469167461745,86
"1706",-4.81735028032193,-2.99278691271268,86
"1707",-4.32714846126293,-2.99278691271268,86
"1708",-3.83694664220393,-4.18326310318887,86
"1709",-3.34674482314493,-4.89754881747459,86
"1710",-2.85654300408594,-4.89754881747459,86
"1711",-2.36634118502694,-4.89754881747459,86
"1712",-1.87613936596794,-4.89754881747459,86
"1713",-1.38593754690894,-4.89754881747459,86
"1714",-0.895735727849937,-4.89754881747459,86
"1715",-0.405533908790938,-4.89754881747459,86
"1716",0.0846679102680623,-4.89754881747459,86
"1717",0.574869729327061,-4.89754881747459,86
"1718",1.06507154838606,-4.89754881747459,86
"1719",1.55527336744506,-4.89754881747459,86
"1720",2.04547518650406,-4.89754881747459,86
"1721",-7.26835937561693,-0.135644055569826,87
"1722",-6.77815755655793,-0.135644055569826,87
"1723",-6.28795573749893,-0.373739293665064,87
"1724",-5.79775391843993,-2.04040596033173,87
"1725",-5.30755209938093,-2.75469167461745,87
"1726",-4.81735028032193,-3.23088215080792,87
"1727",-4.32714846126293,-3.94516786509364,87
"1728",-3.83694664220393,-4.18326310318887,87
"1729",-3.34674482314493,-4.42135834128411,87
"1730",-2.85654300408594,-4.89754881747459,87
"1731",-2.36634118502694,-4.89754881747459,87
"1732",-1.87613936596794,-4.89754881747459,87
"1733",-1.38593754690894,-4.89754881747459,87
"1734",-0.895735727849937,-4.89754881747459,87
"1735",-0.405533908790938,-4.89754881747459,87
"1736",0.0846679102680623,-4.89754881747459,87
"1737",0.574869729327061,-4.89754881747459,87
"1738",1.06507154838606,-4.89754881747459,87
"1739",1.55527336744506,-4.89754881747459,87
"1740",2.04547518650406,-4.89754881747459,87
"1741",-7.26835937561693,-0.135644055569826,88
"1742",-6.77815755655793,-0.135644055569826,88
"1743",-6.28795573749893,-0.135644055569826,88
"1744",-5.79775391843993,-0.135644055569826,88
"1745",-5.30755209938093,-2.75469167461745,88
"1746",-4.81735028032193,-2.75469167461745,88
"1747",-4.32714846126293,-2.99278691271268,88
"1748",-3.83694664220393,-2.99278691271268,88
"1749",-3.34674482314493,-3.46897738890316,88
"1750",-2.85654300408594,-4.42135834128411,88
"1751",-2.36634118502694,-4.65945357937935,88
"1752",-1.87613936596794,-4.89754881747459,88
"1753",-1.38593754690894,-4.89754881747459,88
"1754",-0.895735727849937,-4.89754881747459,88
"1755",-0.405533908790938,-4.89754881747459,88
"1756",0.0846679102680623,-4.89754881747459,88
"1757",0.574869729327061,-4.89754881747459,88
"1758",1.06507154838606,-4.89754881747459,88
"1759",1.55527336744506,-4.89754881747459,88
"1760",2.04547518650406,-4.89754881747459,88
"1761",-7.26835937561693,-0.135644055569826,89
"1762",-6.77815755655793,-0.135644055569826,89
"1763",-6.28795573749893,-0.135644055569826,89
"1764",-5.79775391843993,-1.80231072223649,89
"1765",-5.30755209938093,-2.75469167461745,89
"1766",-4.81735028032193,-2.99278691271268,89
"1767",-4.32714846126293,-3.23088215080792,89
"1768",-3.83694664220393,-3.46897738890316,89
"1769",-3.34674482314493,-3.7070726269984,89
"1770",-2.85654300408594,-3.7070726269984,89
"1771",-2.36634118502694,-3.7070726269984,89
"1772",-1.87613936596794,-3.7070726269984,89
"1773",-1.38593754690894,-3.7070726269984,89
"1774",-0.895735727849937,-3.7070726269984,89
"1775",-0.405533908790938,-3.94516786509364,89
"1776",0.0846679102680623,-3.94516786509364,89
"1777",0.574869729327061,-3.94516786509364,89
"1778",1.06507154838606,-3.94516786509364,89
"1779",1.55527336744506,-3.94516786509364,89
"1780",2.04547518650406,-3.94516786509364,89
"1781",-7.26835937561693,-0.135644055569826,90
"1782",-6.77815755655793,-0.135644055569826,90
"1783",-6.28795573749893,-0.135644055569826,90
"1784",-5.79775391843993,-0.135644055569826,90
"1785",-5.30755209938093,-2.75469167461745,90
"1786",-4.81735028032193,-4.89754881747459,90
"1787",-4.32714846126293,-4.89754881747459,90
"1788",-3.83694664220393,-4.89754881747459,90
"1789",-3.34674482314493,-4.89754881747459,90
"1790",-2.85654300408594,-4.89754881747459,90
"1791",-2.36634118502694,-4.89754881747459,90
"1792",-1.87613936596794,-4.89754881747459,90
"1793",-1.38593754690894,-4.89754881747459,90
"1794",-0.895735727849937,-4.89754881747459,90
"1795",-0.405533908790938,-4.89754881747459,90
"1796",0.0846679102680623,-4.89754881747459,90
"1797",0.574869729327061,-4.89754881747459,90
"1798",1.06507154838606,-4.89754881747459,90
"1799",1.55527336744506,-4.89754881747459,90
"1800",2.04547518650406,-4.89754881747459,90
"1801",-7.26835937561693,-0.135644055569826,91
"1802",-6.77815755655793,-0.135644055569826,91
"1803",-6.28795573749893,-0.135644055569826,91
"1804",-5.79775391843993,-0.135644055569826,91
"1805",-5.30755209938093,-0.135644055569826,91
"1806",-4.81735028032193,-4.89754881747459,91
"1807",-4.32714846126293,-4.89754881747459,91
"1808",-3.83694664220393,-4.89754881747459,91
"1809",-3.34674482314493,-4.89754881747459,91
"1810",-2.85654300408594,-4.89754881747459,91
"1811",-2.36634118502694,-4.89754881747459,91
"1812",-1.87613936596794,-4.89754881747459,91
"1813",-1.38593754690894,-4.89754881747459,91
"1814",-0.895735727849937,-4.89754881747459,91
"1815",-0.405533908790938,-4.89754881747459,91
"1816",0.0846679102680623,-4.89754881747459,91
"1817",0.574869729327061,-4.89754881747459,91
"1818",1.06507154838606,-4.89754881747459,91
"1819",1.55527336744506,-4.89754881747459,91
"1820",2.04547518650406,-4.89754881747459,91
"1821",-7.26835937561693,-0.135644055569826,92
"1822",-6.77815755655793,-0.135644055569826,92
"1823",-6.28795573749893,-0.135644055569826,92
"1824",-5.79775391843993,-0.135644055569826,92
"1825",-5.30755209938093,-2.75469167461745,92
"1826",-4.81735028032193,-3.23088215080792,92
"1827",-4.32714846126293,-3.46897738890316,92
"1828",-3.83694664220393,-3.46897738890316,92
"1829",-3.34674482314493,-3.46897738890316,92
"1830",-2.85654300408594,-3.46897738890316,92
"1831",-2.36634118502694,-3.46897738890316,92
"1832",-1.87613936596794,-3.46897738890316,92
"1833",-1.38593754690894,-3.7070726269984,92
"1834",-0.895735727849937,-4.42135834128411,92
"1835",-0.405533908790938,-4.65945357937935,92
"1836",0.0846679102680623,-4.65945357937935,92
"1837",0.574869729327061,-4.65945357937935,92
"1838",1.06507154838606,-4.65945357937935,92
"1839",1.55527336744506,-4.65945357937935,92
"1840",2.04547518650406,-4.89754881747459,92
"1841",-7.26835937561693,-0.135644055569826,93
"1842",-6.77815755655793,-0.135644055569826,93
"1843",-6.28795573749893,-0.135644055569826,93
"1844",-5.79775391843993,-0.135644055569826,93
"1845",-5.30755209938093,-0.135644055569826,93
"1846",-4.81735028032193,-4.89754881747459,93
"1847",-4.32714846126293,-4.89754881747459,93
"1848",-3.83694664220393,-4.89754881747459,93
"1849",-3.34674482314493,-4.89754881747459,93
"1850",-2.85654300408594,-4.89754881747459,93
"1851",-2.36634118502694,-4.89754881747459,93
"1852",-1.87613936596794,-4.89754881747459,93
"1853",-1.38593754690894,-4.89754881747459,93
"1854",-0.895735727849937,-4.89754881747459,93
"1855",-0.405533908790938,-4.89754881747459,93
"1856",0.0846679102680623,-4.89754881747459,93
"1857",0.574869729327061,-4.89754881747459,93
"1858",1.06507154838606,-4.89754881747459,93
"1859",1.55527336744506,-4.89754881747459,93
"1860",2.04547518650406,-4.89754881747459,93
"1861",-7.26835937561693,-0.135644055569826,94
"1862",-6.77815755655793,-0.135644055569826,94
"1863",-6.28795573749893,-0.135644055569826,94
"1864",-5.79775391843993,-0.135644055569826,94
"1865",-5.30755209938093,-2.04040596033173,94
"1866",-4.81735028032193,-4.89754881747459,94
"1867",-4.32714846126293,-4.89754881747459,94
"1868",-3.83694664220393,-4.89754881747459,94
"1869",-3.34674482314493,-4.89754881747459,94
"1870",-2.85654300408594,-4.89754881747459,94
"1871",-2.36634118502694,-4.89754881747459,94
"1872",-1.87613936596794,-4.89754881747459,94
"1873",-1.38593754690894,-4.89754881747459,94
"1874",-0.895735727849937,-4.89754881747459,94
"1875",-0.405533908790938,-4.89754881747459,94
"1876",0.0846679102680623,-4.89754881747459,94
"1877",0.574869729327061,-4.89754881747459,94
"1878",1.06507154838606,-4.89754881747459,94
"1879",1.55527336744506,-4.89754881747459,94
"1880",2.04547518650406,-4.89754881747459,94
"1881",-7.26835937561693,-0.135644055569826,95
"1882",-6.77815755655793,-0.135644055569826,95
"1883",-6.28795573749893,-0.135644055569826,95
"1884",-5.79775391843993,-0.135644055569826,95
"1885",-5.30755209938093,-2.75469167461745,95
"1886",-4.81735028032193,-2.75469167461745,95
"1887",-4.32714846126293,-2.99278691271268,95
"1888",-3.83694664220393,-2.99278691271268,95
"1889",-3.34674482314493,-2.99278691271268,95
"1890",-2.85654300408594,-2.99278691271268,95
"1891",-2.36634118502694,-2.99278691271268,95
"1892",-1.87613936596794,-2.99278691271268,95
"1893",-1.38593754690894,-2.99278691271268,95
"1894",-0.895735727849937,-2.99278691271268,95
"1895",-0.405533908790938,-3.23088215080792,95
"1896",0.0846679102680623,-3.23088215080792,95
"1897",0.574869729327061,-3.23088215080792,95
"1898",1.06507154838606,-3.23088215080792,95
"1899",1.55527336744506,-3.23088215080792,95
"1900",2.04547518650406,-3.23088215080792,95
"1901",-7.26835937561693,-0.135644055569826,96
"1902",-6.77815755655793,-0.135644055569826,96
"1903",-6.28795573749893,-0.135644055569826,96
"1904",-5.79775391843993,-0.135644055569826,96
"1905",-5.30755209938093,-2.75469167461745,96
"1906",-4.81735028032193,-3.46897738890316,96
"1907",-4.32714846126293,-3.7070726269984,96
"1908",-3.83694664220393,-3.94516786509364,96
"1909",-3.34674482314493,-3.94516786509364,96
"1910",-2.85654300408594,-4.18326310318887,96
"1911",-2.36634118502694,-4.65945357937935,96
"1912",-1.87613936596794,-4.89754881747459,96
"1913",-1.38593754690894,-4.89754881747459,96
"1914",-0.895735727849937,-4.89754881747459,96
"1915",-0.405533908790938,-4.89754881747459,96
"1916",0.0846679102680623,-4.89754881747459,96
"1917",0.574869729327061,-4.89754881747459,96
"1918",1.06507154838606,-4.89754881747459,96
"1919",1.55527336744506,-4.89754881747459,96
"1920",2.04547518650406,-4.89754881747459,96
"1921",-7.26835937561693,-0.135644055569826,97
"1922",-6.77815755655793,-0.135644055569826,97
"1923",-6.28795573749893,-0.135644055569826,97
"1924",-5.79775391843993,-0.135644055569826,97
"1925",-5.30755209938093,-0.135644055569826,97
"1926",-4.81735028032193,-4.18326310318887,97
"1927",-4.32714846126293,-4.42135834128411,97
"1928",-3.83694664220393,-4.42135834128411,97
"1929",-3.34674482314493,-4.42135834128411,97
"1930",-2.85654300408594,-4.65945357937935,97
"1931",-2.36634118502694,-4.65945357937935,97
"1932",-1.87613936596794,-4.65945357937935,97
"1933",-1.38593754690894,-4.65945357937935,97
"1934",-0.895735727849937,-4.65945357937935,97
"1935",-0.405533908790938,-4.65945357937935,97
"1936",0.0846679102680623,-4.65945357937935,97
"1937",0.574869729327061,-4.65945357937935,97
"1938",1.06507154838606,-4.65945357937935,97
"1939",1.55527336744506,-4.65945357937935,97
"1940",2.04547518650406,-4.65945357937935,97
"1941",-7.26835937561693,-0.135644055569826,98
"1942",-6.77815755655793,-0.135644055569826,98
"1943",-6.28795573749893,-0.135644055569826,98
"1944",-5.79775391843993,-0.135644055569826,98
"1945",-5.30755209938093,-1.80231072223649,98
"1946",-4.81735028032193,-4.89754881747459,98
"1947",-4.32714846126293,-4.89754881747459,98
"1948",-3.83694664220393,-4.89754881747459,98
"1949",-3.34674482314493,-4.89754881747459,98
"1950",-2.85654300408594,-4.89754881747459,98
"1951",-2.36634118502694,-4.89754881747459,98
"1952",-1.87613936596794,-4.89754881747459,98
"1953",-1.38593754690894,-4.89754881747459,98
"1954",-0.895735727849937,-4.89754881747459,98
"1955",-0.405533908790938,-4.89754881747459,98
"1956",0.0846679102680623,-4.89754881747459,98
"1957",0.574869729327061,-4.89754881747459,98
"1958",1.06507154838606,-4.89754881747459,98
"1959",1.55527336744506,-4.89754881747459,98
"1960",2.04547518650406,-4.89754881747459,98
"1961",-7.26835937561693,-0.135644055569826,99
"1962",-6.77815755655793,-0.135644055569826,99
"1963",-6.28795573749893,-0.135644055569826,99
"1964",-5.79775391843993,-0.135644055569826,99
"1965",-5.30755209938093,-2.04040596033173,99
"1966",-4.81735028032193,-4.42135834128411,99
"1967",-4.32714846126293,-4.89754881747459,99
"1968",-3.83694664220393,-4.89754881747459,99
"1969",-3.34674482314493,-4.89754881747459,99
"1970",-2.85654300408594,-4.89754881747459,99
"1971",-2.36634118502694,-4.89754881747459,99
"1972",-1.87613936596794,-4.89754881747459,99
"1973",-1.38593754690894,-4.89754881747459,99
"1974",-0.895735727849937,-4.89754881747459,99
"1975",-0.405533908790938,-4.89754881747459,99
"1976",0.0846679102680623,-4.89754881747459,99
"1977",0.574869729327061,-4.89754881747459,99
"1978",1.06507154838606,-4.89754881747459,99
"1979",1.55527336744506,-4.89754881747459,99
"1980",2.04547518650406,-4.89754881747459,99
"1981",-7.26835937561693,-1.80231072223649,100
"1982",-6.77815755655793,-2.04040596033173,100
"1983",-6.28795573749893,-2.27850119842697,100
"1984",-5.79775391843993,-2.51659643652221,100
"1985",-5.30755209938093,-2.75469167461745,100
"1986",-4.81735028032193,-2.99278691271268,100
"1987",-4.32714846126293,-2.99278691271268,100
"1988",-3.83694664220393,-3.23088215080792,100
"1989",-3.34674482314493,-4.65945357937935,100
"1990",-2.85654300408594,-4.89754881747459,100
"1991",-2.36634118502694,-4.89754881747459,100
"1992",-1.87613936596794,-4.89754881747459,100
"1993",-1.38593754690894,-4.89754881747459,100
"1994",-0.895735727849937,-4.89754881747459,100
"1995",-0.405533908790938,-4.89754881747459,100
"1996",0.0846679102680623,-4.89754881747459,100
"1997",0.574869729327061,-4.89754881747459,100
"1998",1.06507154838606,-4.89754881747459,100
"1999",1.55527336744506,-4.89754881747459,100
"2000",2.04547518650406,-4.89754881747459,100
