"","x","y","sample"
"1",-4.31139126064711,1.3963591806529,1
"2",-3.95592325977956,1.3963591806529,1
"3",-3.60045525891201,1.3963591806529,1
"4",-3.24498725804446,1.3963591806529,1
"5",-2.8895192571769,1.3963591806529,1
"6",-2.53405125630935,1.3963591806529,1
"7",-2.1785832554418,1.3963591806529,1
"8",-1.82311525457425,1.3963591806529,1
"9",-1.4676472537067,1.3963591806529,1
"10",-1.11217925283915,1.3963591806529,1
"11",-0.756711251971597,-0.508402724109003,1
"12",-0.401243251104046,-0.984593200299479,1
"13",-0.0457752502364945,-1.22268843839472,1
"14",0.309692750631057,-1.22268843839472,1
"15",0.665160751498608,-1.22268843839472,1
"16",1.02062875236616,-1.22268843839472,1
"17",1.37609675323371,-1.22268843839472,1
"18",1.73156475410126,-1.22268843839472,1
"19",2.08703275496881,-1.22268843839472,1
"20",2.44250075583636,-1.22268843839472,1
"21",-4.31139126064711,1.3963591806529,2
"22",-3.95592325977956,1.3963591806529,2
"23",-3.60045525891201,1.3963591806529,2
"24",-3.24498725804446,1.3963591806529,2
"25",-2.8895192571769,1.3963591806529,2
"26",-2.53405125630935,1.3963591806529,2
"27",-2.1785832554418,1.3963591806529,2
"28",-1.82311525457425,1.3963591806529,2
"29",-1.4676472537067,1.3963591806529,2
"30",-1.11217925283915,0.44397822827195,2
"31",-0.756711251971597,-0.508402724109003,2
"32",-0.401243251104046,-0.984593200299479,2
"33",-0.0457752502364945,-1.22268843839472,2
"34",0.309692750631057,-1.22268843839472,2
"35",0.665160751498608,-1.22268843839472,2
"36",1.02062875236616,-1.22268843839472,2
"37",1.37609675323371,-1.22268843839472,2
"38",1.73156475410126,-1.22268843839472,2
"39",2.08703275496881,-1.22268843839472,2
"40",2.44250075583636,-1.22268843839472,2
"41",-4.31139126064711,1.3963591806529,3
"42",-3.95592325977956,1.3963591806529,3
"43",-3.60045525891201,1.3963591806529,3
"44",-3.24498725804446,1.3963591806529,3
"45",-2.8895192571769,1.3963591806529,3
"46",-2.53405125630935,1.3963591806529,3
"47",-2.1785832554418,1.3963591806529,3
"48",-1.82311525457425,1.3963591806529,3
"49",-1.4676472537067,1.3963591806529,3
"50",-1.11217925283915,1.3963591806529,3
"51",-0.756711251971597,0.205882990176712,3
"52",-0.401243251104046,-0.508402724109003,3
"53",-0.0457752502364945,-0.984593200299479,3
"54",0.309692750631057,-1.22268843839472,3
"55",0.665160751498608,-1.22268843839472,3
"56",1.02062875236616,-1.22268843839472,3
"57",1.37609675323371,-1.22268843839472,3
"58",1.73156475410126,-1.22268843839472,3
"59",2.08703275496881,-1.22268843839472,3
"60",2.44250075583636,-1.22268843839472,3
"61",-4.31139126064711,1.3963591806529,4
"62",-3.95592325977956,1.3963591806529,4
"63",-3.60045525891201,1.3963591806529,4
"64",-3.24498725804446,1.3963591806529,4
"65",-2.8895192571769,1.3963591806529,4
"66",-2.53405125630935,1.3963591806529,4
"67",-2.1785832554418,1.3963591806529,4
"68",-1.82311525457425,1.3963591806529,4
"69",-1.4676472537067,1.3963591806529,4
"70",-1.11217925283915,1.3963591806529,4
"71",-0.756711251971597,-0.508402724109003,4
"72",-0.401243251104046,-0.74649796220424,4
"73",-0.0457752502364945,-0.984593200299479,4
"74",0.309692750631057,-1.22268843839472,4
"75",0.665160751498608,-1.22268843839472,4
"76",1.02062875236616,-1.22268843839472,4
"77",1.37609675323371,-1.22268843839472,4
"78",1.73156475410126,-1.22268843839472,4
"79",2.08703275496881,-1.22268843839472,4
"80",2.44250075583636,-1.22268843839472,4
"81",-4.31139126064711,1.3963591806529,5
"82",-3.95592325977956,1.3963591806529,5
"83",-3.60045525891201,1.3963591806529,5
"84",-3.24498725804446,1.3963591806529,5
"85",-2.8895192571769,1.3963591806529,5
"86",-2.53405125630935,1.3963591806529,5
"87",-2.1785832554418,1.3963591806529,5
"88",-1.82311525457425,1.3963591806529,5
"89",-1.4676472537067,1.3963591806529,5
"90",-1.11217925283915,1.3963591806529,5
"91",-0.756711251971597,-0.270307486013765,5
"92",-0.401243251104046,-0.74649796220424,5
"93",-0.0457752502364945,-0.984593200299479,5
"94",0.309692750631057,-1.22268843839472,5
"95",0.665160751498608,-1.22268843839472,5
"96",1.02062875236616,-1.22268843839472,5
"97",1.37609675323371,-1.22268843839472,5
"98",1.73156475410126,-1.22268843839472,5
"99",2.08703275496881,-1.22268843839472,5
"100",2.44250075583636,-1.22268843839472,5
"101",-4.31139126064711,1.3963591806529,6
"102",-3.95592325977956,1.3963591806529,6
"103",-3.60045525891201,1.3963591806529,6
"104",-3.24498725804446,1.3963591806529,6
"105",-2.8895192571769,1.3963591806529,6
"106",-2.53405125630935,1.3963591806529,6
"107",-2.1785832554418,1.3963591806529,6
"108",-1.82311525457425,1.3963591806529,6
"109",-1.4676472537067,1.3963591806529,6
"110",-1.11217925283915,1.3963591806529,6
"111",-0.756711251971597,-0.0322122479185265,6
"112",-0.401243251104046,-0.74649796220424,6
"113",-0.0457752502364945,-0.984593200299479,6
"114",0.309692750631057,-1.22268843839472,6
"115",0.665160751498608,-1.22268843839472,6
"116",1.02062875236616,-1.22268843839472,6
"117",1.37609675323371,-1.22268843839472,6
"118",1.73156475410126,-1.22268843839472,6
"119",2.08703275496881,-1.22268843839472,6
"120",2.44250075583636,-1.22268843839472,6
"121",-4.31139126064711,1.3963591806529,7
"122",-3.95592325977956,1.3963591806529,7
"123",-3.60045525891201,1.3963591806529,7
"124",-3.24498725804446,1.3963591806529,7
"125",-2.8895192571769,1.3963591806529,7
"126",-2.53405125630935,1.3963591806529,7
"127",-2.1785832554418,1.3963591806529,7
"128",-1.82311525457425,1.3963591806529,7
"129",-1.4676472537067,1.3963591806529,7
"130",-1.11217925283915,1.3963591806529,7
"131",-0.756711251971597,0.682073466367188,7
"132",-0.401243251104046,-0.74649796220424,7
"133",-0.0457752502364945,-1.22268843839472,7
"134",0.309692750631057,-1.22268843839472,7
"135",0.665160751498608,-1.22268843839472,7
"136",1.02062875236616,-1.22268843839472,7
"137",1.37609675323371,-1.22268843839472,7
"138",1.73156475410126,-1.22268843839472,7
"139",2.08703275496881,-1.22268843839472,7
"140",2.44250075583636,-1.22268843839472,7
"141",-4.31139126064711,1.3963591806529,8
"142",-3.95592325977956,1.3963591806529,8
"143",-3.60045525891201,1.3963591806529,8
"144",-3.24498725804446,1.3963591806529,8
"145",-2.8895192571769,1.3963591806529,8
"146",-2.53405125630935,1.3963591806529,8
"147",-2.1785832554418,1.3963591806529,8
"148",-1.82311525457425,1.3963591806529,8
"149",-1.4676472537067,1.3963591806529,8
"150",-1.11217925283915,1.3963591806529,8
"151",-0.756711251971597,0.205882990176712,8
"152",-0.401243251104046,-0.508402724109003,8
"153",-0.0457752502364945,-0.984593200299479,8
"154",0.309692750631057,-1.22268843839472,8
"155",0.665160751498608,-1.22268843839472,8
"156",1.02062875236616,-1.22268843839472,8
"157",1.37609675323371,-1.46078367648995,8
"158",1.73156475410126,-1.46078367648995,8
"159",2.08703275496881,-1.46078367648995,8
"160",2.44250075583636,-1.46078367648995,8
"161",-4.31139126064711,1.3963591806529,9
"162",-3.95592325977956,1.3963591806529,9
"163",-3.60045525891201,1.3963591806529,9
"164",-3.24498725804446,1.3963591806529,9
"165",-2.8895192571769,1.3963591806529,9
"166",-2.53405125630935,1.3963591806529,9
"167",-2.1785832554418,1.3963591806529,9
"168",-1.82311525457425,1.3963591806529,9
"169",-1.4676472537067,1.3963591806529,9
"170",-1.11217925283915,1.3963591806529,9
"171",-0.756711251971597,-0.0322122479185265,9
"172",-0.401243251104046,-0.74649796220424,9
"173",-0.0457752502364945,-0.984593200299479,9
"174",0.309692750631057,-1.22268843839472,9
"175",0.665160751498608,-1.22268843839472,9
"176",1.02062875236616,-1.22268843839472,9
"177",1.37609675323371,-1.22268843839472,9
"178",1.73156475410126,-1.22268843839472,9
"179",2.08703275496881,-1.22268843839472,9
"180",2.44250075583636,-1.22268843839472,9
"181",-4.31139126064711,1.3963591806529,10
"182",-3.95592325977956,1.3963591806529,10
"183",-3.60045525891201,1.3963591806529,10
"184",-3.24498725804446,1.3963591806529,10
"185",-2.8895192571769,1.3963591806529,10
"186",-2.53405125630935,1.3963591806529,10
"187",-2.1785832554418,1.3963591806529,10
"188",-1.82311525457425,1.3963591806529,10
"189",-1.4676472537067,1.3963591806529,10
"190",-1.11217925283915,1.3963591806529,10
"191",-0.756711251971597,-0.508402724109003,10
"192",-0.401243251104046,-0.984593200299479,10
"193",-0.0457752502364945,-1.22268843839472,10
"194",0.309692750631057,-1.22268843839472,10
"195",0.665160751498608,-1.22268843839472,10
"196",1.02062875236616,-1.22268843839472,10
"197",1.37609675323371,-1.22268843839472,10
"198",1.73156475410126,-1.46078367648995,10
"199",2.08703275496881,-1.46078367648995,10
"200",2.44250075583636,-1.46078367648995,10
"201",-4.31139126064711,1.3963591806529,11
"202",-3.95592325977956,1.3963591806529,11
"203",-3.60045525891201,1.3963591806529,11
"204",-3.24498725804446,1.3963591806529,11
"205",-2.8895192571769,1.3963591806529,11
"206",-2.53405125630935,1.3963591806529,11
"207",-2.1785832554418,1.3963591806529,11
"208",-1.82311525457425,1.3963591806529,11
"209",-1.4676472537067,1.3963591806529,11
"210",-1.11217925283915,1.3963591806529,11
"211",-0.756711251971597,0.44397822827195,11
"212",-0.401243251104046,-0.508402724109003,11
"213",-0.0457752502364945,-0.984593200299479,11
"214",0.309692750631057,-1.22268843839472,11
"215",0.665160751498608,-1.22268843839472,11
"216",1.02062875236616,-1.22268843839472,11
"217",1.37609675323371,-1.22268843839472,11
"218",1.73156475410126,-1.22268843839472,11
"219",2.08703275496881,-1.22268843839472,11
"220",2.44250075583636,-1.22268843839472,11
"221",-4.31139126064711,1.3963591806529,12
"222",-3.95592325977956,1.3963591806529,12
"223",-3.60045525891201,1.3963591806529,12
"224",-3.24498725804446,1.3963591806529,12
"225",-2.8895192571769,1.3963591806529,12
"226",-2.53405125630935,1.3963591806529,12
"227",-2.1785832554418,1.3963591806529,12
"228",-1.82311525457425,1.3963591806529,12
"229",-1.4676472537067,1.3963591806529,12
"230",-1.11217925283915,1.3963591806529,12
"231",-0.756711251971597,-0.270307486013765,12
"232",-0.401243251104046,-0.74649796220424,12
"233",-0.0457752502364945,-0.984593200299479,12
"234",0.309692750631057,-1.22268843839472,12
"235",0.665160751498608,-1.22268843839472,12
"236",1.02062875236616,-1.22268843839472,12
"237",1.37609675323371,-1.22268843839472,12
"238",1.73156475410126,-1.22268843839472,12
"239",2.08703275496881,-1.22268843839472,12
"240",2.44250075583636,-1.22268843839472,12
"241",-4.31139126064711,1.3963591806529,13
"242",-3.95592325977956,1.3963591806529,13
"243",-3.60045525891201,1.3963591806529,13
"244",-3.24498725804446,1.3963591806529,13
"245",-2.8895192571769,1.3963591806529,13
"246",-2.53405125630935,1.3963591806529,13
"247",-2.1785832554418,1.3963591806529,13
"248",-1.82311525457425,1.3963591806529,13
"249",-1.4676472537067,1.3963591806529,13
"250",-1.11217925283915,1.3963591806529,13
"251",-0.756711251971597,-0.0322122479185265,13
"252",-0.401243251104046,-0.74649796220424,13
"253",-0.0457752502364945,-0.984593200299479,13
"254",0.309692750631057,-1.22268843839472,13
"255",0.665160751498608,-1.22268843839472,13
"256",1.02062875236616,-1.22268843839472,13
"257",1.37609675323371,-1.22268843839472,13
"258",1.73156475410126,-1.22268843839472,13
"259",2.08703275496881,-1.22268843839472,13
"260",2.44250075583636,-1.22268843839472,13
"261",-4.31139126064711,1.3963591806529,14
"262",-3.95592325977956,1.3963591806529,14
"263",-3.60045525891201,1.3963591806529,14
"264",-3.24498725804446,1.3963591806529,14
"265",-2.8895192571769,1.3963591806529,14
"266",-2.53405125630935,1.3963591806529,14
"267",-2.1785832554418,1.3963591806529,14
"268",-1.82311525457425,1.3963591806529,14
"269",-1.4676472537067,1.3963591806529,14
"270",-1.11217925283915,1.3963591806529,14
"271",-0.756711251971597,1.15826394255766,14
"272",-0.401243251104046,-0.508402724109003,14
"273",-0.0457752502364945,-0.984593200299479,14
"274",0.309692750631057,-1.22268843839472,14
"275",0.665160751498608,-1.22268843839472,14
"276",1.02062875236616,-1.22268843839472,14
"277",1.37609675323371,-1.22268843839472,14
"278",1.73156475410126,-1.22268843839472,14
"279",2.08703275496881,-1.22268843839472,14
"280",2.44250075583636,-1.22268843839472,14
"281",-4.31139126064711,1.3963591806529,15
"282",-3.95592325977956,1.3963591806529,15
"283",-3.60045525891201,1.3963591806529,15
"284",-3.24498725804446,1.3963591806529,15
"285",-2.8895192571769,1.3963591806529,15
"286",-2.53405125630935,1.3963591806529,15
"287",-2.1785832554418,1.3963591806529,15
"288",-1.82311525457425,1.3963591806529,15
"289",-1.4676472537067,1.3963591806529,15
"290",-1.11217925283915,1.3963591806529,15
"291",-0.756711251971597,0.205882990176712,15
"292",-0.401243251104046,-0.74649796220424,15
"293",-0.0457752502364945,-1.22268843839472,15
"294",0.309692750631057,-1.22268843839472,15
"295",0.665160751498608,-1.22268843839472,15
"296",1.02062875236616,-1.22268843839472,15
"297",1.37609675323371,-1.22268843839472,15
"298",1.73156475410126,-1.22268843839472,15
"299",2.08703275496881,-1.22268843839472,15
"300",2.44250075583636,-1.22268843839472,15
"301",-4.31139126064711,1.3963591806529,16
"302",-3.95592325977956,1.3963591806529,16
"303",-3.60045525891201,1.3963591806529,16
"304",-3.24498725804446,1.3963591806529,16
"305",-2.8895192571769,1.3963591806529,16
"306",-2.53405125630935,1.3963591806529,16
"307",-2.1785832554418,1.3963591806529,16
"308",-1.82311525457425,1.3963591806529,16
"309",-1.4676472537067,1.3963591806529,16
"310",-1.11217925283915,1.3963591806529,16
"311",-0.756711251971597,0.682073466367188,16
"312",-0.401243251104046,-0.508402724109003,16
"313",-0.0457752502364945,-0.984593200299479,16
"314",0.309692750631057,-1.22268843839472,16
"315",0.665160751498608,-1.22268843839472,16
"316",1.02062875236616,-1.22268843839472,16
"317",1.37609675323371,-1.22268843839472,16
"318",1.73156475410126,-1.22268843839472,16
"319",2.08703275496881,-1.22268843839472,16
"320",2.44250075583636,-1.22268843839472,16
"321",-4.31139126064711,1.3963591806529,17
"322",-3.95592325977956,1.3963591806529,17
"323",-3.60045525891201,1.3963591806529,17
"324",-3.24498725804446,1.3963591806529,17
"325",-2.8895192571769,1.3963591806529,17
"326",-2.53405125630935,1.3963591806529,17
"327",-2.1785832554418,1.3963591806529,17
"328",-1.82311525457425,1.3963591806529,17
"329",-1.4676472537067,1.3963591806529,17
"330",-1.11217925283915,1.3963591806529,17
"331",-0.756711251971597,-0.270307486013765,17
"332",-0.401243251104046,-0.74649796220424,17
"333",-0.0457752502364945,-1.22268843839472,17
"334",0.309692750631057,-1.22268843839472,17
"335",0.665160751498608,-1.22268843839472,17
"336",1.02062875236616,-1.22268843839472,17
"337",1.37609675323371,-1.22268843839472,17
"338",1.73156475410126,-1.22268843839472,17
"339",2.08703275496881,-1.22268843839472,17
"340",2.44250075583636,-1.22268843839472,17
"341",-4.31139126064711,1.3963591806529,18
"342",-3.95592325977956,1.3963591806529,18
"343",-3.60045525891201,1.3963591806529,18
"344",-3.24498725804446,1.3963591806529,18
"345",-2.8895192571769,1.3963591806529,18
"346",-2.53405125630935,1.3963591806529,18
"347",-2.1785832554418,1.3963591806529,18
"348",-1.82311525457425,1.3963591806529,18
"349",-1.4676472537067,1.3963591806529,18
"350",-1.11217925283915,1.3963591806529,18
"351",-0.756711251971597,-0.0322122479185265,18
"352",-0.401243251104046,-0.74649796220424,18
"353",-0.0457752502364945,-0.984593200299479,18
"354",0.309692750631057,-1.22268843839472,18
"355",0.665160751498608,-1.22268843839472,18
"356",1.02062875236616,-1.22268843839472,18
"357",1.37609675323371,-1.22268843839472,18
"358",1.73156475410126,-1.22268843839472,18
"359",2.08703275496881,-1.22268843839472,18
"360",2.44250075583636,-1.22268843839472,18
"361",-4.31139126064711,1.3963591806529,19
"362",-3.95592325977956,1.3963591806529,19
"363",-3.60045525891201,1.3963591806529,19
"364",-3.24498725804446,1.3963591806529,19
"365",-2.8895192571769,1.3963591806529,19
"366",-2.53405125630935,1.3963591806529,19
"367",-2.1785832554418,1.3963591806529,19
"368",-1.82311525457425,1.3963591806529,19
"369",-1.4676472537067,1.3963591806529,19
"370",-1.11217925283915,1.3963591806529,19
"371",-0.756711251971597,-0.0322122479185265,19
"372",-0.401243251104046,-0.74649796220424,19
"373",-0.0457752502364945,-0.984593200299479,19
"374",0.309692750631057,-1.22268843839472,19
"375",0.665160751498608,-1.22268843839472,19
"376",1.02062875236616,-1.22268843839472,19
"377",1.37609675323371,-1.22268843839472,19
"378",1.73156475410126,-1.22268843839472,19
"379",2.08703275496881,-1.22268843839472,19
"380",2.44250075583636,-1.22268843839472,19
"381",-4.31139126064711,1.3963591806529,20
"382",-3.95592325977956,1.3963591806529,20
"383",-3.60045525891201,1.3963591806529,20
"384",-3.24498725804446,1.3963591806529,20
"385",-2.8895192571769,1.3963591806529,20
"386",-2.53405125630935,1.3963591806529,20
"387",-2.1785832554418,1.3963591806529,20
"388",-1.82311525457425,1.3963591806529,20
"389",-1.4676472537067,1.3963591806529,20
"390",-1.11217925283915,1.3963591806529,20
"391",-0.756711251971597,-0.270307486013765,20
"392",-0.401243251104046,-0.74649796220424,20
"393",-0.0457752502364945,-0.984593200299479,20
"394",0.309692750631057,-1.22268843839472,20
"395",0.665160751498608,-1.22268843839472,20
"396",1.02062875236616,-1.22268843839472,20
"397",1.37609675323371,-1.22268843839472,20
"398",1.73156475410126,-1.22268843839472,20
"399",2.08703275496881,-1.46078367648995,20
"400",2.44250075583636,-1.46078367648995,20
"401",-4.31139126064711,1.3963591806529,21
"402",-3.95592325977956,1.3963591806529,21
"403",-3.60045525891201,1.3963591806529,21
"404",-3.24498725804446,1.3963591806529,21
"405",-2.8895192571769,1.3963591806529,21
"406",-2.53405125630935,1.3963591806529,21
"407",-2.1785832554418,1.3963591806529,21
"408",-1.82311525457425,1.3963591806529,21
"409",-1.4676472537067,1.3963591806529,21
"410",-1.11217925283915,1.3963591806529,21
"411",-0.756711251971597,-0.508402724109003,21
"412",-0.401243251104046,-0.984593200299479,21
"413",-0.0457752502364945,-1.22268843839472,21
"414",0.309692750631057,-1.22268843839472,21
"415",0.665160751498608,-1.22268843839472,21
"416",1.02062875236616,-1.22268843839472,21
"417",1.37609675323371,-1.22268843839472,21
"418",1.73156475410126,-1.22268843839472,21
"419",2.08703275496881,-1.46078367648995,21
"420",2.44250075583636,-1.46078367648995,21
"421",-4.31139126064711,1.3963591806529,22
"422",-3.95592325977956,1.3963591806529,22
"423",-3.60045525891201,1.3963591806529,22
"424",-3.24498725804446,1.3963591806529,22
"425",-2.8895192571769,1.3963591806529,22
"426",-2.53405125630935,1.3963591806529,22
"427",-2.1785832554418,1.3963591806529,22
"428",-1.82311525457425,1.3963591806529,22
"429",-1.4676472537067,1.3963591806529,22
"430",-1.11217925283915,1.3963591806529,22
"431",-0.756711251971597,-0.508402724109003,22
"432",-0.401243251104046,-0.984593200299479,22
"433",-0.0457752502364945,-1.22268843839472,22
"434",0.309692750631057,-1.22268843839472,22
"435",0.665160751498608,-1.22268843839472,22
"436",1.02062875236616,-1.22268843839472,22
"437",1.37609675323371,-1.22268843839472,22
"438",1.73156475410126,-1.22268843839472,22
"439",2.08703275496881,-1.22268843839472,22
"440",2.44250075583636,-1.22268843839472,22
"441",-4.31139126064711,1.3963591806529,23
"442",-3.95592325977956,1.3963591806529,23
"443",-3.60045525891201,1.3963591806529,23
"444",-3.24498725804446,1.3963591806529,23
"445",-2.8895192571769,1.3963591806529,23
"446",-2.53405125630935,1.3963591806529,23
"447",-2.1785832554418,1.3963591806529,23
"448",-1.82311525457425,1.3963591806529,23
"449",-1.4676472537067,1.3963591806529,23
"450",-1.11217925283915,1.3963591806529,23
"451",-0.756711251971597,0.44397822827195,23
"452",-0.401243251104046,-0.508402724109003,23
"453",-0.0457752502364945,-0.984593200299479,23
"454",0.309692750631057,-1.22268843839472,23
"455",0.665160751498608,-1.22268843839472,23
"456",1.02062875236616,-1.22268843839472,23
"457",1.37609675323371,-1.22268843839472,23
"458",1.73156475410126,-1.22268843839472,23
"459",2.08703275496881,-1.22268843839472,23
"460",2.44250075583636,-1.22268843839472,23
"461",-4.31139126064711,1.3963591806529,24
"462",-3.95592325977956,1.3963591806529,24
"463",-3.60045525891201,1.3963591806529,24
"464",-3.24498725804446,1.3963591806529,24
"465",-2.8895192571769,1.3963591806529,24
"466",-2.53405125630935,1.3963591806529,24
"467",-2.1785832554418,1.3963591806529,24
"468",-1.82311525457425,1.3963591806529,24
"469",-1.4676472537067,1.3963591806529,24
"470",-1.11217925283915,0.682073466367188,24
"471",-0.756711251971597,-0.508402724109003,24
"472",-0.401243251104046,-0.74649796220424,24
"473",-0.0457752502364945,-0.984593200299479,24
"474",0.309692750631057,-1.22268843839472,24
"475",0.665160751498608,-1.22268843839472,24
"476",1.02062875236616,-1.22268843839472,24
"477",1.37609675323371,-1.22268843839472,24
"478",1.73156475410126,-1.22268843839472,24
"479",2.08703275496881,-1.22268843839472,24
"480",2.44250075583636,-1.22268843839472,24
"481",-4.31139126064711,1.3963591806529,25
"482",-3.95592325977956,1.3963591806529,25
"483",-3.60045525891201,1.3963591806529,25
"484",-3.24498725804446,1.3963591806529,25
"485",-2.8895192571769,1.3963591806529,25
"486",-2.53405125630935,1.3963591806529,25
"487",-2.1785832554418,1.3963591806529,25
"488",-1.82311525457425,1.3963591806529,25
"489",-1.4676472537067,1.3963591806529,25
"490",-1.11217925283915,1.3963591806529,25
"491",-0.756711251971597,-0.0322122479185265,25
"492",-0.401243251104046,-0.984593200299479,25
"493",-0.0457752502364945,-1.22268843839472,25
"494",0.309692750631057,-1.22268843839472,25
"495",0.665160751498608,-1.22268843839472,25
"496",1.02062875236616,-1.22268843839472,25
"497",1.37609675323371,-1.22268843839472,25
"498",1.73156475410126,-1.22268843839472,25
"499",2.08703275496881,-1.22268843839472,25
"500",2.44250075583636,-1.22268843839472,25
"501",-4.31139126064711,1.3963591806529,26
"502",-3.95592325977956,1.3963591806529,26
"503",-3.60045525891201,1.3963591806529,26
"504",-3.24498725804446,1.3963591806529,26
"505",-2.8895192571769,1.3963591806529,26
"506",-2.53405125630935,1.3963591806529,26
"507",-2.1785832554418,1.3963591806529,26
"508",-1.82311525457425,1.3963591806529,26
"509",-1.4676472537067,1.3963591806529,26
"510",-1.11217925283915,1.3963591806529,26
"511",-0.756711251971597,0.44397822827195,26
"512",-0.401243251104046,-0.74649796220424,26
"513",-0.0457752502364945,-1.22268843839472,26
"514",0.309692750631057,-1.22268843839472,26
"515",0.665160751498608,-1.22268843839472,26
"516",1.02062875236616,-1.22268843839472,26
"517",1.37609675323371,-1.22268843839472,26
"518",1.73156475410126,-1.22268843839472,26
"519",2.08703275496881,-1.22268843839472,26
"520",2.44250075583636,-1.22268843839472,26
"521",-4.31139126064711,1.3963591806529,27
"522",-3.95592325977956,1.3963591806529,27
"523",-3.60045525891201,1.3963591806529,27
"524",-3.24498725804446,1.3963591806529,27
"525",-2.8895192571769,1.3963591806529,27
"526",-2.53405125630935,1.3963591806529,27
"527",-2.1785832554418,1.3963591806529,27
"528",-1.82311525457425,1.3963591806529,27
"529",-1.4676472537067,1.3963591806529,27
"530",-1.11217925283915,1.3963591806529,27
"531",-0.756711251971597,0.205882990176712,27
"532",-0.401243251104046,-0.508402724109003,27
"533",-0.0457752502364945,-0.984593200299479,27
"534",0.309692750631057,-1.22268843839472,27
"535",0.665160751498608,-1.22268843839472,27
"536",1.02062875236616,-1.22268843839472,27
"537",1.37609675323371,-1.22268843839472,27
"538",1.73156475410126,-1.22268843839472,27
"539",2.08703275496881,-1.22268843839472,27
"540",2.44250075583636,-1.22268843839472,27
"541",-4.31139126064711,1.3963591806529,28
"542",-3.95592325977956,1.3963591806529,28
"543",-3.60045525891201,1.3963591806529,28
"544",-3.24498725804446,1.3963591806529,28
"545",-2.8895192571769,1.3963591806529,28
"546",-2.53405125630935,1.3963591806529,28
"547",-2.1785832554418,1.3963591806529,28
"548",-1.82311525457425,1.3963591806529,28
"549",-1.4676472537067,1.3963591806529,28
"550",-1.11217925283915,1.3963591806529,28
"551",-0.756711251971597,-0.508402724109003,28
"552",-0.401243251104046,-0.984593200299479,28
"553",-0.0457752502364945,-1.22268843839472,28
"554",0.309692750631057,-1.22268843839472,28
"555",0.665160751498608,-1.22268843839472,28
"556",1.02062875236616,-1.22268843839472,28
"557",1.37609675323371,-1.22268843839472,28
"558",1.73156475410126,-1.22268843839472,28
"559",2.08703275496881,-1.22268843839472,28
"560",2.44250075583636,-1.22268843839472,28
"561",-4.31139126064711,1.3963591806529,29
"562",-3.95592325977956,1.3963591806529,29
"563",-3.60045525891201,1.3963591806529,29
"564",-3.24498725804446,1.3963591806529,29
"565",-2.8895192571769,1.3963591806529,29
"566",-2.53405125630935,1.3963591806529,29
"567",-2.1785832554418,1.3963591806529,29
"568",-1.82311525457425,1.3963591806529,29
"569",-1.4676472537067,1.3963591806529,29
"570",-1.11217925283915,1.3963591806529,29
"571",-0.756711251971597,0.920168704462426,29
"572",-0.401243251104046,-0.508402724109003,29
"573",-0.0457752502364945,-0.984593200299479,29
"574",0.309692750631057,-1.22268843839472,29
"575",0.665160751498608,-1.22268843839472,29
"576",1.02062875236616,-1.22268843839472,29
"577",1.37609675323371,-1.22268843839472,29
"578",1.73156475410126,-1.22268843839472,29
"579",2.08703275496881,-1.22268843839472,29
"580",2.44250075583636,-1.22268843839472,29
"581",-4.31139126064711,1.3963591806529,30
"582",-3.95592325977956,1.3963591806529,30
"583",-3.60045525891201,1.3963591806529,30
"584",-3.24498725804446,1.3963591806529,30
"585",-2.8895192571769,1.3963591806529,30
"586",-2.53405125630935,1.3963591806529,30
"587",-2.1785832554418,1.3963591806529,30
"588",-1.82311525457425,1.3963591806529,30
"589",-1.4676472537067,1.3963591806529,30
"590",-1.11217925283915,1.3963591806529,30
"591",-0.756711251971597,-0.0322122479185265,30
"592",-0.401243251104046,-0.74649796220424,30
"593",-0.0457752502364945,-0.984593200299479,30
"594",0.309692750631057,-1.22268843839472,30
"595",0.665160751498608,-1.22268843839472,30
"596",1.02062875236616,-1.22268843839472,30
"597",1.37609675323371,-1.22268843839472,30
"598",1.73156475410126,-1.22268843839472,30
"599",2.08703275496881,-1.22268843839472,30
"600",2.44250075583636,-1.22268843839472,30
"601",-4.31139126064711,1.3963591806529,31
"602",-3.95592325977956,1.3963591806529,31
"603",-3.60045525891201,1.3963591806529,31
"604",-3.24498725804446,1.3963591806529,31
"605",-2.8895192571769,1.3963591806529,31
"606",-2.53405125630935,1.3963591806529,31
"607",-2.1785832554418,1.3963591806529,31
"608",-1.82311525457425,1.3963591806529,31
"609",-1.4676472537067,1.3963591806529,31
"610",-1.11217925283915,1.3963591806529,31
"611",-0.756711251971597,0.205882990176712,31
"612",-0.401243251104046,-0.74649796220424,31
"613",-0.0457752502364945,-0.984593200299479,31
"614",0.309692750631057,-1.22268843839472,31
"615",0.665160751498608,-1.22268843839472,31
"616",1.02062875236616,-1.22268843839472,31
"617",1.37609675323371,-1.22268843839472,31
"618",1.73156475410126,-1.22268843839472,31
"619",2.08703275496881,-1.22268843839472,31
"620",2.44250075583636,-1.22268843839472,31
"621",-4.31139126064711,1.3963591806529,32
"622",-3.95592325977956,1.3963591806529,32
"623",-3.60045525891201,1.3963591806529,32
"624",-3.24498725804446,1.3963591806529,32
"625",-2.8895192571769,1.3963591806529,32
"626",-2.53405125630935,1.3963591806529,32
"627",-2.1785832554418,1.3963591806529,32
"628",-1.82311525457425,1.3963591806529,32
"629",-1.4676472537067,1.3963591806529,32
"630",-1.11217925283915,1.3963591806529,32
"631",-0.756711251971597,1.3963591806529,32
"632",-0.401243251104046,-0.508402724109003,32
"633",-0.0457752502364945,-0.984593200299479,32
"634",0.309692750631057,-1.22268843839472,32
"635",0.665160751498608,-1.22268843839472,32
"636",1.02062875236616,-1.22268843839472,32
"637",1.37609675323371,-1.22268843839472,32
"638",1.73156475410126,-1.22268843839472,32
"639",2.08703275496881,-1.22268843839472,32
"640",2.44250075583636,-1.22268843839472,32
"641",-4.31139126064711,1.3963591806529,33
"642",-3.95592325977956,1.3963591806529,33
"643",-3.60045525891201,1.3963591806529,33
"644",-3.24498725804446,1.3963591806529,33
"645",-2.8895192571769,1.3963591806529,33
"646",-2.53405125630935,1.3963591806529,33
"647",-2.1785832554418,1.3963591806529,33
"648",-1.82311525457425,1.3963591806529,33
"649",-1.4676472537067,1.3963591806529,33
"650",-1.11217925283915,1.3963591806529,33
"651",-0.756711251971597,0.205882990176712,33
"652",-0.401243251104046,-0.508402724109003,33
"653",-0.0457752502364945,-0.984593200299479,33
"654",0.309692750631057,-1.22268843839472,33
"655",0.665160751498608,-1.22268843839472,33
"656",1.02062875236616,-1.22268843839472,33
"657",1.37609675323371,-1.22268843839472,33
"658",1.73156475410126,-1.22268843839472,33
"659",2.08703275496881,-1.22268843839472,33
"660",2.44250075583636,-1.22268843839472,33
"661",-4.31139126064711,1.3963591806529,34
"662",-3.95592325977956,1.3963591806529,34
"663",-3.60045525891201,1.3963591806529,34
"664",-3.24498725804446,1.3963591806529,34
"665",-2.8895192571769,1.3963591806529,34
"666",-2.53405125630935,1.3963591806529,34
"667",-2.1785832554418,1.3963591806529,34
"668",-1.82311525457425,1.3963591806529,34
"669",-1.4676472537067,1.3963591806529,34
"670",-1.11217925283915,1.3963591806529,34
"671",-0.756711251971597,-0.270307486013765,34
"672",-0.401243251104046,-0.74649796220424,34
"673",-0.0457752502364945,-0.984593200299479,34
"674",0.309692750631057,-1.22268843839472,34
"675",0.665160751498608,-1.22268843839472,34
"676",1.02062875236616,-1.46078367648995,34
"677",1.37609675323371,-1.46078367648995,34
"678",1.73156475410126,-1.46078367648995,34
"679",2.08703275496881,-1.69887891458519,34
"680",2.44250075583636,-1.69887891458519,34
"681",-4.31139126064711,1.3963591806529,35
"682",-3.95592325977956,1.3963591806529,35
"683",-3.60045525891201,1.3963591806529,35
"684",-3.24498725804446,1.3963591806529,35
"685",-2.8895192571769,1.3963591806529,35
"686",-2.53405125630935,1.3963591806529,35
"687",-2.1785832554418,1.3963591806529,35
"688",-1.82311525457425,1.3963591806529,35
"689",-1.4676472537067,1.3963591806529,35
"690",-1.11217925283915,1.3963591806529,35
"691",-0.756711251971597,0.920168704462426,35
"692",-0.401243251104046,-0.508402724109003,35
"693",-0.0457752502364945,-0.984593200299479,35
"694",0.309692750631057,-1.22268843839472,35
"695",0.665160751498608,-1.22268843839472,35
"696",1.02062875236616,-1.22268843839472,35
"697",1.37609675323371,-1.22268843839472,35
"698",1.73156475410126,-1.22268843839472,35
"699",2.08703275496881,-1.22268843839472,35
"700",2.44250075583636,-1.22268843839472,35
"701",-4.31139126064711,1.3963591806529,36
"702",-3.95592325977956,1.3963591806529,36
"703",-3.60045525891201,1.3963591806529,36
"704",-3.24498725804446,1.3963591806529,36
"705",-2.8895192571769,1.3963591806529,36
"706",-2.53405125630935,1.3963591806529,36
"707",-2.1785832554418,1.3963591806529,36
"708",-1.82311525457425,1.3963591806529,36
"709",-1.4676472537067,1.3963591806529,36
"710",-1.11217925283915,1.3963591806529,36
"711",-0.756711251971597,0.682073466367188,36
"712",-0.401243251104046,-0.508402724109003,36
"713",-0.0457752502364945,-0.984593200299479,36
"714",0.309692750631057,-1.22268843839472,36
"715",0.665160751498608,-1.22268843839472,36
"716",1.02062875236616,-1.22268843839472,36
"717",1.37609675323371,-1.22268843839472,36
"718",1.73156475410126,-1.22268843839472,36
"719",2.08703275496881,-1.22268843839472,36
"720",2.44250075583636,-1.22268843839472,36
"721",-4.31139126064711,1.3963591806529,37
"722",-3.95592325977956,1.3963591806529,37
"723",-3.60045525891201,1.3963591806529,37
"724",-3.24498725804446,1.3963591806529,37
"725",-2.8895192571769,1.3963591806529,37
"726",-2.53405125630935,1.3963591806529,37
"727",-2.1785832554418,1.3963591806529,37
"728",-1.82311525457425,1.3963591806529,37
"729",-1.4676472537067,1.3963591806529,37
"730",-1.11217925283915,1.3963591806529,37
"731",-0.756711251971597,-0.508402724109003,37
"732",-0.401243251104046,-0.74649796220424,37
"733",-0.0457752502364945,-0.984593200299479,37
"734",0.309692750631057,-1.22268843839472,37
"735",0.665160751498608,-1.22268843839472,37
"736",1.02062875236616,-1.22268843839472,37
"737",1.37609675323371,-1.22268843839472,37
"738",1.73156475410126,-1.22268843839472,37
"739",2.08703275496881,-1.22268843839472,37
"740",2.44250075583636,-1.22268843839472,37
"741",-4.31139126064711,1.3963591806529,38
"742",-3.95592325977956,1.3963591806529,38
"743",-3.60045525891201,1.3963591806529,38
"744",-3.24498725804446,1.3963591806529,38
"745",-2.8895192571769,1.3963591806529,38
"746",-2.53405125630935,1.3963591806529,38
"747",-2.1785832554418,1.3963591806529,38
"748",-1.82311525457425,1.3963591806529,38
"749",-1.4676472537067,1.3963591806529,38
"750",-1.11217925283915,1.3963591806529,38
"751",-0.756711251971597,-0.270307486013765,38
"752",-0.401243251104046,-0.74649796220424,38
"753",-0.0457752502364945,-0.984593200299479,38
"754",0.309692750631057,-1.22268843839472,38
"755",0.665160751498608,-1.22268843839472,38
"756",1.02062875236616,-1.22268843839472,38
"757",1.37609675323371,-1.22268843839472,38
"758",1.73156475410126,-1.22268843839472,38
"759",2.08703275496881,-1.22268843839472,38
"760",2.44250075583636,-1.22268843839472,38
"761",-4.31139126064711,1.3963591806529,39
"762",-3.95592325977956,1.3963591806529,39
"763",-3.60045525891201,1.3963591806529,39
"764",-3.24498725804446,1.3963591806529,39
"765",-2.8895192571769,1.3963591806529,39
"766",-2.53405125630935,1.3963591806529,39
"767",-2.1785832554418,1.3963591806529,39
"768",-1.82311525457425,1.3963591806529,39
"769",-1.4676472537067,1.3963591806529,39
"770",-1.11217925283915,1.3963591806529,39
"771",-0.756711251971597,0.205882990176712,39
"772",-0.401243251104046,-0.74649796220424,39
"773",-0.0457752502364945,-0.984593200299479,39
"774",0.309692750631057,-1.22268843839472,39
"775",0.665160751498608,-1.22268843839472,39
"776",1.02062875236616,-1.22268843839472,39
"777",1.37609675323371,-1.22268843839472,39
"778",1.73156475410126,-1.22268843839472,39
"779",2.08703275496881,-1.22268843839472,39
"780",2.44250075583636,-1.22268843839472,39
"781",-4.31139126064711,1.3963591806529,40
"782",-3.95592325977956,1.3963591806529,40
"783",-3.60045525891201,1.3963591806529,40
"784",-3.24498725804446,1.3963591806529,40
"785",-2.8895192571769,1.3963591806529,40
"786",-2.53405125630935,1.3963591806529,40
"787",-2.1785832554418,1.3963591806529,40
"788",-1.82311525457425,1.3963591806529,40
"789",-1.4676472537067,1.3963591806529,40
"790",-1.11217925283915,1.3963591806529,40
"791",-0.756711251971597,0.682073466367188,40
"792",-0.401243251104046,-0.270307486013765,40
"793",-0.0457752502364945,-0.984593200299479,40
"794",0.309692750631057,-1.22268843839472,40
"795",0.665160751498608,-1.22268843839472,40
"796",1.02062875236616,-1.22268843839472,40
"797",1.37609675323371,-1.22268843839472,40
"798",1.73156475410126,-1.22268843839472,40
"799",2.08703275496881,-1.22268843839472,40
"800",2.44250075583636,-1.22268843839472,40
"801",-4.31139126064711,1.3963591806529,41
"802",-3.95592325977956,1.3963591806529,41
"803",-3.60045525891201,1.3963591806529,41
"804",-3.24498725804446,1.3963591806529,41
"805",-2.8895192571769,1.3963591806529,41
"806",-2.53405125630935,1.3963591806529,41
"807",-2.1785832554418,1.3963591806529,41
"808",-1.82311525457425,1.3963591806529,41
"809",-1.4676472537067,1.3963591806529,41
"810",-1.11217925283915,1.3963591806529,41
"811",-0.756711251971597,-0.508402724109003,41
"812",-0.401243251104046,-0.984593200299479,41
"813",-0.0457752502364945,-1.22268843839472,41
"814",0.309692750631057,-1.22268843839472,41
"815",0.665160751498608,-1.22268843839472,41
"816",1.02062875236616,-1.22268843839472,41
"817",1.37609675323371,-1.22268843839472,41
"818",1.73156475410126,-1.22268843839472,41
"819",2.08703275496881,-1.22268843839472,41
"820",2.44250075583636,-1.22268843839472,41
"821",-4.31139126064711,1.3963591806529,42
"822",-3.95592325977956,1.3963591806529,42
"823",-3.60045525891201,1.3963591806529,42
"824",-3.24498725804446,1.3963591806529,42
"825",-2.8895192571769,1.3963591806529,42
"826",-2.53405125630935,1.3963591806529,42
"827",-2.1785832554418,1.3963591806529,42
"828",-1.82311525457425,1.3963591806529,42
"829",-1.4676472537067,1.3963591806529,42
"830",-1.11217925283915,0.44397822827195,42
"831",-0.756711251971597,-0.74649796220424,42
"832",-0.401243251104046,-0.984593200299479,42
"833",-0.0457752502364945,-1.22268843839472,42
"834",0.309692750631057,-1.22268843839472,42
"835",0.665160751498608,-1.22268843839472,42
"836",1.02062875236616,-1.22268843839472,42
"837",1.37609675323371,-1.22268843839472,42
"838",1.73156475410126,-1.22268843839472,42
"839",2.08703275496881,-1.22268843839472,42
"840",2.44250075583636,-1.22268843839472,42
"841",-4.31139126064711,1.3963591806529,43
"842",-3.95592325977956,1.3963591806529,43
"843",-3.60045525891201,1.3963591806529,43
"844",-3.24498725804446,1.3963591806529,43
"845",-2.8895192571769,1.3963591806529,43
"846",-2.53405125630935,1.3963591806529,43
"847",-2.1785832554418,1.3963591806529,43
"848",-1.82311525457425,1.3963591806529,43
"849",-1.4676472537067,1.3963591806529,43
"850",-1.11217925283915,1.3963591806529,43
"851",-0.756711251971597,-0.270307486013765,43
"852",-0.401243251104046,-0.984593200299479,43
"853",-0.0457752502364945,-1.22268843839472,43
"854",0.309692750631057,-1.22268843839472,43
"855",0.665160751498608,-1.22268843839472,43
"856",1.02062875236616,-1.22268843839472,43
"857",1.37609675323371,-1.22268843839472,43
"858",1.73156475410126,-1.22268843839472,43
"859",2.08703275496881,-1.22268843839472,43
"860",2.44250075583636,-1.22268843839472,43
"861",-4.31139126064711,1.3963591806529,44
"862",-3.95592325977956,1.3963591806529,44
"863",-3.60045525891201,1.3963591806529,44
"864",-3.24498725804446,1.3963591806529,44
"865",-2.8895192571769,1.3963591806529,44
"866",-2.53405125630935,1.3963591806529,44
"867",-2.1785832554418,1.3963591806529,44
"868",-1.82311525457425,1.3963591806529,44
"869",-1.4676472537067,1.3963591806529,44
"870",-1.11217925283915,1.3963591806529,44
"871",-0.756711251971597,0.205882990176712,44
"872",-0.401243251104046,-0.508402724109003,44
"873",-0.0457752502364945,-0.984593200299479,44
"874",0.309692750631057,-1.22268843839472,44
"875",0.665160751498608,-1.22268843839472,44
"876",1.02062875236616,-1.22268843839472,44
"877",1.37609675323371,-1.22268843839472,44
"878",1.73156475410126,-1.22268843839472,44
"879",2.08703275496881,-1.22268843839472,44
"880",2.44250075583636,-1.22268843839472,44
"881",-4.31139126064711,1.3963591806529,45
"882",-3.95592325977956,1.3963591806529,45
"883",-3.60045525891201,1.3963591806529,45
"884",-3.24498725804446,1.3963591806529,45
"885",-2.8895192571769,1.3963591806529,45
"886",-2.53405125630935,1.3963591806529,45
"887",-2.1785832554418,1.3963591806529,45
"888",-1.82311525457425,1.3963591806529,45
"889",-1.4676472537067,1.3963591806529,45
"890",-1.11217925283915,1.3963591806529,45
"891",-0.756711251971597,0.205882990176712,45
"892",-0.401243251104046,-0.74649796220424,45
"893",-0.0457752502364945,-1.22268843839472,45
"894",0.309692750631057,-1.22268843839472,45
"895",0.665160751498608,-1.22268843839472,45
"896",1.02062875236616,-1.22268843839472,45
"897",1.37609675323371,-1.22268843839472,45
"898",1.73156475410126,-1.22268843839472,45
"899",2.08703275496881,-1.22268843839472,45
"900",2.44250075583636,-1.22268843839472,45
"901",-4.31139126064711,1.3963591806529,46
"902",-3.95592325977956,1.3963591806529,46
"903",-3.60045525891201,1.3963591806529,46
"904",-3.24498725804446,1.3963591806529,46
"905",-2.8895192571769,1.3963591806529,46
"906",-2.53405125630935,1.3963591806529,46
"907",-2.1785832554418,1.3963591806529,46
"908",-1.82311525457425,1.3963591806529,46
"909",-1.4676472537067,1.3963591806529,46
"910",-1.11217925283915,1.3963591806529,46
"911",-0.756711251971597,-0.0322122479185265,46
"912",-0.401243251104046,-0.74649796220424,46
"913",-0.0457752502364945,-0.984593200299479,46
"914",0.309692750631057,-1.22268843839472,46
"915",0.665160751498608,-1.22268843839472,46
"916",1.02062875236616,-1.22268843839472,46
"917",1.37609675323371,-1.22268843839472,46
"918",1.73156475410126,-1.22268843839472,46
"919",2.08703275496881,-1.22268843839472,46
"920",2.44250075583636,-1.22268843839472,46
"921",-4.31139126064711,1.3963591806529,47
"922",-3.95592325977956,1.3963591806529,47
"923",-3.60045525891201,1.3963591806529,47
"924",-3.24498725804446,1.3963591806529,47
"925",-2.8895192571769,1.3963591806529,47
"926",-2.53405125630935,1.3963591806529,47
"927",-2.1785832554418,1.3963591806529,47
"928",-1.82311525457425,1.3963591806529,47
"929",-1.4676472537067,1.3963591806529,47
"930",-1.11217925283915,1.3963591806529,47
"931",-0.756711251971597,-0.508402724109003,47
"932",-0.401243251104046,-0.984593200299479,47
"933",-0.0457752502364945,-1.22268843839472,47
"934",0.309692750631057,-1.22268843839472,47
"935",0.665160751498608,-1.22268843839472,47
"936",1.02062875236616,-1.22268843839472,47
"937",1.37609675323371,-1.22268843839472,47
"938",1.73156475410126,-1.22268843839472,47
"939",2.08703275496881,-1.22268843839472,47
"940",2.44250075583636,-1.22268843839472,47
"941",-4.31139126064711,1.3963591806529,48
"942",-3.95592325977956,1.3963591806529,48
"943",-3.60045525891201,1.3963591806529,48
"944",-3.24498725804446,1.3963591806529,48
"945",-2.8895192571769,1.3963591806529,48
"946",-2.53405125630935,1.3963591806529,48
"947",-2.1785832554418,1.3963591806529,48
"948",-1.82311525457425,1.3963591806529,48
"949",-1.4676472537067,1.3963591806529,48
"950",-1.11217925283915,1.3963591806529,48
"951",-0.756711251971597,-0.0322122479185265,48
"952",-0.401243251104046,-0.508402724109003,48
"953",-0.0457752502364945,-0.984593200299479,48
"954",0.309692750631057,-1.22268843839472,48
"955",0.665160751498608,-1.22268843839472,48
"956",1.02062875236616,-1.22268843839472,48
"957",1.37609675323371,-1.22268843839472,48
"958",1.73156475410126,-1.22268843839472,48
"959",2.08703275496881,-1.22268843839472,48
"960",2.44250075583636,-1.22268843839472,48
"961",-4.31139126064711,1.3963591806529,49
"962",-3.95592325977956,1.3963591806529,49
"963",-3.60045525891201,1.3963591806529,49
"964",-3.24498725804446,1.3963591806529,49
"965",-2.8895192571769,1.3963591806529,49
"966",-2.53405125630935,1.3963591806529,49
"967",-2.1785832554418,1.3963591806529,49
"968",-1.82311525457425,1.3963591806529,49
"969",-1.4676472537067,1.3963591806529,49
"970",-1.11217925283915,1.3963591806529,49
"971",-0.756711251971597,0.44397822827195,49
"972",-0.401243251104046,-0.508402724109003,49
"973",-0.0457752502364945,-0.984593200299479,49
"974",0.309692750631057,-1.22268843839472,49
"975",0.665160751498608,-1.22268843839472,49
"976",1.02062875236616,-1.22268843839472,49
"977",1.37609675323371,-1.22268843839472,49
"978",1.73156475410126,-1.22268843839472,49
"979",2.08703275496881,-1.22268843839472,49
"980",2.44250075583636,-1.22268843839472,49
"981",-4.31139126064711,1.3963591806529,50
"982",-3.95592325977956,1.3963591806529,50
"983",-3.60045525891201,1.3963591806529,50
"984",-3.24498725804446,1.3963591806529,50
"985",-2.8895192571769,1.3963591806529,50
"986",-2.53405125630935,1.3963591806529,50
"987",-2.1785832554418,1.3963591806529,50
"988",-1.82311525457425,1.3963591806529,50
"989",-1.4676472537067,1.3963591806529,50
"990",-1.11217925283915,1.3963591806529,50
"991",-0.756711251971597,-0.270307486013765,50
"992",-0.401243251104046,-0.74649796220424,50
"993",-0.0457752502364945,-0.984593200299479,50
"994",0.309692750631057,-1.22268843839472,50
"995",0.665160751498608,-1.22268843839472,50
"996",1.02062875236616,-1.22268843839472,50
"997",1.37609675323371,-1.22268843839472,50
"998",1.73156475410126,-1.22268843839472,50
"999",2.08703275496881,-1.22268843839472,50
"1000",2.44250075583636,-1.22268843839472,50
"1001",-4.31139126064711,1.3963591806529,51
"1002",-3.95592325977956,1.3963591806529,51
"1003",-3.60045525891201,1.3963591806529,51
"1004",-3.24498725804446,1.3963591806529,51
"1005",-2.8895192571769,1.3963591806529,51
"1006",-2.53405125630935,1.3963591806529,51
"1007",-2.1785832554418,1.3963591806529,51
"1008",-1.82311525457425,1.3963591806529,51
"1009",-1.4676472537067,1.3963591806529,51
"1010",-1.11217925283915,1.3963591806529,51
"1011",-0.756711251971597,0.44397822827195,51
"1012",-0.401243251104046,-0.74649796220424,51
"1013",-0.0457752502364945,-0.984593200299479,51
"1014",0.309692750631057,-1.22268843839472,51
"1015",0.665160751498608,-1.22268843839472,51
"1016",1.02062875236616,-1.22268843839472,51
"1017",1.37609675323371,-1.22268843839472,51
"1018",1.73156475410126,-1.22268843839472,51
"1019",2.08703275496881,-1.22268843839472,51
"1020",2.44250075583636,-1.22268843839472,51
"1021",-4.31139126064711,1.3963591806529,52
"1022",-3.95592325977956,1.3963591806529,52
"1023",-3.60045525891201,1.3963591806529,52
"1024",-3.24498725804446,1.3963591806529,52
"1025",-2.8895192571769,1.3963591806529,52
"1026",-2.53405125630935,1.3963591806529,52
"1027",-2.1785832554418,1.3963591806529,52
"1028",-1.82311525457425,1.3963591806529,52
"1029",-1.4676472537067,1.3963591806529,52
"1030",-1.11217925283915,1.3963591806529,52
"1031",-0.756711251971597,-0.270307486013765,52
"1032",-0.401243251104046,-0.984593200299479,52
"1033",-0.0457752502364945,-1.22268843839472,52
"1034",0.309692750631057,-1.22268843839472,52
"1035",0.665160751498608,-1.22268843839472,52
"1036",1.02062875236616,-1.22268843839472,52
"1037",1.37609675323371,-1.22268843839472,52
"1038",1.73156475410126,-1.22268843839472,52
"1039",2.08703275496881,-1.22268843839472,52
"1040",2.44250075583636,-1.22268843839472,52
"1041",-4.31139126064711,1.3963591806529,53
"1042",-3.95592325977956,1.3963591806529,53
"1043",-3.60045525891201,1.3963591806529,53
"1044",-3.24498725804446,1.3963591806529,53
"1045",-2.8895192571769,1.3963591806529,53
"1046",-2.53405125630935,1.3963591806529,53
"1047",-2.1785832554418,1.3963591806529,53
"1048",-1.82311525457425,1.3963591806529,53
"1049",-1.4676472537067,1.3963591806529,53
"1050",-1.11217925283915,1.3963591806529,53
"1051",-0.756711251971597,-0.0322122479185265,53
"1052",-0.401243251104046,-0.74649796220424,53
"1053",-0.0457752502364945,-0.984593200299479,53
"1054",0.309692750631057,-1.22268843839472,53
"1055",0.665160751498608,-1.22268843839472,53
"1056",1.02062875236616,-1.22268843839472,53
"1057",1.37609675323371,-1.22268843839472,53
"1058",1.73156475410126,-1.22268843839472,53
"1059",2.08703275496881,-1.22268843839472,53
"1060",2.44250075583636,-1.22268843839472,53
"1061",-4.31139126064711,1.3963591806529,54
"1062",-3.95592325977956,1.3963591806529,54
"1063",-3.60045525891201,1.3963591806529,54
"1064",-3.24498725804446,1.3963591806529,54
"1065",-2.8895192571769,1.3963591806529,54
"1066",-2.53405125630935,1.3963591806529,54
"1067",-2.1785832554418,1.3963591806529,54
"1068",-1.82311525457425,1.3963591806529,54
"1069",-1.4676472537067,1.3963591806529,54
"1070",-1.11217925283915,1.3963591806529,54
"1071",-0.756711251971597,0.205882990176712,54
"1072",-0.401243251104046,-0.508402724109003,54
"1073",-0.0457752502364945,-0.984593200299479,54
"1074",0.309692750631057,-1.22268843839472,54
"1075",0.665160751498608,-1.22268843839472,54
"1076",1.02062875236616,-1.22268843839472,54
"1077",1.37609675323371,-1.22268843839472,54
"1078",1.73156475410126,-1.22268843839472,54
"1079",2.08703275496881,-1.22268843839472,54
"1080",2.44250075583636,-1.22268843839472,54
"1081",-4.31139126064711,1.3963591806529,55
"1082",-3.95592325977956,1.3963591806529,55
"1083",-3.60045525891201,1.3963591806529,55
"1084",-3.24498725804446,1.3963591806529,55
"1085",-2.8895192571769,1.3963591806529,55
"1086",-2.53405125630935,1.3963591806529,55
"1087",-2.1785832554418,1.3963591806529,55
"1088",-1.82311525457425,1.3963591806529,55
"1089",-1.4676472537067,1.3963591806529,55
"1090",-1.11217925283915,1.3963591806529,55
"1091",-0.756711251971597,1.15826394255766,55
"1092",-0.401243251104046,-0.508402724109003,55
"1093",-0.0457752502364945,-0.984593200299479,55
"1094",0.309692750631057,-1.22268843839472,55
"1095",0.665160751498608,-1.22268843839472,55
"1096",1.02062875236616,-1.22268843839472,55
"1097",1.37609675323371,-1.22268843839472,55
"1098",1.73156475410126,-1.22268843839472,55
"1099",2.08703275496881,-1.22268843839472,55
"1100",2.44250075583636,-1.22268843839472,55
"1101",-4.31139126064711,1.3963591806529,56
"1102",-3.95592325977956,1.3963591806529,56
"1103",-3.60045525891201,1.3963591806529,56
"1104",-3.24498725804446,1.3963591806529,56
"1105",-2.8895192571769,1.3963591806529,56
"1106",-2.53405125630935,1.3963591806529,56
"1107",-2.1785832554418,1.3963591806529,56
"1108",-1.82311525457425,1.3963591806529,56
"1109",-1.4676472537067,1.3963591806529,56
"1110",-1.11217925283915,1.3963591806529,56
"1111",-0.756711251971597,0.205882990176712,56
"1112",-0.401243251104046,-0.74649796220424,56
"1113",-0.0457752502364945,-1.22268843839472,56
"1114",0.309692750631057,-1.22268843839472,56
"1115",0.665160751498608,-1.22268843839472,56
"1116",1.02062875236616,-1.22268843839472,56
"1117",1.37609675323371,-1.22268843839472,56
"1118",1.73156475410126,-1.22268843839472,56
"1119",2.08703275496881,-1.22268843839472,56
"1120",2.44250075583636,-1.22268843839472,56
"1121",-4.31139126064711,1.3963591806529,57
"1122",-3.95592325977956,1.3963591806529,57
"1123",-3.60045525891201,1.3963591806529,57
"1124",-3.24498725804446,1.3963591806529,57
"1125",-2.8895192571769,1.3963591806529,57
"1126",-2.53405125630935,1.3963591806529,57
"1127",-2.1785832554418,1.3963591806529,57
"1128",-1.82311525457425,1.3963591806529,57
"1129",-1.4676472537067,1.3963591806529,57
"1130",-1.11217925283915,-0.0322122479185265,57
"1131",-0.756711251971597,-0.508402724109003,57
"1132",-0.401243251104046,-0.984593200299479,57
"1133",-0.0457752502364945,-1.22268843839472,57
"1134",0.309692750631057,-1.22268843839472,57
"1135",0.665160751498608,-1.22268843839472,57
"1136",1.02062875236616,-1.22268843839472,57
"1137",1.37609675323371,-1.22268843839472,57
"1138",1.73156475410126,-1.22268843839472,57
"1139",2.08703275496881,-1.22268843839472,57
"1140",2.44250075583636,-1.22268843839472,57
"1141",-4.31139126064711,1.3963591806529,58
"1142",-3.95592325977956,1.3963591806529,58
"1143",-3.60045525891201,1.3963591806529,58
"1144",-3.24498725804446,1.3963591806529,58
"1145",-2.8895192571769,1.3963591806529,58
"1146",-2.53405125630935,1.3963591806529,58
"1147",-2.1785832554418,1.3963591806529,58
"1148",-1.82311525457425,1.3963591806529,58
"1149",-1.4676472537067,1.3963591806529,58
"1150",-1.11217925283915,1.3963591806529,58
"1151",-0.756711251971597,-0.270307486013765,58
"1152",-0.401243251104046,-0.74649796220424,58
"1153",-0.0457752502364945,-0.984593200299479,58
"1154",0.309692750631057,-1.22268843839472,58
"1155",0.665160751498608,-1.22268843839472,58
"1156",1.02062875236616,-1.22268843839472,58
"1157",1.37609675323371,-1.22268843839472,58
"1158",1.73156475410126,-1.22268843839472,58
"1159",2.08703275496881,-1.22268843839472,58
"1160",2.44250075583636,-1.22268843839472,58
"1161",-4.31139126064711,1.3963591806529,59
"1162",-3.95592325977956,1.3963591806529,59
"1163",-3.60045525891201,1.3963591806529,59
"1164",-3.24498725804446,1.3963591806529,59
"1165",-2.8895192571769,1.3963591806529,59
"1166",-2.53405125630935,1.3963591806529,59
"1167",-2.1785832554418,1.3963591806529,59
"1168",-1.82311525457425,1.3963591806529,59
"1169",-1.4676472537067,1.3963591806529,59
"1170",-1.11217925283915,1.3963591806529,59
"1171",-0.756711251971597,-0.270307486013765,59
"1172",-0.401243251104046,-0.74649796220424,59
"1173",-0.0457752502364945,-1.22268843839472,59
"1174",0.309692750631057,-1.22268843839472,59
"1175",0.665160751498608,-1.22268843839472,59
"1176",1.02062875236616,-1.22268843839472,59
"1177",1.37609675323371,-1.22268843839472,59
"1178",1.73156475410126,-1.22268843839472,59
"1179",2.08703275496881,-1.22268843839472,59
"1180",2.44250075583636,-1.22268843839472,59
"1181",-4.31139126064711,1.3963591806529,60
"1182",-3.95592325977956,1.3963591806529,60
"1183",-3.60045525891201,1.3963591806529,60
"1184",-3.24498725804446,1.3963591806529,60
"1185",-2.8895192571769,1.3963591806529,60
"1186",-2.53405125630935,1.3963591806529,60
"1187",-2.1785832554418,1.3963591806529,60
"1188",-1.82311525457425,1.3963591806529,60
"1189",-1.4676472537067,1.3963591806529,60
"1190",-1.11217925283915,1.3963591806529,60
"1191",-0.756711251971597,-0.508402724109003,60
"1192",-0.401243251104046,-0.984593200299479,60
"1193",-0.0457752502364945,-1.22268843839472,60
"1194",0.309692750631057,-1.22268843839472,60
"1195",0.665160751498608,-1.22268843839472,60
"1196",1.02062875236616,-1.22268843839472,60
"1197",1.37609675323371,-1.22268843839472,60
"1198",1.73156475410126,-1.22268843839472,60
"1199",2.08703275496881,-1.22268843839472,60
"1200",2.44250075583636,-1.22268843839472,60
"1201",-4.31139126064711,1.3963591806529,61
"1202",-3.95592325977956,1.3963591806529,61
"1203",-3.60045525891201,1.3963591806529,61
"1204",-3.24498725804446,1.3963591806529,61
"1205",-2.8895192571769,1.3963591806529,61
"1206",-2.53405125630935,1.3963591806529,61
"1207",-2.1785832554418,1.3963591806529,61
"1208",-1.82311525457425,1.3963591806529,61
"1209",-1.4676472537067,1.3963591806529,61
"1210",-1.11217925283915,1.3963591806529,61
"1211",-0.756711251971597,0.205882990176712,61
"1212",-0.401243251104046,-0.74649796220424,61
"1213",-0.0457752502364945,-1.22268843839472,61
"1214",0.309692750631057,-1.22268843839472,61
"1215",0.665160751498608,-1.22268843839472,61
"1216",1.02062875236616,-1.22268843839472,61
"1217",1.37609675323371,-1.22268843839472,61
"1218",1.73156475410126,-1.22268843839472,61
"1219",2.08703275496881,-1.22268843839472,61
"1220",2.44250075583636,-1.22268843839472,61
"1221",-4.31139126064711,1.3963591806529,62
"1222",-3.95592325977956,1.3963591806529,62
"1223",-3.60045525891201,1.3963591806529,62
"1224",-3.24498725804446,1.3963591806529,62
"1225",-2.8895192571769,1.3963591806529,62
"1226",-2.53405125630935,1.3963591806529,62
"1227",-2.1785832554418,1.3963591806529,62
"1228",-1.82311525457425,1.3963591806529,62
"1229",-1.4676472537067,1.3963591806529,62
"1230",-1.11217925283915,1.3963591806529,62
"1231",-0.756711251971597,-0.270307486013765,62
"1232",-0.401243251104046,-0.984593200299479,62
"1233",-0.0457752502364945,-1.22268843839472,62
"1234",0.309692750631057,-1.22268843839472,62
"1235",0.665160751498608,-1.22268843839472,62
"1236",1.02062875236616,-1.22268843839472,62
"1237",1.37609675323371,-1.22268843839472,62
"1238",1.73156475410126,-1.22268843839472,62
"1239",2.08703275496881,-1.22268843839472,62
"1240",2.44250075583636,-1.22268843839472,62
"1241",-4.31139126064711,1.3963591806529,63
"1242",-3.95592325977956,1.3963591806529,63
"1243",-3.60045525891201,1.3963591806529,63
"1244",-3.24498725804446,1.3963591806529,63
"1245",-2.8895192571769,1.3963591806529,63
"1246",-2.53405125630935,1.3963591806529,63
"1247",-2.1785832554418,1.3963591806529,63
"1248",-1.82311525457425,1.3963591806529,63
"1249",-1.4676472537067,1.3963591806529,63
"1250",-1.11217925283915,1.3963591806529,63
"1251",-0.756711251971597,1.3963591806529,63
"1252",-0.401243251104046,-0.270307486013765,63
"1253",-0.0457752502364945,-0.984593200299479,63
"1254",0.309692750631057,-1.22268843839472,63
"1255",0.665160751498608,-1.22268843839472,63
"1256",1.02062875236616,-1.22268843839472,63
"1257",1.37609675323371,-1.22268843839472,63
"1258",1.73156475410126,-1.22268843839472,63
"1259",2.08703275496881,-1.22268843839472,63
"1260",2.44250075583636,-1.22268843839472,63
"1261",-4.31139126064711,1.3963591806529,64
"1262",-3.95592325977956,1.3963591806529,64
"1263",-3.60045525891201,1.3963591806529,64
"1264",-3.24498725804446,1.3963591806529,64
"1265",-2.8895192571769,1.3963591806529,64
"1266",-2.53405125630935,1.3963591806529,64
"1267",-2.1785832554418,1.3963591806529,64
"1268",-1.82311525457425,1.3963591806529,64
"1269",-1.4676472537067,1.3963591806529,64
"1270",-1.11217925283915,1.15826394255766,64
"1271",-0.756711251971597,-0.0322122479185265,64
"1272",-0.401243251104046,-0.508402724109003,64
"1273",-0.0457752502364945,-0.984593200299479,64
"1274",0.309692750631057,-1.22268843839472,64
"1275",0.665160751498608,-1.22268843839472,64
"1276",1.02062875236616,-1.22268843839472,64
"1277",1.37609675323371,-1.46078367648995,64
"1278",1.73156475410126,-1.46078367648995,64
"1279",2.08703275496881,-1.46078367648995,64
"1280",2.44250075583636,-1.46078367648995,64
"1281",-4.31139126064711,1.3963591806529,65
"1282",-3.95592325977956,1.3963591806529,65
"1283",-3.60045525891201,1.3963591806529,65
"1284",-3.24498725804446,1.3963591806529,65
"1285",-2.8895192571769,1.3963591806529,65
"1286",-2.53405125630935,1.3963591806529,65
"1287",-2.1785832554418,1.3963591806529,65
"1288",-1.82311525457425,1.3963591806529,65
"1289",-1.4676472537067,1.3963591806529,65
"1290",-1.11217925283915,1.3963591806529,65
"1291",-0.756711251971597,-0.74649796220424,65
"1292",-0.401243251104046,-1.22268843839472,65
"1293",-0.0457752502364945,-1.22268843839472,65
"1294",0.309692750631057,-1.22268843839472,65
"1295",0.665160751498608,-1.22268843839472,65
"1296",1.02062875236616,-1.22268843839472,65
"1297",1.37609675323371,-1.22268843839472,65
"1298",1.73156475410126,-1.22268843839472,65
"1299",2.08703275496881,-1.22268843839472,65
"1300",2.44250075583636,-1.22268843839472,65
"1301",-4.31139126064711,1.3963591806529,66
"1302",-3.95592325977956,1.3963591806529,66
"1303",-3.60045525891201,1.3963591806529,66
"1304",-3.24498725804446,1.3963591806529,66
"1305",-2.8895192571769,1.3963591806529,66
"1306",-2.53405125630935,1.3963591806529,66
"1307",-2.1785832554418,1.3963591806529,66
"1308",-1.82311525457425,1.3963591806529,66
"1309",-1.4676472537067,1.3963591806529,66
"1310",-1.11217925283915,1.3963591806529,66
"1311",-0.756711251971597,-0.0322122479185265,66
"1312",-0.401243251104046,-0.74649796220424,66
"1313",-0.0457752502364945,-0.984593200299479,66
"1314",0.309692750631057,-1.22268843839472,66
"1315",0.665160751498608,-1.22268843839472,66
"1316",1.02062875236616,-1.22268843839472,66
"1317",1.37609675323371,-1.22268843839472,66
"1318",1.73156475410126,-1.22268843839472,66
"1319",2.08703275496881,-1.22268843839472,66
"1320",2.44250075583636,-1.22268843839472,66
"1321",-4.31139126064711,1.3963591806529,67
"1322",-3.95592325977956,1.3963591806529,67
"1323",-3.60045525891201,1.3963591806529,67
"1324",-3.24498725804446,1.3963591806529,67
"1325",-2.8895192571769,1.3963591806529,67
"1326",-2.53405125630935,1.3963591806529,67
"1327",-2.1785832554418,1.3963591806529,67
"1328",-1.82311525457425,1.3963591806529,67
"1329",-1.4676472537067,1.3963591806529,67
"1330",-1.11217925283915,1.3963591806529,67
"1331",-0.756711251971597,0.920168704462426,67
"1332",-0.401243251104046,-0.270307486013765,67
"1333",-0.0457752502364945,-0.74649796220424,67
"1334",0.309692750631057,-1.22268843839472,67
"1335",0.665160751498608,-1.22268843839472,67
"1336",1.02062875236616,-1.22268843839472,67
"1337",1.37609675323371,-1.22268843839472,67
"1338",1.73156475410126,-1.22268843839472,67
"1339",2.08703275496881,-1.22268843839472,67
"1340",2.44250075583636,-1.22268843839472,67
"1341",-4.31139126064711,1.3963591806529,68
"1342",-3.95592325977956,1.3963591806529,68
"1343",-3.60045525891201,1.3963591806529,68
"1344",-3.24498725804446,1.3963591806529,68
"1345",-2.8895192571769,1.3963591806529,68
"1346",-2.53405125630935,1.3963591806529,68
"1347",-2.1785832554418,1.3963591806529,68
"1348",-1.82311525457425,1.3963591806529,68
"1349",-1.4676472537067,1.3963591806529,68
"1350",-1.11217925283915,1.3963591806529,68
"1351",-0.756711251971597,0.205882990176712,68
"1352",-0.401243251104046,-0.74649796220424,68
"1353",-0.0457752502364945,-0.984593200299479,68
"1354",0.309692750631057,-1.22268843839472,68
"1355",0.665160751498608,-1.22268843839472,68
"1356",1.02062875236616,-1.22268843839472,68
"1357",1.37609675323371,-1.22268843839472,68
"1358",1.73156475410126,-1.22268843839472,68
"1359",2.08703275496881,-1.22268843839472,68
"1360",2.44250075583636,-1.22268843839472,68
"1361",-4.31139126064711,1.3963591806529,69
"1362",-3.95592325977956,1.3963591806529,69
"1363",-3.60045525891201,1.3963591806529,69
"1364",-3.24498725804446,1.3963591806529,69
"1365",-2.8895192571769,1.3963591806529,69
"1366",-2.53405125630935,1.3963591806529,69
"1367",-2.1785832554418,1.3963591806529,69
"1368",-1.82311525457425,1.3963591806529,69
"1369",-1.4676472537067,1.3963591806529,69
"1370",-1.11217925283915,1.3963591806529,69
"1371",-0.756711251971597,0.682073466367188,69
"1372",-0.401243251104046,-0.270307486013765,69
"1373",-0.0457752502364945,-0.984593200299479,69
"1374",0.309692750631057,-1.22268843839472,69
"1375",0.665160751498608,-1.22268843839472,69
"1376",1.02062875236616,-1.22268843839472,69
"1377",1.37609675323371,-1.22268843839472,69
"1378",1.73156475410126,-1.22268843839472,69
"1379",2.08703275496881,-1.22268843839472,69
"1380",2.44250075583636,-1.22268843839472,69
"1381",-4.31139126064711,1.3963591806529,70
"1382",-3.95592325977956,1.3963591806529,70
"1383",-3.60045525891201,1.3963591806529,70
"1384",-3.24498725804446,1.3963591806529,70
"1385",-2.8895192571769,1.3963591806529,70
"1386",-2.53405125630935,1.3963591806529,70
"1387",-2.1785832554418,1.3963591806529,70
"1388",-1.82311525457425,1.3963591806529,70
"1389",-1.4676472537067,1.3963591806529,70
"1390",-1.11217925283915,0.920168704462426,70
"1391",-0.756711251971597,-0.74649796220424,70
"1392",-0.401243251104046,-0.984593200299479,70
"1393",-0.0457752502364945,-1.22268843839472,70
"1394",0.309692750631057,-1.22268843839472,70
"1395",0.665160751498608,-1.22268843839472,70
"1396",1.02062875236616,-1.22268843839472,70
"1397",1.37609675323371,-1.22268843839472,70
"1398",1.73156475410126,-1.22268843839472,70
"1399",2.08703275496881,-1.22268843839472,70
"1400",2.44250075583636,-1.22268843839472,70
"1401",-4.31139126064711,1.3963591806529,71
"1402",-3.95592325977956,1.3963591806529,71
"1403",-3.60045525891201,1.3963591806529,71
"1404",-3.24498725804446,1.3963591806529,71
"1405",-2.8895192571769,1.3963591806529,71
"1406",-2.53405125630935,1.3963591806529,71
"1407",-2.1785832554418,1.3963591806529,71
"1408",-1.82311525457425,1.3963591806529,71
"1409",-1.4676472537067,1.3963591806529,71
"1410",-1.11217925283915,1.3963591806529,71
"1411",-0.756711251971597,0.920168704462426,71
"1412",-0.401243251104046,-0.74649796220424,71
"1413",-0.0457752502364945,-1.22268843839472,71
"1414",0.309692750631057,-1.22268843839472,71
"1415",0.665160751498608,-1.22268843839472,71
"1416",1.02062875236616,-1.22268843839472,71
"1417",1.37609675323371,-1.22268843839472,71
"1418",1.73156475410126,-1.22268843839472,71
"1419",2.08703275496881,-1.22268843839472,71
"1420",2.44250075583636,-1.22268843839472,71
"1421",-4.31139126064711,1.3963591806529,72
"1422",-3.95592325977956,1.3963591806529,72
"1423",-3.60045525891201,1.3963591806529,72
"1424",-3.24498725804446,1.3963591806529,72
"1425",-2.8895192571769,1.3963591806529,72
"1426",-2.53405125630935,1.3963591806529,72
"1427",-2.1785832554418,1.3963591806529,72
"1428",-1.82311525457425,1.3963591806529,72
"1429",-1.4676472537067,1.3963591806529,72
"1430",-1.11217925283915,-0.0322122479185265,72
"1431",-0.756711251971597,-0.74649796220424,72
"1432",-0.401243251104046,-0.984593200299479,72
"1433",-0.0457752502364945,-1.22268843839472,72
"1434",0.309692750631057,-1.22268843839472,72
"1435",0.665160751498608,-1.22268843839472,72
"1436",1.02062875236616,-1.22268843839472,72
"1437",1.37609675323371,-1.22268843839472,72
"1438",1.73156475410126,-1.22268843839472,72
"1439",2.08703275496881,-1.22268843839472,72
"1440",2.44250075583636,-1.22268843839472,72
"1441",-4.31139126064711,1.3963591806529,73
"1442",-3.95592325977956,1.3963591806529,73
"1443",-3.60045525891201,1.3963591806529,73
"1444",-3.24498725804446,1.3963591806529,73
"1445",-2.8895192571769,1.3963591806529,73
"1446",-2.53405125630935,1.3963591806529,73
"1447",-2.1785832554418,1.3963591806529,73
"1448",-1.82311525457425,1.3963591806529,73
"1449",-1.4676472537067,1.3963591806529,73
"1450",-1.11217925283915,1.3963591806529,73
"1451",-0.756711251971597,-0.0322122479185265,73
"1452",-0.401243251104046,-0.74649796220424,73
"1453",-0.0457752502364945,-0.984593200299479,73
"1454",0.309692750631057,-1.22268843839472,73
"1455",0.665160751498608,-1.22268843839472,73
"1456",1.02062875236616,-1.22268843839472,73
"1457",1.37609675323371,-1.22268843839472,73
"1458",1.73156475410126,-1.22268843839472,73
"1459",2.08703275496881,-1.22268843839472,73
"1460",2.44250075583636,-1.22268843839472,73
"1461",-4.31139126064711,1.3963591806529,74
"1462",-3.95592325977956,1.3963591806529,74
"1463",-3.60045525891201,1.3963591806529,74
"1464",-3.24498725804446,1.3963591806529,74
"1465",-2.8895192571769,1.3963591806529,74
"1466",-2.53405125630935,1.3963591806529,74
"1467",-2.1785832554418,1.3963591806529,74
"1468",-1.82311525457425,1.3963591806529,74
"1469",-1.4676472537067,1.3963591806529,74
"1470",-1.11217925283915,1.3963591806529,74
"1471",-0.756711251971597,0.44397822827195,74
"1472",-0.401243251104046,-0.270307486013765,74
"1473",-0.0457752502364945,-0.74649796220424,74
"1474",0.309692750631057,-0.984593200299479,74
"1475",0.665160751498608,-1.22268843839472,74
"1476",1.02062875236616,-1.46078367648995,74
"1477",1.37609675323371,-1.46078367648995,74
"1478",1.73156475410126,-1.46078367648995,74
"1479",2.08703275496881,-1.46078367648995,74
"1480",2.44250075583636,-1.46078367648995,74
"1481",-4.31139126064711,1.3963591806529,75
"1482",-3.95592325977956,1.3963591806529,75
"1483",-3.60045525891201,1.3963591806529,75
"1484",-3.24498725804446,1.3963591806529,75
"1485",-2.8895192571769,1.3963591806529,75
"1486",-2.53405125630935,1.3963591806529,75
"1487",-2.1785832554418,1.3963591806529,75
"1488",-1.82311525457425,1.3963591806529,75
"1489",-1.4676472537067,1.3963591806529,75
"1490",-1.11217925283915,1.3963591806529,75
"1491",-0.756711251971597,0.44397822827195,75
"1492",-0.401243251104046,-0.74649796220424,75
"1493",-0.0457752502364945,-0.984593200299479,75
"1494",0.309692750631057,-1.22268843839472,75
"1495",0.665160751498608,-1.22268843839472,75
"1496",1.02062875236616,-1.22268843839472,75
"1497",1.37609675323371,-1.22268843839472,75
"1498",1.73156475410126,-1.22268843839472,75
"1499",2.08703275496881,-1.22268843839472,75
"1500",2.44250075583636,-1.22268843839472,75
"1501",-4.31139126064711,1.3963591806529,76
"1502",-3.95592325977956,1.3963591806529,76
"1503",-3.60045525891201,1.3963591806529,76
"1504",-3.24498725804446,1.3963591806529,76
"1505",-2.8895192571769,1.3963591806529,76
"1506",-2.53405125630935,1.3963591806529,76
"1507",-2.1785832554418,1.3963591806529,76
"1508",-1.82311525457425,1.3963591806529,76
"1509",-1.4676472537067,1.3963591806529,76
"1510",-1.11217925283915,0.682073466367188,76
"1511",-0.756711251971597,-0.508402724109003,76
"1512",-0.401243251104046,-0.984593200299479,76
"1513",-0.0457752502364945,-1.22268843839472,76
"1514",0.309692750631057,-1.22268843839472,76
"1515",0.665160751498608,-1.22268843839472,76
"1516",1.02062875236616,-1.22268843839472,76
"1517",1.37609675323371,-1.22268843839472,76
"1518",1.73156475410126,-1.22268843839472,76
"1519",2.08703275496881,-1.22268843839472,76
"1520",2.44250075583636,-1.22268843839472,76
"1521",-4.31139126064711,1.3963591806529,77
"1522",-3.95592325977956,1.3963591806529,77
"1523",-3.60045525891201,1.3963591806529,77
"1524",-3.24498725804446,1.3963591806529,77
"1525",-2.8895192571769,1.3963591806529,77
"1526",-2.53405125630935,1.3963591806529,77
"1527",-2.1785832554418,1.3963591806529,77
"1528",-1.82311525457425,1.3963591806529,77
"1529",-1.4676472537067,1.3963591806529,77
"1530",-1.11217925283915,0.682073466367188,77
"1531",-0.756711251971597,-0.270307486013765,77
"1532",-0.401243251104046,-0.74649796220424,77
"1533",-0.0457752502364945,-0.984593200299479,77
"1534",0.309692750631057,-1.22268843839472,77
"1535",0.665160751498608,-1.22268843839472,77
"1536",1.02062875236616,-1.22268843839472,77
"1537",1.37609675323371,-1.22268843839472,77
"1538",1.73156475410126,-1.22268843839472,77
"1539",2.08703275496881,-1.22268843839472,77
"1540",2.44250075583636,-1.22268843839472,77
"1541",-4.31139126064711,1.3963591806529,78
"1542",-3.95592325977956,1.3963591806529,78
"1543",-3.60045525891201,1.3963591806529,78
"1544",-3.24498725804446,1.3963591806529,78
"1545",-2.8895192571769,1.3963591806529,78
"1546",-2.53405125630935,1.3963591806529,78
"1547",-2.1785832554418,1.3963591806529,78
"1548",-1.82311525457425,1.3963591806529,78
"1549",-1.4676472537067,1.3963591806529,78
"1550",-1.11217925283915,1.3963591806529,78
"1551",-0.756711251971597,0.44397822827195,78
"1552",-0.401243251104046,-0.508402724109003,78
"1553",-0.0457752502364945,-0.984593200299479,78
"1554",0.309692750631057,-1.22268843839472,78
"1555",0.665160751498608,-1.22268843839472,78
"1556",1.02062875236616,-1.22268843839472,78
"1557",1.37609675323371,-1.22268843839472,78
"1558",1.73156475410126,-1.22268843839472,78
"1559",2.08703275496881,-1.22268843839472,78
"1560",2.44250075583636,-1.22268843839472,78
"1561",-4.31139126064711,1.3963591806529,79
"1562",-3.95592325977956,1.3963591806529,79
"1563",-3.60045525891201,1.3963591806529,79
"1564",-3.24498725804446,1.3963591806529,79
"1565",-2.8895192571769,1.3963591806529,79
"1566",-2.53405125630935,1.3963591806529,79
"1567",-2.1785832554418,1.3963591806529,79
"1568",-1.82311525457425,1.3963591806529,79
"1569",-1.4676472537067,1.3963591806529,79
"1570",-1.11217925283915,1.3963591806529,79
"1571",-0.756711251971597,1.3963591806529,79
"1572",-0.401243251104046,-0.270307486013765,79
"1573",-0.0457752502364945,-0.984593200299479,79
"1574",0.309692750631057,-1.22268843839472,79
"1575",0.665160751498608,-1.22268843839472,79
"1576",1.02062875236616,-1.22268843839472,79
"1577",1.37609675323371,-1.22268843839472,79
"1578",1.73156475410126,-1.22268843839472,79
"1579",2.08703275496881,-1.22268843839472,79
"1580",2.44250075583636,-1.22268843839472,79
"1581",-4.31139126064711,1.3963591806529,80
"1582",-3.95592325977956,1.3963591806529,80
"1583",-3.60045525891201,1.3963591806529,80
"1584",-3.24498725804446,1.3963591806529,80
"1585",-2.8895192571769,1.3963591806529,80
"1586",-2.53405125630935,1.3963591806529,80
"1587",-2.1785832554418,1.3963591806529,80
"1588",-1.82311525457425,1.3963591806529,80
"1589",-1.4676472537067,1.3963591806529,80
"1590",-1.11217925283915,1.3963591806529,80
"1591",-0.756711251971597,0.205882990176712,80
"1592",-0.401243251104046,-0.74649796220424,80
"1593",-0.0457752502364945,-0.984593200299479,80
"1594",0.309692750631057,-1.22268843839472,80
"1595",0.665160751498608,-1.22268843839472,80
"1596",1.02062875236616,-1.22268843839472,80
"1597",1.37609675323371,-1.22268843839472,80
"1598",1.73156475410126,-1.22268843839472,80
"1599",2.08703275496881,-1.22268843839472,80
"1600",2.44250075583636,-1.22268843839472,80
"1601",-4.31139126064711,1.3963591806529,81
"1602",-3.95592325977956,1.3963591806529,81
"1603",-3.60045525891201,1.3963591806529,81
"1604",-3.24498725804446,1.3963591806529,81
"1605",-2.8895192571769,1.3963591806529,81
"1606",-2.53405125630935,1.3963591806529,81
"1607",-2.1785832554418,1.3963591806529,81
"1608",-1.82311525457425,1.3963591806529,81
"1609",-1.4676472537067,1.3963591806529,81
"1610",-1.11217925283915,1.3963591806529,81
"1611",-0.756711251971597,-0.0322122479185265,81
"1612",-0.401243251104046,-0.74649796220424,81
"1613",-0.0457752502364945,-0.984593200299479,81
"1614",0.309692750631057,-1.22268843839472,81
"1615",0.665160751498608,-1.22268843839472,81
"1616",1.02062875236616,-1.22268843839472,81
"1617",1.37609675323371,-1.22268843839472,81
"1618",1.73156475410126,-1.22268843839472,81
"1619",2.08703275496881,-1.22268843839472,81
"1620",2.44250075583636,-1.22268843839472,81
"1621",-4.31139126064711,1.3963591806529,82
"1622",-3.95592325977956,1.3963591806529,82
"1623",-3.60045525891201,1.3963591806529,82
"1624",-3.24498725804446,1.3963591806529,82
"1625",-2.8895192571769,1.3963591806529,82
"1626",-2.53405125630935,1.3963591806529,82
"1627",-2.1785832554418,1.3963591806529,82
"1628",-1.82311525457425,1.3963591806529,82
"1629",-1.4676472537067,1.3963591806529,82
"1630",-1.11217925283915,1.3963591806529,82
"1631",-0.756711251971597,0.205882990176712,82
"1632",-0.401243251104046,-0.508402724109003,82
"1633",-0.0457752502364945,-0.984593200299479,82
"1634",0.309692750631057,-1.22268843839472,82
"1635",0.665160751498608,-1.22268843839472,82
"1636",1.02062875236616,-1.22268843839472,82
"1637",1.37609675323371,-1.22268843839472,82
"1638",1.73156475410126,-1.22268843839472,82
"1639",2.08703275496881,-1.22268843839472,82
"1640",2.44250075583636,-1.22268843839472,82
"1641",-4.31139126064711,1.3963591806529,83
"1642",-3.95592325977956,1.3963591806529,83
"1643",-3.60045525891201,1.3963591806529,83
"1644",-3.24498725804446,1.3963591806529,83
"1645",-2.8895192571769,1.3963591806529,83
"1646",-2.53405125630935,1.3963591806529,83
"1647",-2.1785832554418,1.3963591806529,83
"1648",-1.82311525457425,1.3963591806529,83
"1649",-1.4676472537067,1.3963591806529,83
"1650",-1.11217925283915,1.3963591806529,83
"1651",-0.756711251971597,1.15826394255766,83
"1652",-0.401243251104046,-0.270307486013765,83
"1653",-0.0457752502364945,-0.984593200299479,83
"1654",0.309692750631057,-1.22268843839472,83
"1655",0.665160751498608,-1.22268843839472,83
"1656",1.02062875236616,-1.22268843839472,83
"1657",1.37609675323371,-1.22268843839472,83
"1658",1.73156475410126,-1.22268843839472,83
"1659",2.08703275496881,-1.22268843839472,83
"1660",2.44250075583636,-1.22268843839472,83
"1661",-4.31139126064711,1.3963591806529,84
"1662",-3.95592325977956,1.3963591806529,84
"1663",-3.60045525891201,1.3963591806529,84
"1664",-3.24498725804446,1.3963591806529,84
"1665",-2.8895192571769,1.3963591806529,84
"1666",-2.53405125630935,1.3963591806529,84
"1667",-2.1785832554418,1.3963591806529,84
"1668",-1.82311525457425,1.3963591806529,84
"1669",-1.4676472537067,1.3963591806529,84
"1670",-1.11217925283915,1.3963591806529,84
"1671",-0.756711251971597,-0.0322122479185265,84
"1672",-0.401243251104046,-0.74649796220424,84
"1673",-0.0457752502364945,-0.984593200299479,84
"1674",0.309692750631057,-1.22268843839472,84
"1675",0.665160751498608,-1.22268843839472,84
"1676",1.02062875236616,-1.22268843839472,84
"1677",1.37609675323371,-1.22268843839472,84
"1678",1.73156475410126,-1.22268843839472,84
"1679",2.08703275496881,-1.22268843839472,84
"1680",2.44250075583636,-1.22268843839472,84
"1681",-4.31139126064711,1.3963591806529,85
"1682",-3.95592325977956,1.3963591806529,85
"1683",-3.60045525891201,1.3963591806529,85
"1684",-3.24498725804446,1.3963591806529,85
"1685",-2.8895192571769,1.3963591806529,85
"1686",-2.53405125630935,1.3963591806529,85
"1687",-2.1785832554418,1.3963591806529,85
"1688",-1.82311525457425,1.3963591806529,85
"1689",-1.4676472537067,1.3963591806529,85
"1690",-1.11217925283915,1.3963591806529,85
"1691",-0.756711251971597,0.44397822827195,85
"1692",-0.401243251104046,-0.508402724109003,85
"1693",-0.0457752502364945,-0.984593200299479,85
"1694",0.309692750631057,-1.22268843839472,85
"1695",0.665160751498608,-1.22268843839472,85
"1696",1.02062875236616,-1.22268843839472,85
"1697",1.37609675323371,-1.22268843839472,85
"1698",1.73156475410126,-1.22268843839472,85
"1699",2.08703275496881,-1.46078367648995,85
"1700",2.44250075583636,-1.46078367648995,85
"1701",-4.31139126064711,1.3963591806529,86
"1702",-3.95592325977956,1.3963591806529,86
"1703",-3.60045525891201,1.3963591806529,86
"1704",-3.24498725804446,1.3963591806529,86
"1705",-2.8895192571769,1.3963591806529,86
"1706",-2.53405125630935,1.3963591806529,86
"1707",-2.1785832554418,1.3963591806529,86
"1708",-1.82311525457425,1.3963591806529,86
"1709",-1.4676472537067,1.3963591806529,86
"1710",-1.11217925283915,0.920168704462426,86
"1711",-0.756711251971597,-0.0322122479185265,86
"1712",-0.401243251104046,-0.508402724109003,86
"1713",-0.0457752502364945,-0.984593200299479,86
"1714",0.309692750631057,-1.22268843839472,86
"1715",0.665160751498608,-1.22268843839472,86
"1716",1.02062875236616,-1.22268843839472,86
"1717",1.37609675323371,-1.22268843839472,86
"1718",1.73156475410126,-1.22268843839472,86
"1719",2.08703275496881,-1.22268843839472,86
"1720",2.44250075583636,-1.22268843839472,86
"1721",-4.31139126064711,1.3963591806529,87
"1722",-3.95592325977956,1.3963591806529,87
"1723",-3.60045525891201,1.3963591806529,87
"1724",-3.24498725804446,1.3963591806529,87
"1725",-2.8895192571769,1.3963591806529,87
"1726",-2.53405125630935,1.3963591806529,87
"1727",-2.1785832554418,1.3963591806529,87
"1728",-1.82311525457425,1.3963591806529,87
"1729",-1.4676472537067,1.3963591806529,87
"1730",-1.11217925283915,1.3963591806529,87
"1731",-0.756711251971597,-0.270307486013765,87
"1732",-0.401243251104046,-0.74649796220424,87
"1733",-0.0457752502364945,-0.984593200299479,87
"1734",0.309692750631057,-1.22268843839472,87
"1735",0.665160751498608,-1.22268843839472,87
"1736",1.02062875236616,-1.22268843839472,87
"1737",1.37609675323371,-1.22268843839472,87
"1738",1.73156475410126,-1.22268843839472,87
"1739",2.08703275496881,-1.22268843839472,87
"1740",2.44250075583636,-1.22268843839472,87
"1741",-4.31139126064711,1.3963591806529,88
"1742",-3.95592325977956,1.3963591806529,88
"1743",-3.60045525891201,1.3963591806529,88
"1744",-3.24498725804446,1.3963591806529,88
"1745",-2.8895192571769,1.3963591806529,88
"1746",-2.53405125630935,1.3963591806529,88
"1747",-2.1785832554418,1.3963591806529,88
"1748",-1.82311525457425,1.3963591806529,88
"1749",-1.4676472537067,1.3963591806529,88
"1750",-1.11217925283915,1.3963591806529,88
"1751",-0.756711251971597,0.44397822827195,88
"1752",-0.401243251104046,-0.508402724109003,88
"1753",-0.0457752502364945,-0.984593200299479,88
"1754",0.309692750631057,-1.22268843839472,88
"1755",0.665160751498608,-1.22268843839472,88
"1756",1.02062875236616,-1.22268843839472,88
"1757",1.37609675323371,-1.22268843839472,88
"1758",1.73156475410126,-1.22268843839472,88
"1759",2.08703275496881,-1.22268843839472,88
"1760",2.44250075583636,-1.22268843839472,88
"1761",-4.31139126064711,1.3963591806529,89
"1762",-3.95592325977956,1.3963591806529,89
"1763",-3.60045525891201,1.3963591806529,89
"1764",-3.24498725804446,1.3963591806529,89
"1765",-2.8895192571769,1.3963591806529,89
"1766",-2.53405125630935,1.3963591806529,89
"1767",-2.1785832554418,1.3963591806529,89
"1768",-1.82311525457425,1.3963591806529,89
"1769",-1.4676472537067,1.3963591806529,89
"1770",-1.11217925283915,1.3963591806529,89
"1771",-0.756711251971597,0.682073466367188,89
"1772",-0.401243251104046,-0.508402724109003,89
"1773",-0.0457752502364945,-0.984593200299479,89
"1774",0.309692750631057,-1.22268843839472,89
"1775",0.665160751498608,-1.22268843839472,89
"1776",1.02062875236616,-1.22268843839472,89
"1777",1.37609675323371,-1.22268843839472,89
"1778",1.73156475410126,-1.22268843839472,89
"1779",2.08703275496881,-1.22268843839472,89
"1780",2.44250075583636,-1.22268843839472,89
"1781",-4.31139126064711,1.3963591806529,90
"1782",-3.95592325977956,1.3963591806529,90
"1783",-3.60045525891201,1.3963591806529,90
"1784",-3.24498725804446,1.3963591806529,90
"1785",-2.8895192571769,1.3963591806529,90
"1786",-2.53405125630935,1.3963591806529,90
"1787",-2.1785832554418,1.3963591806529,90
"1788",-1.82311525457425,1.3963591806529,90
"1789",-1.4676472537067,1.3963591806529,90
"1790",-1.11217925283915,1.3963591806529,90
"1791",-0.756711251971597,-0.0322122479185265,90
"1792",-0.401243251104046,-0.74649796220424,90
"1793",-0.0457752502364945,-0.984593200299479,90
"1794",0.309692750631057,-1.22268843839472,90
"1795",0.665160751498608,-1.22268843839472,90
"1796",1.02062875236616,-1.22268843839472,90
"1797",1.37609675323371,-1.22268843839472,90
"1798",1.73156475410126,-1.22268843839472,90
"1799",2.08703275496881,-1.22268843839472,90
"1800",2.44250075583636,-1.22268843839472,90
"1801",-4.31139126064711,1.3963591806529,91
"1802",-3.95592325977956,1.3963591806529,91
"1803",-3.60045525891201,1.3963591806529,91
"1804",-3.24498725804446,1.3963591806529,91
"1805",-2.8895192571769,1.3963591806529,91
"1806",-2.53405125630935,1.3963591806529,91
"1807",-2.1785832554418,1.3963591806529,91
"1808",-1.82311525457425,1.3963591806529,91
"1809",-1.4676472537067,1.3963591806529,91
"1810",-1.11217925283915,1.3963591806529,91
"1811",-0.756711251971597,0.682073466367188,91
"1812",-0.401243251104046,-0.74649796220424,91
"1813",-0.0457752502364945,-1.22268843839472,91
"1814",0.309692750631057,-1.22268843839472,91
"1815",0.665160751498608,-1.22268843839472,91
"1816",1.02062875236616,-1.22268843839472,91
"1817",1.37609675323371,-1.22268843839472,91
"1818",1.73156475410126,-1.22268843839472,91
"1819",2.08703275496881,-1.22268843839472,91
"1820",2.44250075583636,-1.22268843839472,91
"1821",-4.31139126064711,1.3963591806529,92
"1822",-3.95592325977956,1.3963591806529,92
"1823",-3.60045525891201,1.3963591806529,92
"1824",-3.24498725804446,1.3963591806529,92
"1825",-2.8895192571769,1.3963591806529,92
"1826",-2.53405125630935,1.3963591806529,92
"1827",-2.1785832554418,1.3963591806529,92
"1828",-1.82311525457425,1.3963591806529,92
"1829",-1.4676472537067,1.3963591806529,92
"1830",-1.11217925283915,1.3963591806529,92
"1831",-0.756711251971597,-0.270307486013765,92
"1832",-0.401243251104046,-0.74649796220424,92
"1833",-0.0457752502364945,-0.984593200299479,92
"1834",0.309692750631057,-1.22268843839472,92
"1835",0.665160751498608,-1.22268843839472,92
"1836",1.02062875236616,-1.22268843839472,92
"1837",1.37609675323371,-1.22268843839472,92
"1838",1.73156475410126,-1.22268843839472,92
"1839",2.08703275496881,-1.22268843839472,92
"1840",2.44250075583636,-1.22268843839472,92
"1841",-4.31139126064711,1.3963591806529,93
"1842",-3.95592325977956,1.3963591806529,93
"1843",-3.60045525891201,1.3963591806529,93
"1844",-3.24498725804446,1.3963591806529,93
"1845",-2.8895192571769,1.3963591806529,93
"1846",-2.53405125630935,1.3963591806529,93
"1847",-2.1785832554418,1.3963591806529,93
"1848",-1.82311525457425,1.3963591806529,93
"1849",-1.4676472537067,1.3963591806529,93
"1850",-1.11217925283915,1.3963591806529,93
"1851",-0.756711251971597,0.205882990176712,93
"1852",-0.401243251104046,-0.508402724109003,93
"1853",-0.0457752502364945,-0.984593200299479,93
"1854",0.309692750631057,-1.22268843839472,93
"1855",0.665160751498608,-1.22268843839472,93
"1856",1.02062875236616,-1.22268843839472,93
"1857",1.37609675323371,-1.46078367648995,93
"1858",1.73156475410126,-1.46078367648995,93
"1859",2.08703275496881,-1.46078367648995,93
"1860",2.44250075583636,-1.46078367648995,93
"1861",-4.31139126064711,1.3963591806529,94
"1862",-3.95592325977956,1.3963591806529,94
"1863",-3.60045525891201,1.3963591806529,94
"1864",-3.24498725804446,1.3963591806529,94
"1865",-2.8895192571769,1.3963591806529,94
"1866",-2.53405125630935,1.3963591806529,94
"1867",-2.1785832554418,1.3963591806529,94
"1868",-1.82311525457425,1.3963591806529,94
"1869",-1.4676472537067,1.3963591806529,94
"1870",-1.11217925283915,1.3963591806529,94
"1871",-0.756711251971597,0.44397822827195,94
"1872",-0.401243251104046,-0.508402724109003,94
"1873",-0.0457752502364945,-0.984593200299479,94
"1874",0.309692750631057,-1.22268843839472,94
"1875",0.665160751498608,-1.22268843839472,94
"1876",1.02062875236616,-1.22268843839472,94
"1877",1.37609675323371,-1.22268843839472,94
"1878",1.73156475410126,-1.22268843839472,94
"1879",2.08703275496881,-1.22268843839472,94
"1880",2.44250075583636,-1.22268843839472,94
"1881",-4.31139126064711,1.3963591806529,95
"1882",-3.95592325977956,1.3963591806529,95
"1883",-3.60045525891201,1.3963591806529,95
"1884",-3.24498725804446,1.3963591806529,95
"1885",-2.8895192571769,1.3963591806529,95
"1886",-2.53405125630935,1.3963591806529,95
"1887",-2.1785832554418,1.3963591806529,95
"1888",-1.82311525457425,1.3963591806529,95
"1889",-1.4676472537067,1.3963591806529,95
"1890",-1.11217925283915,1.3963591806529,95
"1891",-0.756711251971597,-0.270307486013765,95
"1892",-0.401243251104046,-0.984593200299479,95
"1893",-0.0457752502364945,-1.22268843839472,95
"1894",0.309692750631057,-1.22268843839472,95
"1895",0.665160751498608,-1.22268843839472,95
"1896",1.02062875236616,-1.22268843839472,95
"1897",1.37609675323371,-1.22268843839472,95
"1898",1.73156475410126,-1.22268843839472,95
"1899",2.08703275496881,-1.22268843839472,95
"1900",2.44250075583636,-1.22268843839472,95
"1901",-4.31139126064711,1.3963591806529,96
"1902",-3.95592325977956,1.3963591806529,96
"1903",-3.60045525891201,1.3963591806529,96
"1904",-3.24498725804446,1.3963591806529,96
"1905",-2.8895192571769,1.3963591806529,96
"1906",-2.53405125630935,1.3963591806529,96
"1907",-2.1785832554418,1.3963591806529,96
"1908",-1.82311525457425,1.3963591806529,96
"1909",-1.4676472537067,1.3963591806529,96
"1910",-1.11217925283915,0.920168704462426,96
"1911",-0.756711251971597,-0.508402724109003,96
"1912",-0.401243251104046,-0.74649796220424,96
"1913",-0.0457752502364945,-0.984593200299479,96
"1914",0.309692750631057,-1.22268843839472,96
"1915",0.665160751498608,-1.22268843839472,96
"1916",1.02062875236616,-1.22268843839472,96
"1917",1.37609675323371,-1.22268843839472,96
"1918",1.73156475410126,-1.22268843839472,96
"1919",2.08703275496881,-1.22268843839472,96
"1920",2.44250075583636,-1.22268843839472,96
"1921",-4.31139126064711,1.3963591806529,97
"1922",-3.95592325977956,1.3963591806529,97
"1923",-3.60045525891201,1.3963591806529,97
"1924",-3.24498725804446,1.3963591806529,97
"1925",-2.8895192571769,1.3963591806529,97
"1926",-2.53405125630935,1.3963591806529,97
"1927",-2.1785832554418,1.3963591806529,97
"1928",-1.82311525457425,1.3963591806529,97
"1929",-1.4676472537067,1.3963591806529,97
"1930",-1.11217925283915,1.3963591806529,97
"1931",-0.756711251971597,-0.0322122479185265,97
"1932",-0.401243251104046,-0.74649796220424,97
"1933",-0.0457752502364945,-0.984593200299479,97
"1934",0.309692750631057,-1.22268843839472,97
"1935",0.665160751498608,-1.22268843839472,97
"1936",1.02062875236616,-1.22268843839472,97
"1937",1.37609675323371,-1.22268843839472,97
"1938",1.73156475410126,-1.22268843839472,97
"1939",2.08703275496881,-1.22268843839472,97
"1940",2.44250075583636,-1.22268843839472,97
"1941",-4.31139126064711,1.3963591806529,98
"1942",-3.95592325977956,1.3963591806529,98
"1943",-3.60045525891201,1.3963591806529,98
"1944",-3.24498725804446,1.3963591806529,98
"1945",-2.8895192571769,1.3963591806529,98
"1946",-2.53405125630935,1.3963591806529,98
"1947",-2.1785832554418,1.3963591806529,98
"1948",-1.82311525457425,1.3963591806529,98
"1949",-1.4676472537067,1.3963591806529,98
"1950",-1.11217925283915,1.3963591806529,98
"1951",-0.756711251971597,-0.0322122479185265,98
"1952",-0.401243251104046,-0.74649796220424,98
"1953",-0.0457752502364945,-0.984593200299479,98
"1954",0.309692750631057,-1.22268843839472,98
"1955",0.665160751498608,-1.22268843839472,98
"1956",1.02062875236616,-1.22268843839472,98
"1957",1.37609675323371,-1.22268843839472,98
"1958",1.73156475410126,-1.46078367648995,98
"1959",2.08703275496881,-1.46078367648995,98
"1960",2.44250075583636,-1.46078367648995,98
"1961",-4.31139126064711,1.3963591806529,99
"1962",-3.95592325977956,1.3963591806529,99
"1963",-3.60045525891201,1.3963591806529,99
"1964",-3.24498725804446,1.3963591806529,99
"1965",-2.8895192571769,1.3963591806529,99
"1966",-2.53405125630935,1.3963591806529,99
"1967",-2.1785832554418,1.3963591806529,99
"1968",-1.82311525457425,1.3963591806529,99
"1969",-1.4676472537067,1.3963591806529,99
"1970",-1.11217925283915,1.3963591806529,99
"1971",-0.756711251971597,-0.270307486013765,99
"1972",-0.401243251104046,-0.74649796220424,99
"1973",-0.0457752502364945,-0.984593200299479,99
"1974",0.309692750631057,-1.22268843839472,99
"1975",0.665160751498608,-1.22268843839472,99
"1976",1.02062875236616,-1.22268843839472,99
"1977",1.37609675323371,-1.46078367648995,99
"1978",1.73156475410126,-1.46078367648995,99
"1979",2.08703275496881,-1.46078367648995,99
"1980",2.44250075583636,-1.46078367648995,99
"1981",-4.31139126064711,1.3963591806529,100
"1982",-3.95592325977956,1.3963591806529,100
"1983",-3.60045525891201,1.3963591806529,100
"1984",-3.24498725804446,1.3963591806529,100
"1985",-2.8895192571769,1.3963591806529,100
"1986",-2.53405125630935,1.3963591806529,100
"1987",-2.1785832554418,1.3963591806529,100
"1988",-1.82311525457425,1.3963591806529,100
"1989",-1.4676472537067,1.3963591806529,100
"1990",-1.11217925283915,1.3963591806529,100
"1991",-0.756711251971597,-0.0322122479185265,100
"1992",-0.401243251104046,-0.508402724109003,100
"1993",-0.0457752502364945,-0.984593200299479,100
"1994",0.309692750631057,-1.22268843839472,100
"1995",0.665160751498608,-1.22268843839472,100
"1996",1.02062875236616,-1.22268843839472,100
"1997",1.37609675323371,-1.22268843839472,100
"1998",1.73156475410126,-1.22268843839472,100
"1999",2.08703275496881,-1.22268843839472,100
"2000",2.44250075583636,-1.22268843839472,100
