"","x","y","sample"
"1",-4.30038043699417,3.31954702539846,1
"2",-3.9004487808754,3.31954702539846,1
"3",-3.50051712475662,3.31954702539846,1
"4",-3.10058546863785,3.31954702539846,1
"5",-2.70065381251907,3.31954702539846,1
"6",-2.30072215640029,3.31954702539846,1
"7",-1.90079050028152,3.31954702539846,1
"8",-1.50085884416274,3.31954702539846,1
"9",-1.10092718804397,3.31954702539846,1
"10",-0.700995531925193,3.31954702539846,1
"11",-0.301063875806418,0.279080023855653,1
"12",0.0988677803123572,-0.0587496429824363,1
"13",0.498799436431133,-0.396579309820526,1
"14",0.898731092549909,-0.396579309820526,1
"15",1.29866274866868,-0.396579309820526,1
"16",1.69859440478746,-0.396579309820526,1
"17",2.09852606090623,-0.396579309820526,1
"18",2.49845771702501,-0.396579309820526,1
"19",2.89838937314379,-0.396579309820526,1
"20",3.29832102926256,-0.396579309820526,1
"21",-4.30038043699417,3.31954702539846,2
"22",-3.9004487808754,3.31954702539846,2
"23",-3.50051712475662,3.31954702539846,2
"24",-3.10058546863785,3.31954702539846,2
"25",-2.70065381251907,3.31954702539846,2
"26",-2.30072215640029,3.31954702539846,2
"27",-1.90079050028152,3.31954702539846,2
"28",-1.50085884416274,3.31954702539846,2
"29",-1.10092718804397,3.31954702539846,2
"30",-0.700995531925193,3.31954702539846,2
"31",-0.301063875806418,0.279080023855653,2
"32",0.0988677803123572,-0.0587496429824363,2
"33",0.498799436431133,-0.396579309820526,2
"34",0.898731092549909,-0.396579309820526,2
"35",1.29866274866868,-0.396579309820526,2
"36",1.69859440478746,-0.396579309820526,2
"37",2.09852606090623,-0.396579309820526,2
"38",2.49845771702501,-0.396579309820526,2
"39",2.89838937314379,-0.396579309820526,2
"40",3.29832102926256,-0.396579309820526,2
"41",-4.30038043699417,3.31954702539846,3
"42",-3.9004487808754,3.31954702539846,3
"43",-3.50051712475662,3.31954702539846,3
"44",-3.10058546863785,3.31954702539846,3
"45",-2.70065381251907,3.31954702539846,3
"46",-2.30072215640029,3.31954702539846,3
"47",-1.90079050028152,3.31954702539846,3
"48",-1.50085884416274,3.31954702539846,3
"49",-1.10092718804397,3.31954702539846,3
"50",-0.700995531925193,3.31954702539846,3
"51",-0.301063875806418,0.279080023855653,3
"52",0.0988677803123572,-0.0587496429824363,3
"53",0.498799436431133,-0.0587496429824363,3
"54",0.898731092549909,-0.396579309820526,3
"55",1.29866274866868,-0.396579309820526,3
"56",1.69859440478746,-0.396579309820526,3
"57",2.09852606090623,-0.396579309820526,3
"58",2.49845771702501,-0.396579309820526,3
"59",2.89838937314379,-0.396579309820526,3
"60",3.29832102926256,-0.396579309820526,3
"61",-4.30038043699417,3.31954702539846,4
"62",-3.9004487808754,3.31954702539846,4
"63",-3.50051712475662,3.31954702539846,4
"64",-3.10058546863785,3.31954702539846,4
"65",-2.70065381251907,3.31954702539846,4
"66",-2.30072215640029,3.31954702539846,4
"67",-1.90079050028152,3.31954702539846,4
"68",-1.50085884416274,3.31954702539846,4
"69",-1.10092718804397,3.31954702539846,4
"70",-0.700995531925193,3.31954702539846,4
"71",-0.301063875806418,0.279080023855653,4
"72",0.0988677803123572,-0.0587496429824363,4
"73",0.498799436431133,-0.396579309820526,4
"74",0.898731092549909,-0.396579309820526,4
"75",1.29866274866868,-0.396579309820526,4
"76",1.69859440478746,-0.396579309820526,4
"77",2.09852606090623,-0.396579309820526,4
"78",2.49845771702501,-0.396579309820526,4
"79",2.89838937314379,-0.396579309820526,4
"80",3.29832102926256,-0.396579309820526,4
"81",-4.30038043699417,3.31954702539846,5
"82",-3.9004487808754,3.31954702539846,5
"83",-3.50051712475662,3.31954702539846,5
"84",-3.10058546863785,3.31954702539846,5
"85",-2.70065381251907,3.31954702539846,5
"86",-2.30072215640029,3.31954702539846,5
"87",-1.90079050028152,3.31954702539846,5
"88",-1.50085884416274,3.31954702539846,5
"89",-1.10092718804397,3.31954702539846,5
"90",-0.700995531925193,3.31954702539846,5
"91",-0.301063875806418,0.279080023855653,5
"92",0.0988677803123572,-0.0587496429824363,5
"93",0.498799436431133,-0.396579309820526,5
"94",0.898731092549909,-0.396579309820526,5
"95",1.29866274866868,-0.396579309820526,5
"96",1.69859440478746,-0.396579309820526,5
"97",2.09852606090623,-0.396579309820526,5
"98",2.49845771702501,-0.396579309820526,5
"99",2.89838937314379,-0.396579309820526,5
"100",3.29832102926256,-0.396579309820526,5
"101",-4.30038043699417,3.31954702539846,6
"102",-3.9004487808754,3.31954702539846,6
"103",-3.50051712475662,3.31954702539846,6
"104",-3.10058546863785,3.31954702539846,6
"105",-2.70065381251907,3.31954702539846,6
"106",-2.30072215640029,3.31954702539846,6
"107",-1.90079050028152,3.31954702539846,6
"108",-1.50085884416274,3.31954702539846,6
"109",-1.10092718804397,3.31954702539846,6
"110",-0.700995531925193,2.30605802488419,6
"111",-0.301063875806418,0.279080023855653,6
"112",0.0988677803123572,-0.0587496429824363,6
"113",0.498799436431133,-0.0587496429824363,6
"114",0.898731092549909,-0.396579309820526,6
"115",1.29866274866868,-0.396579309820526,6
"116",1.69859440478746,-0.396579309820526,6
"117",2.09852606090623,-0.396579309820526,6
"118",2.49845771702501,-0.396579309820526,6
"119",2.89838937314379,-0.396579309820526,6
"120",3.29832102926256,-0.396579309820526,6
"121",-4.30038043699417,3.31954702539846,7
"122",-3.9004487808754,3.31954702539846,7
"123",-3.50051712475662,3.31954702539846,7
"124",-3.10058546863785,3.31954702539846,7
"125",-2.70065381251907,3.31954702539846,7
"126",-2.30072215640029,3.31954702539846,7
"127",-1.90079050028152,3.31954702539846,7
"128",-1.50085884416274,3.31954702539846,7
"129",-1.10092718804397,3.31954702539846,7
"130",-0.700995531925193,3.31954702539846,7
"131",-0.301063875806418,0.279080023855653,7
"132",0.0988677803123572,-0.0587496429824363,7
"133",0.498799436431133,-0.0587496429824363,7
"134",0.898731092549909,-0.396579309820526,7
"135",1.29866274866868,-0.396579309820526,7
"136",1.69859440478746,-0.396579309820526,7
"137",2.09852606090623,-0.396579309820526,7
"138",2.49845771702501,-0.396579309820526,7
"139",2.89838937314379,-0.396579309820526,7
"140",3.29832102926256,-0.396579309820526,7
"141",-4.30038043699417,3.31954702539846,8
"142",-3.9004487808754,3.31954702539846,8
"143",-3.50051712475662,3.31954702539846,8
"144",-3.10058546863785,3.31954702539846,8
"145",-2.70065381251907,3.31954702539846,8
"146",-2.30072215640029,3.31954702539846,8
"147",-1.90079050028152,3.31954702539846,8
"148",-1.50085884416274,3.31954702539846,8
"149",-1.10092718804397,3.31954702539846,8
"150",-0.700995531925193,2.64388769172228,8
"151",-0.301063875806418,0.279080023855653,8
"152",0.0988677803123572,-0.0587496429824363,8
"153",0.498799436431133,-0.396579309820526,8
"154",0.898731092549909,-0.396579309820526,8
"155",1.29866274866868,-0.396579309820526,8
"156",1.69859440478746,-0.396579309820526,8
"157",2.09852606090623,-0.396579309820526,8
"158",2.49845771702501,-0.396579309820526,8
"159",2.89838937314379,-0.396579309820526,8
"160",3.29832102926256,-0.396579309820526,8
"161",-4.30038043699417,3.31954702539846,9
"162",-3.9004487808754,3.31954702539846,9
"163",-3.50051712475662,3.31954702539846,9
"164",-3.10058546863785,3.31954702539846,9
"165",-2.70065381251907,3.31954702539846,9
"166",-2.30072215640029,3.31954702539846,9
"167",-1.90079050028152,3.31954702539846,9
"168",-1.50085884416274,3.31954702539846,9
"169",-1.10092718804397,3.31954702539846,9
"170",-0.700995531925193,3.31954702539846,9
"171",-0.301063875806418,0.279080023855653,9
"172",0.0988677803123572,-0.0587496429824363,9
"173",0.498799436431133,-0.0587496429824363,9
"174",0.898731092549909,-0.396579309820526,9
"175",1.29866274866868,-0.396579309820526,9
"176",1.69859440478746,-0.396579309820526,9
"177",2.09852606090623,-0.396579309820526,9
"178",2.49845771702501,-0.396579309820526,9
"179",2.89838937314379,-0.396579309820526,9
"180",3.29832102926256,-0.396579309820526,9
"181",-4.30038043699417,3.31954702539846,10
"182",-3.9004487808754,3.31954702539846,10
"183",-3.50051712475662,3.31954702539846,10
"184",-3.10058546863785,3.31954702539846,10
"185",-2.70065381251907,3.31954702539846,10
"186",-2.30072215640029,3.31954702539846,10
"187",-1.90079050028152,3.31954702539846,10
"188",-1.50085884416274,3.31954702539846,10
"189",-1.10092718804397,3.31954702539846,10
"190",-0.700995531925193,3.31954702539846,10
"191",-0.301063875806418,0.616909690693743,10
"192",0.0988677803123572,-0.0587496429824363,10
"193",0.498799436431133,-0.0587496429824363,10
"194",0.898731092549909,-0.0587496429824363,10
"195",1.29866274866868,-0.0587496429824363,10
"196",1.69859440478746,-0.0587496429824363,10
"197",2.09852606090623,-0.0587496429824363,10
"198",2.49845771702501,-0.0587496429824363,10
"199",2.89838937314379,-0.0587496429824363,10
"200",3.29832102926256,-0.0587496429824363,10
"201",-4.30038043699417,3.31954702539846,11
"202",-3.9004487808754,3.31954702539846,11
"203",-3.50051712475662,3.31954702539846,11
"204",-3.10058546863785,3.31954702539846,11
"205",-2.70065381251907,3.31954702539846,11
"206",-2.30072215640029,3.31954702539846,11
"207",-1.90079050028152,3.31954702539846,11
"208",-1.50085884416274,3.31954702539846,11
"209",-1.10092718804397,3.31954702539846,11
"210",-0.700995531925193,3.31954702539846,11
"211",-0.301063875806418,0.279080023855653,11
"212",0.0988677803123572,-0.0587496429824363,11
"213",0.498799436431133,-0.0587496429824363,11
"214",0.898731092549909,-0.0587496429824363,11
"215",1.29866274866868,-0.396579309820526,11
"216",1.69859440478746,-0.396579309820526,11
"217",2.09852606090623,-0.396579309820526,11
"218",2.49845771702501,-0.396579309820526,11
"219",2.89838937314379,-0.396579309820526,11
"220",3.29832102926256,-0.396579309820526,11
"221",-4.30038043699417,3.31954702539846,12
"222",-3.9004487808754,3.31954702539846,12
"223",-3.50051712475662,3.31954702539846,12
"224",-3.10058546863785,3.31954702539846,12
"225",-2.70065381251907,3.31954702539846,12
"226",-2.30072215640029,3.31954702539846,12
"227",-1.90079050028152,3.31954702539846,12
"228",-1.50085884416274,3.31954702539846,12
"229",-1.10092718804397,3.31954702539846,12
"230",-0.700995531925193,3.31954702539846,12
"231",-0.301063875806418,0.279080023855653,12
"232",0.0988677803123572,-0.0587496429824363,12
"233",0.498799436431133,-0.0587496429824363,12
"234",0.898731092549909,-0.0587496429824363,12
"235",1.29866274866868,-0.0587496429824363,12
"236",1.69859440478746,-0.0587496429824363,12
"237",2.09852606090623,-0.0587496429824363,12
"238",2.49845771702501,-0.0587496429824363,12
"239",2.89838937314379,-0.0587496429824363,12
"240",3.29832102926256,-0.396579309820526,12
"241",-4.30038043699417,3.31954702539846,13
"242",-3.9004487808754,3.31954702539846,13
"243",-3.50051712475662,3.31954702539846,13
"244",-3.10058546863785,3.31954702539846,13
"245",-2.70065381251907,3.31954702539846,13
"246",-2.30072215640029,3.31954702539846,13
"247",-1.90079050028152,3.31954702539846,13
"248",-1.50085884416274,3.31954702539846,13
"249",-1.10092718804397,3.31954702539846,13
"250",-0.700995531925193,3.31954702539846,13
"251",-0.301063875806418,0.279080023855653,13
"252",0.0988677803123572,-0.0587496429824363,13
"253",0.498799436431133,-0.0587496429824363,13
"254",0.898731092549909,-0.396579309820526,13
"255",1.29866274866868,-0.396579309820526,13
"256",1.69859440478746,-0.396579309820526,13
"257",2.09852606090623,-0.396579309820526,13
"258",2.49845771702501,-0.396579309820526,13
"259",2.89838937314379,-0.396579309820526,13
"260",3.29832102926256,-0.396579309820526,13
"261",-4.30038043699417,3.31954702539846,14
"262",-3.9004487808754,3.31954702539846,14
"263",-3.50051712475662,3.31954702539846,14
"264",-3.10058546863785,3.31954702539846,14
"265",-2.70065381251907,3.31954702539846,14
"266",-2.30072215640029,3.31954702539846,14
"267",-1.90079050028152,3.31954702539846,14
"268",-1.50085884416274,3.31954702539846,14
"269",-1.10092718804397,3.31954702539846,14
"270",-0.700995531925193,3.31954702539846,14
"271",-0.301063875806418,0.279080023855653,14
"272",0.0988677803123572,-0.396579309820526,14
"273",0.498799436431133,-0.396579309820526,14
"274",0.898731092549909,-0.396579309820526,14
"275",1.29866274866868,-0.396579309820526,14
"276",1.69859440478746,-0.396579309820526,14
"277",2.09852606090623,-0.396579309820526,14
"278",2.49845771702501,-0.396579309820526,14
"279",2.89838937314379,-0.396579309820526,14
"280",3.29832102926256,-0.396579309820526,14
"281",-4.30038043699417,3.31954702539846,15
"282",-3.9004487808754,3.31954702539846,15
"283",-3.50051712475662,3.31954702539846,15
"284",-3.10058546863785,3.31954702539846,15
"285",-2.70065381251907,3.31954702539846,15
"286",-2.30072215640029,3.31954702539846,15
"287",-1.90079050028152,3.31954702539846,15
"288",-1.50085884416274,3.31954702539846,15
"289",-1.10092718804397,3.31954702539846,15
"290",-0.700995531925193,3.31954702539846,15
"291",-0.301063875806418,0.616909690693743,15
"292",0.0988677803123572,-0.0587496429824363,15
"293",0.498799436431133,-0.0587496429824363,15
"294",0.898731092549909,-0.0587496429824363,15
"295",1.29866274866868,-0.396579309820526,15
"296",1.69859440478746,-0.396579309820526,15
"297",2.09852606090623,-0.396579309820526,15
"298",2.49845771702501,-0.396579309820526,15
"299",2.89838937314379,-0.396579309820526,15
"300",3.29832102926256,-0.396579309820526,15
"301",-4.30038043699417,3.31954702539846,16
"302",-3.9004487808754,3.31954702539846,16
"303",-3.50051712475662,3.31954702539846,16
"304",-3.10058546863785,3.31954702539846,16
"305",-2.70065381251907,3.31954702539846,16
"306",-2.30072215640029,3.31954702539846,16
"307",-1.90079050028152,3.31954702539846,16
"308",-1.50085884416274,3.31954702539846,16
"309",-1.10092718804397,3.31954702539846,16
"310",-0.700995531925193,3.31954702539846,16
"311",-0.301063875806418,0.279080023855653,16
"312",0.0988677803123572,-0.0587496429824363,16
"313",0.498799436431133,-0.396579309820526,16
"314",0.898731092549909,-0.396579309820526,16
"315",1.29866274866868,-0.396579309820526,16
"316",1.69859440478746,-0.396579309820526,16
"317",2.09852606090623,-0.396579309820526,16
"318",2.49845771702501,-0.396579309820526,16
"319",2.89838937314379,-0.396579309820526,16
"320",3.29832102926256,-0.396579309820526,16
"321",-4.30038043699417,3.31954702539846,17
"322",-3.9004487808754,3.31954702539846,17
"323",-3.50051712475662,3.31954702539846,17
"324",-3.10058546863785,3.31954702539846,17
"325",-2.70065381251907,3.31954702539846,17
"326",-2.30072215640029,3.31954702539846,17
"327",-1.90079050028152,3.31954702539846,17
"328",-1.50085884416274,3.31954702539846,17
"329",-1.10092718804397,3.31954702539846,17
"330",-0.700995531925193,3.31954702539846,17
"331",-0.301063875806418,0.279080023855653,17
"332",0.0988677803123572,-0.0587496429824363,17
"333",0.498799436431133,-0.396579309820526,17
"334",0.898731092549909,-0.396579309820526,17
"335",1.29866274866868,-0.396579309820526,17
"336",1.69859440478746,-0.396579309820526,17
"337",2.09852606090623,-0.396579309820526,17
"338",2.49845771702501,-0.734408976658616,17
"339",2.89838937314379,-0.734408976658616,17
"340",3.29832102926256,-0.734408976658616,17
"341",-4.30038043699417,3.31954702539846,18
"342",-3.9004487808754,3.31954702539846,18
"343",-3.50051712475662,3.31954702539846,18
"344",-3.10058546863785,3.31954702539846,18
"345",-2.70065381251907,3.31954702539846,18
"346",-2.30072215640029,3.31954702539846,18
"347",-1.90079050028152,3.31954702539846,18
"348",-1.50085884416274,3.31954702539846,18
"349",-1.10092718804397,3.31954702539846,18
"350",-0.700995531925193,3.31954702539846,18
"351",-0.301063875806418,0.279080023855653,18
"352",0.0988677803123572,-0.0587496429824363,18
"353",0.498799436431133,-0.0587496429824363,18
"354",0.898731092549909,-0.396579309820526,18
"355",1.29866274866868,-0.396579309820526,18
"356",1.69859440478746,-0.396579309820526,18
"357",2.09852606090623,-0.396579309820526,18
"358",2.49845771702501,-0.396579309820526,18
"359",2.89838937314379,-0.396579309820526,18
"360",3.29832102926256,-0.396579309820526,18
"361",-4.30038043699417,3.31954702539846,19
"362",-3.9004487808754,3.31954702539846,19
"363",-3.50051712475662,3.31954702539846,19
"364",-3.10058546863785,3.31954702539846,19
"365",-2.70065381251907,3.31954702539846,19
"366",-2.30072215640029,3.31954702539846,19
"367",-1.90079050028152,3.31954702539846,19
"368",-1.50085884416274,3.31954702539846,19
"369",-1.10092718804397,3.31954702539846,19
"370",-0.700995531925193,3.31954702539846,19
"371",-0.301063875806418,0.279080023855653,19
"372",0.0988677803123572,-0.0587496429824363,19
"373",0.498799436431133,-0.0587496429824363,19
"374",0.898731092549909,-0.0587496429824363,19
"375",1.29866274866868,-0.396579309820526,19
"376",1.69859440478746,-0.396579309820526,19
"377",2.09852606090623,-0.396579309820526,19
"378",2.49845771702501,-0.396579309820526,19
"379",2.89838937314379,-0.396579309820526,19
"380",3.29832102926256,-0.396579309820526,19
"381",-4.30038043699417,3.31954702539846,20
"382",-3.9004487808754,3.31954702539846,20
"383",-3.50051712475662,3.31954702539846,20
"384",-3.10058546863785,3.31954702539846,20
"385",-2.70065381251907,3.31954702539846,20
"386",-2.30072215640029,3.31954702539846,20
"387",-1.90079050028152,3.31954702539846,20
"388",-1.50085884416274,3.31954702539846,20
"389",-1.10092718804397,3.31954702539846,20
"390",-0.700995531925193,3.31954702539846,20
"391",-0.301063875806418,0.279080023855653,20
"392",0.0988677803123572,-0.0587496429824363,20
"393",0.498799436431133,-0.0587496429824363,20
"394",0.898731092549909,-0.0587496429824363,20
"395",1.29866274866868,-0.396579309820526,20
"396",1.69859440478746,-0.396579309820526,20
"397",2.09852606090623,-0.396579309820526,20
"398",2.49845771702501,-0.396579309820526,20
"399",2.89838937314379,-0.396579309820526,20
"400",3.29832102926256,-0.396579309820526,20
"401",-4.30038043699417,3.31954702539846,21
"402",-3.9004487808754,3.31954702539846,21
"403",-3.50051712475662,3.31954702539846,21
"404",-3.10058546863785,3.31954702539846,21
"405",-2.70065381251907,3.31954702539846,21
"406",-2.30072215640029,3.31954702539846,21
"407",-1.90079050028152,3.31954702539846,21
"408",-1.50085884416274,3.31954702539846,21
"409",-1.10092718804397,3.31954702539846,21
"410",-0.700995531925193,3.31954702539846,21
"411",-0.301063875806418,0.279080023855653,21
"412",0.0988677803123572,-0.0587496429824363,21
"413",0.498799436431133,-0.396579309820526,21
"414",0.898731092549909,-0.396579309820526,21
"415",1.29866274866868,-0.396579309820526,21
"416",1.69859440478746,-0.396579309820526,21
"417",2.09852606090623,-0.396579309820526,21
"418",2.49845771702501,-0.396579309820526,21
"419",2.89838937314379,-0.396579309820526,21
"420",3.29832102926256,-0.396579309820526,21
"421",-4.30038043699417,3.31954702539846,22
"422",-3.9004487808754,3.31954702539846,22
"423",-3.50051712475662,3.31954702539846,22
"424",-3.10058546863785,3.31954702539846,22
"425",-2.70065381251907,3.31954702539846,22
"426",-2.30072215640029,3.31954702539846,22
"427",-1.90079050028152,3.31954702539846,22
"428",-1.50085884416274,3.31954702539846,22
"429",-1.10092718804397,3.31954702539846,22
"430",-0.700995531925193,3.31954702539846,22
"431",-0.301063875806418,0.616909690693743,22
"432",0.0988677803123572,-0.0587496429824363,22
"433",0.498799436431133,-0.0587496429824363,22
"434",0.898731092549909,-0.0587496429824363,22
"435",1.29866274866868,-0.0587496429824363,22
"436",1.69859440478746,-0.396579309820526,22
"437",2.09852606090623,-0.396579309820526,22
"438",2.49845771702501,-0.396579309820526,22
"439",2.89838937314379,-0.396579309820526,22
"440",3.29832102926256,-0.396579309820526,22
"441",-4.30038043699417,3.31954702539846,23
"442",-3.9004487808754,3.31954702539846,23
"443",-3.50051712475662,3.31954702539846,23
"444",-3.10058546863785,3.31954702539846,23
"445",-2.70065381251907,3.31954702539846,23
"446",-2.30072215640029,3.31954702539846,23
"447",-1.90079050028152,3.31954702539846,23
"448",-1.50085884416274,3.31954702539846,23
"449",-1.10092718804397,3.31954702539846,23
"450",-0.700995531925193,3.31954702539846,23
"451",-0.301063875806418,0.616909690693743,23
"452",0.0988677803123572,-0.0587496429824363,23
"453",0.498799436431133,-0.0587496429824363,23
"454",0.898731092549909,-0.396579309820526,23
"455",1.29866274866868,-0.396579309820526,23
"456",1.69859440478746,-0.396579309820526,23
"457",2.09852606090623,-0.396579309820526,23
"458",2.49845771702501,-0.396579309820526,23
"459",2.89838937314379,-0.396579309820526,23
"460",3.29832102926256,-0.396579309820526,23
"461",-4.30038043699417,3.31954702539846,24
"462",-3.9004487808754,3.31954702539846,24
"463",-3.50051712475662,3.31954702539846,24
"464",-3.10058546863785,3.31954702539846,24
"465",-2.70065381251907,3.31954702539846,24
"466",-2.30072215640029,3.31954702539846,24
"467",-1.90079050028152,3.31954702539846,24
"468",-1.50085884416274,3.31954702539846,24
"469",-1.10092718804397,3.31954702539846,24
"470",-0.700995531925193,3.31954702539846,24
"471",-0.301063875806418,0.279080023855653,24
"472",0.0988677803123572,-0.0587496429824363,24
"473",0.498799436431133,-0.0587496429824363,24
"474",0.898731092549909,-0.0587496429824363,24
"475",1.29866274866868,-0.0587496429824363,24
"476",1.69859440478746,-0.0587496429824363,24
"477",2.09852606090623,-0.0587496429824363,24
"478",2.49845771702501,-0.0587496429824363,24
"479",2.89838937314379,-0.0587496429824363,24
"480",3.29832102926256,-0.0587496429824363,24
"481",-4.30038043699417,3.31954702539846,25
"482",-3.9004487808754,3.31954702539846,25
"483",-3.50051712475662,3.31954702539846,25
"484",-3.10058546863785,3.31954702539846,25
"485",-2.70065381251907,3.31954702539846,25
"486",-2.30072215640029,3.31954702539846,25
"487",-1.90079050028152,3.31954702539846,25
"488",-1.50085884416274,3.31954702539846,25
"489",-1.10092718804397,3.31954702539846,25
"490",-0.700995531925193,3.31954702539846,25
"491",-0.301063875806418,0.279080023855653,25
"492",0.0988677803123572,-0.0587496429824363,25
"493",0.498799436431133,-0.0587496429824363,25
"494",0.898731092549909,-0.0587496429824363,25
"495",1.29866274866868,-0.396579309820526,25
"496",1.69859440478746,-0.396579309820526,25
"497",2.09852606090623,-0.396579309820526,25
"498",2.49845771702501,-0.396579309820526,25
"499",2.89838937314379,-0.396579309820526,25
"500",3.29832102926256,-0.396579309820526,25
"501",-4.30038043699417,3.31954702539846,26
"502",-3.9004487808754,3.31954702539846,26
"503",-3.50051712475662,3.31954702539846,26
"504",-3.10058546863785,3.31954702539846,26
"505",-2.70065381251907,3.31954702539846,26
"506",-2.30072215640029,3.31954702539846,26
"507",-1.90079050028152,3.31954702539846,26
"508",-1.50085884416274,3.31954702539846,26
"509",-1.10092718804397,3.31954702539846,26
"510",-0.700995531925193,3.31954702539846,26
"511",-0.301063875806418,0.279080023855653,26
"512",0.0988677803123572,-0.0587496429824363,26
"513",0.498799436431133,-0.0587496429824363,26
"514",0.898731092549909,-0.0587496429824363,26
"515",1.29866274866868,-0.396579309820526,26
"516",1.69859440478746,-0.396579309820526,26
"517",2.09852606090623,-0.396579309820526,26
"518",2.49845771702501,-0.396579309820526,26
"519",2.89838937314379,-0.396579309820526,26
"520",3.29832102926256,-0.396579309820526,26
"521",-4.30038043699417,3.31954702539846,27
"522",-3.9004487808754,3.31954702539846,27
"523",-3.50051712475662,3.31954702539846,27
"524",-3.10058546863785,3.31954702539846,27
"525",-2.70065381251907,3.31954702539846,27
"526",-2.30072215640029,3.31954702539846,27
"527",-1.90079050028152,3.31954702539846,27
"528",-1.50085884416274,3.31954702539846,27
"529",-1.10092718804397,3.31954702539846,27
"530",-0.700995531925193,3.31954702539846,27
"531",-0.301063875806418,0.279080023855653,27
"532",0.0988677803123572,-0.0587496429824363,27
"533",0.498799436431133,-0.396579309820526,27
"534",0.898731092549909,-0.396579309820526,27
"535",1.29866274866868,-0.396579309820526,27
"536",1.69859440478746,-0.396579309820526,27
"537",2.09852606090623,-0.396579309820526,27
"538",2.49845771702501,-0.396579309820526,27
"539",2.89838937314379,-0.396579309820526,27
"540",3.29832102926256,-0.396579309820526,27
"541",-4.30038043699417,3.31954702539846,28
"542",-3.9004487808754,3.31954702539846,28
"543",-3.50051712475662,3.31954702539846,28
"544",-3.10058546863785,3.31954702539846,28
"545",-2.70065381251907,3.31954702539846,28
"546",-2.30072215640029,3.31954702539846,28
"547",-1.90079050028152,3.31954702539846,28
"548",-1.50085884416274,3.31954702539846,28
"549",-1.10092718804397,3.31954702539846,28
"550",-0.700995531925193,3.31954702539846,28
"551",-0.301063875806418,0.279080023855653,28
"552",0.0988677803123572,-0.0587496429824363,28
"553",0.498799436431133,-0.0587496429824363,28
"554",0.898731092549909,-0.396579309820526,28
"555",1.29866274866868,-0.396579309820526,28
"556",1.69859440478746,-0.396579309820526,28
"557",2.09852606090623,-0.396579309820526,28
"558",2.49845771702501,-0.396579309820526,28
"559",2.89838937314379,-0.396579309820526,28
"560",3.29832102926256,-0.396579309820526,28
"561",-4.30038043699417,3.31954702539846,29
"562",-3.9004487808754,3.31954702539846,29
"563",-3.50051712475662,3.31954702539846,29
"564",-3.10058546863785,3.31954702539846,29
"565",-2.70065381251907,3.31954702539846,29
"566",-2.30072215640029,3.31954702539846,29
"567",-1.90079050028152,3.31954702539846,29
"568",-1.50085884416274,3.31954702539846,29
"569",-1.10092718804397,3.31954702539846,29
"570",-0.700995531925193,3.31954702539846,29
"571",-0.301063875806418,0.279080023855653,29
"572",0.0988677803123572,-0.0587496429824363,29
"573",0.498799436431133,-0.0587496429824363,29
"574",0.898731092549909,-0.396579309820526,29
"575",1.29866274866868,-0.396579309820526,29
"576",1.69859440478746,-0.396579309820526,29
"577",2.09852606090623,-0.396579309820526,29
"578",2.49845771702501,-0.396579309820526,29
"579",2.89838937314379,-0.396579309820526,29
"580",3.29832102926256,-0.396579309820526,29
"581",-4.30038043699417,3.31954702539846,30
"582",-3.9004487808754,3.31954702539846,30
"583",-3.50051712475662,3.31954702539846,30
"584",-3.10058546863785,3.31954702539846,30
"585",-2.70065381251907,3.31954702539846,30
"586",-2.30072215640029,3.31954702539846,30
"587",-1.90079050028152,3.31954702539846,30
"588",-1.50085884416274,3.31954702539846,30
"589",-1.10092718804397,3.31954702539846,30
"590",-0.700995531925193,3.31954702539846,30
"591",-0.301063875806418,0.279080023855653,30
"592",0.0988677803123572,-0.0587496429824363,30
"593",0.498799436431133,-0.0587496429824363,30
"594",0.898731092549909,-0.0587496429824363,30
"595",1.29866274866868,-0.396579309820526,30
"596",1.69859440478746,-0.396579309820526,30
"597",2.09852606090623,-0.396579309820526,30
"598",2.49845771702501,-0.396579309820526,30
"599",2.89838937314379,-0.396579309820526,30
"600",3.29832102926256,-0.396579309820526,30
"601",-4.30038043699417,3.31954702539846,31
"602",-3.9004487808754,3.31954702539846,31
"603",-3.50051712475662,3.31954702539846,31
"604",-3.10058546863785,3.31954702539846,31
"605",-2.70065381251907,3.31954702539846,31
"606",-2.30072215640029,3.31954702539846,31
"607",-1.90079050028152,3.31954702539846,31
"608",-1.50085884416274,3.31954702539846,31
"609",-1.10092718804397,3.31954702539846,31
"610",-0.700995531925193,3.31954702539846,31
"611",-0.301063875806418,0.279080023855653,31
"612",0.0988677803123572,-0.0587496429824363,31
"613",0.498799436431133,-0.396579309820526,31
"614",0.898731092549909,-0.396579309820526,31
"615",1.29866274866868,-0.396579309820526,31
"616",1.69859440478746,-0.396579309820526,31
"617",2.09852606090623,-0.396579309820526,31
"618",2.49845771702501,-0.396579309820526,31
"619",2.89838937314379,-0.396579309820526,31
"620",3.29832102926256,-0.396579309820526,31
"621",-4.30038043699417,3.31954702539846,32
"622",-3.9004487808754,3.31954702539846,32
"623",-3.50051712475662,3.31954702539846,32
"624",-3.10058546863785,3.31954702539846,32
"625",-2.70065381251907,3.31954702539846,32
"626",-2.30072215640029,3.31954702539846,32
"627",-1.90079050028152,3.31954702539846,32
"628",-1.50085884416274,3.31954702539846,32
"629",-1.10092718804397,3.31954702539846,32
"630",-0.700995531925193,3.31954702539846,32
"631",-0.301063875806418,0.279080023855653,32
"632",0.0988677803123572,-0.0587496429824363,32
"633",0.498799436431133,-0.396579309820526,32
"634",0.898731092549909,-0.396579309820526,32
"635",1.29866274866868,-0.396579309820526,32
"636",1.69859440478746,-0.396579309820526,32
"637",2.09852606090623,-0.396579309820526,32
"638",2.49845771702501,-0.396579309820526,32
"639",2.89838937314379,-0.396579309820526,32
"640",3.29832102926256,-0.396579309820526,32
"641",-4.30038043699417,3.31954702539846,33
"642",-3.9004487808754,3.31954702539846,33
"643",-3.50051712475662,3.31954702539846,33
"644",-3.10058546863785,3.31954702539846,33
"645",-2.70065381251907,3.31954702539846,33
"646",-2.30072215640029,3.31954702539846,33
"647",-1.90079050028152,3.31954702539846,33
"648",-1.50085884416274,3.31954702539846,33
"649",-1.10092718804397,3.31954702539846,33
"650",-0.700995531925193,3.31954702539846,33
"651",-0.301063875806418,0.279080023855653,33
"652",0.0988677803123572,-0.0587496429824363,33
"653",0.498799436431133,-0.0587496429824363,33
"654",0.898731092549909,-0.0587496429824363,33
"655",1.29866274866868,-0.396579309820526,33
"656",1.69859440478746,-0.396579309820526,33
"657",2.09852606090623,-0.396579309820526,33
"658",2.49845771702501,-0.396579309820526,33
"659",2.89838937314379,-0.396579309820526,33
"660",3.29832102926256,-0.396579309820526,33
"661",-4.30038043699417,3.31954702539846,34
"662",-3.9004487808754,3.31954702539846,34
"663",-3.50051712475662,3.31954702539846,34
"664",-3.10058546863785,3.31954702539846,34
"665",-2.70065381251907,3.31954702539846,34
"666",-2.30072215640029,3.31954702539846,34
"667",-1.90079050028152,3.31954702539846,34
"668",-1.50085884416274,3.31954702539846,34
"669",-1.10092718804397,3.31954702539846,34
"670",-0.700995531925193,3.31954702539846,34
"671",-0.301063875806418,0.279080023855653,34
"672",0.0988677803123572,-0.0587496429824363,34
"673",0.498799436431133,-0.0587496429824363,34
"674",0.898731092549909,-0.396579309820526,34
"675",1.29866274866868,-0.396579309820526,34
"676",1.69859440478746,-0.396579309820526,34
"677",2.09852606090623,-0.396579309820526,34
"678",2.49845771702501,-0.396579309820526,34
"679",2.89838937314379,-0.396579309820526,34
"680",3.29832102926256,-0.396579309820526,34
"681",-4.30038043699417,3.31954702539846,35
"682",-3.9004487808754,3.31954702539846,35
"683",-3.50051712475662,3.31954702539846,35
"684",-3.10058546863785,3.31954702539846,35
"685",-2.70065381251907,3.31954702539846,35
"686",-2.30072215640029,3.31954702539846,35
"687",-1.90079050028152,3.31954702539846,35
"688",-1.50085884416274,3.31954702539846,35
"689",-1.10092718804397,3.31954702539846,35
"690",-0.700995531925193,3.31954702539846,35
"691",-0.301063875806418,0.279080023855653,35
"692",0.0988677803123572,-0.0587496429824363,35
"693",0.498799436431133,-0.0587496429824363,35
"694",0.898731092549909,-0.396579309820526,35
"695",1.29866274866868,-0.396579309820526,35
"696",1.69859440478746,-0.396579309820526,35
"697",2.09852606090623,-0.396579309820526,35
"698",2.49845771702501,-0.396579309820526,35
"699",2.89838937314379,-0.396579309820526,35
"700",3.29832102926256,-0.396579309820526,35
"701",-4.30038043699417,3.31954702539846,36
"702",-3.9004487808754,3.31954702539846,36
"703",-3.50051712475662,3.31954702539846,36
"704",-3.10058546863785,3.31954702539846,36
"705",-2.70065381251907,3.31954702539846,36
"706",-2.30072215640029,3.31954702539846,36
"707",-1.90079050028152,3.31954702539846,36
"708",-1.50085884416274,3.31954702539846,36
"709",-1.10092718804397,3.31954702539846,36
"710",-0.700995531925193,3.31954702539846,36
"711",-0.301063875806418,0.279080023855653,36
"712",0.0988677803123572,-0.0587496429824363,36
"713",0.498799436431133,-0.0587496429824363,36
"714",0.898731092549909,-0.396579309820526,36
"715",1.29866274866868,-0.396579309820526,36
"716",1.69859440478746,-0.396579309820526,36
"717",2.09852606090623,-0.396579309820526,36
"718",2.49845771702501,-0.396579309820526,36
"719",2.89838937314379,-0.396579309820526,36
"720",3.29832102926256,-0.396579309820526,36
"721",-4.30038043699417,3.31954702539846,37
"722",-3.9004487808754,3.31954702539846,37
"723",-3.50051712475662,3.31954702539846,37
"724",-3.10058546863785,3.31954702539846,37
"725",-2.70065381251907,3.31954702539846,37
"726",-2.30072215640029,3.31954702539846,37
"727",-1.90079050028152,3.31954702539846,37
"728",-1.50085884416274,3.31954702539846,37
"729",-1.10092718804397,3.31954702539846,37
"730",-0.700995531925193,3.31954702539846,37
"731",-0.301063875806418,0.616909690693743,37
"732",0.0988677803123572,-0.0587496429824363,37
"733",0.498799436431133,-0.0587496429824363,37
"734",0.898731092549909,-0.396579309820526,37
"735",1.29866274866868,-0.396579309820526,37
"736",1.69859440478746,-0.396579309820526,37
"737",2.09852606090623,-0.396579309820526,37
"738",2.49845771702501,-0.396579309820526,37
"739",2.89838937314379,-0.396579309820526,37
"740",3.29832102926256,-0.396579309820526,37
"741",-4.30038043699417,3.31954702539846,38
"742",-3.9004487808754,3.31954702539846,38
"743",-3.50051712475662,3.31954702539846,38
"744",-3.10058546863785,3.31954702539846,38
"745",-2.70065381251907,3.31954702539846,38
"746",-2.30072215640029,3.31954702539846,38
"747",-1.90079050028152,3.31954702539846,38
"748",-1.50085884416274,3.31954702539846,38
"749",-1.10092718804397,3.31954702539846,38
"750",-0.700995531925193,3.31954702539846,38
"751",-0.301063875806418,0.279080023855653,38
"752",0.0988677803123572,-0.0587496429824363,38
"753",0.498799436431133,-0.396579309820526,38
"754",0.898731092549909,-0.396579309820526,38
"755",1.29866274866868,-0.396579309820526,38
"756",1.69859440478746,-0.396579309820526,38
"757",2.09852606090623,-0.396579309820526,38
"758",2.49845771702501,-0.396579309820526,38
"759",2.89838937314379,-0.396579309820526,38
"760",3.29832102926256,-0.396579309820526,38
"761",-4.30038043699417,3.31954702539846,39
"762",-3.9004487808754,3.31954702539846,39
"763",-3.50051712475662,3.31954702539846,39
"764",-3.10058546863785,3.31954702539846,39
"765",-2.70065381251907,3.31954702539846,39
"766",-2.30072215640029,3.31954702539846,39
"767",-1.90079050028152,3.31954702539846,39
"768",-1.50085884416274,3.31954702539846,39
"769",-1.10092718804397,3.31954702539846,39
"770",-0.700995531925193,3.31954702539846,39
"771",-0.301063875806418,0.279080023855653,39
"772",0.0988677803123572,-0.0587496429824363,39
"773",0.498799436431133,-0.396579309820526,39
"774",0.898731092549909,-0.396579309820526,39
"775",1.29866274866868,-0.396579309820526,39
"776",1.69859440478746,-0.396579309820526,39
"777",2.09852606090623,-0.396579309820526,39
"778",2.49845771702501,-0.396579309820526,39
"779",2.89838937314379,-0.396579309820526,39
"780",3.29832102926256,-0.396579309820526,39
"781",-4.30038043699417,3.31954702539846,40
"782",-3.9004487808754,3.31954702539846,40
"783",-3.50051712475662,3.31954702539846,40
"784",-3.10058546863785,3.31954702539846,40
"785",-2.70065381251907,3.31954702539846,40
"786",-2.30072215640029,3.31954702539846,40
"787",-1.90079050028152,3.31954702539846,40
"788",-1.50085884416274,3.31954702539846,40
"789",-1.10092718804397,3.31954702539846,40
"790",-0.700995531925193,3.31954702539846,40
"791",-0.301063875806418,0.279080023855653,40
"792",0.0988677803123572,-0.0587496429824363,40
"793",0.498799436431133,-0.0587496429824363,40
"794",0.898731092549909,-0.396579309820526,40
"795",1.29866274866868,-0.396579309820526,40
"796",1.69859440478746,-0.396579309820526,40
"797",2.09852606090623,-0.396579309820526,40
"798",2.49845771702501,-0.396579309820526,40
"799",2.89838937314379,-0.396579309820526,40
"800",3.29832102926256,-0.396579309820526,40
"801",-4.30038043699417,3.31954702539846,41
"802",-3.9004487808754,3.31954702539846,41
"803",-3.50051712475662,3.31954702539846,41
"804",-3.10058546863785,3.31954702539846,41
"805",-2.70065381251907,3.31954702539846,41
"806",-2.30072215640029,3.31954702539846,41
"807",-1.90079050028152,3.31954702539846,41
"808",-1.50085884416274,3.31954702539846,41
"809",-1.10092718804397,3.31954702539846,41
"810",-0.700995531925193,3.31954702539846,41
"811",-0.301063875806418,0.616909690693743,41
"812",0.0988677803123572,-0.0587496429824363,41
"813",0.498799436431133,-0.396579309820526,41
"814",0.898731092549909,-0.396579309820526,41
"815",1.29866274866868,-0.396579309820526,41
"816",1.69859440478746,-0.396579309820526,41
"817",2.09852606090623,-0.396579309820526,41
"818",2.49845771702501,-0.396579309820526,41
"819",2.89838937314379,-0.396579309820526,41
"820",3.29832102926256,-0.396579309820526,41
"821",-4.30038043699417,3.31954702539846,42
"822",-3.9004487808754,3.31954702539846,42
"823",-3.50051712475662,3.31954702539846,42
"824",-3.10058546863785,3.31954702539846,42
"825",-2.70065381251907,3.31954702539846,42
"826",-2.30072215640029,3.31954702539846,42
"827",-1.90079050028152,3.31954702539846,42
"828",-1.50085884416274,3.31954702539846,42
"829",-1.10092718804397,3.31954702539846,42
"830",-0.700995531925193,3.31954702539846,42
"831",-0.301063875806418,0.279080023855653,42
"832",0.0988677803123572,-0.0587496429824363,42
"833",0.498799436431133,-0.396579309820526,42
"834",0.898731092549909,-0.396579309820526,42
"835",1.29866274866868,-0.396579309820526,42
"836",1.69859440478746,-0.396579309820526,42
"837",2.09852606090623,-0.396579309820526,42
"838",2.49845771702501,-0.396579309820526,42
"839",2.89838937314379,-0.396579309820526,42
"840",3.29832102926256,-0.396579309820526,42
"841",-4.30038043699417,3.31954702539846,43
"842",-3.9004487808754,3.31954702539846,43
"843",-3.50051712475662,3.31954702539846,43
"844",-3.10058546863785,3.31954702539846,43
"845",-2.70065381251907,3.31954702539846,43
"846",-2.30072215640029,3.31954702539846,43
"847",-1.90079050028152,3.31954702539846,43
"848",-1.50085884416274,3.31954702539846,43
"849",-1.10092718804397,3.31954702539846,43
"850",-0.700995531925193,3.31954702539846,43
"851",-0.301063875806418,0.279080023855653,43
"852",0.0988677803123572,-0.0587496429824363,43
"853",0.498799436431133,-0.396579309820526,43
"854",0.898731092549909,-0.396579309820526,43
"855",1.29866274866868,-0.396579309820526,43
"856",1.69859440478746,-0.396579309820526,43
"857",2.09852606090623,-0.396579309820526,43
"858",2.49845771702501,-0.396579309820526,43
"859",2.89838937314379,-0.396579309820526,43
"860",3.29832102926256,-0.396579309820526,43
"861",-4.30038043699417,3.31954702539846,44
"862",-3.9004487808754,3.31954702539846,44
"863",-3.50051712475662,3.31954702539846,44
"864",-3.10058546863785,3.31954702539846,44
"865",-2.70065381251907,3.31954702539846,44
"866",-2.30072215640029,3.31954702539846,44
"867",-1.90079050028152,3.31954702539846,44
"868",-1.50085884416274,3.31954702539846,44
"869",-1.10092718804397,3.31954702539846,44
"870",-0.700995531925193,3.31954702539846,44
"871",-0.301063875806418,0.616909690693743,44
"872",0.0988677803123572,0.279080023855653,44
"873",0.498799436431133,-0.0587496429824363,44
"874",0.898731092549909,-0.0587496429824363,44
"875",1.29866274866868,-0.0587496429824363,44
"876",1.69859440478746,-0.396579309820526,44
"877",2.09852606090623,-0.396579309820526,44
"878",2.49845771702501,-0.396579309820526,44
"879",2.89838937314379,-0.396579309820526,44
"880",3.29832102926256,-0.396579309820526,44
"881",-4.30038043699417,3.31954702539846,45
"882",-3.9004487808754,3.31954702539846,45
"883",-3.50051712475662,3.31954702539846,45
"884",-3.10058546863785,3.31954702539846,45
"885",-2.70065381251907,3.31954702539846,45
"886",-2.30072215640029,3.31954702539846,45
"887",-1.90079050028152,3.31954702539846,45
"888",-1.50085884416274,3.31954702539846,45
"889",-1.10092718804397,3.31954702539846,45
"890",-0.700995531925193,3.31954702539846,45
"891",-0.301063875806418,0.616909690693743,45
"892",0.0988677803123572,-0.0587496429824363,45
"893",0.498799436431133,-0.0587496429824363,45
"894",0.898731092549909,-0.0587496429824363,45
"895",1.29866274866868,-0.396579309820526,45
"896",1.69859440478746,-0.396579309820526,45
"897",2.09852606090623,-0.396579309820526,45
"898",2.49845771702501,-0.396579309820526,45
"899",2.89838937314379,-0.396579309820526,45
"900",3.29832102926256,-0.396579309820526,45
"901",-4.30038043699417,3.31954702539846,46
"902",-3.9004487808754,3.31954702539846,46
"903",-3.50051712475662,3.31954702539846,46
"904",-3.10058546863785,3.31954702539846,46
"905",-2.70065381251907,3.31954702539846,46
"906",-2.30072215640029,3.31954702539846,46
"907",-1.90079050028152,3.31954702539846,46
"908",-1.50085884416274,3.31954702539846,46
"909",-1.10092718804397,3.31954702539846,46
"910",-0.700995531925193,3.31954702539846,46
"911",-0.301063875806418,0.279080023855653,46
"912",0.0988677803123572,-0.0587496429824363,46
"913",0.498799436431133,-0.396579309820526,46
"914",0.898731092549909,-0.396579309820526,46
"915",1.29866274866868,-0.396579309820526,46
"916",1.69859440478746,-0.396579309820526,46
"917",2.09852606090623,-0.396579309820526,46
"918",2.49845771702501,-0.396579309820526,46
"919",2.89838937314379,-0.396579309820526,46
"920",3.29832102926256,-0.396579309820526,46
"921",-4.30038043699417,3.31954702539846,47
"922",-3.9004487808754,3.31954702539846,47
"923",-3.50051712475662,3.31954702539846,47
"924",-3.10058546863785,3.31954702539846,47
"925",-2.70065381251907,3.31954702539846,47
"926",-2.30072215640029,3.31954702539846,47
"927",-1.90079050028152,3.31954702539846,47
"928",-1.50085884416274,3.31954702539846,47
"929",-1.10092718804397,3.31954702539846,47
"930",-0.700995531925193,3.31954702539846,47
"931",-0.301063875806418,0.279080023855653,47
"932",0.0988677803123572,-0.0587496429824363,47
"933",0.498799436431133,-0.0587496429824363,47
"934",0.898731092549909,-0.396579309820526,47
"935",1.29866274866868,-0.396579309820526,47
"936",1.69859440478746,-0.396579309820526,47
"937",2.09852606090623,-0.396579309820526,47
"938",2.49845771702501,-0.396579309820526,47
"939",2.89838937314379,-0.396579309820526,47
"940",3.29832102926256,-0.396579309820526,47
"941",-4.30038043699417,3.31954702539846,48
"942",-3.9004487808754,3.31954702539846,48
"943",-3.50051712475662,3.31954702539846,48
"944",-3.10058546863785,3.31954702539846,48
"945",-2.70065381251907,3.31954702539846,48
"946",-2.30072215640029,3.31954702539846,48
"947",-1.90079050028152,3.31954702539846,48
"948",-1.50085884416274,3.31954702539846,48
"949",-1.10092718804397,3.31954702539846,48
"950",-0.700995531925193,3.31954702539846,48
"951",-0.301063875806418,0.279080023855653,48
"952",0.0988677803123572,-0.0587496429824363,48
"953",0.498799436431133,-0.0587496429824363,48
"954",0.898731092549909,-0.0587496429824363,48
"955",1.29866274866868,-0.396579309820526,48
"956",1.69859440478746,-0.396579309820526,48
"957",2.09852606090623,-0.396579309820526,48
"958",2.49845771702501,-0.396579309820526,48
"959",2.89838937314379,-0.396579309820526,48
"960",3.29832102926256,-0.396579309820526,48
"961",-4.30038043699417,3.31954702539846,49
"962",-3.9004487808754,3.31954702539846,49
"963",-3.50051712475662,3.31954702539846,49
"964",-3.10058546863785,3.31954702539846,49
"965",-2.70065381251907,3.31954702539846,49
"966",-2.30072215640029,3.31954702539846,49
"967",-1.90079050028152,3.31954702539846,49
"968",-1.50085884416274,3.31954702539846,49
"969",-1.10092718804397,3.31954702539846,49
"970",-0.700995531925193,3.31954702539846,49
"971",-0.301063875806418,0.279080023855653,49
"972",0.0988677803123572,-0.0587496429824363,49
"973",0.498799436431133,-0.0587496429824363,49
"974",0.898731092549909,-0.396579309820526,49
"975",1.29866274866868,-0.396579309820526,49
"976",1.69859440478746,-0.396579309820526,49
"977",2.09852606090623,-0.396579309820526,49
"978",2.49845771702501,-0.396579309820526,49
"979",2.89838937314379,-0.396579309820526,49
"980",3.29832102926256,-0.396579309820526,49
"981",-4.30038043699417,3.31954702539846,50
"982",-3.9004487808754,3.31954702539846,50
"983",-3.50051712475662,3.31954702539846,50
"984",-3.10058546863785,3.31954702539846,50
"985",-2.70065381251907,3.31954702539846,50
"986",-2.30072215640029,3.31954702539846,50
"987",-1.90079050028152,3.31954702539846,50
"988",-1.50085884416274,3.31954702539846,50
"989",-1.10092718804397,3.31954702539846,50
"990",-0.700995531925193,3.31954702539846,50
"991",-0.301063875806418,0.279080023855653,50
"992",0.0988677803123572,-0.0587496429824363,50
"993",0.498799436431133,-0.0587496429824363,50
"994",0.898731092549909,-0.396579309820526,50
"995",1.29866274866868,-0.396579309820526,50
"996",1.69859440478746,-0.396579309820526,50
"997",2.09852606090623,-0.396579309820526,50
"998",2.49845771702501,-0.396579309820526,50
"999",2.89838937314379,-0.396579309820526,50
"1000",3.29832102926256,-0.396579309820526,50
"1001",-4.30038043699417,3.31954702539846,51
"1002",-3.9004487808754,3.31954702539846,51
"1003",-3.50051712475662,3.31954702539846,51
"1004",-3.10058546863785,3.31954702539846,51
"1005",-2.70065381251907,3.31954702539846,51
"1006",-2.30072215640029,3.31954702539846,51
"1007",-1.90079050028152,3.31954702539846,51
"1008",-1.50085884416274,3.31954702539846,51
"1009",-1.10092718804397,3.31954702539846,51
"1010",-0.700995531925193,3.31954702539846,51
"1011",-0.301063875806418,0.279080023855653,51
"1012",0.0988677803123572,-0.0587496429824363,51
"1013",0.498799436431133,-0.0587496429824363,51
"1014",0.898731092549909,-0.0587496429824363,51
"1015",1.29866274866868,-0.0587496429824363,51
"1016",1.69859440478746,-0.0587496429824363,51
"1017",2.09852606090623,-0.0587496429824363,51
"1018",2.49845771702501,-0.0587496429824363,51
"1019",2.89838937314379,-0.0587496429824363,51
"1020",3.29832102926256,-0.0587496429824363,51
"1021",-4.30038043699417,3.31954702539846,52
"1022",-3.9004487808754,3.31954702539846,52
"1023",-3.50051712475662,3.31954702539846,52
"1024",-3.10058546863785,3.31954702539846,52
"1025",-2.70065381251907,3.31954702539846,52
"1026",-2.30072215640029,3.31954702539846,52
"1027",-1.90079050028152,3.31954702539846,52
"1028",-1.50085884416274,3.31954702539846,52
"1029",-1.10092718804397,3.31954702539846,52
"1030",-0.700995531925193,3.31954702539846,52
"1031",-0.301063875806418,0.279080023855653,52
"1032",0.0988677803123572,-0.0587496429824363,52
"1033",0.498799436431133,-0.0587496429824363,52
"1034",0.898731092549909,-0.0587496429824363,52
"1035",1.29866274866868,-0.396579309820526,52
"1036",1.69859440478746,-0.396579309820526,52
"1037",2.09852606090623,-0.396579309820526,52
"1038",2.49845771702501,-0.396579309820526,52
"1039",2.89838937314379,-0.396579309820526,52
"1040",3.29832102926256,-0.396579309820526,52
"1041",-4.30038043699417,3.31954702539846,53
"1042",-3.9004487808754,3.31954702539846,53
"1043",-3.50051712475662,3.31954702539846,53
"1044",-3.10058546863785,3.31954702539846,53
"1045",-2.70065381251907,3.31954702539846,53
"1046",-2.30072215640029,3.31954702539846,53
"1047",-1.90079050028152,3.31954702539846,53
"1048",-1.50085884416274,3.31954702539846,53
"1049",-1.10092718804397,3.31954702539846,53
"1050",-0.700995531925193,3.31954702539846,53
"1051",-0.301063875806418,0.279080023855653,53
"1052",0.0988677803123572,-0.0587496429824363,53
"1053",0.498799436431133,-0.396579309820526,53
"1054",0.898731092549909,-0.396579309820526,53
"1055",1.29866274866868,-0.396579309820526,53
"1056",1.69859440478746,-0.396579309820526,53
"1057",2.09852606090623,-0.396579309820526,53
"1058",2.49845771702501,-0.396579309820526,53
"1059",2.89838937314379,-0.396579309820526,53
"1060",3.29832102926256,-0.396579309820526,53
"1061",-4.30038043699417,3.31954702539846,54
"1062",-3.9004487808754,3.31954702539846,54
"1063",-3.50051712475662,3.31954702539846,54
"1064",-3.10058546863785,3.31954702539846,54
"1065",-2.70065381251907,3.31954702539846,54
"1066",-2.30072215640029,3.31954702539846,54
"1067",-1.90079050028152,3.31954702539846,54
"1068",-1.50085884416274,3.31954702539846,54
"1069",-1.10092718804397,3.31954702539846,54
"1070",-0.700995531925193,3.31954702539846,54
"1071",-0.301063875806418,0.279080023855653,54
"1072",0.0988677803123572,-0.0587496429824363,54
"1073",0.498799436431133,-0.0587496429824363,54
"1074",0.898731092549909,-0.0587496429824363,54
"1075",1.29866274866868,-0.396579309820526,54
"1076",1.69859440478746,-0.396579309820526,54
"1077",2.09852606090623,-0.396579309820526,54
"1078",2.49845771702501,-0.396579309820526,54
"1079",2.89838937314379,-0.396579309820526,54
"1080",3.29832102926256,-0.396579309820526,54
"1081",-4.30038043699417,3.31954702539846,55
"1082",-3.9004487808754,3.31954702539846,55
"1083",-3.50051712475662,3.31954702539846,55
"1084",-3.10058546863785,3.31954702539846,55
"1085",-2.70065381251907,3.31954702539846,55
"1086",-2.30072215640029,3.31954702539846,55
"1087",-1.90079050028152,3.31954702539846,55
"1088",-1.50085884416274,3.31954702539846,55
"1089",-1.10092718804397,3.31954702539846,55
"1090",-0.700995531925193,3.31954702539846,55
"1091",-0.301063875806418,0.279080023855653,55
"1092",0.0988677803123572,-0.0587496429824363,55
"1093",0.498799436431133,-0.0587496429824363,55
"1094",0.898731092549909,-0.396579309820526,55
"1095",1.29866274866868,-0.396579309820526,55
"1096",1.69859440478746,-0.396579309820526,55
"1097",2.09852606090623,-0.396579309820526,55
"1098",2.49845771702501,-0.396579309820526,55
"1099",2.89838937314379,-0.396579309820526,55
"1100",3.29832102926256,-0.396579309820526,55
"1101",-4.30038043699417,3.31954702539846,56
"1102",-3.9004487808754,3.31954702539846,56
"1103",-3.50051712475662,3.31954702539846,56
"1104",-3.10058546863785,3.31954702539846,56
"1105",-2.70065381251907,3.31954702539846,56
"1106",-2.30072215640029,3.31954702539846,56
"1107",-1.90079050028152,3.31954702539846,56
"1108",-1.50085884416274,3.31954702539846,56
"1109",-1.10092718804397,3.31954702539846,56
"1110",-0.700995531925193,3.31954702539846,56
"1111",-0.301063875806418,0.616909690693743,56
"1112",0.0988677803123572,0.279080023855653,56
"1113",0.498799436431133,-0.0587496429824363,56
"1114",0.898731092549909,-0.0587496429824363,56
"1115",1.29866274866868,-0.0587496429824363,56
"1116",1.69859440478746,-0.0587496429824363,56
"1117",2.09852606090623,-0.0587496429824363,56
"1118",2.49845771702501,-0.0587496429824363,56
"1119",2.89838937314379,-0.0587496429824363,56
"1120",3.29832102926256,-0.0587496429824363,56
"1121",-4.30038043699417,3.31954702539846,57
"1122",-3.9004487808754,3.31954702539846,57
"1123",-3.50051712475662,3.31954702539846,57
"1124",-3.10058546863785,3.31954702539846,57
"1125",-2.70065381251907,3.31954702539846,57
"1126",-2.30072215640029,3.31954702539846,57
"1127",-1.90079050028152,3.31954702539846,57
"1128",-1.50085884416274,3.31954702539846,57
"1129",-1.10092718804397,3.31954702539846,57
"1130",-0.700995531925193,3.31954702539846,57
"1131",-0.301063875806418,0.279080023855653,57
"1132",0.0988677803123572,-0.0587496429824363,57
"1133",0.498799436431133,-0.396579309820526,57
"1134",0.898731092549909,-0.396579309820526,57
"1135",1.29866274866868,-0.396579309820526,57
"1136",1.69859440478746,-0.396579309820526,57
"1137",2.09852606090623,-0.396579309820526,57
"1138",2.49845771702501,-0.396579309820526,57
"1139",2.89838937314379,-0.396579309820526,57
"1140",3.29832102926256,-0.734408976658616,57
"1141",-4.30038043699417,3.31954702539846,58
"1142",-3.9004487808754,3.31954702539846,58
"1143",-3.50051712475662,3.31954702539846,58
"1144",-3.10058546863785,3.31954702539846,58
"1145",-2.70065381251907,3.31954702539846,58
"1146",-2.30072215640029,3.31954702539846,58
"1147",-1.90079050028152,3.31954702539846,58
"1148",-1.50085884416274,3.31954702539846,58
"1149",-1.10092718804397,3.31954702539846,58
"1150",-0.700995531925193,3.31954702539846,58
"1151",-0.301063875806418,0.616909690693743,58
"1152",0.0988677803123572,-0.0587496429824363,58
"1153",0.498799436431133,-0.0587496429824363,58
"1154",0.898731092549909,-0.396579309820526,58
"1155",1.29866274866868,-0.396579309820526,58
"1156",1.69859440478746,-0.396579309820526,58
"1157",2.09852606090623,-0.396579309820526,58
"1158",2.49845771702501,-0.396579309820526,58
"1159",2.89838937314379,-0.396579309820526,58
"1160",3.29832102926256,-0.396579309820526,58
"1161",-4.30038043699417,3.31954702539846,59
"1162",-3.9004487808754,3.31954702539846,59
"1163",-3.50051712475662,3.31954702539846,59
"1164",-3.10058546863785,3.31954702539846,59
"1165",-2.70065381251907,3.31954702539846,59
"1166",-2.30072215640029,3.31954702539846,59
"1167",-1.90079050028152,3.31954702539846,59
"1168",-1.50085884416274,3.31954702539846,59
"1169",-1.10092718804397,3.31954702539846,59
"1170",-0.700995531925193,3.31954702539846,59
"1171",-0.301063875806418,0.279080023855653,59
"1172",0.0988677803123572,-0.0587496429824363,59
"1173",0.498799436431133,-0.0587496429824363,59
"1174",0.898731092549909,-0.0587496429824363,59
"1175",1.29866274866868,-0.0587496429824363,59
"1176",1.69859440478746,-0.0587496429824363,59
"1177",2.09852606090623,-0.396579309820526,59
"1178",2.49845771702501,-0.396579309820526,59
"1179",2.89838937314379,-0.396579309820526,59
"1180",3.29832102926256,-0.396579309820526,59
"1181",-4.30038043699417,3.31954702539846,60
"1182",-3.9004487808754,3.31954702539846,60
"1183",-3.50051712475662,3.31954702539846,60
"1184",-3.10058546863785,3.31954702539846,60
"1185",-2.70065381251907,3.31954702539846,60
"1186",-2.30072215640029,3.31954702539846,60
"1187",-1.90079050028152,3.31954702539846,60
"1188",-1.50085884416274,3.31954702539846,60
"1189",-1.10092718804397,3.31954702539846,60
"1190",-0.700995531925193,3.31954702539846,60
"1191",-0.301063875806418,0.279080023855653,60
"1192",0.0988677803123572,-0.0587496429824363,60
"1193",0.498799436431133,-0.396579309820526,60
"1194",0.898731092549909,-0.396579309820526,60
"1195",1.29866274866868,-0.396579309820526,60
"1196",1.69859440478746,-0.396579309820526,60
"1197",2.09852606090623,-0.396579309820526,60
"1198",2.49845771702501,-0.396579309820526,60
"1199",2.89838937314379,-0.396579309820526,60
"1200",3.29832102926256,-0.396579309820526,60
"1201",-4.30038043699417,3.31954702539846,61
"1202",-3.9004487808754,3.31954702539846,61
"1203",-3.50051712475662,3.31954702539846,61
"1204",-3.10058546863785,3.31954702539846,61
"1205",-2.70065381251907,3.31954702539846,61
"1206",-2.30072215640029,3.31954702539846,61
"1207",-1.90079050028152,3.31954702539846,61
"1208",-1.50085884416274,3.31954702539846,61
"1209",-1.10092718804397,3.31954702539846,61
"1210",-0.700995531925193,3.31954702539846,61
"1211",-0.301063875806418,0.279080023855653,61
"1212",0.0988677803123572,-0.0587496429824363,61
"1213",0.498799436431133,-0.0587496429824363,61
"1214",0.898731092549909,-0.396579309820526,61
"1215",1.29866274866868,-0.396579309820526,61
"1216",1.69859440478746,-0.396579309820526,61
"1217",2.09852606090623,-0.396579309820526,61
"1218",2.49845771702501,-0.396579309820526,61
"1219",2.89838937314379,-0.396579309820526,61
"1220",3.29832102926256,-0.396579309820526,61
"1221",-4.30038043699417,3.31954702539846,62
"1222",-3.9004487808754,3.31954702539846,62
"1223",-3.50051712475662,3.31954702539846,62
"1224",-3.10058546863785,3.31954702539846,62
"1225",-2.70065381251907,3.31954702539846,62
"1226",-2.30072215640029,3.31954702539846,62
"1227",-1.90079050028152,3.31954702539846,62
"1228",-1.50085884416274,3.31954702539846,62
"1229",-1.10092718804397,3.31954702539846,62
"1230",-0.700995531925193,3.31954702539846,62
"1231",-0.301063875806418,0.279080023855653,62
"1232",0.0988677803123572,-0.0587496429824363,62
"1233",0.498799436431133,-0.0587496429824363,62
"1234",0.898731092549909,-0.396579309820526,62
"1235",1.29866274866868,-0.396579309820526,62
"1236",1.69859440478746,-0.396579309820526,62
"1237",2.09852606090623,-0.396579309820526,62
"1238",2.49845771702501,-0.396579309820526,62
"1239",2.89838937314379,-0.396579309820526,62
"1240",3.29832102926256,-0.396579309820526,62
"1241",-4.30038043699417,3.31954702539846,63
"1242",-3.9004487808754,3.31954702539846,63
"1243",-3.50051712475662,3.31954702539846,63
"1244",-3.10058546863785,3.31954702539846,63
"1245",-2.70065381251907,3.31954702539846,63
"1246",-2.30072215640029,3.31954702539846,63
"1247",-1.90079050028152,3.31954702539846,63
"1248",-1.50085884416274,3.31954702539846,63
"1249",-1.10092718804397,3.31954702539846,63
"1250",-0.700995531925193,3.31954702539846,63
"1251",-0.301063875806418,0.279080023855653,63
"1252",0.0988677803123572,-0.396579309820526,63
"1253",0.498799436431133,-0.396579309820526,63
"1254",0.898731092549909,-0.396579309820526,63
"1255",1.29866274866868,-0.396579309820526,63
"1256",1.69859440478746,-0.396579309820526,63
"1257",2.09852606090623,-0.396579309820526,63
"1258",2.49845771702501,-0.396579309820526,63
"1259",2.89838937314379,-0.396579309820526,63
"1260",3.29832102926256,-0.396579309820526,63
"1261",-4.30038043699417,3.31954702539846,64
"1262",-3.9004487808754,3.31954702539846,64
"1263",-3.50051712475662,3.31954702539846,64
"1264",-3.10058546863785,3.31954702539846,64
"1265",-2.70065381251907,3.31954702539846,64
"1266",-2.30072215640029,3.31954702539846,64
"1267",-1.90079050028152,3.31954702539846,64
"1268",-1.50085884416274,3.31954702539846,64
"1269",-1.10092718804397,3.31954702539846,64
"1270",-0.700995531925193,3.31954702539846,64
"1271",-0.301063875806418,0.279080023855653,64
"1272",0.0988677803123572,-0.0587496429824363,64
"1273",0.498799436431133,-0.0587496429824363,64
"1274",0.898731092549909,-0.0587496429824363,64
"1275",1.29866274866868,-0.396579309820526,64
"1276",1.69859440478746,-0.396579309820526,64
"1277",2.09852606090623,-0.396579309820526,64
"1278",2.49845771702501,-0.396579309820526,64
"1279",2.89838937314379,-0.396579309820526,64
"1280",3.29832102926256,-0.396579309820526,64
"1281",-4.30038043699417,3.31954702539846,65
"1282",-3.9004487808754,3.31954702539846,65
"1283",-3.50051712475662,3.31954702539846,65
"1284",-3.10058546863785,3.31954702539846,65
"1285",-2.70065381251907,3.31954702539846,65
"1286",-2.30072215640029,3.31954702539846,65
"1287",-1.90079050028152,3.31954702539846,65
"1288",-1.50085884416274,3.31954702539846,65
"1289",-1.10092718804397,3.31954702539846,65
"1290",-0.700995531925193,1.9682283580461,65
"1291",-0.301063875806418,0.616909690693743,65
"1292",0.0988677803123572,0.279080023855653,65
"1293",0.498799436431133,-0.0587496429824363,65
"1294",0.898731092549909,-0.0587496429824363,65
"1295",1.29866274866868,-0.0587496429824363,65
"1296",1.69859440478746,-0.396579309820526,65
"1297",2.09852606090623,-0.396579309820526,65
"1298",2.49845771702501,-0.396579309820526,65
"1299",2.89838937314379,-0.396579309820526,65
"1300",3.29832102926256,-0.396579309820526,65
"1301",-4.30038043699417,3.31954702539846,66
"1302",-3.9004487808754,3.31954702539846,66
"1303",-3.50051712475662,3.31954702539846,66
"1304",-3.10058546863785,3.31954702539846,66
"1305",-2.70065381251907,3.31954702539846,66
"1306",-2.30072215640029,3.31954702539846,66
"1307",-1.90079050028152,3.31954702539846,66
"1308",-1.50085884416274,3.31954702539846,66
"1309",-1.10092718804397,3.31954702539846,66
"1310",-0.700995531925193,3.31954702539846,66
"1311",-0.301063875806418,0.279080023855653,66
"1312",0.0988677803123572,-0.0587496429824363,66
"1313",0.498799436431133,-0.0587496429824363,66
"1314",0.898731092549909,-0.396579309820526,66
"1315",1.29866274866868,-0.396579309820526,66
"1316",1.69859440478746,-0.396579309820526,66
"1317",2.09852606090623,-0.396579309820526,66
"1318",2.49845771702501,-0.396579309820526,66
"1319",2.89838937314379,-0.396579309820526,66
"1320",3.29832102926256,-0.396579309820526,66
"1321",-4.30038043699417,3.31954702539846,67
"1322",-3.9004487808754,3.31954702539846,67
"1323",-3.50051712475662,3.31954702539846,67
"1324",-3.10058546863785,3.31954702539846,67
"1325",-2.70065381251907,3.31954702539846,67
"1326",-2.30072215640029,3.31954702539846,67
"1327",-1.90079050028152,3.31954702539846,67
"1328",-1.50085884416274,3.31954702539846,67
"1329",-1.10092718804397,3.31954702539846,67
"1330",-0.700995531925193,3.31954702539846,67
"1331",-0.301063875806418,0.279080023855653,67
"1332",0.0988677803123572,-0.0587496429824363,67
"1333",0.498799436431133,-0.0587496429824363,67
"1334",0.898731092549909,-0.396579309820526,67
"1335",1.29866274866868,-0.396579309820526,67
"1336",1.69859440478746,-0.396579309820526,67
"1337",2.09852606090623,-0.396579309820526,67
"1338",2.49845771702501,-0.396579309820526,67
"1339",2.89838937314379,-0.396579309820526,67
"1340",3.29832102926256,-0.396579309820526,67
"1341",-4.30038043699417,3.31954702539846,68
"1342",-3.9004487808754,3.31954702539846,68
"1343",-3.50051712475662,3.31954702539846,68
"1344",-3.10058546863785,3.31954702539846,68
"1345",-2.70065381251907,3.31954702539846,68
"1346",-2.30072215640029,3.31954702539846,68
"1347",-1.90079050028152,3.31954702539846,68
"1348",-1.50085884416274,3.31954702539846,68
"1349",-1.10092718804397,3.31954702539846,68
"1350",-0.700995531925193,3.31954702539846,68
"1351",-0.301063875806418,0.616909690693743,68
"1352",0.0988677803123572,0.279080023855653,68
"1353",0.498799436431133,-0.0587496429824363,68
"1354",0.898731092549909,-0.0587496429824363,68
"1355",1.29866274866868,-0.0587496429824363,68
"1356",1.69859440478746,-0.0587496429824363,68
"1357",2.09852606090623,-0.0587496429824363,68
"1358",2.49845771702501,-0.0587496429824363,68
"1359",2.89838937314379,-0.0587496429824363,68
"1360",3.29832102926256,-0.0587496429824363,68
"1361",-4.30038043699417,3.31954702539846,69
"1362",-3.9004487808754,3.31954702539846,69
"1363",-3.50051712475662,3.31954702539846,69
"1364",-3.10058546863785,3.31954702539846,69
"1365",-2.70065381251907,3.31954702539846,69
"1366",-2.30072215640029,3.31954702539846,69
"1367",-1.90079050028152,3.31954702539846,69
"1368",-1.50085884416274,3.31954702539846,69
"1369",-1.10092718804397,3.31954702539846,69
"1370",-0.700995531925193,3.31954702539846,69
"1371",-0.301063875806418,0.279080023855653,69
"1372",0.0988677803123572,-0.0587496429824363,69
"1373",0.498799436431133,-0.396579309820526,69
"1374",0.898731092549909,-0.396579309820526,69
"1375",1.29866274866868,-0.396579309820526,69
"1376",1.69859440478746,-0.396579309820526,69
"1377",2.09852606090623,-0.396579309820526,69
"1378",2.49845771702501,-0.396579309820526,69
"1379",2.89838937314379,-0.396579309820526,69
"1380",3.29832102926256,-0.396579309820526,69
"1381",-4.30038043699417,3.31954702539846,70
"1382",-3.9004487808754,3.31954702539846,70
"1383",-3.50051712475662,3.31954702539846,70
"1384",-3.10058546863785,3.31954702539846,70
"1385",-2.70065381251907,3.31954702539846,70
"1386",-2.30072215640029,3.31954702539846,70
"1387",-1.90079050028152,3.31954702539846,70
"1388",-1.50085884416274,3.31954702539846,70
"1389",-1.10092718804397,3.31954702539846,70
"1390",-0.700995531925193,3.31954702539846,70
"1391",-0.301063875806418,0.279080023855653,70
"1392",0.0988677803123572,-0.0587496429824363,70
"1393",0.498799436431133,-0.396579309820526,70
"1394",0.898731092549909,-0.396579309820526,70
"1395",1.29866274866868,-0.396579309820526,70
"1396",1.69859440478746,-0.396579309820526,70
"1397",2.09852606090623,-0.396579309820526,70
"1398",2.49845771702501,-0.396579309820526,70
"1399",2.89838937314379,-0.396579309820526,70
"1400",3.29832102926256,-0.396579309820526,70
"1401",-4.30038043699417,3.31954702539846,71
"1402",-3.9004487808754,3.31954702539846,71
"1403",-3.50051712475662,3.31954702539846,71
"1404",-3.10058546863785,3.31954702539846,71
"1405",-2.70065381251907,3.31954702539846,71
"1406",-2.30072215640029,3.31954702539846,71
"1407",-1.90079050028152,3.31954702539846,71
"1408",-1.50085884416274,3.31954702539846,71
"1409",-1.10092718804397,3.31954702539846,71
"1410",-0.700995531925193,3.31954702539846,71
"1411",-0.301063875806418,0.279080023855653,71
"1412",0.0988677803123572,-0.0587496429824363,71
"1413",0.498799436431133,-0.0587496429824363,71
"1414",0.898731092549909,-0.396579309820526,71
"1415",1.29866274866868,-0.396579309820526,71
"1416",1.69859440478746,-0.396579309820526,71
"1417",2.09852606090623,-0.396579309820526,71
"1418",2.49845771702501,-0.396579309820526,71
"1419",2.89838937314379,-0.396579309820526,71
"1420",3.29832102926256,-0.396579309820526,71
"1421",-4.30038043699417,3.31954702539846,72
"1422",-3.9004487808754,3.31954702539846,72
"1423",-3.50051712475662,3.31954702539846,72
"1424",-3.10058546863785,3.31954702539846,72
"1425",-2.70065381251907,3.31954702539846,72
"1426",-2.30072215640029,3.31954702539846,72
"1427",-1.90079050028152,3.31954702539846,72
"1428",-1.50085884416274,3.31954702539846,72
"1429",-1.10092718804397,3.31954702539846,72
"1430",-0.700995531925193,3.31954702539846,72
"1431",-0.301063875806418,0.279080023855653,72
"1432",0.0988677803123572,-0.0587496429824363,72
"1433",0.498799436431133,-0.0587496429824363,72
"1434",0.898731092549909,-0.396579309820526,72
"1435",1.29866274866868,-0.396579309820526,72
"1436",1.69859440478746,-0.396579309820526,72
"1437",2.09852606090623,-0.396579309820526,72
"1438",2.49845771702501,-0.396579309820526,72
"1439",2.89838937314379,-0.396579309820526,72
"1440",3.29832102926256,-0.396579309820526,72
"1441",-4.30038043699417,3.31954702539846,73
"1442",-3.9004487808754,3.31954702539846,73
"1443",-3.50051712475662,3.31954702539846,73
"1444",-3.10058546863785,3.31954702539846,73
"1445",-2.70065381251907,3.31954702539846,73
"1446",-2.30072215640029,3.31954702539846,73
"1447",-1.90079050028152,3.31954702539846,73
"1448",-1.50085884416274,3.31954702539846,73
"1449",-1.10092718804397,3.31954702539846,73
"1450",-0.700995531925193,3.31954702539846,73
"1451",-0.301063875806418,0.616909690693743,73
"1452",0.0988677803123572,-0.0587496429824363,73
"1453",0.498799436431133,-0.0587496429824363,73
"1454",0.898731092549909,-0.396579309820526,73
"1455",1.29866274866868,-0.396579309820526,73
"1456",1.69859440478746,-0.396579309820526,73
"1457",2.09852606090623,-0.396579309820526,73
"1458",2.49845771702501,-0.396579309820526,73
"1459",2.89838937314379,-0.396579309820526,73
"1460",3.29832102926256,-0.396579309820526,73
"1461",-4.30038043699417,3.31954702539846,74
"1462",-3.9004487808754,3.31954702539846,74
"1463",-3.50051712475662,3.31954702539846,74
"1464",-3.10058546863785,3.31954702539846,74
"1465",-2.70065381251907,3.31954702539846,74
"1466",-2.30072215640029,3.31954702539846,74
"1467",-1.90079050028152,3.31954702539846,74
"1468",-1.50085884416274,3.31954702539846,74
"1469",-1.10092718804397,3.31954702539846,74
"1470",-0.700995531925193,3.31954702539846,74
"1471",-0.301063875806418,0.279080023855653,74
"1472",0.0988677803123572,-0.0587496429824363,74
"1473",0.498799436431133,-0.396579309820526,74
"1474",0.898731092549909,-0.396579309820526,74
"1475",1.29866274866868,-0.396579309820526,74
"1476",1.69859440478746,-0.396579309820526,74
"1477",2.09852606090623,-0.396579309820526,74
"1478",2.49845771702501,-0.396579309820526,74
"1479",2.89838937314379,-0.396579309820526,74
"1480",3.29832102926256,-0.396579309820526,74
"1481",-4.30038043699417,3.31954702539846,75
"1482",-3.9004487808754,3.31954702539846,75
"1483",-3.50051712475662,3.31954702539846,75
"1484",-3.10058546863785,3.31954702539846,75
"1485",-2.70065381251907,3.31954702539846,75
"1486",-2.30072215640029,3.31954702539846,75
"1487",-1.90079050028152,3.31954702539846,75
"1488",-1.50085884416274,3.31954702539846,75
"1489",-1.10092718804397,3.31954702539846,75
"1490",-0.700995531925193,3.31954702539846,75
"1491",-0.301063875806418,0.279080023855653,75
"1492",0.0988677803123572,-0.0587496429824363,75
"1493",0.498799436431133,-0.396579309820526,75
"1494",0.898731092549909,-0.396579309820526,75
"1495",1.29866274866868,-0.396579309820526,75
"1496",1.69859440478746,-0.396579309820526,75
"1497",2.09852606090623,-0.396579309820526,75
"1498",2.49845771702501,-0.396579309820526,75
"1499",2.89838937314379,-0.396579309820526,75
"1500",3.29832102926256,-0.396579309820526,75
"1501",-4.30038043699417,3.31954702539846,76
"1502",-3.9004487808754,3.31954702539846,76
"1503",-3.50051712475662,3.31954702539846,76
"1504",-3.10058546863785,3.31954702539846,76
"1505",-2.70065381251907,3.31954702539846,76
"1506",-2.30072215640029,3.31954702539846,76
"1507",-1.90079050028152,3.31954702539846,76
"1508",-1.50085884416274,3.31954702539846,76
"1509",-1.10092718804397,3.31954702539846,76
"1510",-0.700995531925193,3.31954702539846,76
"1511",-0.301063875806418,0.279080023855653,76
"1512",0.0988677803123572,-0.0587496429824363,76
"1513",0.498799436431133,-0.0587496429824363,76
"1514",0.898731092549909,-0.0587496429824363,76
"1515",1.29866274866868,-0.396579309820526,76
"1516",1.69859440478746,-0.396579309820526,76
"1517",2.09852606090623,-0.396579309820526,76
"1518",2.49845771702501,-0.396579309820526,76
"1519",2.89838937314379,-0.396579309820526,76
"1520",3.29832102926256,-0.396579309820526,76
"1521",-4.30038043699417,3.31954702539846,77
"1522",-3.9004487808754,3.31954702539846,77
"1523",-3.50051712475662,3.31954702539846,77
"1524",-3.10058546863785,3.31954702539846,77
"1525",-2.70065381251907,3.31954702539846,77
"1526",-2.30072215640029,3.31954702539846,77
"1527",-1.90079050028152,3.31954702539846,77
"1528",-1.50085884416274,3.31954702539846,77
"1529",-1.10092718804397,3.31954702539846,77
"1530",-0.700995531925193,3.31954702539846,77
"1531",-0.301063875806418,0.279080023855653,77
"1532",0.0988677803123572,-0.0587496429824363,77
"1533",0.498799436431133,-0.0587496429824363,77
"1534",0.898731092549909,-0.0587496429824363,77
"1535",1.29866274866868,-0.0587496429824363,77
"1536",1.69859440478746,-0.0587496429824363,77
"1537",2.09852606090623,-0.396579309820526,77
"1538",2.49845771702501,-0.396579309820526,77
"1539",2.89838937314379,-0.396579309820526,77
"1540",3.29832102926256,-0.396579309820526,77
"1541",-4.30038043699417,3.31954702539846,78
"1542",-3.9004487808754,3.31954702539846,78
"1543",-3.50051712475662,3.31954702539846,78
"1544",-3.10058546863785,3.31954702539846,78
"1545",-2.70065381251907,3.31954702539846,78
"1546",-2.30072215640029,3.31954702539846,78
"1547",-1.90079050028152,3.31954702539846,78
"1548",-1.50085884416274,3.31954702539846,78
"1549",-1.10092718804397,3.31954702539846,78
"1550",-0.700995531925193,3.31954702539846,78
"1551",-0.301063875806418,0.279080023855653,78
"1552",0.0988677803123572,-0.0587496429824363,78
"1553",0.498799436431133,-0.396579309820526,78
"1554",0.898731092549909,-0.396579309820526,78
"1555",1.29866274866868,-0.396579309820526,78
"1556",1.69859440478746,-0.396579309820526,78
"1557",2.09852606090623,-0.396579309820526,78
"1558",2.49845771702501,-0.396579309820526,78
"1559",2.89838937314379,-0.396579309820526,78
"1560",3.29832102926256,-0.396579309820526,78
"1561",-4.30038043699417,3.31954702539846,79
"1562",-3.9004487808754,3.31954702539846,79
"1563",-3.50051712475662,3.31954702539846,79
"1564",-3.10058546863785,3.31954702539846,79
"1565",-2.70065381251907,3.31954702539846,79
"1566",-2.30072215640029,3.31954702539846,79
"1567",-1.90079050028152,3.31954702539846,79
"1568",-1.50085884416274,3.31954702539846,79
"1569",-1.10092718804397,3.31954702539846,79
"1570",-0.700995531925193,3.31954702539846,79
"1571",-0.301063875806418,0.279080023855653,79
"1572",0.0988677803123572,-0.0587496429824363,79
"1573",0.498799436431133,-0.396579309820526,79
"1574",0.898731092549909,-0.396579309820526,79
"1575",1.29866274866868,-0.396579309820526,79
"1576",1.69859440478746,-0.396579309820526,79
"1577",2.09852606090623,-0.396579309820526,79
"1578",2.49845771702501,-0.396579309820526,79
"1579",2.89838937314379,-0.396579309820526,79
"1580",3.29832102926256,-0.396579309820526,79
"1581",-4.30038043699417,3.31954702539846,80
"1582",-3.9004487808754,3.31954702539846,80
"1583",-3.50051712475662,3.31954702539846,80
"1584",-3.10058546863785,3.31954702539846,80
"1585",-2.70065381251907,3.31954702539846,80
"1586",-2.30072215640029,3.31954702539846,80
"1587",-1.90079050028152,3.31954702539846,80
"1588",-1.50085884416274,3.31954702539846,80
"1589",-1.10092718804397,3.31954702539846,80
"1590",-0.700995531925193,3.31954702539846,80
"1591",-0.301063875806418,0.279080023855653,80
"1592",0.0988677803123572,-0.0587496429824363,80
"1593",0.498799436431133,-0.0587496429824363,80
"1594",0.898731092549909,-0.396579309820526,80
"1595",1.29866274866868,-0.396579309820526,80
"1596",1.69859440478746,-0.396579309820526,80
"1597",2.09852606090623,-0.396579309820526,80
"1598",2.49845771702501,-0.396579309820526,80
"1599",2.89838937314379,-0.396579309820526,80
"1600",3.29832102926256,-0.396579309820526,80
"1601",-4.30038043699417,3.31954702539846,81
"1602",-3.9004487808754,3.31954702539846,81
"1603",-3.50051712475662,3.31954702539846,81
"1604",-3.10058546863785,3.31954702539846,81
"1605",-2.70065381251907,3.31954702539846,81
"1606",-2.30072215640029,3.31954702539846,81
"1607",-1.90079050028152,3.31954702539846,81
"1608",-1.50085884416274,3.31954702539846,81
"1609",-1.10092718804397,3.31954702539846,81
"1610",-0.700995531925193,3.31954702539846,81
"1611",-0.301063875806418,0.616909690693743,81
"1612",0.0988677803123572,-0.0587496429824363,81
"1613",0.498799436431133,-0.0587496429824363,81
"1614",0.898731092549909,-0.396579309820526,81
"1615",1.29866274866868,-0.396579309820526,81
"1616",1.69859440478746,-0.396579309820526,81
"1617",2.09852606090623,-0.396579309820526,81
"1618",2.49845771702501,-0.396579309820526,81
"1619",2.89838937314379,-0.396579309820526,81
"1620",3.29832102926256,-0.396579309820526,81
"1621",-4.30038043699417,3.31954702539846,82
"1622",-3.9004487808754,3.31954702539846,82
"1623",-3.50051712475662,3.31954702539846,82
"1624",-3.10058546863785,3.31954702539846,82
"1625",-2.70065381251907,3.31954702539846,82
"1626",-2.30072215640029,3.31954702539846,82
"1627",-1.90079050028152,3.31954702539846,82
"1628",-1.50085884416274,3.31954702539846,82
"1629",-1.10092718804397,3.31954702539846,82
"1630",-0.700995531925193,3.31954702539846,82
"1631",-0.301063875806418,0.279080023855653,82
"1632",0.0988677803123572,-0.0587496429824363,82
"1633",0.498799436431133,-0.0587496429824363,82
"1634",0.898731092549909,-0.0587496429824363,82
"1635",1.29866274866868,-0.0587496429824363,82
"1636",1.69859440478746,-0.396579309820526,82
"1637",2.09852606090623,-0.396579309820526,82
"1638",2.49845771702501,-0.396579309820526,82
"1639",2.89838937314379,-0.396579309820526,82
"1640",3.29832102926256,-0.396579309820526,82
"1641",-4.30038043699417,3.31954702539846,83
"1642",-3.9004487808754,3.31954702539846,83
"1643",-3.50051712475662,3.31954702539846,83
"1644",-3.10058546863785,3.31954702539846,83
"1645",-2.70065381251907,3.31954702539846,83
"1646",-2.30072215640029,3.31954702539846,83
"1647",-1.90079050028152,3.31954702539846,83
"1648",-1.50085884416274,3.31954702539846,83
"1649",-1.10092718804397,3.31954702539846,83
"1650",-0.700995531925193,3.31954702539846,83
"1651",-0.301063875806418,0.279080023855653,83
"1652",0.0988677803123572,-0.0587496429824363,83
"1653",0.498799436431133,-0.396579309820526,83
"1654",0.898731092549909,-0.396579309820526,83
"1655",1.29866274866868,-0.396579309820526,83
"1656",1.69859440478746,-0.396579309820526,83
"1657",2.09852606090623,-0.396579309820526,83
"1658",2.49845771702501,-0.396579309820526,83
"1659",2.89838937314379,-0.396579309820526,83
"1660",3.29832102926256,-0.396579309820526,83
"1661",-4.30038043699417,3.31954702539846,84
"1662",-3.9004487808754,3.31954702539846,84
"1663",-3.50051712475662,3.31954702539846,84
"1664",-3.10058546863785,3.31954702539846,84
"1665",-2.70065381251907,3.31954702539846,84
"1666",-2.30072215640029,3.31954702539846,84
"1667",-1.90079050028152,3.31954702539846,84
"1668",-1.50085884416274,3.31954702539846,84
"1669",-1.10092718804397,3.31954702539846,84
"1670",-0.700995531925193,3.31954702539846,84
"1671",-0.301063875806418,0.279080023855653,84
"1672",0.0988677803123572,-0.0587496429824363,84
"1673",0.498799436431133,-0.0587496429824363,84
"1674",0.898731092549909,-0.396579309820526,84
"1675",1.29866274866868,-0.396579309820526,84
"1676",1.69859440478746,-0.396579309820526,84
"1677",2.09852606090623,-0.396579309820526,84
"1678",2.49845771702501,-0.396579309820526,84
"1679",2.89838937314379,-0.396579309820526,84
"1680",3.29832102926256,-0.396579309820526,84
"1681",-4.30038043699417,3.31954702539846,85
"1682",-3.9004487808754,3.31954702539846,85
"1683",-3.50051712475662,3.31954702539846,85
"1684",-3.10058546863785,3.31954702539846,85
"1685",-2.70065381251907,3.31954702539846,85
"1686",-2.30072215640029,3.31954702539846,85
"1687",-1.90079050028152,3.31954702539846,85
"1688",-1.50085884416274,3.31954702539846,85
"1689",-1.10092718804397,3.31954702539846,85
"1690",-0.700995531925193,3.31954702539846,85
"1691",-0.301063875806418,0.279080023855653,85
"1692",0.0988677803123572,0.279080023855653,85
"1693",0.498799436431133,-0.0587496429824363,85
"1694",0.898731092549909,-0.0587496429824363,85
"1695",1.29866274866868,-0.396579309820526,85
"1696",1.69859440478746,-0.396579309820526,85
"1697",2.09852606090623,-0.396579309820526,85
"1698",2.49845771702501,-0.396579309820526,85
"1699",2.89838937314379,-0.396579309820526,85
"1700",3.29832102926256,-0.396579309820526,85
"1701",-4.30038043699417,3.31954702539846,86
"1702",-3.9004487808754,3.31954702539846,86
"1703",-3.50051712475662,3.31954702539846,86
"1704",-3.10058546863785,3.31954702539846,86
"1705",-2.70065381251907,3.31954702539846,86
"1706",-2.30072215640029,3.31954702539846,86
"1707",-1.90079050028152,3.31954702539846,86
"1708",-1.50085884416274,3.31954702539846,86
"1709",-1.10092718804397,3.31954702539846,86
"1710",-0.700995531925193,3.31954702539846,86
"1711",-0.301063875806418,0.279080023855653,86
"1712",0.0988677803123572,-0.0587496429824363,86
"1713",0.498799436431133,-0.0587496429824363,86
"1714",0.898731092549909,-0.0587496429824363,86
"1715",1.29866274866868,-0.0587496429824363,86
"1716",1.69859440478746,-0.0587496429824363,86
"1717",2.09852606090623,-0.0587496429824363,86
"1718",2.49845771702501,-0.0587496429824363,86
"1719",2.89838937314379,-0.0587496429824363,86
"1720",3.29832102926256,-0.0587496429824363,86
"1721",-4.30038043699417,3.31954702539846,87
"1722",-3.9004487808754,3.31954702539846,87
"1723",-3.50051712475662,3.31954702539846,87
"1724",-3.10058546863785,3.31954702539846,87
"1725",-2.70065381251907,3.31954702539846,87
"1726",-2.30072215640029,3.31954702539846,87
"1727",-1.90079050028152,3.31954702539846,87
"1728",-1.50085884416274,3.31954702539846,87
"1729",-1.10092718804397,3.31954702539846,87
"1730",-0.700995531925193,3.31954702539846,87
"1731",-0.301063875806418,0.279080023855653,87
"1732",0.0988677803123572,-0.0587496429824363,87
"1733",0.498799436431133,-0.396579309820526,87
"1734",0.898731092549909,-0.396579309820526,87
"1735",1.29866274866868,-0.396579309820526,87
"1736",1.69859440478746,-0.396579309820526,87
"1737",2.09852606090623,-0.396579309820526,87
"1738",2.49845771702501,-0.396579309820526,87
"1739",2.89838937314379,-0.396579309820526,87
"1740",3.29832102926256,-0.396579309820526,87
"1741",-4.30038043699417,3.31954702539846,88
"1742",-3.9004487808754,3.31954702539846,88
"1743",-3.50051712475662,3.31954702539846,88
"1744",-3.10058546863785,3.31954702539846,88
"1745",-2.70065381251907,3.31954702539846,88
"1746",-2.30072215640029,3.31954702539846,88
"1747",-1.90079050028152,3.31954702539846,88
"1748",-1.50085884416274,3.31954702539846,88
"1749",-1.10092718804397,3.31954702539846,88
"1750",-0.700995531925193,3.31954702539846,88
"1751",-0.301063875806418,0.279080023855653,88
"1752",0.0988677803123572,-0.0587496429824363,88
"1753",0.498799436431133,-0.396579309820526,88
"1754",0.898731092549909,-0.396579309820526,88
"1755",1.29866274866868,-0.396579309820526,88
"1756",1.69859440478746,-0.396579309820526,88
"1757",2.09852606090623,-0.396579309820526,88
"1758",2.49845771702501,-0.396579309820526,88
"1759",2.89838937314379,-0.396579309820526,88
"1760",3.29832102926256,-0.396579309820526,88
"1761",-4.30038043699417,3.31954702539846,89
"1762",-3.9004487808754,3.31954702539846,89
"1763",-3.50051712475662,3.31954702539846,89
"1764",-3.10058546863785,3.31954702539846,89
"1765",-2.70065381251907,3.31954702539846,89
"1766",-2.30072215640029,3.31954702539846,89
"1767",-1.90079050028152,3.31954702539846,89
"1768",-1.50085884416274,3.31954702539846,89
"1769",-1.10092718804397,3.31954702539846,89
"1770",-0.700995531925193,3.31954702539846,89
"1771",-0.301063875806418,0.279080023855653,89
"1772",0.0988677803123572,-0.0587496429824363,89
"1773",0.498799436431133,-0.0587496429824363,89
"1774",0.898731092549909,-0.0587496429824363,89
"1775",1.29866274866868,-0.396579309820526,89
"1776",1.69859440478746,-0.396579309820526,89
"1777",2.09852606090623,-0.396579309820526,89
"1778",2.49845771702501,-0.396579309820526,89
"1779",2.89838937314379,-0.396579309820526,89
"1780",3.29832102926256,-0.396579309820526,89
"1781",-4.30038043699417,3.31954702539846,90
"1782",-3.9004487808754,3.31954702539846,90
"1783",-3.50051712475662,3.31954702539846,90
"1784",-3.10058546863785,3.31954702539846,90
"1785",-2.70065381251907,3.31954702539846,90
"1786",-2.30072215640029,3.31954702539846,90
"1787",-1.90079050028152,3.31954702539846,90
"1788",-1.50085884416274,3.31954702539846,90
"1789",-1.10092718804397,3.31954702539846,90
"1790",-0.700995531925193,3.31954702539846,90
"1791",-0.301063875806418,0.279080023855653,90
"1792",0.0988677803123572,-0.0587496429824363,90
"1793",0.498799436431133,-0.0587496429824363,90
"1794",0.898731092549909,-0.0587496429824363,90
"1795",1.29866274866868,-0.396579309820526,90
"1796",1.69859440478746,-0.396579309820526,90
"1797",2.09852606090623,-0.396579309820526,90
"1798",2.49845771702501,-0.396579309820526,90
"1799",2.89838937314379,-0.396579309820526,90
"1800",3.29832102926256,-0.396579309820526,90
"1801",-4.30038043699417,3.31954702539846,91
"1802",-3.9004487808754,3.31954702539846,91
"1803",-3.50051712475662,3.31954702539846,91
"1804",-3.10058546863785,3.31954702539846,91
"1805",-2.70065381251907,3.31954702539846,91
"1806",-2.30072215640029,3.31954702539846,91
"1807",-1.90079050028152,3.31954702539846,91
"1808",-1.50085884416274,3.31954702539846,91
"1809",-1.10092718804397,3.31954702539846,91
"1810",-0.700995531925193,3.31954702539846,91
"1811",-0.301063875806418,0.279080023855653,91
"1812",0.0988677803123572,-0.0587496429824363,91
"1813",0.498799436431133,-0.396579309820526,91
"1814",0.898731092549909,-0.396579309820526,91
"1815",1.29866274866868,-0.396579309820526,91
"1816",1.69859440478746,-0.396579309820526,91
"1817",2.09852606090623,-0.396579309820526,91
"1818",2.49845771702501,-0.396579309820526,91
"1819",2.89838937314379,-0.396579309820526,91
"1820",3.29832102926256,-0.396579309820526,91
"1821",-4.30038043699417,3.31954702539846,92
"1822",-3.9004487808754,3.31954702539846,92
"1823",-3.50051712475662,3.31954702539846,92
"1824",-3.10058546863785,3.31954702539846,92
"1825",-2.70065381251907,3.31954702539846,92
"1826",-2.30072215640029,3.31954702539846,92
"1827",-1.90079050028152,3.31954702539846,92
"1828",-1.50085884416274,3.31954702539846,92
"1829",-1.10092718804397,3.31954702539846,92
"1830",-0.700995531925193,2.30605802488419,92
"1831",-0.301063875806418,0.616909690693743,92
"1832",0.0988677803123572,-0.0587496429824363,92
"1833",0.498799436431133,-0.0587496429824363,92
"1834",0.898731092549909,-0.396579309820526,92
"1835",1.29866274866868,-0.396579309820526,92
"1836",1.69859440478746,-0.396579309820526,92
"1837",2.09852606090623,-0.396579309820526,92
"1838",2.49845771702501,-0.396579309820526,92
"1839",2.89838937314379,-0.396579309820526,92
"1840",3.29832102926256,-0.396579309820526,92
"1841",-4.30038043699417,3.31954702539846,93
"1842",-3.9004487808754,3.31954702539846,93
"1843",-3.50051712475662,3.31954702539846,93
"1844",-3.10058546863785,3.31954702539846,93
"1845",-2.70065381251907,3.31954702539846,93
"1846",-2.30072215640029,3.31954702539846,93
"1847",-1.90079050028152,3.31954702539846,93
"1848",-1.50085884416274,3.31954702539846,93
"1849",-1.10092718804397,3.31954702539846,93
"1850",-0.700995531925193,3.31954702539846,93
"1851",-0.301063875806418,0.279080023855653,93
"1852",0.0988677803123572,-0.0587496429824363,93
"1853",0.498799436431133,-0.396579309820526,93
"1854",0.898731092549909,-0.396579309820526,93
"1855",1.29866274866868,-0.396579309820526,93
"1856",1.69859440478746,-0.396579309820526,93
"1857",2.09852606090623,-0.396579309820526,93
"1858",2.49845771702501,-0.396579309820526,93
"1859",2.89838937314379,-0.396579309820526,93
"1860",3.29832102926256,-0.396579309820526,93
"1861",-4.30038043699417,3.31954702539846,94
"1862",-3.9004487808754,3.31954702539846,94
"1863",-3.50051712475662,3.31954702539846,94
"1864",-3.10058546863785,3.31954702539846,94
"1865",-2.70065381251907,3.31954702539846,94
"1866",-2.30072215640029,3.31954702539846,94
"1867",-1.90079050028152,3.31954702539846,94
"1868",-1.50085884416274,3.31954702539846,94
"1869",-1.10092718804397,3.31954702539846,94
"1870",-0.700995531925193,3.31954702539846,94
"1871",-0.301063875806418,0.279080023855653,94
"1872",0.0988677803123572,-0.0587496429824363,94
"1873",0.498799436431133,-0.396579309820526,94
"1874",0.898731092549909,-0.396579309820526,94
"1875",1.29866274866868,-0.396579309820526,94
"1876",1.69859440478746,-0.396579309820526,94
"1877",2.09852606090623,-0.396579309820526,94
"1878",2.49845771702501,-0.396579309820526,94
"1879",2.89838937314379,-0.396579309820526,94
"1880",3.29832102926256,-0.396579309820526,94
"1881",-4.30038043699417,3.31954702539846,95
"1882",-3.9004487808754,3.31954702539846,95
"1883",-3.50051712475662,3.31954702539846,95
"1884",-3.10058546863785,3.31954702539846,95
"1885",-2.70065381251907,3.31954702539846,95
"1886",-2.30072215640029,3.31954702539846,95
"1887",-1.90079050028152,3.31954702539846,95
"1888",-1.50085884416274,3.31954702539846,95
"1889",-1.10092718804397,3.31954702539846,95
"1890",-0.700995531925193,3.31954702539846,95
"1891",-0.301063875806418,0.279080023855653,95
"1892",0.0988677803123572,-0.0587496429824363,95
"1893",0.498799436431133,-0.396579309820526,95
"1894",0.898731092549909,-0.396579309820526,95
"1895",1.29866274866868,-0.396579309820526,95
"1896",1.69859440478746,-0.396579309820526,95
"1897",2.09852606090623,-0.396579309820526,95
"1898",2.49845771702501,-0.396579309820526,95
"1899",2.89838937314379,-0.396579309820526,95
"1900",3.29832102926256,-0.396579309820526,95
"1901",-4.30038043699417,3.31954702539846,96
"1902",-3.9004487808754,3.31954702539846,96
"1903",-3.50051712475662,3.31954702539846,96
"1904",-3.10058546863785,3.31954702539846,96
"1905",-2.70065381251907,3.31954702539846,96
"1906",-2.30072215640029,3.31954702539846,96
"1907",-1.90079050028152,3.31954702539846,96
"1908",-1.50085884416274,3.31954702539846,96
"1909",-1.10092718804397,3.31954702539846,96
"1910",-0.700995531925193,3.31954702539846,96
"1911",-0.301063875806418,0.279080023855653,96
"1912",0.0988677803123572,-0.0587496429824363,96
"1913",0.498799436431133,-0.396579309820526,96
"1914",0.898731092549909,-0.396579309820526,96
"1915",1.29866274866868,-0.396579309820526,96
"1916",1.69859440478746,-0.396579309820526,96
"1917",2.09852606090623,-0.396579309820526,96
"1918",2.49845771702501,-0.396579309820526,96
"1919",2.89838937314379,-0.396579309820526,96
"1920",3.29832102926256,-0.396579309820526,96
"1921",-4.30038043699417,3.31954702539846,97
"1922",-3.9004487808754,3.31954702539846,97
"1923",-3.50051712475662,3.31954702539846,97
"1924",-3.10058546863785,3.31954702539846,97
"1925",-2.70065381251907,3.31954702539846,97
"1926",-2.30072215640029,3.31954702539846,97
"1927",-1.90079050028152,3.31954702539846,97
"1928",-1.50085884416274,3.31954702539846,97
"1929",-1.10092718804397,3.31954702539846,97
"1930",-0.700995531925193,3.31954702539846,97
"1931",-0.301063875806418,0.616909690693743,97
"1932",0.0988677803123572,0.279080023855653,97
"1933",0.498799436431133,-0.0587496429824363,97
"1934",0.898731092549909,-0.0587496429824363,97
"1935",1.29866274866868,-0.0587496429824363,97
"1936",1.69859440478746,-0.0587496429824363,97
"1937",2.09852606090623,-0.0587496429824363,97
"1938",2.49845771702501,-0.0587496429824363,97
"1939",2.89838937314379,-0.396579309820526,97
"1940",3.29832102926256,-0.396579309820526,97
"1941",-4.30038043699417,3.31954702539846,98
"1942",-3.9004487808754,3.31954702539846,98
"1943",-3.50051712475662,3.31954702539846,98
"1944",-3.10058546863785,3.31954702539846,98
"1945",-2.70065381251907,3.31954702539846,98
"1946",-2.30072215640029,3.31954702539846,98
"1947",-1.90079050028152,3.31954702539846,98
"1948",-1.50085884416274,3.31954702539846,98
"1949",-1.10092718804397,3.31954702539846,98
"1950",-0.700995531925193,3.31954702539846,98
"1951",-0.301063875806418,0.279080023855653,98
"1952",0.0988677803123572,-0.0587496429824363,98
"1953",0.498799436431133,-0.0587496429824363,98
"1954",0.898731092549909,-0.396579309820526,98
"1955",1.29866274866868,-0.396579309820526,98
"1956",1.69859440478746,-0.396579309820526,98
"1957",2.09852606090623,-0.396579309820526,98
"1958",2.49845771702501,-0.396579309820526,98
"1959",2.89838937314379,-0.396579309820526,98
"1960",3.29832102926256,-0.396579309820526,98
"1961",-4.30038043699417,3.31954702539846,99
"1962",-3.9004487808754,3.31954702539846,99
"1963",-3.50051712475662,3.31954702539846,99
"1964",-3.10058546863785,3.31954702539846,99
"1965",-2.70065381251907,3.31954702539846,99
"1966",-2.30072215640029,3.31954702539846,99
"1967",-1.90079050028152,3.31954702539846,99
"1968",-1.50085884416274,3.31954702539846,99
"1969",-1.10092718804397,3.31954702539846,99
"1970",-0.700995531925193,3.31954702539846,99
"1971",-0.301063875806418,0.279080023855653,99
"1972",0.0988677803123572,-0.0587496429824363,99
"1973",0.498799436431133,-0.396579309820526,99
"1974",0.898731092549909,-0.396579309820526,99
"1975",1.29866274866868,-0.396579309820526,99
"1976",1.69859440478746,-0.396579309820526,99
"1977",2.09852606090623,-0.396579309820526,99
"1978",2.49845771702501,-0.396579309820526,99
"1979",2.89838937314379,-0.396579309820526,99
"1980",3.29832102926256,-0.396579309820526,99
"1981",-4.30038043699417,3.31954702539846,100
"1982",-3.9004487808754,3.31954702539846,100
"1983",-3.50051712475662,3.31954702539846,100
"1984",-3.10058546863785,3.31954702539846,100
"1985",-2.70065381251907,3.31954702539846,100
"1986",-2.30072215640029,3.31954702539846,100
"1987",-1.90079050028152,3.31954702539846,100
"1988",-1.50085884416274,3.31954702539846,100
"1989",-1.10092718804397,3.31954702539846,100
"1990",-0.700995531925193,3.31954702539846,100
"1991",-0.301063875806418,0.279080023855653,100
"1992",0.0988677803123572,-0.0587496429824363,100
"1993",0.498799436431133,-0.0587496429824363,100
"1994",0.898731092549909,-0.396579309820526,100
"1995",1.29866274866868,-0.396579309820526,100
"1996",1.69859440478746,-0.396579309820526,100
"1997",2.09852606090623,-0.396579309820526,100
"1998",2.49845771702501,-0.396579309820526,100
"1999",2.89838937314379,-0.396579309820526,100
"2000",3.29832102926256,-0.396579309820526,100
