"","x","y","sample"
"1",-7.13709985079876,-2.23296947592044,1
"2",-6.66123972397912,-2.23296947592044,1
"3",-6.18537959715948,-2.23296947592044,1
"4",-5.70951947033984,-2.23296947592044,1
"5",-5.2336593435202,-2.23296947592044,1
"6",-4.75779921670055,-5.09011233306329,1
"7",-4.28193908988091,-5.09011233306329,1
"8",-3.80607896306127,-5.09011233306329,1
"9",-3.33021883624163,-5.09011233306329,1
"10",-2.85435870942199,-5.09011233306329,1
"11",-2.37849858260235,-5.09011233306329,1
"12",-1.9026384557827,-5.09011233306329,1
"13",-1.42677832896306,-5.09011233306329,1
"14",-0.950918202143419,-5.09011233306329,1
"15",-0.475058075323777,-5.09011233306329,1
"16",0.000802051495864653,-5.09011233306329,1
"17",0.476662178315507,-5.09011233306329,1
"18",0.952522305135148,-5.09011233306329,1
"19",1.42838243195479,-5.09011233306329,1
"20",1.90424255877443,-5.09011233306329,1
"21",-7.13709985079876,-2.23296947592044,2
"22",-6.66123972397912,-2.23296947592044,2
"23",-6.18537959715948,-2.23296947592044,2
"24",-5.70951947033984,-2.23296947592044,2
"25",-5.2336593435202,-2.66154090449187,2
"26",-4.75779921670055,-3.80439804734901,2
"27",-4.28193908988091,-4.23296947592044,2
"28",-3.80607896306127,-4.51868376163472,2
"29",-3.33021883624163,-4.66154090449186,2
"30",-2.85435870942199,-4.80439804734901,2
"31",-2.37849858260235,-4.80439804734901,2
"32",-1.9026384557827,-4.80439804734901,2
"33",-1.42677832896306,-4.94725519020615,2
"34",-0.950918202143419,-4.94725519020615,2
"35",-0.475058075323777,-4.94725519020615,2
"36",0.000802051495864653,-4.94725519020615,2
"37",0.476662178315507,-5.09011233306329,2
"38",0.952522305135148,-5.09011233306329,2
"39",1.42838243195479,-5.09011233306329,2
"40",1.90424255877443,-5.09011233306329,2
"41",-7.13709985079876,-2.23296947592044,3
"42",-6.66123972397912,-2.23296947592044,3
"43",-6.18537959715948,-2.23296947592044,3
"44",-5.70951947033984,-2.23296947592044,3
"45",-5.2336593435202,-2.66154090449187,3
"46",-4.75779921670055,-4.09011233306329,3
"47",-4.28193908988091,-5.09011233306329,3
"48",-3.80607896306127,-5.09011233306329,3
"49",-3.33021883624163,-5.09011233306329,3
"50",-2.85435870942199,-5.09011233306329,3
"51",-2.37849858260235,-5.09011233306329,3
"52",-1.9026384557827,-5.09011233306329,3
"53",-1.42677832896306,-5.09011233306329,3
"54",-0.950918202143419,-5.09011233306329,3
"55",-0.475058075323777,-5.09011233306329,3
"56",0.000802051495864653,-5.09011233306329,3
"57",0.476662178315507,-5.09011233306329,3
"58",0.952522305135148,-5.09011233306329,3
"59",1.42838243195479,-5.09011233306329,3
"60",1.90424255877443,-5.09011233306329,3
"61",-7.13709985079876,-2.23296947592044,4
"62",-6.66123972397912,-2.23296947592044,4
"63",-6.18537959715948,-2.23296947592044,4
"64",-5.70951947033984,-2.66154090449187,4
"65",-5.2336593435202,-2.94725519020615,4
"66",-4.75779921670055,-3.23296947592044,4
"67",-4.28193908988091,-3.51868376163472,4
"68",-3.80607896306127,-3.80439804734901,4
"69",-3.33021883624163,-4.37582661877758,4
"70",-2.85435870942199,-4.94725519020615,4
"71",-2.37849858260235,-5.09011233306329,4
"72",-1.9026384557827,-5.09011233306329,4
"73",-1.42677832896306,-5.09011233306329,4
"74",-0.950918202143419,-5.09011233306329,4
"75",-0.475058075323777,-5.09011233306329,4
"76",0.000802051495864653,-5.09011233306329,4
"77",0.476662178315507,-5.09011233306329,4
"78",0.952522305135148,-5.09011233306329,4
"79",1.42838243195479,-5.09011233306329,4
"80",1.90424255877443,-5.09011233306329,4
"81",-7.13709985079876,-2.23296947592044,5
"82",-6.66123972397912,-2.23296947592044,5
"83",-6.18537959715948,-2.23296947592044,5
"84",-5.70951947033984,-2.23296947592044,5
"85",-5.2336593435202,-2.80439804734901,5
"86",-4.75779921670055,-3.51868376163472,5
"87",-4.28193908988091,-3.94725519020615,5
"88",-3.80607896306127,-4.37582661877758,5
"89",-3.33021883624163,-4.66154090449186,5
"90",-2.85435870942199,-4.94725519020615,5
"91",-2.37849858260235,-5.09011233306329,5
"92",-1.9026384557827,-5.09011233306329,5
"93",-1.42677832896306,-5.09011233306329,5
"94",-0.950918202143419,-5.09011233306329,5
"95",-0.475058075323777,-5.09011233306329,5
"96",0.000802051495864653,-5.09011233306329,5
"97",0.476662178315507,-5.09011233306329,5
"98",0.952522305135148,-5.09011233306329,5
"99",1.42838243195479,-5.09011233306329,5
"100",1.90424255877443,-5.09011233306329,5
"101",-7.13709985079876,-2.23296947592044,6
"102",-6.66123972397912,-2.23296947592044,6
"103",-6.18537959715948,-2.23296947592044,6
"104",-5.70951947033984,-2.23296947592044,6
"105",-5.2336593435202,-2.94725519020615,6
"106",-4.75779921670055,-3.51868376163472,6
"107",-4.28193908988091,-3.94725519020615,6
"108",-3.80607896306127,-4.37582661877758,6
"109",-3.33021883624163,-4.80439804734901,6
"110",-2.85435870942199,-5.09011233306329,6
"111",-2.37849858260235,-5.09011233306329,6
"112",-1.9026384557827,-5.09011233306329,6
"113",-1.42677832896306,-5.09011233306329,6
"114",-0.950918202143419,-5.09011233306329,6
"115",-0.475058075323777,-5.09011233306329,6
"116",0.000802051495864653,-5.09011233306329,6
"117",0.476662178315507,-5.09011233306329,6
"118",0.952522305135148,-5.09011233306329,6
"119",1.42838243195479,-5.09011233306329,6
"120",1.90424255877443,-5.09011233306329,6
"121",-7.13709985079876,-2.23296947592044,7
"122",-6.66123972397912,-2.23296947592044,7
"123",-6.18537959715948,-2.23296947592044,7
"124",-5.70951947033984,-2.23296947592044,7
"125",-5.2336593435202,-2.94725519020615,7
"126",-4.75779921670055,-3.51868376163472,7
"127",-4.28193908988091,-3.94725519020615,7
"128",-3.80607896306127,-4.37582661877758,7
"129",-3.33021883624163,-4.80439804734901,7
"130",-2.85435870942199,-5.09011233306329,7
"131",-2.37849858260235,-5.09011233306329,7
"132",-1.9026384557827,-5.09011233306329,7
"133",-1.42677832896306,-5.09011233306329,7
"134",-0.950918202143419,-5.09011233306329,7
"135",-0.475058075323777,-5.09011233306329,7
"136",0.000802051495864653,-5.09011233306329,7
"137",0.476662178315507,-5.09011233306329,7
"138",0.952522305135148,-5.09011233306329,7
"139",1.42838243195479,-5.09011233306329,7
"140",1.90424255877443,-5.09011233306329,7
"141",-7.13709985079876,-2.23296947592044,8
"142",-6.66123972397912,-2.23296947592044,8
"143",-6.18537959715948,-2.23296947592044,8
"144",-5.70951947033984,-2.37582661877758,8
"145",-5.2336593435202,-2.94725519020615,8
"146",-4.75779921670055,-3.37582661877758,8
"147",-4.28193908988091,-3.80439804734901,8
"148",-3.80607896306127,-4.23296947592044,8
"149",-3.33021883624163,-4.51868376163472,8
"150",-2.85435870942199,-4.94725519020615,8
"151",-2.37849858260235,-5.09011233306329,8
"152",-1.9026384557827,-5.09011233306329,8
"153",-1.42677832896306,-5.09011233306329,8
"154",-0.950918202143419,-5.09011233306329,8
"155",-0.475058075323777,-5.09011233306329,8
"156",0.000802051495864653,-5.09011233306329,8
"157",0.476662178315507,-5.09011233306329,8
"158",0.952522305135148,-5.09011233306329,8
"159",1.42838243195479,-5.09011233306329,8
"160",1.90424255877443,-5.09011233306329,8
"161",-7.13709985079876,-2.23296947592044,9
"162",-6.66123972397912,-2.23296947592044,9
"163",-6.18537959715948,-2.23296947592044,9
"164",-5.70951947033984,-2.37582661877758,9
"165",-5.2336593435202,-2.94725519020615,9
"166",-4.75779921670055,-3.37582661877758,9
"167",-4.28193908988091,-3.80439804734901,9
"168",-3.80607896306127,-4.09011233306329,9
"169",-3.33021883624163,-4.37582661877758,9
"170",-2.85435870942199,-4.66154090449186,9
"171",-2.37849858260235,-4.94725519020615,9
"172",-1.9026384557827,-5.09011233306329,9
"173",-1.42677832896306,-5.09011233306329,9
"174",-0.950918202143419,-5.09011233306329,9
"175",-0.475058075323777,-5.09011233306329,9
"176",0.000802051495864653,-5.09011233306329,9
"177",0.476662178315507,-5.09011233306329,9
"178",0.952522305135148,-5.09011233306329,9
"179",1.42838243195479,-5.09011233306329,9
"180",1.90424255877443,-5.09011233306329,9
"181",-7.13709985079876,-2.23296947592044,10
"182",-6.66123972397912,-2.23296947592044,10
"183",-6.18537959715948,-2.23296947592044,10
"184",-5.70951947033984,-2.23296947592044,10
"185",-5.2336593435202,-2.80439804734901,10
"186",-4.75779921670055,-3.66154090449187,10
"187",-4.28193908988091,-4.09011233306329,10
"188",-3.80607896306127,-4.51868376163472,10
"189",-3.33021883624163,-4.80439804734901,10
"190",-2.85435870942199,-4.94725519020615,10
"191",-2.37849858260235,-5.09011233306329,10
"192",-1.9026384557827,-5.09011233306329,10
"193",-1.42677832896306,-5.09011233306329,10
"194",-0.950918202143419,-5.09011233306329,10
"195",-0.475058075323777,-5.09011233306329,10
"196",0.000802051495864653,-5.09011233306329,10
"197",0.476662178315507,-5.09011233306329,10
"198",0.952522305135148,-5.09011233306329,10
"199",1.42838243195479,-5.09011233306329,10
"200",1.90424255877443,-5.09011233306329,10
"201",-7.13709985079876,-2.23296947592044,11
"202",-6.66123972397912,-2.23296947592044,11
"203",-6.18537959715948,-2.23296947592044,11
"204",-5.70951947033984,-2.23296947592044,11
"205",-5.2336593435202,-2.23296947592044,11
"206",-4.75779921670055,-5.09011233306329,11
"207",-4.28193908988091,-5.09011233306329,11
"208",-3.80607896306127,-5.09011233306329,11
"209",-3.33021883624163,-5.09011233306329,11
"210",-2.85435870942199,-5.09011233306329,11
"211",-2.37849858260235,-5.09011233306329,11
"212",-1.9026384557827,-5.09011233306329,11
"213",-1.42677832896306,-5.09011233306329,11
"214",-0.950918202143419,-5.09011233306329,11
"215",-0.475058075323777,-5.09011233306329,11
"216",0.000802051495864653,-5.09011233306329,11
"217",0.476662178315507,-5.09011233306329,11
"218",0.952522305135148,-5.09011233306329,11
"219",1.42838243195479,-5.09011233306329,11
"220",1.90424255877443,-5.09011233306329,11
"221",-7.13709985079876,-2.23296947592044,12
"222",-6.66123972397912,-2.23296947592044,12
"223",-6.18537959715948,-2.23296947592044,12
"224",-5.70951947033984,-2.23296947592044,12
"225",-5.2336593435202,-2.80439804734901,12
"226",-4.75779921670055,-3.51868376163472,12
"227",-4.28193908988091,-4.09011233306329,12
"228",-3.80607896306127,-4.51868376163472,12
"229",-3.33021883624163,-4.94725519020615,12
"230",-2.85435870942199,-5.09011233306329,12
"231",-2.37849858260235,-5.09011233306329,12
"232",-1.9026384557827,-5.09011233306329,12
"233",-1.42677832896306,-5.09011233306329,12
"234",-0.950918202143419,-5.09011233306329,12
"235",-0.475058075323777,-5.09011233306329,12
"236",0.000802051495864653,-5.09011233306329,12
"237",0.476662178315507,-5.09011233306329,12
"238",0.952522305135148,-5.09011233306329,12
"239",1.42838243195479,-5.09011233306329,12
"240",1.90424255877443,-5.09011233306329,12
"241",-7.13709985079876,-2.23296947592044,13
"242",-6.66123972397912,-2.23296947592044,13
"243",-6.18537959715948,-2.23296947592044,13
"244",-5.70951947033984,-2.23296947592044,13
"245",-5.2336593435202,-2.80439804734901,13
"246",-4.75779921670055,-3.66154090449187,13
"247",-4.28193908988091,-4.37582661877758,13
"248",-3.80607896306127,-4.80439804734901,13
"249",-3.33021883624163,-5.09011233306329,13
"250",-2.85435870942199,-5.09011233306329,13
"251",-2.37849858260235,-5.09011233306329,13
"252",-1.9026384557827,-5.09011233306329,13
"253",-1.42677832896306,-5.09011233306329,13
"254",-0.950918202143419,-5.09011233306329,13
"255",-0.475058075323777,-5.09011233306329,13
"256",0.000802051495864653,-5.09011233306329,13
"257",0.476662178315507,-5.09011233306329,13
"258",0.952522305135148,-5.09011233306329,13
"259",1.42838243195479,-5.09011233306329,13
"260",1.90424255877443,-5.09011233306329,13
"261",-7.13709985079876,-2.23296947592044,14
"262",-6.66123972397912,-2.23296947592044,14
"263",-6.18537959715948,-2.23296947592044,14
"264",-5.70951947033984,-2.23296947592044,14
"265",-5.2336593435202,-2.23296947592044,14
"266",-4.75779921670055,-4.23296947592044,14
"267",-4.28193908988091,-4.94725519020615,14
"268",-3.80607896306127,-5.09011233306329,14
"269",-3.33021883624163,-5.09011233306329,14
"270",-2.85435870942199,-5.09011233306329,14
"271",-2.37849858260235,-5.09011233306329,14
"272",-1.9026384557827,-5.09011233306329,14
"273",-1.42677832896306,-5.09011233306329,14
"274",-0.950918202143419,-5.09011233306329,14
"275",-0.475058075323777,-5.09011233306329,14
"276",0.000802051495864653,-5.09011233306329,14
"277",0.476662178315507,-5.09011233306329,14
"278",0.952522305135148,-5.09011233306329,14
"279",1.42838243195479,-5.09011233306329,14
"280",1.90424255877443,-5.09011233306329,14
"281",-7.13709985079876,-2.23296947592044,15
"282",-6.66123972397912,-2.37582661877758,15
"283",-6.18537959715948,-2.51868376163472,15
"284",-5.70951947033984,-2.66154090449187,15
"285",-5.2336593435202,-2.80439804734901,15
"286",-4.75779921670055,-3.94725519020615,15
"287",-4.28193908988091,-4.94725519020615,15
"288",-3.80607896306127,-5.09011233306329,15
"289",-3.33021883624163,-5.09011233306329,15
"290",-2.85435870942199,-5.09011233306329,15
"291",-2.37849858260235,-5.09011233306329,15
"292",-1.9026384557827,-5.09011233306329,15
"293",-1.42677832896306,-5.09011233306329,15
"294",-0.950918202143419,-5.09011233306329,15
"295",-0.475058075323777,-5.09011233306329,15
"296",0.000802051495864653,-5.09011233306329,15
"297",0.476662178315507,-5.09011233306329,15
"298",0.952522305135148,-5.09011233306329,15
"299",1.42838243195479,-5.09011233306329,15
"300",1.90424255877443,-5.09011233306329,15
"301",-7.13709985079876,-2.23296947592044,16
"302",-6.66123972397912,-2.23296947592044,16
"303",-6.18537959715948,-2.23296947592044,16
"304",-5.70951947033984,-2.23296947592044,16
"305",-5.2336593435202,-2.80439804734901,16
"306",-4.75779921670055,-3.66154090449187,16
"307",-4.28193908988091,-4.37582661877758,16
"308",-3.80607896306127,-4.80439804734901,16
"309",-3.33021883624163,-5.09011233306329,16
"310",-2.85435870942199,-5.09011233306329,16
"311",-2.37849858260235,-5.09011233306329,16
"312",-1.9026384557827,-5.09011233306329,16
"313",-1.42677832896306,-5.09011233306329,16
"314",-0.950918202143419,-5.09011233306329,16
"315",-0.475058075323777,-5.09011233306329,16
"316",0.000802051495864653,-5.09011233306329,16
"317",0.476662178315507,-5.09011233306329,16
"318",0.952522305135148,-5.09011233306329,16
"319",1.42838243195479,-5.09011233306329,16
"320",1.90424255877443,-5.09011233306329,16
"321",-7.13709985079876,-2.23296947592044,17
"322",-6.66123972397912,-2.23296947592044,17
"323",-6.18537959715948,-2.23296947592044,17
"324",-5.70951947033984,-2.37582661877758,17
"325",-5.2336593435202,-2.94725519020615,17
"326",-4.75779921670055,-3.37582661877758,17
"327",-4.28193908988091,-3.80439804734901,17
"328",-3.80607896306127,-4.09011233306329,17
"329",-3.33021883624163,-4.37582661877758,17
"330",-2.85435870942199,-4.66154090449186,17
"331",-2.37849858260235,-4.80439804734901,17
"332",-1.9026384557827,-5.09011233306329,17
"333",-1.42677832896306,-5.09011233306329,17
"334",-0.950918202143419,-5.09011233306329,17
"335",-0.475058075323777,-5.09011233306329,17
"336",0.000802051495864653,-5.09011233306329,17
"337",0.476662178315507,-5.09011233306329,17
"338",0.952522305135148,-5.09011233306329,17
"339",1.42838243195479,-5.09011233306329,17
"340",1.90424255877443,-5.09011233306329,17
"341",-7.13709985079876,-2.23296947592044,18
"342",-6.66123972397912,-2.23296947592044,18
"343",-6.18537959715948,-2.23296947592044,18
"344",-5.70951947033984,-2.23296947592044,18
"345",-5.2336593435202,-2.94725519020615,18
"346",-4.75779921670055,-3.51868376163472,18
"347",-4.28193908988091,-3.94725519020615,18
"348",-3.80607896306127,-4.37582661877758,18
"349",-3.33021883624163,-4.80439804734901,18
"350",-2.85435870942199,-5.09011233306329,18
"351",-2.37849858260235,-5.09011233306329,18
"352",-1.9026384557827,-5.09011233306329,18
"353",-1.42677832896306,-5.09011233306329,18
"354",-0.950918202143419,-5.09011233306329,18
"355",-0.475058075323777,-5.09011233306329,18
"356",0.000802051495864653,-5.09011233306329,18
"357",0.476662178315507,-5.09011233306329,18
"358",0.952522305135148,-5.09011233306329,18
"359",1.42838243195479,-5.09011233306329,18
"360",1.90424255877443,-5.09011233306329,18
"361",-7.13709985079876,-2.23296947592044,19
"362",-6.66123972397912,-2.23296947592044,19
"363",-6.18537959715948,-2.23296947592044,19
"364",-5.70951947033984,-2.23296947592044,19
"365",-5.2336593435202,-2.94725519020615,19
"366",-4.75779921670055,-3.37582661877758,19
"367",-4.28193908988091,-3.80439804734901,19
"368",-3.80607896306127,-4.23296947592044,19
"369",-3.33021883624163,-4.51868376163472,19
"370",-2.85435870942199,-4.66154090449186,19
"371",-2.37849858260235,-4.94725519020615,19
"372",-1.9026384557827,-5.09011233306329,19
"373",-1.42677832896306,-5.09011233306329,19
"374",-0.950918202143419,-5.09011233306329,19
"375",-0.475058075323777,-5.09011233306329,19
"376",0.000802051495864653,-5.09011233306329,19
"377",0.476662178315507,-5.09011233306329,19
"378",0.952522305135148,-5.09011233306329,19
"379",1.42838243195479,-5.09011233306329,19
"380",1.90424255877443,-5.09011233306329,19
"381",-7.13709985079876,-2.23296947592044,20
"382",-6.66123972397912,-2.23296947592044,20
"383",-6.18537959715948,-2.23296947592044,20
"384",-5.70951947033984,-2.23296947592044,20
"385",-5.2336593435202,-2.80439804734901,20
"386",-4.75779921670055,-3.51868376163472,20
"387",-4.28193908988091,-4.09011233306329,20
"388",-3.80607896306127,-4.51868376163472,20
"389",-3.33021883624163,-4.94725519020615,20
"390",-2.85435870942199,-5.09011233306329,20
"391",-2.37849858260235,-5.09011233306329,20
"392",-1.9026384557827,-5.09011233306329,20
"393",-1.42677832896306,-5.09011233306329,20
"394",-0.950918202143419,-5.09011233306329,20
"395",-0.475058075323777,-5.09011233306329,20
"396",0.000802051495864653,-5.09011233306329,20
"397",0.476662178315507,-5.09011233306329,20
"398",0.952522305135148,-5.09011233306329,20
"399",1.42838243195479,-5.09011233306329,20
"400",1.90424255877443,-5.09011233306329,20
"401",-7.13709985079876,-2.23296947592044,21
"402",-6.66123972397912,-2.23296947592044,21
"403",-6.18537959715948,-2.23296947592044,21
"404",-5.70951947033984,-2.23296947592044,21
"405",-5.2336593435202,-2.80439804734901,21
"406",-4.75779921670055,-3.80439804734901,21
"407",-4.28193908988091,-4.51868376163472,21
"408",-3.80607896306127,-5.09011233306329,21
"409",-3.33021883624163,-5.09011233306329,21
"410",-2.85435870942199,-5.09011233306329,21
"411",-2.37849858260235,-5.09011233306329,21
"412",-1.9026384557827,-5.09011233306329,21
"413",-1.42677832896306,-5.09011233306329,21
"414",-0.950918202143419,-5.09011233306329,21
"415",-0.475058075323777,-5.09011233306329,21
"416",0.000802051495864653,-5.09011233306329,21
"417",0.476662178315507,-5.09011233306329,21
"418",0.952522305135148,-5.09011233306329,21
"419",1.42838243195479,-5.09011233306329,21
"420",1.90424255877443,-5.09011233306329,21
"421",-7.13709985079876,-2.23296947592044,22
"422",-6.66123972397912,-2.23296947592044,22
"423",-6.18537959715948,-2.23296947592044,22
"424",-5.70951947033984,-2.23296947592044,22
"425",-5.2336593435202,-2.94725519020615,22
"426",-4.75779921670055,-3.51868376163472,22
"427",-4.28193908988091,-3.94725519020615,22
"428",-3.80607896306127,-4.37582661877758,22
"429",-3.33021883624163,-4.80439804734901,22
"430",-2.85435870942199,-5.09011233306329,22
"431",-2.37849858260235,-5.09011233306329,22
"432",-1.9026384557827,-5.09011233306329,22
"433",-1.42677832896306,-5.09011233306329,22
"434",-0.950918202143419,-5.09011233306329,22
"435",-0.475058075323777,-5.09011233306329,22
"436",0.000802051495864653,-5.09011233306329,22
"437",0.476662178315507,-5.09011233306329,22
"438",0.952522305135148,-5.09011233306329,22
"439",1.42838243195479,-5.09011233306329,22
"440",1.90424255877443,-5.09011233306329,22
"441",-7.13709985079876,-2.23296947592044,23
"442",-6.66123972397912,-2.23296947592044,23
"443",-6.18537959715948,-2.23296947592044,23
"444",-5.70951947033984,-2.23296947592044,23
"445",-5.2336593435202,-2.66154090449187,23
"446",-4.75779921670055,-3.94725519020615,23
"447",-4.28193908988091,-4.80439804734901,23
"448",-3.80607896306127,-5.09011233306329,23
"449",-3.33021883624163,-5.09011233306329,23
"450",-2.85435870942199,-5.09011233306329,23
"451",-2.37849858260235,-5.09011233306329,23
"452",-1.9026384557827,-5.09011233306329,23
"453",-1.42677832896306,-5.09011233306329,23
"454",-0.950918202143419,-5.09011233306329,23
"455",-0.475058075323777,-5.09011233306329,23
"456",0.000802051495864653,-5.09011233306329,23
"457",0.476662178315507,-5.09011233306329,23
"458",0.952522305135148,-5.09011233306329,23
"459",1.42838243195479,-5.09011233306329,23
"460",1.90424255877443,-5.09011233306329,23
"461",-7.13709985079876,-2.23296947592044,24
"462",-6.66123972397912,-2.23296947592044,24
"463",-6.18537959715948,-2.23296947592044,24
"464",-5.70951947033984,-2.23296947592044,24
"465",-5.2336593435202,-2.80439804734901,24
"466",-4.75779921670055,-3.66154090449187,24
"467",-4.28193908988091,-4.23296947592044,24
"468",-3.80607896306127,-4.94725519020615,24
"469",-3.33021883624163,-5.09011233306329,24
"470",-2.85435870942199,-5.09011233306329,24
"471",-2.37849858260235,-5.09011233306329,24
"472",-1.9026384557827,-5.09011233306329,24
"473",-1.42677832896306,-5.09011233306329,24
"474",-0.950918202143419,-5.09011233306329,24
"475",-0.475058075323777,-5.09011233306329,24
"476",0.000802051495864653,-5.09011233306329,24
"477",0.476662178315507,-5.09011233306329,24
"478",0.952522305135148,-5.09011233306329,24
"479",1.42838243195479,-5.09011233306329,24
"480",1.90424255877443,-5.09011233306329,24
"481",-7.13709985079876,-2.23296947592044,25
"482",-6.66123972397912,-2.23296947592044,25
"483",-6.18537959715948,-2.23296947592044,25
"484",-5.70951947033984,-2.23296947592044,25
"485",-5.2336593435202,-2.80439804734901,25
"486",-4.75779921670055,-3.80439804734901,25
"487",-4.28193908988091,-4.66154090449186,25
"488",-3.80607896306127,-5.09011233306329,25
"489",-3.33021883624163,-5.09011233306329,25
"490",-2.85435870942199,-5.09011233306329,25
"491",-2.37849858260235,-5.09011233306329,25
"492",-1.9026384557827,-5.09011233306329,25
"493",-1.42677832896306,-5.09011233306329,25
"494",-0.950918202143419,-5.09011233306329,25
"495",-0.475058075323777,-5.09011233306329,25
"496",0.000802051495864653,-5.09011233306329,25
"497",0.476662178315507,-5.09011233306329,25
"498",0.952522305135148,-5.09011233306329,25
"499",1.42838243195479,-5.09011233306329,25
"500",1.90424255877443,-5.09011233306329,25
"501",-7.13709985079876,-2.23296947592044,26
"502",-6.66123972397912,-2.23296947592044,26
"503",-6.18537959715948,-2.23296947592044,26
"504",-5.70951947033984,-2.23296947592044,26
"505",-5.2336593435202,-2.80439804734901,26
"506",-4.75779921670055,-3.80439804734901,26
"507",-4.28193908988091,-4.51868376163472,26
"508",-3.80607896306127,-4.94725519020615,26
"509",-3.33021883624163,-5.09011233306329,26
"510",-2.85435870942199,-5.09011233306329,26
"511",-2.37849858260235,-5.09011233306329,26
"512",-1.9026384557827,-5.09011233306329,26
"513",-1.42677832896306,-5.09011233306329,26
"514",-0.950918202143419,-5.09011233306329,26
"515",-0.475058075323777,-5.09011233306329,26
"516",0.000802051495864653,-5.09011233306329,26
"517",0.476662178315507,-5.09011233306329,26
"518",0.952522305135148,-5.09011233306329,26
"519",1.42838243195479,-5.09011233306329,26
"520",1.90424255877443,-5.09011233306329,26
"521",-7.13709985079876,-2.23296947592044,27
"522",-6.66123972397912,-2.23296947592044,27
"523",-6.18537959715948,-2.23296947592044,27
"524",-5.70951947033984,-2.23296947592044,27
"525",-5.2336593435202,-2.23296947592044,27
"526",-4.75779921670055,-4.80439804734901,27
"527",-4.28193908988091,-5.09011233306329,27
"528",-3.80607896306127,-5.09011233306329,27
"529",-3.33021883624163,-5.09011233306329,27
"530",-2.85435870942199,-5.09011233306329,27
"531",-2.37849858260235,-5.09011233306329,27
"532",-1.9026384557827,-5.09011233306329,27
"533",-1.42677832896306,-5.09011233306329,27
"534",-0.950918202143419,-5.09011233306329,27
"535",-0.475058075323777,-5.09011233306329,27
"536",0.000802051495864653,-5.09011233306329,27
"537",0.476662178315507,-5.09011233306329,27
"538",0.952522305135148,-5.09011233306329,27
"539",1.42838243195479,-5.09011233306329,27
"540",1.90424255877443,-5.09011233306329,27
"541",-7.13709985079876,-2.23296947592044,28
"542",-6.66123972397912,-2.23296947592044,28
"543",-6.18537959715948,-2.23296947592044,28
"544",-5.70951947033984,-2.23296947592044,28
"545",-5.2336593435202,-2.23296947592044,28
"546",-4.75779921670055,-3.94725519020615,28
"547",-4.28193908988091,-4.09011233306329,28
"548",-3.80607896306127,-4.09011233306329,28
"549",-3.33021883624163,-4.09011233306329,28
"550",-2.85435870942199,-4.09011233306329,28
"551",-2.37849858260235,-4.09011233306329,28
"552",-1.9026384557827,-4.09011233306329,28
"553",-1.42677832896306,-4.09011233306329,28
"554",-0.950918202143419,-4.09011233306329,28
"555",-0.475058075323777,-4.09011233306329,28
"556",0.000802051495864653,-4.09011233306329,28
"557",0.476662178315507,-4.09011233306329,28
"558",0.952522305135148,-4.09011233306329,28
"559",1.42838243195479,-4.09011233306329,28
"560",1.90424255877443,-4.09011233306329,28
"561",-7.13709985079876,-2.23296947592044,29
"562",-6.66123972397912,-2.23296947592044,29
"563",-6.18537959715948,-2.37582661877758,29
"564",-5.70951947033984,-2.66154090449187,29
"565",-5.2336593435202,-2.94725519020615,29
"566",-4.75779921670055,-3.23296947592044,29
"567",-4.28193908988091,-3.37582661877758,29
"568",-3.80607896306127,-4.80439804734901,29
"569",-3.33021883624163,-5.09011233306329,29
"570",-2.85435870942199,-5.09011233306329,29
"571",-2.37849858260235,-5.09011233306329,29
"572",-1.9026384557827,-5.09011233306329,29
"573",-1.42677832896306,-5.09011233306329,29
"574",-0.950918202143419,-5.09011233306329,29
"575",-0.475058075323777,-5.09011233306329,29
"576",0.000802051495864653,-5.09011233306329,29
"577",0.476662178315507,-5.09011233306329,29
"578",0.952522305135148,-5.09011233306329,29
"579",1.42838243195479,-5.09011233306329,29
"580",1.90424255877443,-5.09011233306329,29
"581",-7.13709985079876,-2.23296947592044,30
"582",-6.66123972397912,-2.23296947592044,30
"583",-6.18537959715948,-2.23296947592044,30
"584",-5.70951947033984,-2.23296947592044,30
"585",-5.2336593435202,-2.23296947592044,30
"586",-4.75779921670055,-3.66154090449187,30
"587",-4.28193908988091,-3.66154090449187,30
"588",-3.80607896306127,-3.66154090449187,30
"589",-3.33021883624163,-3.66154090449187,30
"590",-2.85435870942199,-3.66154090449187,30
"591",-2.37849858260235,-3.66154090449187,30
"592",-1.9026384557827,-3.80439804734901,30
"593",-1.42677832896306,-3.80439804734901,30
"594",-0.950918202143419,-3.80439804734901,30
"595",-0.475058075323777,-3.80439804734901,30
"596",0.000802051495864653,-3.80439804734901,30
"597",0.476662178315507,-3.80439804734901,30
"598",0.952522305135148,-3.80439804734901,30
"599",1.42838243195479,-3.80439804734901,30
"600",1.90424255877443,-3.80439804734901,30
"601",-7.13709985079876,-2.23296947592044,31
"602",-6.66123972397912,-2.23296947592044,31
"603",-6.18537959715948,-2.23296947592044,31
"604",-5.70951947033984,-2.23296947592044,31
"605",-5.2336593435202,-2.80439804734901,31
"606",-4.75779921670055,-3.66154090449187,31
"607",-4.28193908988091,-4.23296947592044,31
"608",-3.80607896306127,-4.80439804734901,31
"609",-3.33021883624163,-5.09011233306329,31
"610",-2.85435870942199,-5.09011233306329,31
"611",-2.37849858260235,-5.09011233306329,31
"612",-1.9026384557827,-5.09011233306329,31
"613",-1.42677832896306,-5.09011233306329,31
"614",-0.950918202143419,-5.09011233306329,31
"615",-0.475058075323777,-5.09011233306329,31
"616",0.000802051495864653,-5.09011233306329,31
"617",0.476662178315507,-5.09011233306329,31
"618",0.952522305135148,-5.09011233306329,31
"619",1.42838243195479,-5.09011233306329,31
"620",1.90424255877443,-5.09011233306329,31
"621",-7.13709985079876,-2.23296947592044,32
"622",-6.66123972397912,-2.23296947592044,32
"623",-6.18537959715948,-2.23296947592044,32
"624",-5.70951947033984,-2.23296947592044,32
"625",-5.2336593435202,-2.80439804734901,32
"626",-4.75779921670055,-3.66154090449187,32
"627",-4.28193908988091,-4.37582661877758,32
"628",-3.80607896306127,-4.80439804734901,32
"629",-3.33021883624163,-5.09011233306329,32
"630",-2.85435870942199,-5.09011233306329,32
"631",-2.37849858260235,-5.09011233306329,32
"632",-1.9026384557827,-5.09011233306329,32
"633",-1.42677832896306,-5.09011233306329,32
"634",-0.950918202143419,-5.09011233306329,32
"635",-0.475058075323777,-5.09011233306329,32
"636",0.000802051495864653,-5.09011233306329,32
"637",0.476662178315507,-5.09011233306329,32
"638",0.952522305135148,-5.09011233306329,32
"639",1.42838243195479,-5.09011233306329,32
"640",1.90424255877443,-5.09011233306329,32
"641",-7.13709985079876,-2.23296947592044,33
"642",-6.66123972397912,-2.23296947592044,33
"643",-6.18537959715948,-2.23296947592044,33
"644",-5.70951947033984,-2.23296947592044,33
"645",-5.2336593435202,-2.94725519020615,33
"646",-4.75779921670055,-3.51868376163472,33
"647",-4.28193908988091,-3.94725519020615,33
"648",-3.80607896306127,-4.37582661877758,33
"649",-3.33021883624163,-4.66154090449186,33
"650",-2.85435870942199,-5.09011233306329,33
"651",-2.37849858260235,-5.09011233306329,33
"652",-1.9026384557827,-5.09011233306329,33
"653",-1.42677832896306,-5.09011233306329,33
"654",-0.950918202143419,-5.09011233306329,33
"655",-0.475058075323777,-5.09011233306329,33
"656",0.000802051495864653,-5.09011233306329,33
"657",0.476662178315507,-5.09011233306329,33
"658",0.952522305135148,-5.09011233306329,33
"659",1.42838243195479,-5.09011233306329,33
"660",1.90424255877443,-5.09011233306329,33
"661",-7.13709985079876,-2.23296947592044,34
"662",-6.66123972397912,-2.23296947592044,34
"663",-6.18537959715948,-2.23296947592044,34
"664",-5.70951947033984,-2.23296947592044,34
"665",-5.2336593435202,-2.94725519020615,34
"666",-4.75779921670055,-3.51868376163472,34
"667",-4.28193908988091,-3.94725519020615,34
"668",-3.80607896306127,-4.37582661877758,34
"669",-3.33021883624163,-4.80439804734901,34
"670",-2.85435870942199,-5.09011233306329,34
"671",-2.37849858260235,-5.09011233306329,34
"672",-1.9026384557827,-5.09011233306329,34
"673",-1.42677832896306,-5.09011233306329,34
"674",-0.950918202143419,-5.09011233306329,34
"675",-0.475058075323777,-5.09011233306329,34
"676",0.000802051495864653,-5.09011233306329,34
"677",0.476662178315507,-5.09011233306329,34
"678",0.952522305135148,-5.09011233306329,34
"679",1.42838243195479,-5.09011233306329,34
"680",1.90424255877443,-5.09011233306329,34
"681",-7.13709985079876,-2.23296947592044,35
"682",-6.66123972397912,-2.23296947592044,35
"683",-6.18537959715948,-2.23296947592044,35
"684",-5.70951947033984,-2.23296947592044,35
"685",-5.2336593435202,-2.80439804734901,35
"686",-4.75779921670055,-3.51868376163472,35
"687",-4.28193908988091,-4.09011233306329,35
"688",-3.80607896306127,-4.51868376163472,35
"689",-3.33021883624163,-4.94725519020615,35
"690",-2.85435870942199,-5.09011233306329,35
"691",-2.37849858260235,-5.09011233306329,35
"692",-1.9026384557827,-5.09011233306329,35
"693",-1.42677832896306,-5.09011233306329,35
"694",-0.950918202143419,-5.09011233306329,35
"695",-0.475058075323777,-5.09011233306329,35
"696",0.000802051495864653,-5.09011233306329,35
"697",0.476662178315507,-5.09011233306329,35
"698",0.952522305135148,-5.09011233306329,35
"699",1.42838243195479,-5.09011233306329,35
"700",1.90424255877443,-5.09011233306329,35
"701",-7.13709985079876,-2.23296947592044,36
"702",-6.66123972397912,-2.23296947592044,36
"703",-6.18537959715948,-2.23296947592044,36
"704",-5.70951947033984,-2.23296947592044,36
"705",-5.2336593435202,-2.94725519020615,36
"706",-4.75779921670055,-3.37582661877758,36
"707",-4.28193908988091,-3.80439804734901,36
"708",-3.80607896306127,-4.23296947592044,36
"709",-3.33021883624163,-4.51868376163472,36
"710",-2.85435870942199,-4.80439804734901,36
"711",-2.37849858260235,-5.09011233306329,36
"712",-1.9026384557827,-5.09011233306329,36
"713",-1.42677832896306,-5.09011233306329,36
"714",-0.950918202143419,-5.09011233306329,36
"715",-0.475058075323777,-5.09011233306329,36
"716",0.000802051495864653,-5.09011233306329,36
"717",0.476662178315507,-5.09011233306329,36
"718",0.952522305135148,-5.09011233306329,36
"719",1.42838243195479,-5.09011233306329,36
"720",1.90424255877443,-5.09011233306329,36
"721",-7.13709985079876,-2.23296947592044,37
"722",-6.66123972397912,-2.23296947592044,37
"723",-6.18537959715948,-2.51868376163472,37
"724",-5.70951947033984,-2.80439804734901,37
"725",-5.2336593435202,-2.94725519020615,37
"726",-4.75779921670055,-3.23296947592044,37
"727",-4.28193908988091,-3.37582661877758,37
"728",-3.80607896306127,-4.09011233306329,37
"729",-3.33021883624163,-4.66154090449186,37
"730",-2.85435870942199,-5.09011233306329,37
"731",-2.37849858260235,-5.09011233306329,37
"732",-1.9026384557827,-5.09011233306329,37
"733",-1.42677832896306,-5.09011233306329,37
"734",-0.950918202143419,-5.09011233306329,37
"735",-0.475058075323777,-5.09011233306329,37
"736",0.000802051495864653,-5.09011233306329,37
"737",0.476662178315507,-5.09011233306329,37
"738",0.952522305135148,-5.09011233306329,37
"739",1.42838243195479,-5.09011233306329,37
"740",1.90424255877443,-5.09011233306329,37
"741",-7.13709985079876,-2.23296947592044,38
"742",-6.66123972397912,-2.23296947592044,38
"743",-6.18537959715948,-2.23296947592044,38
"744",-5.70951947033984,-2.23296947592044,38
"745",-5.2336593435202,-2.80439804734901,38
"746",-4.75779921670055,-3.80439804734901,38
"747",-4.28193908988091,-4.51868376163472,38
"748",-3.80607896306127,-5.09011233306329,38
"749",-3.33021883624163,-5.09011233306329,38
"750",-2.85435870942199,-5.09011233306329,38
"751",-2.37849858260235,-5.09011233306329,38
"752",-1.9026384557827,-5.09011233306329,38
"753",-1.42677832896306,-5.09011233306329,38
"754",-0.950918202143419,-5.09011233306329,38
"755",-0.475058075323777,-5.09011233306329,38
"756",0.000802051495864653,-5.09011233306329,38
"757",0.476662178315507,-5.09011233306329,38
"758",0.952522305135148,-5.09011233306329,38
"759",1.42838243195479,-5.09011233306329,38
"760",1.90424255877443,-5.09011233306329,38
"761",-7.13709985079876,-2.23296947592044,39
"762",-6.66123972397912,-2.23296947592044,39
"763",-6.18537959715948,-2.23296947592044,39
"764",-5.70951947033984,-2.23296947592044,39
"765",-5.2336593435202,-2.23296947592044,39
"766",-4.75779921670055,-4.23296947592044,39
"767",-4.28193908988091,-5.09011233306329,39
"768",-3.80607896306127,-5.09011233306329,39
"769",-3.33021883624163,-5.09011233306329,39
"770",-2.85435870942199,-5.09011233306329,39
"771",-2.37849858260235,-5.09011233306329,39
"772",-1.9026384557827,-5.09011233306329,39
"773",-1.42677832896306,-5.09011233306329,39
"774",-0.950918202143419,-5.09011233306329,39
"775",-0.475058075323777,-5.09011233306329,39
"776",0.000802051495864653,-5.09011233306329,39
"777",0.476662178315507,-5.09011233306329,39
"778",0.952522305135148,-5.09011233306329,39
"779",1.42838243195479,-5.09011233306329,39
"780",1.90424255877443,-5.09011233306329,39
"781",-7.13709985079876,-2.23296947592044,40
"782",-6.66123972397912,-2.23296947592044,40
"783",-6.18537959715948,-2.23296947592044,40
"784",-5.70951947033984,-2.23296947592044,40
"785",-5.2336593435202,-2.80439804734901,40
"786",-4.75779921670055,-3.51868376163472,40
"787",-4.28193908988091,-4.23296947592044,40
"788",-3.80607896306127,-4.66154090449186,40
"789",-3.33021883624163,-5.09011233306329,40
"790",-2.85435870942199,-5.09011233306329,40
"791",-2.37849858260235,-5.09011233306329,40
"792",-1.9026384557827,-5.09011233306329,40
"793",-1.42677832896306,-5.09011233306329,40
"794",-0.950918202143419,-5.09011233306329,40
"795",-0.475058075323777,-5.09011233306329,40
"796",0.000802051495864653,-5.09011233306329,40
"797",0.476662178315507,-5.09011233306329,40
"798",0.952522305135148,-5.09011233306329,40
"799",1.42838243195479,-5.09011233306329,40
"800",1.90424255877443,-5.09011233306329,40
"801",-7.13709985079876,-2.23296947592044,41
"802",-6.66123972397912,-2.23296947592044,41
"803",-6.18537959715948,-2.23296947592044,41
"804",-5.70951947033984,-2.37582661877758,41
"805",-5.2336593435202,-2.94725519020615,41
"806",-4.75779921670055,-3.37582661877758,41
"807",-4.28193908988091,-3.94725519020615,41
"808",-3.80607896306127,-4.37582661877758,41
"809",-3.33021883624163,-5.09011233306329,41
"810",-2.85435870942199,-5.09011233306329,41
"811",-2.37849858260235,-5.09011233306329,41
"812",-1.9026384557827,-5.09011233306329,41
"813",-1.42677832896306,-5.09011233306329,41
"814",-0.950918202143419,-5.09011233306329,41
"815",-0.475058075323777,-5.09011233306329,41
"816",0.000802051495864653,-5.09011233306329,41
"817",0.476662178315507,-5.09011233306329,41
"818",0.952522305135148,-5.09011233306329,41
"819",1.42838243195479,-5.09011233306329,41
"820",1.90424255877443,-5.09011233306329,41
"821",-7.13709985079876,-2.23296947592044,42
"822",-6.66123972397912,-2.23296947592044,42
"823",-6.18537959715948,-2.23296947592044,42
"824",-5.70951947033984,-2.23296947592044,42
"825",-5.2336593435202,-2.23296947592044,42
"826",-4.75779921670055,-4.51868376163472,42
"827",-4.28193908988091,-4.80439804734901,42
"828",-3.80607896306127,-4.80439804734901,42
"829",-3.33021883624163,-4.80439804734901,42
"830",-2.85435870942199,-4.80439804734901,42
"831",-2.37849858260235,-4.80439804734901,42
"832",-1.9026384557827,-4.80439804734901,42
"833",-1.42677832896306,-4.80439804734901,42
"834",-0.950918202143419,-4.80439804734901,42
"835",-0.475058075323777,-4.80439804734901,42
"836",0.000802051495864653,-4.80439804734901,42
"837",0.476662178315507,-4.80439804734901,42
"838",0.952522305135148,-4.80439804734901,42
"839",1.42838243195479,-4.80439804734901,42
"840",1.90424255877443,-4.94725519020615,42
"841",-7.13709985079876,-2.23296947592044,43
"842",-6.66123972397912,-2.23296947592044,43
"843",-6.18537959715948,-2.23296947592044,43
"844",-5.70951947033984,-2.23296947592044,43
"845",-5.2336593435202,-2.23296947592044,43
"846",-4.75779921670055,-3.94725519020615,43
"847",-4.28193908988091,-4.37582661877758,43
"848",-3.80607896306127,-4.66154090449186,43
"849",-3.33021883624163,-4.66154090449186,43
"850",-2.85435870942199,-4.80439804734901,43
"851",-2.37849858260235,-4.80439804734901,43
"852",-1.9026384557827,-4.80439804734901,43
"853",-1.42677832896306,-4.80439804734901,43
"854",-0.950918202143419,-4.80439804734901,43
"855",-0.475058075323777,-4.80439804734901,43
"856",0.000802051495864653,-4.80439804734901,43
"857",0.476662178315507,-4.80439804734901,43
"858",0.952522305135148,-4.80439804734901,43
"859",1.42838243195479,-4.94725519020615,43
"860",1.90424255877443,-4.94725519020615,43
"861",-7.13709985079876,-2.23296947592044,44
"862",-6.66123972397912,-2.23296947592044,44
"863",-6.18537959715948,-2.51868376163472,44
"864",-5.70951947033984,-2.80439804734901,44
"865",-5.2336593435202,-2.94725519020615,44
"866",-4.75779921670055,-3.23296947592044,44
"867",-4.28193908988091,-3.94725519020615,44
"868",-3.80607896306127,-4.51868376163472,44
"869",-3.33021883624163,-4.94725519020615,44
"870",-2.85435870942199,-5.09011233306329,44
"871",-2.37849858260235,-5.09011233306329,44
"872",-1.9026384557827,-5.09011233306329,44
"873",-1.42677832896306,-5.09011233306329,44
"874",-0.950918202143419,-5.09011233306329,44
"875",-0.475058075323777,-5.09011233306329,44
"876",0.000802051495864653,-5.09011233306329,44
"877",0.476662178315507,-5.09011233306329,44
"878",0.952522305135148,-5.09011233306329,44
"879",1.42838243195479,-5.09011233306329,44
"880",1.90424255877443,-5.09011233306329,44
"881",-7.13709985079876,-2.23296947592044,45
"882",-6.66123972397912,-2.23296947592044,45
"883",-6.18537959715948,-2.23296947592044,45
"884",-5.70951947033984,-2.37582661877758,45
"885",-5.2336593435202,-2.94725519020615,45
"886",-4.75779921670055,-3.23296947592044,45
"887",-4.28193908988091,-3.37582661877758,45
"888",-3.80607896306127,-3.51868376163472,45
"889",-3.33021883624163,-3.66154090449187,45
"890",-2.85435870942199,-3.80439804734901,45
"891",-2.37849858260235,-3.94725519020615,45
"892",-1.9026384557827,-4.09011233306329,45
"893",-1.42677832896306,-4.37582661877758,45
"894",-0.950918202143419,-4.66154090449186,45
"895",-0.475058075323777,-4.94725519020615,45
"896",0.000802051495864653,-5.09011233306329,45
"897",0.476662178315507,-5.09011233306329,45
"898",0.952522305135148,-5.09011233306329,45
"899",1.42838243195479,-5.09011233306329,45
"900",1.90424255877443,-5.09011233306329,45
"901",-7.13709985079876,-2.23296947592044,46
"902",-6.66123972397912,-2.23296947592044,46
"903",-6.18537959715948,-2.23296947592044,46
"904",-5.70951947033984,-2.23296947592044,46
"905",-5.2336593435202,-2.23296947592044,46
"906",-4.75779921670055,-5.09011233306329,46
"907",-4.28193908988091,-5.09011233306329,46
"908",-3.80607896306127,-5.09011233306329,46
"909",-3.33021883624163,-5.09011233306329,46
"910",-2.85435870942199,-5.09011233306329,46
"911",-2.37849858260235,-5.09011233306329,46
"912",-1.9026384557827,-5.09011233306329,46
"913",-1.42677832896306,-5.09011233306329,46
"914",-0.950918202143419,-5.09011233306329,46
"915",-0.475058075323777,-5.09011233306329,46
"916",0.000802051495864653,-5.09011233306329,46
"917",0.476662178315507,-5.09011233306329,46
"918",0.952522305135148,-5.09011233306329,46
"919",1.42838243195479,-5.09011233306329,46
"920",1.90424255877443,-5.09011233306329,46
"921",-7.13709985079876,-2.23296947592044,47
"922",-6.66123972397912,-2.23296947592044,47
"923",-6.18537959715948,-2.23296947592044,47
"924",-5.70951947033984,-2.66154090449187,47
"925",-5.2336593435202,-2.94725519020615,47
"926",-4.75779921670055,-3.23296947592044,47
"927",-4.28193908988091,-4.37582661877758,47
"928",-3.80607896306127,-5.09011233306329,47
"929",-3.33021883624163,-5.09011233306329,47
"930",-2.85435870942199,-5.09011233306329,47
"931",-2.37849858260235,-5.09011233306329,47
"932",-1.9026384557827,-5.09011233306329,47
"933",-1.42677832896306,-5.09011233306329,47
"934",-0.950918202143419,-5.09011233306329,47
"935",-0.475058075323777,-5.09011233306329,47
"936",0.000802051495864653,-5.09011233306329,47
"937",0.476662178315507,-5.09011233306329,47
"938",0.952522305135148,-5.09011233306329,47
"939",1.42838243195479,-5.09011233306329,47
"940",1.90424255877443,-5.09011233306329,47
"941",-7.13709985079876,-2.23296947592044,48
"942",-6.66123972397912,-2.23296947592044,48
"943",-6.18537959715948,-2.23296947592044,48
"944",-5.70951947033984,-2.23296947592044,48
"945",-5.2336593435202,-2.80439804734901,48
"946",-4.75779921670055,-3.66154090449187,48
"947",-4.28193908988091,-4.37582661877758,48
"948",-3.80607896306127,-4.94725519020615,48
"949",-3.33021883624163,-5.09011233306329,48
"950",-2.85435870942199,-5.09011233306329,48
"951",-2.37849858260235,-5.09011233306329,48
"952",-1.9026384557827,-5.09011233306329,48
"953",-1.42677832896306,-5.09011233306329,48
"954",-0.950918202143419,-5.09011233306329,48
"955",-0.475058075323777,-5.09011233306329,48
"956",0.000802051495864653,-5.09011233306329,48
"957",0.476662178315507,-5.09011233306329,48
"958",0.952522305135148,-5.09011233306329,48
"959",1.42838243195479,-5.09011233306329,48
"960",1.90424255877443,-5.09011233306329,48
"961",-7.13709985079876,-2.23296947592044,49
"962",-6.66123972397912,-2.23296947592044,49
"963",-6.18537959715948,-2.23296947592044,49
"964",-5.70951947033984,-2.23296947592044,49
"965",-5.2336593435202,-2.94725519020615,49
"966",-4.75779921670055,-3.37582661877758,49
"967",-4.28193908988091,-3.80439804734901,49
"968",-3.80607896306127,-4.23296947592044,49
"969",-3.33021883624163,-4.51868376163472,49
"970",-2.85435870942199,-4.80439804734901,49
"971",-2.37849858260235,-4.94725519020615,49
"972",-1.9026384557827,-5.09011233306329,49
"973",-1.42677832896306,-5.09011233306329,49
"974",-0.950918202143419,-5.09011233306329,49
"975",-0.475058075323777,-5.09011233306329,49
"976",0.000802051495864653,-5.09011233306329,49
"977",0.476662178315507,-5.09011233306329,49
"978",0.952522305135148,-5.09011233306329,49
"979",1.42838243195479,-5.09011233306329,49
"980",1.90424255877443,-5.09011233306329,49
"981",-7.13709985079876,-2.23296947592044,50
"982",-6.66123972397912,-2.23296947592044,50
"983",-6.18537959715948,-2.23296947592044,50
"984",-5.70951947033984,-2.23296947592044,50
"985",-5.2336593435202,-2.94725519020615,50
"986",-4.75779921670055,-3.51868376163472,50
"987",-4.28193908988091,-3.94725519020615,50
"988",-3.80607896306127,-4.51868376163472,50
"989",-3.33021883624163,-4.94725519020615,50
"990",-2.85435870942199,-5.09011233306329,50
"991",-2.37849858260235,-5.09011233306329,50
"992",-1.9026384557827,-5.09011233306329,50
"993",-1.42677832896306,-5.09011233306329,50
"994",-0.950918202143419,-5.09011233306329,50
"995",-0.475058075323777,-5.09011233306329,50
"996",0.000802051495864653,-5.09011233306329,50
"997",0.476662178315507,-5.09011233306329,50
"998",0.952522305135148,-5.09011233306329,50
"999",1.42838243195479,-5.09011233306329,50
"1000",1.90424255877443,-5.09011233306329,50
"1001",-7.13709985079876,-2.23296947592044,51
"1002",-6.66123972397912,-2.23296947592044,51
"1003",-6.18537959715948,-2.23296947592044,51
"1004",-5.70951947033984,-2.23296947592044,51
"1005",-5.2336593435202,-2.80439804734901,51
"1006",-4.75779921670055,-3.51868376163472,51
"1007",-4.28193908988091,-4.09011233306329,51
"1008",-3.80607896306127,-4.51868376163472,51
"1009",-3.33021883624163,-4.94725519020615,51
"1010",-2.85435870942199,-5.09011233306329,51
"1011",-2.37849858260235,-5.09011233306329,51
"1012",-1.9026384557827,-5.09011233306329,51
"1013",-1.42677832896306,-5.09011233306329,51
"1014",-0.950918202143419,-5.09011233306329,51
"1015",-0.475058075323777,-5.09011233306329,51
"1016",0.000802051495864653,-5.09011233306329,51
"1017",0.476662178315507,-5.09011233306329,51
"1018",0.952522305135148,-5.09011233306329,51
"1019",1.42838243195479,-5.09011233306329,51
"1020",1.90424255877443,-5.09011233306329,51
"1021",-7.13709985079876,-2.23296947592044,52
"1022",-6.66123972397912,-2.23296947592044,52
"1023",-6.18537959715948,-2.23296947592044,52
"1024",-5.70951947033984,-2.23296947592044,52
"1025",-5.2336593435202,-2.80439804734901,52
"1026",-4.75779921670055,-3.66154090449187,52
"1027",-4.28193908988091,-4.23296947592044,52
"1028",-3.80607896306127,-4.80439804734901,52
"1029",-3.33021883624163,-5.09011233306329,52
"1030",-2.85435870942199,-5.09011233306329,52
"1031",-2.37849858260235,-5.09011233306329,52
"1032",-1.9026384557827,-5.09011233306329,52
"1033",-1.42677832896306,-5.09011233306329,52
"1034",-0.950918202143419,-5.09011233306329,52
"1035",-0.475058075323777,-5.09011233306329,52
"1036",0.000802051495864653,-5.09011233306329,52
"1037",0.476662178315507,-5.09011233306329,52
"1038",0.952522305135148,-5.09011233306329,52
"1039",1.42838243195479,-5.09011233306329,52
"1040",1.90424255877443,-5.09011233306329,52
"1041",-7.13709985079876,-2.23296947592044,53
"1042",-6.66123972397912,-2.23296947592044,53
"1043",-6.18537959715948,-2.23296947592044,53
"1044",-5.70951947033984,-2.23296947592044,53
"1045",-5.2336593435202,-2.94725519020615,53
"1046",-4.75779921670055,-3.37582661877758,53
"1047",-4.28193908988091,-3.80439804734901,53
"1048",-3.80607896306127,-4.23296947592044,53
"1049",-3.33021883624163,-4.51868376163472,53
"1050",-2.85435870942199,-5.09011233306329,53
"1051",-2.37849858260235,-5.09011233306329,53
"1052",-1.9026384557827,-5.09011233306329,53
"1053",-1.42677832896306,-5.09011233306329,53
"1054",-0.950918202143419,-5.09011233306329,53
"1055",-0.475058075323777,-5.09011233306329,53
"1056",0.000802051495864653,-5.09011233306329,53
"1057",0.476662178315507,-5.09011233306329,53
"1058",0.952522305135148,-5.09011233306329,53
"1059",1.42838243195479,-5.09011233306329,53
"1060",1.90424255877443,-5.09011233306329,53
"1061",-7.13709985079876,-2.23296947592044,54
"1062",-6.66123972397912,-2.23296947592044,54
"1063",-6.18537959715948,-2.23296947592044,54
"1064",-5.70951947033984,-2.23296947592044,54
"1065",-5.2336593435202,-2.80439804734901,54
"1066",-4.75779921670055,-3.66154090449187,54
"1067",-4.28193908988091,-4.23296947592044,54
"1068",-3.80607896306127,-4.80439804734901,54
"1069",-3.33021883624163,-5.09011233306329,54
"1070",-2.85435870942199,-5.09011233306329,54
"1071",-2.37849858260235,-5.09011233306329,54
"1072",-1.9026384557827,-5.09011233306329,54
"1073",-1.42677832896306,-5.09011233306329,54
"1074",-0.950918202143419,-5.09011233306329,54
"1075",-0.475058075323777,-5.09011233306329,54
"1076",0.000802051495864653,-5.09011233306329,54
"1077",0.476662178315507,-5.09011233306329,54
"1078",0.952522305135148,-5.09011233306329,54
"1079",1.42838243195479,-5.09011233306329,54
"1080",1.90424255877443,-5.09011233306329,54
"1081",-7.13709985079876,-2.23296947592044,55
"1082",-6.66123972397912,-2.23296947592044,55
"1083",-6.18537959715948,-2.23296947592044,55
"1084",-5.70951947033984,-2.23296947592044,55
"1085",-5.2336593435202,-2.80439804734901,55
"1086",-4.75779921670055,-3.66154090449187,55
"1087",-4.28193908988091,-4.23296947592044,55
"1088",-3.80607896306127,-4.80439804734901,55
"1089",-3.33021883624163,-5.09011233306329,55
"1090",-2.85435870942199,-5.09011233306329,55
"1091",-2.37849858260235,-5.09011233306329,55
"1092",-1.9026384557827,-5.09011233306329,55
"1093",-1.42677832896306,-5.09011233306329,55
"1094",-0.950918202143419,-5.09011233306329,55
"1095",-0.475058075323777,-5.09011233306329,55
"1096",0.000802051495864653,-5.09011233306329,55
"1097",0.476662178315507,-5.09011233306329,55
"1098",0.952522305135148,-5.09011233306329,55
"1099",1.42838243195479,-5.09011233306329,55
"1100",1.90424255877443,-5.09011233306329,55
"1101",-7.13709985079876,-2.23296947592044,56
"1102",-6.66123972397912,-2.23296947592044,56
"1103",-6.18537959715948,-2.23296947592044,56
"1104",-5.70951947033984,-2.23296947592044,56
"1105",-5.2336593435202,-2.80439804734901,56
"1106",-4.75779921670055,-3.51868376163472,56
"1107",-4.28193908988091,-3.94725519020615,56
"1108",-3.80607896306127,-4.23296947592044,56
"1109",-3.33021883624163,-4.51868376163472,56
"1110",-2.85435870942199,-4.94725519020615,56
"1111",-2.37849858260235,-5.09011233306329,56
"1112",-1.9026384557827,-5.09011233306329,56
"1113",-1.42677832896306,-5.09011233306329,56
"1114",-0.950918202143419,-5.09011233306329,56
"1115",-0.475058075323777,-5.09011233306329,56
"1116",0.000802051495864653,-5.09011233306329,56
"1117",0.476662178315507,-5.09011233306329,56
"1118",0.952522305135148,-5.09011233306329,56
"1119",1.42838243195479,-5.09011233306329,56
"1120",1.90424255877443,-5.09011233306329,56
"1121",-7.13709985079876,-2.23296947592044,57
"1122",-6.66123972397912,-2.23296947592044,57
"1123",-6.18537959715948,-2.23296947592044,57
"1124",-5.70951947033984,-2.23296947592044,57
"1125",-5.2336593435202,-2.66154090449187,57
"1126",-4.75779921670055,-4.09011233306329,57
"1127",-4.28193908988091,-4.94725519020615,57
"1128",-3.80607896306127,-5.09011233306329,57
"1129",-3.33021883624163,-5.09011233306329,57
"1130",-2.85435870942199,-5.09011233306329,57
"1131",-2.37849858260235,-5.09011233306329,57
"1132",-1.9026384557827,-5.09011233306329,57
"1133",-1.42677832896306,-5.09011233306329,57
"1134",-0.950918202143419,-5.09011233306329,57
"1135",-0.475058075323777,-5.09011233306329,57
"1136",0.000802051495864653,-5.09011233306329,57
"1137",0.476662178315507,-5.09011233306329,57
"1138",0.952522305135148,-5.09011233306329,57
"1139",1.42838243195479,-5.09011233306329,57
"1140",1.90424255877443,-5.09011233306329,57
"1141",-7.13709985079876,-2.23296947592044,58
"1142",-6.66123972397912,-2.23296947592044,58
"1143",-6.18537959715948,-2.23296947592044,58
"1144",-5.70951947033984,-2.23296947592044,58
"1145",-5.2336593435202,-2.23296947592044,58
"1146",-4.75779921670055,-5.09011233306329,58
"1147",-4.28193908988091,-5.09011233306329,58
"1148",-3.80607896306127,-5.09011233306329,58
"1149",-3.33021883624163,-5.09011233306329,58
"1150",-2.85435870942199,-5.09011233306329,58
"1151",-2.37849858260235,-5.09011233306329,58
"1152",-1.9026384557827,-5.09011233306329,58
"1153",-1.42677832896306,-5.09011233306329,58
"1154",-0.950918202143419,-5.09011233306329,58
"1155",-0.475058075323777,-5.09011233306329,58
"1156",0.000802051495864653,-5.09011233306329,58
"1157",0.476662178315507,-5.09011233306329,58
"1158",0.952522305135148,-5.09011233306329,58
"1159",1.42838243195479,-5.09011233306329,58
"1160",1.90424255877443,-5.09011233306329,58
"1161",-7.13709985079876,-2.23296947592044,59
"1162",-6.66123972397912,-2.23296947592044,59
"1163",-6.18537959715948,-2.23296947592044,59
"1164",-5.70951947033984,-2.37582661877758,59
"1165",-5.2336593435202,-2.94725519020615,59
"1166",-4.75779921670055,-3.37582661877758,59
"1167",-4.28193908988091,-3.80439804734901,59
"1168",-3.80607896306127,-4.23296947592044,59
"1169",-3.33021883624163,-4.66154090449186,59
"1170",-2.85435870942199,-5.09011233306329,59
"1171",-2.37849858260235,-5.09011233306329,59
"1172",-1.9026384557827,-5.09011233306329,59
"1173",-1.42677832896306,-5.09011233306329,59
"1174",-0.950918202143419,-5.09011233306329,59
"1175",-0.475058075323777,-5.09011233306329,59
"1176",0.000802051495864653,-5.09011233306329,59
"1177",0.476662178315507,-5.09011233306329,59
"1178",0.952522305135148,-5.09011233306329,59
"1179",1.42838243195479,-5.09011233306329,59
"1180",1.90424255877443,-5.09011233306329,59
"1181",-7.13709985079876,-2.23296947592044,60
"1182",-6.66123972397912,-2.23296947592044,60
"1183",-6.18537959715948,-2.23296947592044,60
"1184",-5.70951947033984,-2.23296947592044,60
"1185",-5.2336593435202,-2.80439804734901,60
"1186",-4.75779921670055,-3.66154090449187,60
"1187",-4.28193908988091,-4.23296947592044,60
"1188",-3.80607896306127,-4.80439804734901,60
"1189",-3.33021883624163,-5.09011233306329,60
"1190",-2.85435870942199,-5.09011233306329,60
"1191",-2.37849858260235,-5.09011233306329,60
"1192",-1.9026384557827,-5.09011233306329,60
"1193",-1.42677832896306,-5.09011233306329,60
"1194",-0.950918202143419,-5.09011233306329,60
"1195",-0.475058075323777,-5.09011233306329,60
"1196",0.000802051495864653,-5.09011233306329,60
"1197",0.476662178315507,-5.09011233306329,60
"1198",0.952522305135148,-5.09011233306329,60
"1199",1.42838243195479,-5.09011233306329,60
"1200",1.90424255877443,-5.09011233306329,60
"1201",-7.13709985079876,-2.23296947592044,61
"1202",-6.66123972397912,-2.23296947592044,61
"1203",-6.18537959715948,-2.23296947592044,61
"1204",-5.70951947033984,-2.23296947592044,61
"1205",-5.2336593435202,-2.66154090449187,61
"1206",-4.75779921670055,-5.09011233306329,61
"1207",-4.28193908988091,-5.09011233306329,61
"1208",-3.80607896306127,-5.09011233306329,61
"1209",-3.33021883624163,-5.09011233306329,61
"1210",-2.85435870942199,-5.09011233306329,61
"1211",-2.37849858260235,-5.09011233306329,61
"1212",-1.9026384557827,-5.09011233306329,61
"1213",-1.42677832896306,-5.09011233306329,61
"1214",-0.950918202143419,-5.09011233306329,61
"1215",-0.475058075323777,-5.09011233306329,61
"1216",0.000802051495864653,-5.09011233306329,61
"1217",0.476662178315507,-5.09011233306329,61
"1218",0.952522305135148,-5.09011233306329,61
"1219",1.42838243195479,-5.09011233306329,61
"1220",1.90424255877443,-5.09011233306329,61
"1221",-7.13709985079876,-2.23296947592044,62
"1222",-6.66123972397912,-2.23296947592044,62
"1223",-6.18537959715948,-2.23296947592044,62
"1224",-5.70951947033984,-2.23296947592044,62
"1225",-5.2336593435202,-2.23296947592044,62
"1226",-4.75779921670055,-5.09011233306329,62
"1227",-4.28193908988091,-5.09011233306329,62
"1228",-3.80607896306127,-5.09011233306329,62
"1229",-3.33021883624163,-5.09011233306329,62
"1230",-2.85435870942199,-5.09011233306329,62
"1231",-2.37849858260235,-5.09011233306329,62
"1232",-1.9026384557827,-5.09011233306329,62
"1233",-1.42677832896306,-5.09011233306329,62
"1234",-0.950918202143419,-5.09011233306329,62
"1235",-0.475058075323777,-5.09011233306329,62
"1236",0.000802051495864653,-5.09011233306329,62
"1237",0.476662178315507,-5.09011233306329,62
"1238",0.952522305135148,-5.09011233306329,62
"1239",1.42838243195479,-5.09011233306329,62
"1240",1.90424255877443,-5.09011233306329,62
"1241",-7.13709985079876,-2.23296947592044,63
"1242",-6.66123972397912,-2.23296947592044,63
"1243",-6.18537959715948,-2.23296947592044,63
"1244",-5.70951947033984,-2.23296947592044,63
"1245",-5.2336593435202,-2.80439804734901,63
"1246",-4.75779921670055,-3.37582661877758,63
"1247",-4.28193908988091,-3.66154090449187,63
"1248",-3.80607896306127,-3.66154090449187,63
"1249",-3.33021883624163,-3.66154090449187,63
"1250",-2.85435870942199,-3.66154090449187,63
"1251",-2.37849858260235,-3.66154090449187,63
"1252",-1.9026384557827,-3.80439804734901,63
"1253",-1.42677832896306,-3.94725519020615,63
"1254",-0.950918202143419,-4.37582661877758,63
"1255",-0.475058075323777,-4.51868376163472,63
"1256",0.000802051495864653,-4.51868376163472,63
"1257",0.476662178315507,-4.66154090449186,63
"1258",0.952522305135148,-4.66154090449186,63
"1259",1.42838243195479,-4.66154090449186,63
"1260",1.90424255877443,-4.66154090449186,63
"1261",-7.13709985079876,-2.23296947592044,64
"1262",-6.66123972397912,-2.23296947592044,64
"1263",-6.18537959715948,-2.23296947592044,64
"1264",-5.70951947033984,-2.23296947592044,64
"1265",-5.2336593435202,-2.94725519020615,64
"1266",-4.75779921670055,-3.37582661877758,64
"1267",-4.28193908988091,-3.80439804734901,64
"1268",-3.80607896306127,-4.09011233306329,64
"1269",-3.33021883624163,-4.37582661877758,64
"1270",-2.85435870942199,-4.66154090449186,64
"1271",-2.37849858260235,-4.80439804734901,64
"1272",-1.9026384557827,-4.94725519020615,64
"1273",-1.42677832896306,-4.94725519020615,64
"1274",-0.950918202143419,-5.09011233306329,64
"1275",-0.475058075323777,-5.09011233306329,64
"1276",0.000802051495864653,-5.09011233306329,64
"1277",0.476662178315507,-5.09011233306329,64
"1278",0.952522305135148,-5.09011233306329,64
"1279",1.42838243195479,-5.09011233306329,64
"1280",1.90424255877443,-5.09011233306329,64
"1281",-7.13709985079876,-2.23296947592044,65
"1282",-6.66123972397912,-2.23296947592044,65
"1283",-6.18537959715948,-2.23296947592044,65
"1284",-5.70951947033984,-2.23296947592044,65
"1285",-5.2336593435202,-2.80439804734901,65
"1286",-4.75779921670055,-3.94725519020615,65
"1287",-4.28193908988091,-4.80439804734901,65
"1288",-3.80607896306127,-5.09011233306329,65
"1289",-3.33021883624163,-5.09011233306329,65
"1290",-2.85435870942199,-5.09011233306329,65
"1291",-2.37849858260235,-5.09011233306329,65
"1292",-1.9026384557827,-5.09011233306329,65
"1293",-1.42677832896306,-5.09011233306329,65
"1294",-0.950918202143419,-5.09011233306329,65
"1295",-0.475058075323777,-5.09011233306329,65
"1296",0.000802051495864653,-5.09011233306329,65
"1297",0.476662178315507,-5.09011233306329,65
"1298",0.952522305135148,-5.09011233306329,65
"1299",1.42838243195479,-5.09011233306329,65
"1300",1.90424255877443,-5.09011233306329,65
"1301",-7.13709985079876,-2.23296947592044,66
"1302",-6.66123972397912,-2.23296947592044,66
"1303",-6.18537959715948,-2.23296947592044,66
"1304",-5.70951947033984,-2.23296947592044,66
"1305",-5.2336593435202,-2.80439804734901,66
"1306",-4.75779921670055,-3.51868376163472,66
"1307",-4.28193908988091,-4.09011233306329,66
"1308",-3.80607896306127,-4.51868376163472,66
"1309",-3.33021883624163,-4.80439804734901,66
"1310",-2.85435870942199,-5.09011233306329,66
"1311",-2.37849858260235,-5.09011233306329,66
"1312",-1.9026384557827,-5.09011233306329,66
"1313",-1.42677832896306,-5.09011233306329,66
"1314",-0.950918202143419,-5.09011233306329,66
"1315",-0.475058075323777,-5.09011233306329,66
"1316",0.000802051495864653,-5.09011233306329,66
"1317",0.476662178315507,-5.09011233306329,66
"1318",0.952522305135148,-5.09011233306329,66
"1319",1.42838243195479,-5.09011233306329,66
"1320",1.90424255877443,-5.09011233306329,66
"1321",-7.13709985079876,-2.23296947592044,67
"1322",-6.66123972397912,-2.23296947592044,67
"1323",-6.18537959715948,-2.23296947592044,67
"1324",-5.70951947033984,-2.37582661877758,67
"1325",-5.2336593435202,-2.94725519020615,67
"1326",-4.75779921670055,-3.37582661877758,67
"1327",-4.28193908988091,-3.66154090449187,67
"1328",-3.80607896306127,-4.09011233306329,67
"1329",-3.33021883624163,-4.23296947592044,67
"1330",-2.85435870942199,-4.51868376163472,67
"1331",-2.37849858260235,-4.80439804734901,67
"1332",-1.9026384557827,-4.94725519020615,67
"1333",-1.42677832896306,-5.09011233306329,67
"1334",-0.950918202143419,-5.09011233306329,67
"1335",-0.475058075323777,-5.09011233306329,67
"1336",0.000802051495864653,-5.09011233306329,67
"1337",0.476662178315507,-5.09011233306329,67
"1338",0.952522305135148,-5.09011233306329,67
"1339",1.42838243195479,-5.09011233306329,67
"1340",1.90424255877443,-5.09011233306329,67
"1341",-7.13709985079876,-2.23296947592044,68
"1342",-6.66123972397912,-2.23296947592044,68
"1343",-6.18537959715948,-2.23296947592044,68
"1344",-5.70951947033984,-2.23296947592044,68
"1345",-5.2336593435202,-2.80439804734901,68
"1346",-4.75779921670055,-3.51868376163472,68
"1347",-4.28193908988091,-4.23296947592044,68
"1348",-3.80607896306127,-4.66154090449186,68
"1349",-3.33021883624163,-5.09011233306329,68
"1350",-2.85435870942199,-5.09011233306329,68
"1351",-2.37849858260235,-5.09011233306329,68
"1352",-1.9026384557827,-5.09011233306329,68
"1353",-1.42677832896306,-5.09011233306329,68
"1354",-0.950918202143419,-5.09011233306329,68
"1355",-0.475058075323777,-5.09011233306329,68
"1356",0.000802051495864653,-5.09011233306329,68
"1357",0.476662178315507,-5.09011233306329,68
"1358",0.952522305135148,-5.09011233306329,68
"1359",1.42838243195479,-5.09011233306329,68
"1360",1.90424255877443,-5.09011233306329,68
"1361",-7.13709985079876,-2.23296947592044,69
"1362",-6.66123972397912,-2.23296947592044,69
"1363",-6.18537959715948,-2.23296947592044,69
"1364",-5.70951947033984,-2.23296947592044,69
"1365",-5.2336593435202,-2.80439804734901,69
"1366",-4.75779921670055,-3.80439804734901,69
"1367",-4.28193908988091,-4.51868376163472,69
"1368",-3.80607896306127,-5.09011233306329,69
"1369",-3.33021883624163,-5.09011233306329,69
"1370",-2.85435870942199,-5.09011233306329,69
"1371",-2.37849858260235,-5.09011233306329,69
"1372",-1.9026384557827,-5.09011233306329,69
"1373",-1.42677832896306,-5.09011233306329,69
"1374",-0.950918202143419,-5.09011233306329,69
"1375",-0.475058075323777,-5.09011233306329,69
"1376",0.000802051495864653,-5.09011233306329,69
"1377",0.476662178315507,-5.09011233306329,69
"1378",0.952522305135148,-5.09011233306329,69
"1379",1.42838243195479,-5.09011233306329,69
"1380",1.90424255877443,-5.09011233306329,69
"1381",-7.13709985079876,-2.23296947592044,70
"1382",-6.66123972397912,-2.23296947592044,70
"1383",-6.18537959715948,-2.23296947592044,70
"1384",-5.70951947033984,-2.23296947592044,70
"1385",-5.2336593435202,-2.94725519020615,70
"1386",-4.75779921670055,-3.51868376163472,70
"1387",-4.28193908988091,-3.94725519020615,70
"1388",-3.80607896306127,-4.37582661877758,70
"1389",-3.33021883624163,-4.66154090449186,70
"1390",-2.85435870942199,-4.80439804734901,70
"1391",-2.37849858260235,-5.09011233306329,70
"1392",-1.9026384557827,-5.09011233306329,70
"1393",-1.42677832896306,-5.09011233306329,70
"1394",-0.950918202143419,-5.09011233306329,70
"1395",-0.475058075323777,-5.09011233306329,70
"1396",0.000802051495864653,-5.09011233306329,70
"1397",0.476662178315507,-5.09011233306329,70
"1398",0.952522305135148,-5.09011233306329,70
"1399",1.42838243195479,-5.09011233306329,70
"1400",1.90424255877443,-5.09011233306329,70
"1401",-7.13709985079876,-2.23296947592044,71
"1402",-6.66123972397912,-2.23296947592044,71
"1403",-6.18537959715948,-2.23296947592044,71
"1404",-5.70951947033984,-2.23296947592044,71
"1405",-5.2336593435202,-2.80439804734901,71
"1406",-4.75779921670055,-3.66154090449187,71
"1407",-4.28193908988091,-4.37582661877758,71
"1408",-3.80607896306127,-4.80439804734901,71
"1409",-3.33021883624163,-5.09011233306329,71
"1410",-2.85435870942199,-5.09011233306329,71
"1411",-2.37849858260235,-5.09011233306329,71
"1412",-1.9026384557827,-5.09011233306329,71
"1413",-1.42677832896306,-5.09011233306329,71
"1414",-0.950918202143419,-5.09011233306329,71
"1415",-0.475058075323777,-5.09011233306329,71
"1416",0.000802051495864653,-5.09011233306329,71
"1417",0.476662178315507,-5.09011233306329,71
"1418",0.952522305135148,-5.09011233306329,71
"1419",1.42838243195479,-5.09011233306329,71
"1420",1.90424255877443,-5.09011233306329,71
"1421",-7.13709985079876,-2.23296947592044,72
"1422",-6.66123972397912,-2.23296947592044,72
"1423",-6.18537959715948,-2.23296947592044,72
"1424",-5.70951947033984,-2.23296947592044,72
"1425",-5.2336593435202,-2.66154090449187,72
"1426",-4.75779921670055,-3.51868376163472,72
"1427",-4.28193908988091,-3.66154090449187,72
"1428",-3.80607896306127,-3.80439804734901,72
"1429",-3.33021883624163,-3.80439804734901,72
"1430",-2.85435870942199,-3.80439804734901,72
"1431",-2.37849858260235,-3.80439804734901,72
"1432",-1.9026384557827,-3.80439804734901,72
"1433",-1.42677832896306,-3.80439804734901,72
"1434",-0.950918202143419,-3.94725519020615,72
"1435",-0.475058075323777,-4.23296947592044,72
"1436",0.000802051495864653,-4.51868376163472,72
"1437",0.476662178315507,-4.80439804734901,72
"1438",0.952522305135148,-4.94725519020615,72
"1439",1.42838243195479,-5.09011233306329,72
"1440",1.90424255877443,-5.09011233306329,72
"1441",-7.13709985079876,-2.23296947592044,73
"1442",-6.66123972397912,-2.23296947592044,73
"1443",-6.18537959715948,-2.23296947592044,73
"1444",-5.70951947033984,-2.23296947592044,73
"1445",-5.2336593435202,-2.80439804734901,73
"1446",-4.75779921670055,-3.51868376163472,73
"1447",-4.28193908988091,-4.09011233306329,73
"1448",-3.80607896306127,-4.51868376163472,73
"1449",-3.33021883624163,-4.80439804734901,73
"1450",-2.85435870942199,-5.09011233306329,73
"1451",-2.37849858260235,-5.09011233306329,73
"1452",-1.9026384557827,-5.09011233306329,73
"1453",-1.42677832896306,-5.09011233306329,73
"1454",-0.950918202143419,-5.09011233306329,73
"1455",-0.475058075323777,-5.09011233306329,73
"1456",0.000802051495864653,-5.09011233306329,73
"1457",0.476662178315507,-5.09011233306329,73
"1458",0.952522305135148,-5.09011233306329,73
"1459",1.42838243195479,-5.09011233306329,73
"1460",1.90424255877443,-5.09011233306329,73
"1461",-7.13709985079876,-2.23296947592044,74
"1462",-6.66123972397912,-2.23296947592044,74
"1463",-6.18537959715948,-2.23296947592044,74
"1464",-5.70951947033984,-2.23296947592044,74
"1465",-5.2336593435202,-2.80439804734901,74
"1466",-4.75779921670055,-3.51868376163472,74
"1467",-4.28193908988091,-4.09011233306329,74
"1468",-3.80607896306127,-4.66154090449186,74
"1469",-3.33021883624163,-5.09011233306329,74
"1470",-2.85435870942199,-5.09011233306329,74
"1471",-2.37849858260235,-5.09011233306329,74
"1472",-1.9026384557827,-5.09011233306329,74
"1473",-1.42677832896306,-5.09011233306329,74
"1474",-0.950918202143419,-5.09011233306329,74
"1475",-0.475058075323777,-5.09011233306329,74
"1476",0.000802051495864653,-5.09011233306329,74
"1477",0.476662178315507,-5.09011233306329,74
"1478",0.952522305135148,-5.09011233306329,74
"1479",1.42838243195479,-5.09011233306329,74
"1480",1.90424255877443,-5.09011233306329,74
"1481",-7.13709985079876,-2.23296947592044,75
"1482",-6.66123972397912,-2.23296947592044,75
"1483",-6.18537959715948,-2.23296947592044,75
"1484",-5.70951947033984,-2.23296947592044,75
"1485",-5.2336593435202,-2.80439804734901,75
"1486",-4.75779921670055,-3.51868376163472,75
"1487",-4.28193908988091,-3.80439804734901,75
"1488",-3.80607896306127,-4.09011233306329,75
"1489",-3.33021883624163,-4.66154090449186,75
"1490",-2.85435870942199,-5.09011233306329,75
"1491",-2.37849858260235,-5.09011233306329,75
"1492",-1.9026384557827,-5.09011233306329,75
"1493",-1.42677832896306,-5.09011233306329,75
"1494",-0.950918202143419,-5.09011233306329,75
"1495",-0.475058075323777,-5.09011233306329,75
"1496",0.000802051495864653,-5.09011233306329,75
"1497",0.476662178315507,-5.09011233306329,75
"1498",0.952522305135148,-5.09011233306329,75
"1499",1.42838243195479,-5.09011233306329,75
"1500",1.90424255877443,-5.09011233306329,75
"1501",-7.13709985079876,-2.23296947592044,76
"1502",-6.66123972397912,-2.23296947592044,76
"1503",-6.18537959715948,-2.23296947592044,76
"1504",-5.70951947033984,-2.23296947592044,76
"1505",-5.2336593435202,-2.80439804734901,76
"1506",-4.75779921670055,-3.80439804734901,76
"1507",-4.28193908988091,-4.66154090449186,76
"1508",-3.80607896306127,-5.09011233306329,76
"1509",-3.33021883624163,-5.09011233306329,76
"1510",-2.85435870942199,-5.09011233306329,76
"1511",-2.37849858260235,-5.09011233306329,76
"1512",-1.9026384557827,-5.09011233306329,76
"1513",-1.42677832896306,-5.09011233306329,76
"1514",-0.950918202143419,-5.09011233306329,76
"1515",-0.475058075323777,-5.09011233306329,76
"1516",0.000802051495864653,-5.09011233306329,76
"1517",0.476662178315507,-5.09011233306329,76
"1518",0.952522305135148,-5.09011233306329,76
"1519",1.42838243195479,-5.09011233306329,76
"1520",1.90424255877443,-5.09011233306329,76
"1521",-7.13709985079876,-2.23296947592044,77
"1522",-6.66123972397912,-2.23296947592044,77
"1523",-6.18537959715948,-2.23296947592044,77
"1524",-5.70951947033984,-2.23296947592044,77
"1525",-5.2336593435202,-2.23296947592044,77
"1526",-4.75779921670055,-5.09011233306329,77
"1527",-4.28193908988091,-5.09011233306329,77
"1528",-3.80607896306127,-5.09011233306329,77
"1529",-3.33021883624163,-5.09011233306329,77
"1530",-2.85435870942199,-5.09011233306329,77
"1531",-2.37849858260235,-5.09011233306329,77
"1532",-1.9026384557827,-5.09011233306329,77
"1533",-1.42677832896306,-5.09011233306329,77
"1534",-0.950918202143419,-5.09011233306329,77
"1535",-0.475058075323777,-5.09011233306329,77
"1536",0.000802051495864653,-5.09011233306329,77
"1537",0.476662178315507,-5.09011233306329,77
"1538",0.952522305135148,-5.09011233306329,77
"1539",1.42838243195479,-5.09011233306329,77
"1540",1.90424255877443,-5.09011233306329,77
"1541",-7.13709985079876,-2.23296947592044,78
"1542",-6.66123972397912,-2.23296947592044,78
"1543",-6.18537959715948,-2.23296947592044,78
"1544",-5.70951947033984,-2.23296947592044,78
"1545",-5.2336593435202,-2.80439804734901,78
"1546",-4.75779921670055,-3.80439804734901,78
"1547",-4.28193908988091,-4.51868376163472,78
"1548",-3.80607896306127,-5.09011233306329,78
"1549",-3.33021883624163,-5.09011233306329,78
"1550",-2.85435870942199,-5.09011233306329,78
"1551",-2.37849858260235,-5.09011233306329,78
"1552",-1.9026384557827,-5.09011233306329,78
"1553",-1.42677832896306,-5.09011233306329,78
"1554",-0.950918202143419,-5.09011233306329,78
"1555",-0.475058075323777,-5.09011233306329,78
"1556",0.000802051495864653,-5.09011233306329,78
"1557",0.476662178315507,-5.09011233306329,78
"1558",0.952522305135148,-5.09011233306329,78
"1559",1.42838243195479,-5.09011233306329,78
"1560",1.90424255877443,-5.09011233306329,78
"1561",-7.13709985079876,-2.23296947592044,79
"1562",-6.66123972397912,-2.23296947592044,79
"1563",-6.18537959715948,-2.23296947592044,79
"1564",-5.70951947033984,-2.23296947592044,79
"1565",-5.2336593435202,-2.66154090449187,79
"1566",-4.75779921670055,-4.09011233306329,79
"1567",-4.28193908988091,-4.66154090449186,79
"1568",-3.80607896306127,-4.94725519020615,79
"1569",-3.33021883624163,-5.09011233306329,79
"1570",-2.85435870942199,-5.09011233306329,79
"1571",-2.37849858260235,-5.09011233306329,79
"1572",-1.9026384557827,-5.09011233306329,79
"1573",-1.42677832896306,-5.09011233306329,79
"1574",-0.950918202143419,-5.09011233306329,79
"1575",-0.475058075323777,-5.09011233306329,79
"1576",0.000802051495864653,-5.09011233306329,79
"1577",0.476662178315507,-5.09011233306329,79
"1578",0.952522305135148,-5.09011233306329,79
"1579",1.42838243195479,-5.09011233306329,79
"1580",1.90424255877443,-5.09011233306329,79
"1581",-7.13709985079876,-2.23296947592044,80
"1582",-6.66123972397912,-2.23296947592044,80
"1583",-6.18537959715948,-2.23296947592044,80
"1584",-5.70951947033984,-2.23296947592044,80
"1585",-5.2336593435202,-2.94725519020615,80
"1586",-4.75779921670055,-3.51868376163472,80
"1587",-4.28193908988091,-4.09011233306329,80
"1588",-3.80607896306127,-4.51868376163472,80
"1589",-3.33021883624163,-4.94725519020615,80
"1590",-2.85435870942199,-5.09011233306329,80
"1591",-2.37849858260235,-5.09011233306329,80
"1592",-1.9026384557827,-5.09011233306329,80
"1593",-1.42677832896306,-5.09011233306329,80
"1594",-0.950918202143419,-5.09011233306329,80
"1595",-0.475058075323777,-5.09011233306329,80
"1596",0.000802051495864653,-5.09011233306329,80
"1597",0.476662178315507,-5.09011233306329,80
"1598",0.952522305135148,-5.09011233306329,80
"1599",1.42838243195479,-5.09011233306329,80
"1600",1.90424255877443,-5.09011233306329,80
"1601",-7.13709985079876,-2.23296947592044,81
"1602",-6.66123972397912,-2.23296947592044,81
"1603",-6.18537959715948,-2.23296947592044,81
"1604",-5.70951947033984,-2.23296947592044,81
"1605",-5.2336593435202,-2.66154090449187,81
"1606",-4.75779921670055,-4.09011233306329,81
"1607",-4.28193908988091,-4.94725519020615,81
"1608",-3.80607896306127,-5.09011233306329,81
"1609",-3.33021883624163,-5.09011233306329,81
"1610",-2.85435870942199,-5.09011233306329,81
"1611",-2.37849858260235,-5.09011233306329,81
"1612",-1.9026384557827,-5.09011233306329,81
"1613",-1.42677832896306,-5.09011233306329,81
"1614",-0.950918202143419,-5.09011233306329,81
"1615",-0.475058075323777,-5.09011233306329,81
"1616",0.000802051495864653,-5.09011233306329,81
"1617",0.476662178315507,-5.09011233306329,81
"1618",0.952522305135148,-5.09011233306329,81
"1619",1.42838243195479,-5.09011233306329,81
"1620",1.90424255877443,-5.09011233306329,81
"1621",-7.13709985079876,-2.23296947592044,82
"1622",-6.66123972397912,-2.23296947592044,82
"1623",-6.18537959715948,-2.23296947592044,82
"1624",-5.70951947033984,-2.23296947592044,82
"1625",-5.2336593435202,-2.94725519020615,82
"1626",-4.75779921670055,-3.51868376163472,82
"1627",-4.28193908988091,-3.94725519020615,82
"1628",-3.80607896306127,-4.51868376163472,82
"1629",-3.33021883624163,-4.80439804734901,82
"1630",-2.85435870942199,-5.09011233306329,82
"1631",-2.37849858260235,-5.09011233306329,82
"1632",-1.9026384557827,-5.09011233306329,82
"1633",-1.42677832896306,-5.09011233306329,82
"1634",-0.950918202143419,-5.09011233306329,82
"1635",-0.475058075323777,-5.09011233306329,82
"1636",0.000802051495864653,-5.09011233306329,82
"1637",0.476662178315507,-5.09011233306329,82
"1638",0.952522305135148,-5.09011233306329,82
"1639",1.42838243195479,-5.09011233306329,82
"1640",1.90424255877443,-5.09011233306329,82
"1641",-7.13709985079876,-2.23296947592044,83
"1642",-6.66123972397912,-2.23296947592044,83
"1643",-6.18537959715948,-2.23296947592044,83
"1644",-5.70951947033984,-2.23296947592044,83
"1645",-5.2336593435202,-2.80439804734901,83
"1646",-4.75779921670055,-3.66154090449187,83
"1647",-4.28193908988091,-4.37582661877758,83
"1648",-3.80607896306127,-5.09011233306329,83
"1649",-3.33021883624163,-5.09011233306329,83
"1650",-2.85435870942199,-5.09011233306329,83
"1651",-2.37849858260235,-5.09011233306329,83
"1652",-1.9026384557827,-5.09011233306329,83
"1653",-1.42677832896306,-5.09011233306329,83
"1654",-0.950918202143419,-5.09011233306329,83
"1655",-0.475058075323777,-5.09011233306329,83
"1656",0.000802051495864653,-5.09011233306329,83
"1657",0.476662178315507,-5.09011233306329,83
"1658",0.952522305135148,-5.09011233306329,83
"1659",1.42838243195479,-5.09011233306329,83
"1660",1.90424255877443,-5.09011233306329,83
"1661",-7.13709985079876,-2.23296947592044,84
"1662",-6.66123972397912,-2.23296947592044,84
"1663",-6.18537959715948,-2.23296947592044,84
"1664",-5.70951947033984,-2.23296947592044,84
"1665",-5.2336593435202,-2.94725519020615,84
"1666",-4.75779921670055,-3.51868376163472,84
"1667",-4.28193908988091,-3.94725519020615,84
"1668",-3.80607896306127,-4.23296947592044,84
"1669",-3.33021883624163,-4.51868376163472,84
"1670",-2.85435870942199,-4.80439804734901,84
"1671",-2.37849858260235,-4.94725519020615,84
"1672",-1.9026384557827,-5.09011233306329,84
"1673",-1.42677832896306,-5.09011233306329,84
"1674",-0.950918202143419,-5.09011233306329,84
"1675",-0.475058075323777,-5.09011233306329,84
"1676",0.000802051495864653,-5.09011233306329,84
"1677",0.476662178315507,-5.09011233306329,84
"1678",0.952522305135148,-5.09011233306329,84
"1679",1.42838243195479,-5.09011233306329,84
"1680",1.90424255877443,-5.09011233306329,84
"1681",-7.13709985079876,-2.23296947592044,85
"1682",-6.66123972397912,-2.23296947592044,85
"1683",-6.18537959715948,-2.23296947592044,85
"1684",-5.70951947033984,-2.23296947592044,85
"1685",-5.2336593435202,-2.80439804734901,85
"1686",-4.75779921670055,-4.09011233306329,85
"1687",-4.28193908988091,-5.09011233306329,85
"1688",-3.80607896306127,-5.09011233306329,85
"1689",-3.33021883624163,-5.09011233306329,85
"1690",-2.85435870942199,-5.09011233306329,85
"1691",-2.37849858260235,-5.09011233306329,85
"1692",-1.9026384557827,-5.09011233306329,85
"1693",-1.42677832896306,-5.09011233306329,85
"1694",-0.950918202143419,-5.09011233306329,85
"1695",-0.475058075323777,-5.09011233306329,85
"1696",0.000802051495864653,-5.09011233306329,85
"1697",0.476662178315507,-5.09011233306329,85
"1698",0.952522305135148,-5.09011233306329,85
"1699",1.42838243195479,-5.09011233306329,85
"1700",1.90424255877443,-5.09011233306329,85
"1701",-7.13709985079876,-2.23296947592044,86
"1702",-6.66123972397912,-2.23296947592044,86
"1703",-6.18537959715948,-2.23296947592044,86
"1704",-5.70951947033984,-2.23296947592044,86
"1705",-5.2336593435202,-2.23296947592044,86
"1706",-4.75779921670055,-5.09011233306329,86
"1707",-4.28193908988091,-5.09011233306329,86
"1708",-3.80607896306127,-5.09011233306329,86
"1709",-3.33021883624163,-5.09011233306329,86
"1710",-2.85435870942199,-5.09011233306329,86
"1711",-2.37849858260235,-5.09011233306329,86
"1712",-1.9026384557827,-5.09011233306329,86
"1713",-1.42677832896306,-5.09011233306329,86
"1714",-0.950918202143419,-5.09011233306329,86
"1715",-0.475058075323777,-5.09011233306329,86
"1716",0.000802051495864653,-5.09011233306329,86
"1717",0.476662178315507,-5.09011233306329,86
"1718",0.952522305135148,-5.09011233306329,86
"1719",1.42838243195479,-5.09011233306329,86
"1720",1.90424255877443,-5.09011233306329,86
"1721",-7.13709985079876,-2.23296947592044,87
"1722",-6.66123972397912,-2.23296947592044,87
"1723",-6.18537959715948,-2.23296947592044,87
"1724",-5.70951947033984,-2.23296947592044,87
"1725",-5.2336593435202,-2.94725519020615,87
"1726",-4.75779921670055,-3.51868376163472,87
"1727",-4.28193908988091,-4.09011233306329,87
"1728",-3.80607896306127,-4.51868376163472,87
"1729",-3.33021883624163,-4.80439804734901,87
"1730",-2.85435870942199,-5.09011233306329,87
"1731",-2.37849858260235,-5.09011233306329,87
"1732",-1.9026384557827,-5.09011233306329,87
"1733",-1.42677832896306,-5.09011233306329,87
"1734",-0.950918202143419,-5.09011233306329,87
"1735",-0.475058075323777,-5.09011233306329,87
"1736",0.000802051495864653,-5.09011233306329,87
"1737",0.476662178315507,-5.09011233306329,87
"1738",0.952522305135148,-5.09011233306329,87
"1739",1.42838243195479,-5.09011233306329,87
"1740",1.90424255877443,-5.09011233306329,87
"1741",-7.13709985079876,-2.23296947592044,88
"1742",-6.66123972397912,-2.23296947592044,88
"1743",-6.18537959715948,-2.23296947592044,88
"1744",-5.70951947033984,-2.23296947592044,88
"1745",-5.2336593435202,-2.66154090449187,88
"1746",-4.75779921670055,-3.94725519020615,88
"1747",-4.28193908988091,-4.80439804734901,88
"1748",-3.80607896306127,-5.09011233306329,88
"1749",-3.33021883624163,-5.09011233306329,88
"1750",-2.85435870942199,-5.09011233306329,88
"1751",-2.37849858260235,-5.09011233306329,88
"1752",-1.9026384557827,-5.09011233306329,88
"1753",-1.42677832896306,-5.09011233306329,88
"1754",-0.950918202143419,-5.09011233306329,88
"1755",-0.475058075323777,-5.09011233306329,88
"1756",0.000802051495864653,-5.09011233306329,88
"1757",0.476662178315507,-5.09011233306329,88
"1758",0.952522305135148,-5.09011233306329,88
"1759",1.42838243195479,-5.09011233306329,88
"1760",1.90424255877443,-5.09011233306329,88
"1761",-7.13709985079876,-2.23296947592044,89
"1762",-6.66123972397912,-2.23296947592044,89
"1763",-6.18537959715948,-2.23296947592044,89
"1764",-5.70951947033984,-2.23296947592044,89
"1765",-5.2336593435202,-2.80439804734901,89
"1766",-4.75779921670055,-3.80439804734901,89
"1767",-4.28193908988091,-4.51868376163472,89
"1768",-3.80607896306127,-5.09011233306329,89
"1769",-3.33021883624163,-5.09011233306329,89
"1770",-2.85435870942199,-5.09011233306329,89
"1771",-2.37849858260235,-5.09011233306329,89
"1772",-1.9026384557827,-5.09011233306329,89
"1773",-1.42677832896306,-5.09011233306329,89
"1774",-0.950918202143419,-5.09011233306329,89
"1775",-0.475058075323777,-5.09011233306329,89
"1776",0.000802051495864653,-5.09011233306329,89
"1777",0.476662178315507,-5.09011233306329,89
"1778",0.952522305135148,-5.09011233306329,89
"1779",1.42838243195479,-5.09011233306329,89
"1780",1.90424255877443,-5.09011233306329,89
"1781",-7.13709985079876,-2.23296947592044,90
"1782",-6.66123972397912,-2.23296947592044,90
"1783",-6.18537959715948,-2.23296947592044,90
"1784",-5.70951947033984,-2.37582661877758,90
"1785",-5.2336593435202,-2.94725519020615,90
"1786",-4.75779921670055,-3.23296947592044,90
"1787",-4.28193908988091,-3.37582661877758,90
"1788",-3.80607896306127,-3.37582661877758,90
"1789",-3.33021883624163,-3.51868376163472,90
"1790",-2.85435870942199,-3.80439804734901,90
"1791",-2.37849858260235,-4.09011233306329,90
"1792",-1.9026384557827,-4.37582661877758,90
"1793",-1.42677832896306,-4.66154090449186,90
"1794",-0.950918202143419,-4.80439804734901,90
"1795",-0.475058075323777,-5.09011233306329,90
"1796",0.000802051495864653,-5.09011233306329,90
"1797",0.476662178315507,-5.09011233306329,90
"1798",0.952522305135148,-5.09011233306329,90
"1799",1.42838243195479,-5.09011233306329,90
"1800",1.90424255877443,-5.09011233306329,90
"1801",-7.13709985079876,-2.23296947592044,91
"1802",-6.66123972397912,-2.23296947592044,91
"1803",-6.18537959715948,-2.23296947592044,91
"1804",-5.70951947033984,-2.23296947592044,91
"1805",-5.2336593435202,-2.80439804734901,91
"1806",-4.75779921670055,-3.66154090449187,91
"1807",-4.28193908988091,-4.09011233306329,91
"1808",-3.80607896306127,-4.37582661877758,91
"1809",-3.33021883624163,-4.51868376163472,91
"1810",-2.85435870942199,-4.66154090449186,91
"1811",-2.37849858260235,-4.66154090449186,91
"1812",-1.9026384557827,-4.80439804734901,91
"1813",-1.42677832896306,-4.80439804734901,91
"1814",-0.950918202143419,-4.80439804734901,91
"1815",-0.475058075323777,-4.80439804734901,91
"1816",0.000802051495864653,-4.80439804734901,91
"1817",0.476662178315507,-4.80439804734901,91
"1818",0.952522305135148,-4.80439804734901,91
"1819",1.42838243195479,-4.80439804734901,91
"1820",1.90424255877443,-4.80439804734901,91
"1821",-7.13709985079876,-2.23296947592044,92
"1822",-6.66123972397912,-2.23296947592044,92
"1823",-6.18537959715948,-2.23296947592044,92
"1824",-5.70951947033984,-2.23296947592044,92
"1825",-5.2336593435202,-2.80439804734901,92
"1826",-4.75779921670055,-3.66154090449187,92
"1827",-4.28193908988091,-4.23296947592044,92
"1828",-3.80607896306127,-4.66154090449186,92
"1829",-3.33021883624163,-5.09011233306329,92
"1830",-2.85435870942199,-5.09011233306329,92
"1831",-2.37849858260235,-5.09011233306329,92
"1832",-1.9026384557827,-5.09011233306329,92
"1833",-1.42677832896306,-5.09011233306329,92
"1834",-0.950918202143419,-5.09011233306329,92
"1835",-0.475058075323777,-5.09011233306329,92
"1836",0.000802051495864653,-5.09011233306329,92
"1837",0.476662178315507,-5.09011233306329,92
"1838",0.952522305135148,-5.09011233306329,92
"1839",1.42838243195479,-5.09011233306329,92
"1840",1.90424255877443,-5.09011233306329,92
"1841",-7.13709985079876,-2.23296947592044,93
"1842",-6.66123972397912,-2.23296947592044,93
"1843",-6.18537959715948,-2.23296947592044,93
"1844",-5.70951947033984,-2.23296947592044,93
"1845",-5.2336593435202,-2.80439804734901,93
"1846",-4.75779921670055,-3.66154090449187,93
"1847",-4.28193908988091,-4.37582661877758,93
"1848",-3.80607896306127,-4.94725519020615,93
"1849",-3.33021883624163,-5.09011233306329,93
"1850",-2.85435870942199,-5.09011233306329,93
"1851",-2.37849858260235,-5.09011233306329,93
"1852",-1.9026384557827,-5.09011233306329,93
"1853",-1.42677832896306,-5.09011233306329,93
"1854",-0.950918202143419,-5.09011233306329,93
"1855",-0.475058075323777,-5.09011233306329,93
"1856",0.000802051495864653,-5.09011233306329,93
"1857",0.476662178315507,-5.09011233306329,93
"1858",0.952522305135148,-5.09011233306329,93
"1859",1.42838243195479,-5.09011233306329,93
"1860",1.90424255877443,-5.09011233306329,93
"1861",-7.13709985079876,-2.23296947592044,94
"1862",-6.66123972397912,-2.23296947592044,94
"1863",-6.18537959715948,-2.23296947592044,94
"1864",-5.70951947033984,-2.23296947592044,94
"1865",-5.2336593435202,-2.23296947592044,94
"1866",-4.75779921670055,-4.51868376163472,94
"1867",-4.28193908988091,-4.51868376163472,94
"1868",-3.80607896306127,-4.51868376163472,94
"1869",-3.33021883624163,-4.51868376163472,94
"1870",-2.85435870942199,-4.51868376163472,94
"1871",-2.37849858260235,-4.51868376163472,94
"1872",-1.9026384557827,-4.51868376163472,94
"1873",-1.42677832896306,-4.51868376163472,94
"1874",-0.950918202143419,-4.51868376163472,94
"1875",-0.475058075323777,-4.51868376163472,94
"1876",0.000802051495864653,-4.51868376163472,94
"1877",0.476662178315507,-4.51868376163472,94
"1878",0.952522305135148,-4.80439804734901,94
"1879",1.42838243195479,-5.09011233306329,94
"1880",1.90424255877443,-5.09011233306329,94
"1881",-7.13709985079876,-2.23296947592044,95
"1882",-6.66123972397912,-2.23296947592044,95
"1883",-6.18537959715948,-2.23296947592044,95
"1884",-5.70951947033984,-2.66154090449187,95
"1885",-5.2336593435202,-2.94725519020615,95
"1886",-4.75779921670055,-3.23296947592044,95
"1887",-4.28193908988091,-3.37582661877758,95
"1888",-3.80607896306127,-3.66154090449187,95
"1889",-3.33021883624163,-3.66154090449187,95
"1890",-2.85435870942199,-3.80439804734901,95
"1891",-2.37849858260235,-3.94725519020615,95
"1892",-1.9026384557827,-4.09011233306329,95
"1893",-1.42677832896306,-4.23296947592044,95
"1894",-0.950918202143419,-4.51868376163472,95
"1895",-0.475058075323777,-4.80439804734901,95
"1896",0.000802051495864653,-5.09011233306329,95
"1897",0.476662178315507,-5.09011233306329,95
"1898",0.952522305135148,-5.09011233306329,95
"1899",1.42838243195479,-5.09011233306329,95
"1900",1.90424255877443,-5.09011233306329,95
"1901",-7.13709985079876,-2.23296947592044,96
"1902",-6.66123972397912,-2.23296947592044,96
"1903",-6.18537959715948,-2.23296947592044,96
"1904",-5.70951947033984,-2.23296947592044,96
"1905",-5.2336593435202,-2.94725519020615,96
"1906",-4.75779921670055,-3.37582661877758,96
"1907",-4.28193908988091,-3.66154090449187,96
"1908",-3.80607896306127,-3.94725519020615,96
"1909",-3.33021883624163,-4.09011233306329,96
"1910",-2.85435870942199,-4.09011233306329,96
"1911",-2.37849858260235,-4.09011233306329,96
"1912",-1.9026384557827,-4.09011233306329,96
"1913",-1.42677832896306,-4.09011233306329,96
"1914",-0.950918202143419,-4.09011233306329,96
"1915",-0.475058075323777,-4.66154090449186,96
"1916",0.000802051495864653,-5.09011233306329,96
"1917",0.476662178315507,-5.09011233306329,96
"1918",0.952522305135148,-5.09011233306329,96
"1919",1.42838243195479,-5.09011233306329,96
"1920",1.90424255877443,-5.09011233306329,96
"1921",-7.13709985079876,-2.23296947592044,97
"1922",-6.66123972397912,-2.23296947592044,97
"1923",-6.18537959715948,-2.23296947592044,97
"1924",-5.70951947033984,-2.23296947592044,97
"1925",-5.2336593435202,-2.23296947592044,97
"1926",-4.75779921670055,-4.51868376163472,97
"1927",-4.28193908988091,-5.09011233306329,97
"1928",-3.80607896306127,-5.09011233306329,97
"1929",-3.33021883624163,-5.09011233306329,97
"1930",-2.85435870942199,-5.09011233306329,97
"1931",-2.37849858260235,-5.09011233306329,97
"1932",-1.9026384557827,-5.09011233306329,97
"1933",-1.42677832896306,-5.09011233306329,97
"1934",-0.950918202143419,-5.09011233306329,97
"1935",-0.475058075323777,-5.09011233306329,97
"1936",0.000802051495864653,-5.09011233306329,97
"1937",0.476662178315507,-5.09011233306329,97
"1938",0.952522305135148,-5.09011233306329,97
"1939",1.42838243195479,-5.09011233306329,97
"1940",1.90424255877443,-5.09011233306329,97
"1941",-7.13709985079876,-2.23296947592044,98
"1942",-6.66123972397912,-2.23296947592044,98
"1943",-6.18537959715948,-2.23296947592044,98
"1944",-5.70951947033984,-2.23296947592044,98
"1945",-5.2336593435202,-2.80439804734901,98
"1946",-4.75779921670055,-3.51868376163472,98
"1947",-4.28193908988091,-4.09011233306329,98
"1948",-3.80607896306127,-4.80439804734901,98
"1949",-3.33021883624163,-5.09011233306329,98
"1950",-2.85435870942199,-5.09011233306329,98
"1951",-2.37849858260235,-5.09011233306329,98
"1952",-1.9026384557827,-5.09011233306329,98
"1953",-1.42677832896306,-5.09011233306329,98
"1954",-0.950918202143419,-5.09011233306329,98
"1955",-0.475058075323777,-5.09011233306329,98
"1956",0.000802051495864653,-5.09011233306329,98
"1957",0.476662178315507,-5.09011233306329,98
"1958",0.952522305135148,-5.09011233306329,98
"1959",1.42838243195479,-5.09011233306329,98
"1960",1.90424255877443,-5.09011233306329,98
"1961",-7.13709985079876,-2.23296947592044,99
"1962",-6.66123972397912,-2.23296947592044,99
"1963",-6.18537959715948,-2.23296947592044,99
"1964",-5.70951947033984,-2.23296947592044,99
"1965",-5.2336593435202,-2.94725519020615,99
"1966",-4.75779921670055,-3.37582661877758,99
"1967",-4.28193908988091,-3.66154090449187,99
"1968",-3.80607896306127,-3.94725519020615,99
"1969",-3.33021883624163,-4.66154090449186,99
"1970",-2.85435870942199,-5.09011233306329,99
"1971",-2.37849858260235,-5.09011233306329,99
"1972",-1.9026384557827,-5.09011233306329,99
"1973",-1.42677832896306,-5.09011233306329,99
"1974",-0.950918202143419,-5.09011233306329,99
"1975",-0.475058075323777,-5.09011233306329,99
"1976",0.000802051495864653,-5.09011233306329,99
"1977",0.476662178315507,-5.09011233306329,99
"1978",0.952522305135148,-5.09011233306329,99
"1979",1.42838243195479,-5.09011233306329,99
"1980",1.90424255877443,-5.09011233306329,99
"1981",-7.13709985079876,-2.23296947592044,100
"1982",-6.66123972397912,-2.23296947592044,100
"1983",-6.18537959715948,-2.23296947592044,100
"1984",-5.70951947033984,-2.23296947592044,100
"1985",-5.2336593435202,-2.80439804734901,100
"1986",-4.75779921670055,-3.51868376163472,100
"1987",-4.28193908988091,-4.09011233306329,100
"1988",-3.80607896306127,-4.66154090449186,100
"1989",-3.33021883624163,-5.09011233306329,100
"1990",-2.85435870942199,-5.09011233306329,100
"1991",-2.37849858260235,-5.09011233306329,100
"1992",-1.9026384557827,-5.09011233306329,100
"1993",-1.42677832896306,-5.09011233306329,100
"1994",-0.950918202143419,-5.09011233306329,100
"1995",-0.475058075323777,-5.09011233306329,100
"1996",0.000802051495864653,-5.09011233306329,100
"1997",0.476662178315507,-5.09011233306329,100
"1998",0.952522305135148,-5.09011233306329,100
"1999",1.42838243195479,-5.09011233306329,100
"2000",1.90424255877443,-5.09011233306329,100
