"","x","y","sample"
"1",-4.15308351761632,-0.296419961464717,1
"2",-3.78588775370775,-0.296419961464717,1
"3",-3.41869198979917,-0.296419961464717,1
"4",-3.05149622589059,-0.296419961464717,1
"5",-2.68430046198201,-0.296419961464717,1
"6",-2.31710469807344,-0.296419961464717,1
"7",-1.94990893416486,-0.296419961464717,1
"8",-1.58271317025628,-0.296419961464717,1
"9",-1.2155174063477,-0.296419961464717,1
"10",-0.848321642439127,-0.985269320998902,1
"11",-0.48112587853055,-1.32969400076599,1
"12",-0.113930114621973,-1.67411868053309,1
"13",0.253265649286605,-1.67411868053309,1
"14",0.620461413195182,-1.84633102041663,1
"15",0.987657177103759,-1.84633102041663,1
"16",1.35485294101234,-1.84633102041663,1
"17",1.72204870492091,-1.84633102041663,1
"18",2.08924446882949,-1.84633102041663,1
"19",2.45644023273807,-1.84633102041663,1
"20",2.82363599664665,-1.84633102041663,1
"21",-4.15308351761632,-0.296419961464717,2
"22",-3.78588775370775,-0.296419961464717,2
"23",-3.41869198979917,-0.296419961464717,2
"24",-3.05149622589059,-0.296419961464717,2
"25",-2.68430046198201,-0.296419961464717,2
"26",-2.31710469807344,-0.296419961464717,2
"27",-1.94990893416486,-0.296419961464717,2
"28",-1.58271317025628,-0.296419961464717,2
"29",-1.2155174063477,-0.296419961464717,2
"30",-0.848321642439127,-0.985269320998902,2
"31",-0.48112587853055,-1.32969400076599,2
"32",-0.113930114621973,-1.50190634064954,2
"33",0.253265649286605,-1.67411868053309,2
"34",0.620461413195182,-1.67411868053309,2
"35",0.987657177103759,-1.67411868053309,2
"36",1.35485294101234,-1.67411868053309,2
"37",1.72204870492091,-1.67411868053309,2
"38",2.08924446882949,-1.67411868053309,2
"39",2.45644023273807,-1.67411868053309,2
"40",2.82363599664665,-1.67411868053309,2
"41",-4.15308351761632,-0.296419961464717,3
"42",-3.78588775370775,-0.296419961464717,3
"43",-3.41869198979917,-0.296419961464717,3
"44",-3.05149622589059,-0.296419961464717,3
"45",-2.68430046198201,-0.296419961464717,3
"46",-2.31710469807344,-0.296419961464717,3
"47",-1.94990893416486,-0.296419961464717,3
"48",-1.58271317025628,-0.296419961464717,3
"49",-1.2155174063477,-0.296419961464717,3
"50",-0.848321642439127,-0.985269320998902,3
"51",-0.48112587853055,-1.15748166088245,3
"52",-0.113930114621973,-1.32969400076599,3
"53",0.253265649286605,-1.32969400076599,3
"54",0.620461413195182,-1.32969400076599,3
"55",0.987657177103759,-1.32969400076599,3
"56",1.35485294101234,-1.32969400076599,3
"57",1.72204870492091,-1.32969400076599,3
"58",2.08924446882949,-1.32969400076599,3
"59",2.45644023273807,-1.32969400076599,3
"60",2.82363599664665,-1.32969400076599,3
"61",-4.15308351761632,-0.296419961464717,4
"62",-3.78588775370775,-0.296419961464717,4
"63",-3.41869198979917,-0.296419961464717,4
"64",-3.05149622589059,-0.296419961464717,4
"65",-2.68430046198201,-0.296419961464717,4
"66",-2.31710469807344,-0.296419961464717,4
"67",-1.94990893416486,-0.296419961464717,4
"68",-1.58271317025628,-0.296419961464717,4
"69",-1.2155174063477,-0.296419961464717,4
"70",-0.848321642439127,-0.985269320998902,4
"71",-0.48112587853055,-1.32969400076599,4
"72",-0.113930114621973,-1.32969400076599,4
"73",0.253265649286605,-1.50190634064954,4
"74",0.620461413195182,-1.50190634064954,4
"75",0.987657177103759,-1.50190634064954,4
"76",1.35485294101234,-1.50190634064954,4
"77",1.72204870492091,-1.50190634064954,4
"78",2.08924446882949,-1.50190634064954,4
"79",2.45644023273807,-1.50190634064954,4
"80",2.82363599664665,-1.50190634064954,4
"81",-4.15308351761632,-0.296419961464717,5
"82",-3.78588775370775,-0.296419961464717,5
"83",-3.41869198979917,-0.296419961464717,5
"84",-3.05149622589059,-0.296419961464717,5
"85",-2.68430046198201,-0.296419961464717,5
"86",-2.31710469807344,-0.296419961464717,5
"87",-1.94990893416486,-0.296419961464717,5
"88",-1.58271317025628,-0.296419961464717,5
"89",-1.2155174063477,-0.296419961464717,5
"90",-0.848321642439127,-0.985269320998902,5
"91",-0.48112587853055,-1.32969400076599,5
"92",-0.113930114621973,-1.50190634064954,5
"93",0.253265649286605,-1.67411868053309,5
"94",0.620461413195182,-1.84633102041663,5
"95",0.987657177103759,-1.84633102041663,5
"96",1.35485294101234,-1.84633102041663,5
"97",1.72204870492091,-1.84633102041663,5
"98",2.08924446882949,-1.84633102041663,5
"99",2.45644023273807,-1.84633102041663,5
"100",2.82363599664665,-1.84633102041663,5
"101",-4.15308351761632,-0.296419961464717,6
"102",-3.78588775370775,-0.296419961464717,6
"103",-3.41869198979917,-0.296419961464717,6
"104",-3.05149622589059,-0.296419961464717,6
"105",-2.68430046198201,-0.296419961464717,6
"106",-2.31710469807344,-0.296419961464717,6
"107",-1.94990893416486,-0.296419961464717,6
"108",-1.58271317025628,-0.296419961464717,6
"109",-1.2155174063477,-0.296419961464717,6
"110",-0.848321642439127,-0.813056981115356,6
"111",-0.48112587853055,-1.32969400076599,6
"112",-0.113930114621973,-1.32969400076599,6
"113",0.253265649286605,-1.32969400076599,6
"114",0.620461413195182,-1.32969400076599,6
"115",0.987657177103759,-1.50190634064954,6
"116",1.35485294101234,-1.50190634064954,6
"117",1.72204870492091,-1.50190634064954,6
"118",2.08924446882949,-1.50190634064954,6
"119",2.45644023273807,-1.50190634064954,6
"120",2.82363599664665,-1.50190634064954,6
"121",-4.15308351761632,-0.296419961464717,7
"122",-3.78588775370775,-0.296419961464717,7
"123",-3.41869198979917,-0.296419961464717,7
"124",-3.05149622589059,-0.296419961464717,7
"125",-2.68430046198201,-0.296419961464717,7
"126",-2.31710469807344,-0.296419961464717,7
"127",-1.94990893416486,-0.296419961464717,7
"128",-1.58271317025628,-0.296419961464717,7
"129",-1.2155174063477,-0.64084464123181,7
"130",-0.848321642439127,-0.985269320998902,7
"131",-0.48112587853055,-1.15748166088245,7
"132",-0.113930114621973,-1.15748166088245,7
"133",0.253265649286605,-1.32969400076599,7
"134",0.620461413195182,-1.32969400076599,7
"135",0.987657177103759,-1.32969400076599,7
"136",1.35485294101234,-1.32969400076599,7
"137",1.72204870492091,-1.32969400076599,7
"138",2.08924446882949,-1.32969400076599,7
"139",2.45644023273807,-1.32969400076599,7
"140",2.82363599664665,-1.32969400076599,7
"141",-4.15308351761632,-0.296419961464717,8
"142",-3.78588775370775,-0.296419961464717,8
"143",-3.41869198979917,-0.296419961464717,8
"144",-3.05149622589059,-0.296419961464717,8
"145",-2.68430046198201,-0.296419961464717,8
"146",-2.31710469807344,-0.296419961464717,8
"147",-1.94990893416486,-0.296419961464717,8
"148",-1.58271317025628,-0.296419961464717,8
"149",-1.2155174063477,-0.296419961464717,8
"150",-0.848321642439127,-0.813056981115356,8
"151",-0.48112587853055,-1.32969400076599,8
"152",-0.113930114621973,-1.50190634064954,8
"153",0.253265649286605,-1.67411868053309,8
"154",0.620461413195182,-1.67411868053309,8
"155",0.987657177103759,-1.84633102041663,8
"156",1.35485294101234,-1.84633102041663,8
"157",1.72204870492091,-1.84633102041663,8
"158",2.08924446882949,-1.84633102041663,8
"159",2.45644023273807,-1.84633102041663,8
"160",2.82363599664665,-1.84633102041663,8
"161",-4.15308351761632,-0.296419961464717,9
"162",-3.78588775370775,-0.296419961464717,9
"163",-3.41869198979917,-0.296419961464717,9
"164",-3.05149622589059,-0.296419961464717,9
"165",-2.68430046198201,-0.296419961464717,9
"166",-2.31710469807344,-0.296419961464717,9
"167",-1.94990893416486,-0.296419961464717,9
"168",-1.58271317025628,-0.296419961464717,9
"169",-1.2155174063477,-0.296419961464717,9
"170",-0.848321642439127,-0.985269320998902,9
"171",-0.48112587853055,-1.15748166088245,9
"172",-0.113930114621973,-1.32969400076599,9
"173",0.253265649286605,-1.32969400076599,9
"174",0.620461413195182,-1.50190634064954,9
"175",0.987657177103759,-1.50190634064954,9
"176",1.35485294101234,-1.50190634064954,9
"177",1.72204870492091,-1.50190634064954,9
"178",2.08924446882949,-1.50190634064954,9
"179",2.45644023273807,-1.50190634064954,9
"180",2.82363599664665,-1.50190634064954,9
"181",-4.15308351761632,-0.296419961464717,10
"182",-3.78588775370775,-0.296419961464717,10
"183",-3.41869198979917,-0.296419961464717,10
"184",-3.05149622589059,-0.296419961464717,10
"185",-2.68430046198201,-0.296419961464717,10
"186",-2.31710469807344,-0.296419961464717,10
"187",-1.94990893416486,-0.296419961464717,10
"188",-1.58271317025628,-0.296419961464717,10
"189",-1.2155174063477,-0.296419961464717,10
"190",-0.848321642439127,-0.985269320998902,10
"191",-0.48112587853055,-1.32969400076599,10
"192",-0.113930114621973,-1.50190634064954,10
"193",0.253265649286605,-1.50190634064954,10
"194",0.620461413195182,-1.50190634064954,10
"195",0.987657177103759,-1.50190634064954,10
"196",1.35485294101234,-1.67411868053309,10
"197",1.72204870492091,-1.67411868053309,10
"198",2.08924446882949,-1.67411868053309,10
"199",2.45644023273807,-1.67411868053309,10
"200",2.82363599664665,-1.67411868053309,10
"201",-4.15308351761632,-0.296419961464717,11
"202",-3.78588775370775,-0.296419961464717,11
"203",-3.41869198979917,-0.296419961464717,11
"204",-3.05149622589059,-0.296419961464717,11
"205",-2.68430046198201,-0.296419961464717,11
"206",-2.31710469807344,-0.296419961464717,11
"207",-1.94990893416486,-0.296419961464717,11
"208",-1.58271317025628,-0.296419961464717,11
"209",-1.2155174063477,-0.64084464123181,11
"210",-0.848321642439127,-0.985269320998902,11
"211",-0.48112587853055,-1.15748166088245,11
"212",-0.113930114621973,-1.32969400076599,11
"213",0.253265649286605,-1.50190634064954,11
"214",0.620461413195182,-1.50190634064954,11
"215",0.987657177103759,-1.50190634064954,11
"216",1.35485294101234,-1.50190634064954,11
"217",1.72204870492091,-1.50190634064954,11
"218",2.08924446882949,-1.50190634064954,11
"219",2.45644023273807,-1.50190634064954,11
"220",2.82363599664665,-1.50190634064954,11
"221",-4.15308351761632,-0.296419961464717,12
"222",-3.78588775370775,-0.296419961464717,12
"223",-3.41869198979917,-0.296419961464717,12
"224",-3.05149622589059,-0.296419961464717,12
"225",-2.68430046198201,-0.296419961464717,12
"226",-2.31710469807344,-0.296419961464717,12
"227",-1.94990893416486,-0.296419961464717,12
"228",-1.58271317025628,-0.296419961464717,12
"229",-1.2155174063477,-0.64084464123181,12
"230",-0.848321642439127,-0.985269320998902,12
"231",-0.48112587853055,-1.15748166088245,12
"232",-0.113930114621973,-1.50190634064954,12
"233",0.253265649286605,-1.50190634064954,12
"234",0.620461413195182,-1.67411868053309,12
"235",0.987657177103759,-1.67411868053309,12
"236",1.35485294101234,-1.67411868053309,12
"237",1.72204870492091,-1.84633102041663,12
"238",2.08924446882949,-2.01854336030018,12
"239",2.45644023273807,-2.19075570018373,12
"240",2.82363599664665,-2.19075570018373,12
"241",-4.15308351761632,-0.296419961464717,13
"242",-3.78588775370775,-0.296419961464717,13
"243",-3.41869198979917,-0.296419961464717,13
"244",-3.05149622589059,-0.296419961464717,13
"245",-2.68430046198201,-0.296419961464717,13
"246",-2.31710469807344,-0.296419961464717,13
"247",-1.94990893416486,-0.296419961464717,13
"248",-1.58271317025628,-0.296419961464717,13
"249",-1.2155174063477,-0.813056981115356,13
"250",-0.848321642439127,-0.985269320998902,13
"251",-0.48112587853055,-1.15748166088245,13
"252",-0.113930114621973,-1.32969400076599,13
"253",0.253265649286605,-1.32969400076599,13
"254",0.620461413195182,-1.50190634064954,13
"255",0.987657177103759,-1.50190634064954,13
"256",1.35485294101234,-1.50190634064954,13
"257",1.72204870492091,-1.50190634064954,13
"258",2.08924446882949,-1.50190634064954,13
"259",2.45644023273807,-1.50190634064954,13
"260",2.82363599664665,-1.50190634064954,13
"261",-4.15308351761632,-0.296419961464717,14
"262",-3.78588775370775,-0.296419961464717,14
"263",-3.41869198979917,-0.296419961464717,14
"264",-3.05149622589059,-0.296419961464717,14
"265",-2.68430046198201,-0.296419961464717,14
"266",-2.31710469807344,-0.296419961464717,14
"267",-1.94990893416486,-0.296419961464717,14
"268",-1.58271317025628,-0.296419961464717,14
"269",-1.2155174063477,-0.468632301348264,14
"270",-0.848321642439127,-0.985269320998902,14
"271",-0.48112587853055,-1.15748166088245,14
"272",-0.113930114621973,-1.32969400076599,14
"273",0.253265649286605,-1.50190634064954,14
"274",0.620461413195182,-1.50190634064954,14
"275",0.987657177103759,-1.50190634064954,14
"276",1.35485294101234,-1.67411868053309,14
"277",1.72204870492091,-1.67411868053309,14
"278",2.08924446882949,-1.67411868053309,14
"279",2.45644023273807,-1.67411868053309,14
"280",2.82363599664665,-1.67411868053309,14
"281",-4.15308351761632,-0.296419961464717,15
"282",-3.78588775370775,-0.296419961464717,15
"283",-3.41869198979917,-0.296419961464717,15
"284",-3.05149622589059,-0.296419961464717,15
"285",-2.68430046198201,-0.296419961464717,15
"286",-2.31710469807344,-0.296419961464717,15
"287",-1.94990893416486,-0.296419961464717,15
"288",-1.58271317025628,-0.296419961464717,15
"289",-1.2155174063477,-0.64084464123181,15
"290",-0.848321642439127,-0.985269320998902,15
"291",-0.48112587853055,-1.32969400076599,15
"292",-0.113930114621973,-1.50190634064954,15
"293",0.253265649286605,-1.50190634064954,15
"294",0.620461413195182,-1.67411868053309,15
"295",0.987657177103759,-1.67411868053309,15
"296",1.35485294101234,-1.67411868053309,15
"297",1.72204870492091,-1.67411868053309,15
"298",2.08924446882949,-1.67411868053309,15
"299",2.45644023273807,-1.67411868053309,15
"300",2.82363599664665,-1.67411868053309,15
"301",-4.15308351761632,-0.296419961464717,16
"302",-3.78588775370775,-0.296419961464717,16
"303",-3.41869198979917,-0.296419961464717,16
"304",-3.05149622589059,-0.296419961464717,16
"305",-2.68430046198201,-0.296419961464717,16
"306",-2.31710469807344,-0.296419961464717,16
"307",-1.94990893416486,-0.296419961464717,16
"308",-1.58271317025628,-0.296419961464717,16
"309",-1.2155174063477,-0.296419961464717,16
"310",-0.848321642439127,-0.985269320998902,16
"311",-0.48112587853055,-1.32969400076599,16
"312",-0.113930114621973,-1.50190634064954,16
"313",0.253265649286605,-1.50190634064954,16
"314",0.620461413195182,-1.67411868053309,16
"315",0.987657177103759,-1.67411868053309,16
"316",1.35485294101234,-1.67411868053309,16
"317",1.72204870492091,-1.67411868053309,16
"318",2.08924446882949,-1.67411868053309,16
"319",2.45644023273807,-1.67411868053309,16
"320",2.82363599664665,-1.67411868053309,16
"321",-4.15308351761632,-0.296419961464717,17
"322",-3.78588775370775,-0.296419961464717,17
"323",-3.41869198979917,-0.296419961464717,17
"324",-3.05149622589059,-0.296419961464717,17
"325",-2.68430046198201,-0.296419961464717,17
"326",-2.31710469807344,-0.296419961464717,17
"327",-1.94990893416486,-0.296419961464717,17
"328",-1.58271317025628,-0.296419961464717,17
"329",-1.2155174063477,-0.296419961464717,17
"330",-0.848321642439127,-0.813056981115356,17
"331",-0.48112587853055,-1.32969400076599,17
"332",-0.113930114621973,-1.32969400076599,17
"333",0.253265649286605,-1.50190634064954,17
"334",0.620461413195182,-1.50190634064954,17
"335",0.987657177103759,-1.50190634064954,17
"336",1.35485294101234,-1.50190634064954,17
"337",1.72204870492091,-1.50190634064954,17
"338",2.08924446882949,-1.50190634064954,17
"339",2.45644023273807,-1.67411868053309,17
"340",2.82363599664665,-1.67411868053309,17
"341",-4.15308351761632,-0.296419961464717,18
"342",-3.78588775370775,-0.296419961464717,18
"343",-3.41869198979917,-0.296419961464717,18
"344",-3.05149622589059,-0.296419961464717,18
"345",-2.68430046198201,-0.296419961464717,18
"346",-2.31710469807344,-0.296419961464717,18
"347",-1.94990893416486,-0.296419961464717,18
"348",-1.58271317025628,-0.296419961464717,18
"349",-1.2155174063477,-0.468632301348264,18
"350",-0.848321642439127,-0.985269320998902,18
"351",-0.48112587853055,-1.15748166088245,18
"352",-0.113930114621973,-1.32969400076599,18
"353",0.253265649286605,-1.50190634064954,18
"354",0.620461413195182,-1.50190634064954,18
"355",0.987657177103759,-1.67411868053309,18
"356",1.35485294101234,-1.67411868053309,18
"357",1.72204870492091,-1.67411868053309,18
"358",2.08924446882949,-1.67411868053309,18
"359",2.45644023273807,-1.67411868053309,18
"360",2.82363599664665,-1.67411868053309,18
"361",-4.15308351761632,-0.296419961464717,19
"362",-3.78588775370775,-0.296419961464717,19
"363",-3.41869198979917,-0.296419961464717,19
"364",-3.05149622589059,-0.296419961464717,19
"365",-2.68430046198201,-0.296419961464717,19
"366",-2.31710469807344,-0.296419961464717,19
"367",-1.94990893416486,-0.296419961464717,19
"368",-1.58271317025628,-0.296419961464717,19
"369",-1.2155174063477,-0.64084464123181,19
"370",-0.848321642439127,-0.985269320998902,19
"371",-0.48112587853055,-1.15748166088245,19
"372",-0.113930114621973,-1.32969400076599,19
"373",0.253265649286605,-1.32969400076599,19
"374",0.620461413195182,-1.32969400076599,19
"375",0.987657177103759,-1.50190634064954,19
"376",1.35485294101234,-1.50190634064954,19
"377",1.72204870492091,-1.50190634064954,19
"378",2.08924446882949,-1.50190634064954,19
"379",2.45644023273807,-1.50190634064954,19
"380",2.82363599664665,-1.50190634064954,19
"381",-4.15308351761632,-0.296419961464717,20
"382",-3.78588775370775,-0.296419961464717,20
"383",-3.41869198979917,-0.296419961464717,20
"384",-3.05149622589059,-0.296419961464717,20
"385",-2.68430046198201,-0.296419961464717,20
"386",-2.31710469807344,-0.296419961464717,20
"387",-1.94990893416486,-0.296419961464717,20
"388",-1.58271317025628,-0.296419961464717,20
"389",-1.2155174063477,-0.64084464123181,20
"390",-0.848321642439127,-0.985269320998902,20
"391",-0.48112587853055,-1.15748166088245,20
"392",-0.113930114621973,-1.32969400076599,20
"393",0.253265649286605,-1.50190634064954,20
"394",0.620461413195182,-1.50190634064954,20
"395",0.987657177103759,-1.50190634064954,20
"396",1.35485294101234,-1.67411868053309,20
"397",1.72204870492091,-1.67411868053309,20
"398",2.08924446882949,-1.67411868053309,20
"399",2.45644023273807,-1.67411868053309,20
"400",2.82363599664665,-1.67411868053309,20
"401",-4.15308351761632,-0.296419961464717,21
"402",-3.78588775370775,-0.296419961464717,21
"403",-3.41869198979917,-0.296419961464717,21
"404",-3.05149622589059,-0.296419961464717,21
"405",-2.68430046198201,-0.296419961464717,21
"406",-2.31710469807344,-0.296419961464717,21
"407",-1.94990893416486,-0.296419961464717,21
"408",-1.58271317025628,-0.296419961464717,21
"409",-1.2155174063477,-0.468632301348264,21
"410",-0.848321642439127,-0.985269320998902,21
"411",-0.48112587853055,-1.32969400076599,21
"412",-0.113930114621973,-1.50190634064954,21
"413",0.253265649286605,-1.67411868053309,21
"414",0.620461413195182,-1.67411868053309,21
"415",0.987657177103759,-1.67411868053309,21
"416",1.35485294101234,-1.84633102041663,21
"417",1.72204870492091,-1.84633102041663,21
"418",2.08924446882949,-1.84633102041663,21
"419",2.45644023273807,-1.84633102041663,21
"420",2.82363599664665,-1.84633102041663,21
"421",-4.15308351761632,-0.296419961464717,22
"422",-3.78588775370775,-0.296419961464717,22
"423",-3.41869198979917,-0.296419961464717,22
"424",-3.05149622589059,-0.296419961464717,22
"425",-2.68430046198201,-0.296419961464717,22
"426",-2.31710469807344,-0.296419961464717,22
"427",-1.94990893416486,-0.296419961464717,22
"428",-1.58271317025628,-0.296419961464717,22
"429",-1.2155174063477,-0.296419961464717,22
"430",-0.848321642439127,-0.985269320998902,22
"431",-0.48112587853055,-1.32969400076599,22
"432",-0.113930114621973,-1.32969400076599,22
"433",0.253265649286605,-1.50190634064954,22
"434",0.620461413195182,-1.50190634064954,22
"435",0.987657177103759,-1.50190634064954,22
"436",1.35485294101234,-1.50190634064954,22
"437",1.72204870492091,-1.50190634064954,22
"438",2.08924446882949,-1.50190634064954,22
"439",2.45644023273807,-1.50190634064954,22
"440",2.82363599664665,-1.50190634064954,22
"441",-4.15308351761632,-0.296419961464717,23
"442",-3.78588775370775,-0.296419961464717,23
"443",-3.41869198979917,-0.296419961464717,23
"444",-3.05149622589059,-0.296419961464717,23
"445",-2.68430046198201,-0.296419961464717,23
"446",-2.31710469807344,-0.296419961464717,23
"447",-1.94990893416486,-0.296419961464717,23
"448",-1.58271317025628,-0.296419961464717,23
"449",-1.2155174063477,-0.296419961464717,23
"450",-0.848321642439127,-0.813056981115356,23
"451",-0.48112587853055,-1.32969400076599,23
"452",-0.113930114621973,-1.50190634064954,23
"453",0.253265649286605,-1.50190634064954,23
"454",0.620461413195182,-1.50190634064954,23
"455",0.987657177103759,-1.50190634064954,23
"456",1.35485294101234,-1.50190634064954,23
"457",1.72204870492091,-1.50190634064954,23
"458",2.08924446882949,-1.50190634064954,23
"459",2.45644023273807,-1.50190634064954,23
"460",2.82363599664665,-1.50190634064954,23
"461",-4.15308351761632,-0.296419961464717,24
"462",-3.78588775370775,-0.296419961464717,24
"463",-3.41869198979917,-0.296419961464717,24
"464",-3.05149622589059,-0.296419961464717,24
"465",-2.68430046198201,-0.296419961464717,24
"466",-2.31710469807344,-0.296419961464717,24
"467",-1.94990893416486,-0.296419961464717,24
"468",-1.58271317025628,-0.296419961464717,24
"469",-1.2155174063477,-0.296419961464717,24
"470",-0.848321642439127,-0.985269320998902,24
"471",-0.48112587853055,-1.15748166088245,24
"472",-0.113930114621973,-1.32969400076599,24
"473",0.253265649286605,-1.32969400076599,24
"474",0.620461413195182,-1.50190634064954,24
"475",0.987657177103759,-1.50190634064954,24
"476",1.35485294101234,-1.50190634064954,24
"477",1.72204870492091,-1.50190634064954,24
"478",2.08924446882949,-1.50190634064954,24
"479",2.45644023273807,-1.50190634064954,24
"480",2.82363599664665,-1.50190634064954,24
"481",-4.15308351761632,-0.296419961464717,25
"482",-3.78588775370775,-0.296419961464717,25
"483",-3.41869198979917,-0.296419961464717,25
"484",-3.05149622589059,-0.296419961464717,25
"485",-2.68430046198201,-0.296419961464717,25
"486",-2.31710469807344,-0.296419961464717,25
"487",-1.94990893416486,-0.296419961464717,25
"488",-1.58271317025628,-0.296419961464717,25
"489",-1.2155174063477,-0.296419961464717,25
"490",-0.848321642439127,-0.813056981115356,25
"491",-0.48112587853055,-1.32969400076599,25
"492",-0.113930114621973,-1.32969400076599,25
"493",0.253265649286605,-1.50190634064954,25
"494",0.620461413195182,-1.50190634064954,25
"495",0.987657177103759,-1.50190634064954,25
"496",1.35485294101234,-1.50190634064954,25
"497",1.72204870492091,-1.50190634064954,25
"498",2.08924446882949,-1.50190634064954,25
"499",2.45644023273807,-1.50190634064954,25
"500",2.82363599664665,-1.50190634064954,25
"501",-4.15308351761632,-0.296419961464717,26
"502",-3.78588775370775,-0.296419961464717,26
"503",-3.41869198979917,-0.296419961464717,26
"504",-3.05149622589059,-0.296419961464717,26
"505",-2.68430046198201,-0.296419961464717,26
"506",-2.31710469807344,-0.296419961464717,26
"507",-1.94990893416486,-0.296419961464717,26
"508",-1.58271317025628,-0.296419961464717,26
"509",-1.2155174063477,-0.296419961464717,26
"510",-0.848321642439127,-0.985269320998902,26
"511",-0.48112587853055,-1.15748166088245,26
"512",-0.113930114621973,-1.50190634064954,26
"513",0.253265649286605,-1.50190634064954,26
"514",0.620461413195182,-1.67411868053309,26
"515",0.987657177103759,-1.67411868053309,26
"516",1.35485294101234,-1.67411868053309,26
"517",1.72204870492091,-1.67411868053309,26
"518",2.08924446882949,-1.67411868053309,26
"519",2.45644023273807,-1.67411868053309,26
"520",2.82363599664665,-1.67411868053309,26
"521",-4.15308351761632,-0.296419961464717,27
"522",-3.78588775370775,-0.296419961464717,27
"523",-3.41869198979917,-0.296419961464717,27
"524",-3.05149622589059,-0.296419961464717,27
"525",-2.68430046198201,-0.296419961464717,27
"526",-2.31710469807344,-0.296419961464717,27
"527",-1.94990893416486,-0.296419961464717,27
"528",-1.58271317025628,-0.296419961464717,27
"529",-1.2155174063477,-0.296419961464717,27
"530",-0.848321642439127,-0.985269320998902,27
"531",-0.48112587853055,-1.32969400076599,27
"532",-0.113930114621973,-1.67411868053309,27
"533",0.253265649286605,-1.84633102041663,27
"534",0.620461413195182,-1.84633102041663,27
"535",0.987657177103759,-1.84633102041663,27
"536",1.35485294101234,-1.84633102041663,27
"537",1.72204870492091,-1.84633102041663,27
"538",2.08924446882949,-1.84633102041663,27
"539",2.45644023273807,-1.84633102041663,27
"540",2.82363599664665,-1.84633102041663,27
"541",-4.15308351761632,-0.296419961464717,28
"542",-3.78588775370775,-0.296419961464717,28
"543",-3.41869198979917,-0.296419961464717,28
"544",-3.05149622589059,-0.296419961464717,28
"545",-2.68430046198201,-0.296419961464717,28
"546",-2.31710469807344,-0.296419961464717,28
"547",-1.94990893416486,-0.296419961464717,28
"548",-1.58271317025628,-0.296419961464717,28
"549",-1.2155174063477,-0.296419961464717,28
"550",-0.848321642439127,-0.985269320998902,28
"551",-0.48112587853055,-1.32969400076599,28
"552",-0.113930114621973,-1.67411868053309,28
"553",0.253265649286605,-1.84633102041663,28
"554",0.620461413195182,-1.84633102041663,28
"555",0.987657177103759,-1.84633102041663,28
"556",1.35485294101234,-1.84633102041663,28
"557",1.72204870492091,-1.84633102041663,28
"558",2.08924446882949,-1.84633102041663,28
"559",2.45644023273807,-1.84633102041663,28
"560",2.82363599664665,-1.84633102041663,28
"561",-4.15308351761632,-0.296419961464717,29
"562",-3.78588775370775,-0.296419961464717,29
"563",-3.41869198979917,-0.296419961464717,29
"564",-3.05149622589059,-0.296419961464717,29
"565",-2.68430046198201,-0.296419961464717,29
"566",-2.31710469807344,-0.296419961464717,29
"567",-1.94990893416486,-0.296419961464717,29
"568",-1.58271317025628,-0.296419961464717,29
"569",-1.2155174063477,-0.64084464123181,29
"570",-0.848321642439127,-0.985269320998902,29
"571",-0.48112587853055,-1.15748166088245,29
"572",-0.113930114621973,-1.32969400076599,29
"573",0.253265649286605,-1.32969400076599,29
"574",0.620461413195182,-1.32969400076599,29
"575",0.987657177103759,-1.32969400076599,29
"576",1.35485294101234,-1.32969400076599,29
"577",1.72204870492091,-1.50190634064954,29
"578",2.08924446882949,-1.50190634064954,29
"579",2.45644023273807,-1.50190634064954,29
"580",2.82363599664665,-1.50190634064954,29
"581",-4.15308351761632,-0.296419961464717,30
"582",-3.78588775370775,-0.296419961464717,30
"583",-3.41869198979917,-0.296419961464717,30
"584",-3.05149622589059,-0.296419961464717,30
"585",-2.68430046198201,-0.296419961464717,30
"586",-2.31710469807344,-0.296419961464717,30
"587",-1.94990893416486,-0.296419961464717,30
"588",-1.58271317025628,-0.296419961464717,30
"589",-1.2155174063477,-0.64084464123181,30
"590",-0.848321642439127,-0.985269320998902,30
"591",-0.48112587853055,-1.15748166088245,30
"592",-0.113930114621973,-1.32969400076599,30
"593",0.253265649286605,-1.32969400076599,30
"594",0.620461413195182,-1.50190634064954,30
"595",0.987657177103759,-1.50190634064954,30
"596",1.35485294101234,-1.50190634064954,30
"597",1.72204870492091,-1.50190634064954,30
"598",2.08924446882949,-1.50190634064954,30
"599",2.45644023273807,-1.50190634064954,30
"600",2.82363599664665,-1.50190634064954,30
"601",-4.15308351761632,-0.296419961464717,31
"602",-3.78588775370775,-0.296419961464717,31
"603",-3.41869198979917,-0.296419961464717,31
"604",-3.05149622589059,-0.296419961464717,31
"605",-2.68430046198201,-0.296419961464717,31
"606",-2.31710469807344,-0.296419961464717,31
"607",-1.94990893416486,-0.296419961464717,31
"608",-1.58271317025628,-0.296419961464717,31
"609",-1.2155174063477,-0.296419961464717,31
"610",-0.848321642439127,-0.813056981115356,31
"611",-0.48112587853055,-1.50190634064954,31
"612",-0.113930114621973,-1.84633102041663,31
"613",0.253265649286605,-1.84633102041663,31
"614",0.620461413195182,-2.01854336030018,31
"615",0.987657177103759,-2.01854336030018,31
"616",1.35485294101234,-2.01854336030018,31
"617",1.72204870492091,-2.01854336030018,31
"618",2.08924446882949,-2.01854336030018,31
"619",2.45644023273807,-2.01854336030018,31
"620",2.82363599664665,-2.01854336030018,31
"621",-4.15308351761632,-0.296419961464717,32
"622",-3.78588775370775,-0.296419961464717,32
"623",-3.41869198979917,-0.296419961464717,32
"624",-3.05149622589059,-0.296419961464717,32
"625",-2.68430046198201,-0.296419961464717,32
"626",-2.31710469807344,-0.296419961464717,32
"627",-1.94990893416486,-0.296419961464717,32
"628",-1.58271317025628,-0.296419961464717,32
"629",-1.2155174063477,-0.813056981115356,32
"630",-0.848321642439127,-0.985269320998902,32
"631",-0.48112587853055,-1.15748166088245,32
"632",-0.113930114621973,-1.32969400076599,32
"633",0.253265649286605,-1.32969400076599,32
"634",0.620461413195182,-1.32969400076599,32
"635",0.987657177103759,-1.32969400076599,32
"636",1.35485294101234,-1.50190634064954,32
"637",1.72204870492091,-1.50190634064954,32
"638",2.08924446882949,-1.50190634064954,32
"639",2.45644023273807,-1.50190634064954,32
"640",2.82363599664665,-1.50190634064954,32
"641",-4.15308351761632,-0.296419961464717,33
"642",-3.78588775370775,-0.296419961464717,33
"643",-3.41869198979917,-0.296419961464717,33
"644",-3.05149622589059,-0.296419961464717,33
"645",-2.68430046198201,-0.296419961464717,33
"646",-2.31710469807344,-0.296419961464717,33
"647",-1.94990893416486,-0.296419961464717,33
"648",-1.58271317025628,-0.296419961464717,33
"649",-1.2155174063477,-0.468632301348264,33
"650",-0.848321642439127,-0.985269320998902,33
"651",-0.48112587853055,-1.15748166088245,33
"652",-0.113930114621973,-1.32969400076599,33
"653",0.253265649286605,-1.50190634064954,33
"654",0.620461413195182,-1.50190634064954,33
"655",0.987657177103759,-1.50190634064954,33
"656",1.35485294101234,-1.50190634064954,33
"657",1.72204870492091,-1.50190634064954,33
"658",2.08924446882949,-1.50190634064954,33
"659",2.45644023273807,-1.50190634064954,33
"660",2.82363599664665,-1.50190634064954,33
"661",-4.15308351761632,-0.296419961464717,34
"662",-3.78588775370775,-0.296419961464717,34
"663",-3.41869198979917,-0.296419961464717,34
"664",-3.05149622589059,-0.296419961464717,34
"665",-2.68430046198201,-0.296419961464717,34
"666",-2.31710469807344,-0.296419961464717,34
"667",-1.94990893416486,-0.296419961464717,34
"668",-1.58271317025628,-0.296419961464717,34
"669",-1.2155174063477,-0.296419961464717,34
"670",-0.848321642439127,-0.985269320998902,34
"671",-0.48112587853055,-1.15748166088245,34
"672",-0.113930114621973,-1.32969400076599,34
"673",0.253265649286605,-1.32969400076599,34
"674",0.620461413195182,-1.32969400076599,34
"675",0.987657177103759,-1.32969400076599,34
"676",1.35485294101234,-1.32969400076599,34
"677",1.72204870492091,-1.32969400076599,34
"678",2.08924446882949,-1.50190634064954,34
"679",2.45644023273807,-1.50190634064954,34
"680",2.82363599664665,-1.50190634064954,34
"681",-4.15308351761632,-0.296419961464717,35
"682",-3.78588775370775,-0.296419961464717,35
"683",-3.41869198979917,-0.296419961464717,35
"684",-3.05149622589059,-0.296419961464717,35
"685",-2.68430046198201,-0.296419961464717,35
"686",-2.31710469807344,-0.296419961464717,35
"687",-1.94990893416486,-0.296419961464717,35
"688",-1.58271317025628,-0.296419961464717,35
"689",-1.2155174063477,-0.296419961464717,35
"690",-0.848321642439127,-0.813056981115356,35
"691",-0.48112587853055,-1.32969400076599,35
"692",-0.113930114621973,-1.50190634064954,35
"693",0.253265649286605,-1.50190634064954,35
"694",0.620461413195182,-1.50190634064954,35
"695",0.987657177103759,-1.50190634064954,35
"696",1.35485294101234,-1.50190634064954,35
"697",1.72204870492091,-1.50190634064954,35
"698",2.08924446882949,-1.50190634064954,35
"699",2.45644023273807,-1.50190634064954,35
"700",2.82363599664665,-1.50190634064954,35
"701",-4.15308351761632,-0.296419961464717,36
"702",-3.78588775370775,-0.296419961464717,36
"703",-3.41869198979917,-0.296419961464717,36
"704",-3.05149622589059,-0.296419961464717,36
"705",-2.68430046198201,-0.296419961464717,36
"706",-2.31710469807344,-0.296419961464717,36
"707",-1.94990893416486,-0.296419961464717,36
"708",-1.58271317025628,-0.296419961464717,36
"709",-1.2155174063477,-0.468632301348264,36
"710",-0.848321642439127,-0.985269320998902,36
"711",-0.48112587853055,-1.32969400076599,36
"712",-0.113930114621973,-1.32969400076599,36
"713",0.253265649286605,-1.50190634064954,36
"714",0.620461413195182,-1.50190634064954,36
"715",0.987657177103759,-1.50190634064954,36
"716",1.35485294101234,-1.50190634064954,36
"717",1.72204870492091,-1.50190634064954,36
"718",2.08924446882949,-1.50190634064954,36
"719",2.45644023273807,-1.50190634064954,36
"720",2.82363599664665,-1.50190634064954,36
"721",-4.15308351761632,-0.296419961464717,37
"722",-3.78588775370775,-0.296419961464717,37
"723",-3.41869198979917,-0.296419961464717,37
"724",-3.05149622589059,-0.296419961464717,37
"725",-2.68430046198201,-0.296419961464717,37
"726",-2.31710469807344,-0.296419961464717,37
"727",-1.94990893416486,-0.296419961464717,37
"728",-1.58271317025628,-0.296419961464717,37
"729",-1.2155174063477,-0.64084464123181,37
"730",-0.848321642439127,-0.985269320998902,37
"731",-0.48112587853055,-1.32969400076599,37
"732",-0.113930114621973,-1.50190634064954,37
"733",0.253265649286605,-1.67411868053309,37
"734",0.620461413195182,-1.67411868053309,37
"735",0.987657177103759,-1.84633102041663,37
"736",1.35485294101234,-1.84633102041663,37
"737",1.72204870492091,-1.84633102041663,37
"738",2.08924446882949,-1.84633102041663,37
"739",2.45644023273807,-1.84633102041663,37
"740",2.82363599664665,-1.84633102041663,37
"741",-4.15308351761632,-0.296419961464717,38
"742",-3.78588775370775,-0.296419961464717,38
"743",-3.41869198979917,-0.296419961464717,38
"744",-3.05149622589059,-0.296419961464717,38
"745",-2.68430046198201,-0.296419961464717,38
"746",-2.31710469807344,-0.296419961464717,38
"747",-1.94990893416486,-0.296419961464717,38
"748",-1.58271317025628,-0.296419961464717,38
"749",-1.2155174063477,-0.64084464123181,38
"750",-0.848321642439127,-0.985269320998902,38
"751",-0.48112587853055,-1.15748166088245,38
"752",-0.113930114621973,-1.32969400076599,38
"753",0.253265649286605,-1.50190634064954,38
"754",0.620461413195182,-1.50190634064954,38
"755",0.987657177103759,-1.50190634064954,38
"756",1.35485294101234,-1.50190634064954,38
"757",1.72204870492091,-1.50190634064954,38
"758",2.08924446882949,-1.50190634064954,38
"759",2.45644023273807,-1.50190634064954,38
"760",2.82363599664665,-1.50190634064954,38
"761",-4.15308351761632,-0.296419961464717,39
"762",-3.78588775370775,-0.296419961464717,39
"763",-3.41869198979917,-0.296419961464717,39
"764",-3.05149622589059,-0.296419961464717,39
"765",-2.68430046198201,-0.296419961464717,39
"766",-2.31710469807344,-0.296419961464717,39
"767",-1.94990893416486,-0.296419961464717,39
"768",-1.58271317025628,-0.296419961464717,39
"769",-1.2155174063477,-0.813056981115356,39
"770",-0.848321642439127,-0.985269320998902,39
"771",-0.48112587853055,-1.15748166088245,39
"772",-0.113930114621973,-1.15748166088245,39
"773",0.253265649286605,-1.32969400076599,39
"774",0.620461413195182,-1.32969400076599,39
"775",0.987657177103759,-1.32969400076599,39
"776",1.35485294101234,-1.32969400076599,39
"777",1.72204870492091,-1.32969400076599,39
"778",2.08924446882949,-1.32969400076599,39
"779",2.45644023273807,-1.32969400076599,39
"780",2.82363599664665,-1.32969400076599,39
"781",-4.15308351761632,-0.296419961464717,40
"782",-3.78588775370775,-0.296419961464717,40
"783",-3.41869198979917,-0.296419961464717,40
"784",-3.05149622589059,-0.296419961464717,40
"785",-2.68430046198201,-0.296419961464717,40
"786",-2.31710469807344,-0.296419961464717,40
"787",-1.94990893416486,-0.296419961464717,40
"788",-1.58271317025628,-0.296419961464717,40
"789",-1.2155174063477,-0.296419961464717,40
"790",-0.848321642439127,-0.985269320998902,40
"791",-0.48112587853055,-1.32969400076599,40
"792",-0.113930114621973,-1.32969400076599,40
"793",0.253265649286605,-1.50190634064954,40
"794",0.620461413195182,-1.50190634064954,40
"795",0.987657177103759,-1.50190634064954,40
"796",1.35485294101234,-1.50190634064954,40
"797",1.72204870492091,-1.50190634064954,40
"798",2.08924446882949,-1.50190634064954,40
"799",2.45644023273807,-1.50190634064954,40
"800",2.82363599664665,-1.50190634064954,40
"801",-4.15308351761632,-0.296419961464717,41
"802",-3.78588775370775,-0.296419961464717,41
"803",-3.41869198979917,-0.296419961464717,41
"804",-3.05149622589059,-0.296419961464717,41
"805",-2.68430046198201,-0.296419961464717,41
"806",-2.31710469807344,-0.296419961464717,41
"807",-1.94990893416486,-0.296419961464717,41
"808",-1.58271317025628,-0.296419961464717,41
"809",-1.2155174063477,-0.296419961464717,41
"810",-0.848321642439127,-0.985269320998902,41
"811",-0.48112587853055,-1.15748166088245,41
"812",-0.113930114621973,-1.32969400076599,41
"813",0.253265649286605,-1.32969400076599,41
"814",0.620461413195182,-1.32969400076599,41
"815",0.987657177103759,-1.32969400076599,41
"816",1.35485294101234,-1.50190634064954,41
"817",1.72204870492091,-1.50190634064954,41
"818",2.08924446882949,-1.50190634064954,41
"819",2.45644023273807,-1.50190634064954,41
"820",2.82363599664665,-1.50190634064954,41
"821",-4.15308351761632,-0.296419961464717,42
"822",-3.78588775370775,-0.296419961464717,42
"823",-3.41869198979917,-0.296419961464717,42
"824",-3.05149622589059,-0.296419961464717,42
"825",-2.68430046198201,-0.296419961464717,42
"826",-2.31710469807344,-0.296419961464717,42
"827",-1.94990893416486,-0.296419961464717,42
"828",-1.58271317025628,-0.296419961464717,42
"829",-1.2155174063477,-0.296419961464717,42
"830",-0.848321642439127,-0.985269320998902,42
"831",-0.48112587853055,-1.32969400076599,42
"832",-0.113930114621973,-1.50190634064954,42
"833",0.253265649286605,-1.67411868053309,42
"834",0.620461413195182,-1.67411868053309,42
"835",0.987657177103759,-1.67411868053309,42
"836",1.35485294101234,-1.67411868053309,42
"837",1.72204870492091,-1.67411868053309,42
"838",2.08924446882949,-1.67411868053309,42
"839",2.45644023273807,-1.67411868053309,42
"840",2.82363599664665,-1.67411868053309,42
"841",-4.15308351761632,-0.296419961464717,43
"842",-3.78588775370775,-0.296419961464717,43
"843",-3.41869198979917,-0.296419961464717,43
"844",-3.05149622589059,-0.296419961464717,43
"845",-2.68430046198201,-0.296419961464717,43
"846",-2.31710469807344,-0.296419961464717,43
"847",-1.94990893416486,-0.296419961464717,43
"848",-1.58271317025628,-0.296419961464717,43
"849",-1.2155174063477,-0.296419961464717,43
"850",-0.848321642439127,-0.985269320998902,43
"851",-0.48112587853055,-1.32969400076599,43
"852",-0.113930114621973,-1.50190634064954,43
"853",0.253265649286605,-1.50190634064954,43
"854",0.620461413195182,-1.50190634064954,43
"855",0.987657177103759,-1.50190634064954,43
"856",1.35485294101234,-1.67411868053309,43
"857",1.72204870492091,-1.67411868053309,43
"858",2.08924446882949,-1.67411868053309,43
"859",2.45644023273807,-1.67411868053309,43
"860",2.82363599664665,-1.67411868053309,43
"861",-4.15308351761632,-0.296419961464717,44
"862",-3.78588775370775,-0.296419961464717,44
"863",-3.41869198979917,-0.296419961464717,44
"864",-3.05149622589059,-0.296419961464717,44
"865",-2.68430046198201,-0.296419961464717,44
"866",-2.31710469807344,-0.296419961464717,44
"867",-1.94990893416486,-0.296419961464717,44
"868",-1.58271317025628,-0.296419961464717,44
"869",-1.2155174063477,-0.296419961464717,44
"870",-0.848321642439127,-0.985269320998902,44
"871",-0.48112587853055,-1.32969400076599,44
"872",-0.113930114621973,-1.50190634064954,44
"873",0.253265649286605,-1.50190634064954,44
"874",0.620461413195182,-1.50190634064954,44
"875",0.987657177103759,-1.50190634064954,44
"876",1.35485294101234,-1.50190634064954,44
"877",1.72204870492091,-1.50190634064954,44
"878",2.08924446882949,-1.50190634064954,44
"879",2.45644023273807,-1.50190634064954,44
"880",2.82363599664665,-1.50190634064954,44
"881",-4.15308351761632,-0.296419961464717,45
"882",-3.78588775370775,-0.296419961464717,45
"883",-3.41869198979917,-0.296419961464717,45
"884",-3.05149622589059,-0.296419961464717,45
"885",-2.68430046198201,-0.296419961464717,45
"886",-2.31710469807344,-0.296419961464717,45
"887",-1.94990893416486,-0.296419961464717,45
"888",-1.58271317025628,-0.296419961464717,45
"889",-1.2155174063477,-0.64084464123181,45
"890",-0.848321642439127,-0.985269320998902,45
"891",-0.48112587853055,-1.15748166088245,45
"892",-0.113930114621973,-1.50190634064954,45
"893",0.253265649286605,-1.50190634064954,45
"894",0.620461413195182,-1.67411868053309,45
"895",0.987657177103759,-1.67411868053309,45
"896",1.35485294101234,-1.67411868053309,45
"897",1.72204870492091,-1.67411868053309,45
"898",2.08924446882949,-1.67411868053309,45
"899",2.45644023273807,-1.67411868053309,45
"900",2.82363599664665,-1.67411868053309,45
"901",-4.15308351761632,-0.296419961464717,46
"902",-3.78588775370775,-0.296419961464717,46
"903",-3.41869198979917,-0.296419961464717,46
"904",-3.05149622589059,-0.296419961464717,46
"905",-2.68430046198201,-0.296419961464717,46
"906",-2.31710469807344,-0.296419961464717,46
"907",-1.94990893416486,-0.296419961464717,46
"908",-1.58271317025628,-0.296419961464717,46
"909",-1.2155174063477,-0.468632301348264,46
"910",-0.848321642439127,-0.985269320998902,46
"911",-0.48112587853055,-1.15748166088245,46
"912",-0.113930114621973,-1.32969400076599,46
"913",0.253265649286605,-1.50190634064954,46
"914",0.620461413195182,-1.50190634064954,46
"915",0.987657177103759,-1.50190634064954,46
"916",1.35485294101234,-1.50190634064954,46
"917",1.72204870492091,-1.50190634064954,46
"918",2.08924446882949,-1.50190634064954,46
"919",2.45644023273807,-1.50190634064954,46
"920",2.82363599664665,-1.50190634064954,46
"921",-4.15308351761632,-0.296419961464717,47
"922",-3.78588775370775,-0.296419961464717,47
"923",-3.41869198979917,-0.296419961464717,47
"924",-3.05149622589059,-0.296419961464717,47
"925",-2.68430046198201,-0.296419961464717,47
"926",-2.31710469807344,-0.296419961464717,47
"927",-1.94990893416486,-0.296419961464717,47
"928",-1.58271317025628,-0.296419961464717,47
"929",-1.2155174063477,-0.64084464123181,47
"930",-0.848321642439127,-0.985269320998902,47
"931",-0.48112587853055,-1.32969400076599,47
"932",-0.113930114621973,-1.50190634064954,47
"933",0.253265649286605,-1.67411868053309,47
"934",0.620461413195182,-1.67411868053309,47
"935",0.987657177103759,-1.84633102041663,47
"936",1.35485294101234,-1.84633102041663,47
"937",1.72204870492091,-1.84633102041663,47
"938",2.08924446882949,-1.84633102041663,47
"939",2.45644023273807,-1.84633102041663,47
"940",2.82363599664665,-1.84633102041663,47
"941",-4.15308351761632,-0.296419961464717,48
"942",-3.78588775370775,-0.296419961464717,48
"943",-3.41869198979917,-0.296419961464717,48
"944",-3.05149622589059,-0.296419961464717,48
"945",-2.68430046198201,-0.296419961464717,48
"946",-2.31710469807344,-0.296419961464717,48
"947",-1.94990893416486,-0.296419961464717,48
"948",-1.58271317025628,-0.296419961464717,48
"949",-1.2155174063477,-0.64084464123181,48
"950",-0.848321642439127,-0.985269320998902,48
"951",-0.48112587853055,-1.15748166088245,48
"952",-0.113930114621973,-1.32969400076599,48
"953",0.253265649286605,-1.32969400076599,48
"954",0.620461413195182,-1.32969400076599,48
"955",0.987657177103759,-1.32969400076599,48
"956",1.35485294101234,-1.32969400076599,48
"957",1.72204870492091,-1.50190634064954,48
"958",2.08924446882949,-1.50190634064954,48
"959",2.45644023273807,-1.50190634064954,48
"960",2.82363599664665,-1.50190634064954,48
"961",-4.15308351761632,-0.296419961464717,49
"962",-3.78588775370775,-0.296419961464717,49
"963",-3.41869198979917,-0.296419961464717,49
"964",-3.05149622589059,-0.296419961464717,49
"965",-2.68430046198201,-0.296419961464717,49
"966",-2.31710469807344,-0.296419961464717,49
"967",-1.94990893416486,-0.296419961464717,49
"968",-1.58271317025628,-0.296419961464717,49
"969",-1.2155174063477,-0.296419961464717,49
"970",-0.848321642439127,-0.985269320998902,49
"971",-0.48112587853055,-1.32969400076599,49
"972",-0.113930114621973,-1.50190634064954,49
"973",0.253265649286605,-1.50190634064954,49
"974",0.620461413195182,-1.67411868053309,49
"975",0.987657177103759,-1.67411868053309,49
"976",1.35485294101234,-1.67411868053309,49
"977",1.72204870492091,-1.67411868053309,49
"978",2.08924446882949,-1.67411868053309,49
"979",2.45644023273807,-1.67411868053309,49
"980",2.82363599664665,-1.67411868053309,49
"981",-4.15308351761632,-0.296419961464717,50
"982",-3.78588775370775,-0.296419961464717,50
"983",-3.41869198979917,-0.296419961464717,50
"984",-3.05149622589059,-0.296419961464717,50
"985",-2.68430046198201,-0.296419961464717,50
"986",-2.31710469807344,-0.296419961464717,50
"987",-1.94990893416486,-0.296419961464717,50
"988",-1.58271317025628,-0.296419961464717,50
"989",-1.2155174063477,-0.64084464123181,50
"990",-0.848321642439127,-0.985269320998902,50
"991",-0.48112587853055,-1.15748166088245,50
"992",-0.113930114621973,-1.32969400076599,50
"993",0.253265649286605,-1.32969400076599,50
"994",0.620461413195182,-1.32969400076599,50
"995",0.987657177103759,-1.50190634064954,50
"996",1.35485294101234,-1.50190634064954,50
"997",1.72204870492091,-1.50190634064954,50
"998",2.08924446882949,-1.50190634064954,50
"999",2.45644023273807,-1.50190634064954,50
"1000",2.82363599664665,-1.50190634064954,50
"1001",-4.15308351761632,-0.296419961464717,51
"1002",-3.78588775370775,-0.296419961464717,51
"1003",-3.41869198979917,-0.296419961464717,51
"1004",-3.05149622589059,-0.296419961464717,51
"1005",-2.68430046198201,-0.296419961464717,51
"1006",-2.31710469807344,-0.296419961464717,51
"1007",-1.94990893416486,-0.296419961464717,51
"1008",-1.58271317025628,-0.296419961464717,51
"1009",-1.2155174063477,-0.64084464123181,51
"1010",-0.848321642439127,-0.985269320998902,51
"1011",-0.48112587853055,-1.15748166088245,51
"1012",-0.113930114621973,-1.32969400076599,51
"1013",0.253265649286605,-1.50190634064954,51
"1014",0.620461413195182,-1.50190634064954,51
"1015",0.987657177103759,-1.67411868053309,51
"1016",1.35485294101234,-1.67411868053309,51
"1017",1.72204870492091,-1.67411868053309,51
"1018",2.08924446882949,-1.67411868053309,51
"1019",2.45644023273807,-1.67411868053309,51
"1020",2.82363599664665,-1.67411868053309,51
"1021",-4.15308351761632,-0.296419961464717,52
"1022",-3.78588775370775,-0.296419961464717,52
"1023",-3.41869198979917,-0.296419961464717,52
"1024",-3.05149622589059,-0.296419961464717,52
"1025",-2.68430046198201,-0.296419961464717,52
"1026",-2.31710469807344,-0.296419961464717,52
"1027",-1.94990893416486,-0.296419961464717,52
"1028",-1.58271317025628,-0.296419961464717,52
"1029",-1.2155174063477,-0.64084464123181,52
"1030",-0.848321642439127,-0.985269320998902,52
"1031",-0.48112587853055,-1.15748166088245,52
"1032",-0.113930114621973,-1.32969400076599,52
"1033",0.253265649286605,-1.32969400076599,52
"1034",0.620461413195182,-1.50190634064954,52
"1035",0.987657177103759,-1.50190634064954,52
"1036",1.35485294101234,-1.50190634064954,52
"1037",1.72204870492091,-1.50190634064954,52
"1038",2.08924446882949,-1.50190634064954,52
"1039",2.45644023273807,-1.50190634064954,52
"1040",2.82363599664665,-1.50190634064954,52
"1041",-4.15308351761632,-0.296419961464717,53
"1042",-3.78588775370775,-0.296419961464717,53
"1043",-3.41869198979917,-0.296419961464717,53
"1044",-3.05149622589059,-0.296419961464717,53
"1045",-2.68430046198201,-0.296419961464717,53
"1046",-2.31710469807344,-0.296419961464717,53
"1047",-1.94990893416486,-0.296419961464717,53
"1048",-1.58271317025628,-0.296419961464717,53
"1049",-1.2155174063477,-0.64084464123181,53
"1050",-0.848321642439127,-0.985269320998902,53
"1051",-0.48112587853055,-1.15748166088245,53
"1052",-0.113930114621973,-1.32969400076599,53
"1053",0.253265649286605,-1.50190634064954,53
"1054",0.620461413195182,-1.50190634064954,53
"1055",0.987657177103759,-1.50190634064954,53
"1056",1.35485294101234,-1.50190634064954,53
"1057",1.72204870492091,-1.50190634064954,53
"1058",2.08924446882949,-1.50190634064954,53
"1059",2.45644023273807,-1.50190634064954,53
"1060",2.82363599664665,-1.50190634064954,53
"1061",-4.15308351761632,-0.296419961464717,54
"1062",-3.78588775370775,-0.296419961464717,54
"1063",-3.41869198979917,-0.296419961464717,54
"1064",-3.05149622589059,-0.296419961464717,54
"1065",-2.68430046198201,-0.296419961464717,54
"1066",-2.31710469807344,-0.296419961464717,54
"1067",-1.94990893416486,-0.296419961464717,54
"1068",-1.58271317025628,-0.296419961464717,54
"1069",-1.2155174063477,-0.468632301348264,54
"1070",-0.848321642439127,-0.985269320998902,54
"1071",-0.48112587853055,-1.32969400076599,54
"1072",-0.113930114621973,-1.50190634064954,54
"1073",0.253265649286605,-1.50190634064954,54
"1074",0.620461413195182,-1.67411868053309,54
"1075",0.987657177103759,-1.67411868053309,54
"1076",1.35485294101234,-1.67411868053309,54
"1077",1.72204870492091,-1.67411868053309,54
"1078",2.08924446882949,-1.67411868053309,54
"1079",2.45644023273807,-1.67411868053309,54
"1080",2.82363599664665,-1.67411868053309,54
"1081",-4.15308351761632,-0.296419961464717,55
"1082",-3.78588775370775,-0.296419961464717,55
"1083",-3.41869198979917,-0.296419961464717,55
"1084",-3.05149622589059,-0.296419961464717,55
"1085",-2.68430046198201,-0.296419961464717,55
"1086",-2.31710469807344,-0.296419961464717,55
"1087",-1.94990893416486,-0.296419961464717,55
"1088",-1.58271317025628,-0.296419961464717,55
"1089",-1.2155174063477,-0.64084464123181,55
"1090",-0.848321642439127,-0.985269320998902,55
"1091",-0.48112587853055,-1.15748166088245,55
"1092",-0.113930114621973,-1.32969400076599,55
"1093",0.253265649286605,-1.50190634064954,55
"1094",0.620461413195182,-1.67411868053309,55
"1095",0.987657177103759,-1.67411868053309,55
"1096",1.35485294101234,-1.67411868053309,55
"1097",1.72204870492091,-1.67411868053309,55
"1098",2.08924446882949,-1.67411868053309,55
"1099",2.45644023273807,-1.67411868053309,55
"1100",2.82363599664665,-1.67411868053309,55
"1101",-4.15308351761632,-0.296419961464717,56
"1102",-3.78588775370775,-0.296419961464717,56
"1103",-3.41869198979917,-0.296419961464717,56
"1104",-3.05149622589059,-0.296419961464717,56
"1105",-2.68430046198201,-0.296419961464717,56
"1106",-2.31710469807344,-0.296419961464717,56
"1107",-1.94990893416486,-0.296419961464717,56
"1108",-1.58271317025628,-0.296419961464717,56
"1109",-1.2155174063477,-0.64084464123181,56
"1110",-0.848321642439127,-0.985269320998902,56
"1111",-0.48112587853055,-1.15748166088245,56
"1112",-0.113930114621973,-1.32969400076599,56
"1113",0.253265649286605,-1.50190634064954,56
"1114",0.620461413195182,-1.67411868053309,56
"1115",0.987657177103759,-1.67411868053309,56
"1116",1.35485294101234,-1.67411868053309,56
"1117",1.72204870492091,-1.67411868053309,56
"1118",2.08924446882949,-1.67411868053309,56
"1119",2.45644023273807,-1.67411868053309,56
"1120",2.82363599664665,-1.67411868053309,56
"1121",-4.15308351761632,-0.296419961464717,57
"1122",-3.78588775370775,-0.296419961464717,57
"1123",-3.41869198979917,-0.296419961464717,57
"1124",-3.05149622589059,-0.296419961464717,57
"1125",-2.68430046198201,-0.296419961464717,57
"1126",-2.31710469807344,-0.296419961464717,57
"1127",-1.94990893416486,-0.296419961464717,57
"1128",-1.58271317025628,-0.296419961464717,57
"1129",-1.2155174063477,-0.468632301348264,57
"1130",-0.848321642439127,-0.985269320998902,57
"1131",-0.48112587853055,-1.32969400076599,57
"1132",-0.113930114621973,-1.50190634064954,57
"1133",0.253265649286605,-1.50190634064954,57
"1134",0.620461413195182,-1.67411868053309,57
"1135",0.987657177103759,-1.67411868053309,57
"1136",1.35485294101234,-1.67411868053309,57
"1137",1.72204870492091,-1.67411868053309,57
"1138",2.08924446882949,-1.67411868053309,57
"1139",2.45644023273807,-1.67411868053309,57
"1140",2.82363599664665,-1.67411868053309,57
"1141",-4.15308351761632,-0.296419961464717,58
"1142",-3.78588775370775,-0.296419961464717,58
"1143",-3.41869198979917,-0.296419961464717,58
"1144",-3.05149622589059,-0.296419961464717,58
"1145",-2.68430046198201,-0.296419961464717,58
"1146",-2.31710469807344,-0.296419961464717,58
"1147",-1.94990893416486,-0.296419961464717,58
"1148",-1.58271317025628,-0.296419961464717,58
"1149",-1.2155174063477,-0.296419961464717,58
"1150",-0.848321642439127,-0.985269320998902,58
"1151",-0.48112587853055,-1.32969400076599,58
"1152",-0.113930114621973,-1.50190634064954,58
"1153",0.253265649286605,-1.67411868053309,58
"1154",0.620461413195182,-1.67411868053309,58
"1155",0.987657177103759,-1.84633102041663,58
"1156",1.35485294101234,-1.84633102041663,58
"1157",1.72204870492091,-1.84633102041663,58
"1158",2.08924446882949,-1.84633102041663,58
"1159",2.45644023273807,-1.84633102041663,58
"1160",2.82363599664665,-1.84633102041663,58
"1161",-4.15308351761632,-0.296419961464717,59
"1162",-3.78588775370775,-0.296419961464717,59
"1163",-3.41869198979917,-0.296419961464717,59
"1164",-3.05149622589059,-0.296419961464717,59
"1165",-2.68430046198201,-0.296419961464717,59
"1166",-2.31710469807344,-0.296419961464717,59
"1167",-1.94990893416486,-0.296419961464717,59
"1168",-1.58271317025628,-0.296419961464717,59
"1169",-1.2155174063477,-0.296419961464717,59
"1170",-0.848321642439127,-0.985269320998902,59
"1171",-0.48112587853055,-1.15748166088245,59
"1172",-0.113930114621973,-1.32969400076599,59
"1173",0.253265649286605,-1.50190634064954,59
"1174",0.620461413195182,-1.50190634064954,59
"1175",0.987657177103759,-1.50190634064954,59
"1176",1.35485294101234,-1.50190634064954,59
"1177",1.72204870492091,-1.50190634064954,59
"1178",2.08924446882949,-1.50190634064954,59
"1179",2.45644023273807,-1.50190634064954,59
"1180",2.82363599664665,-1.50190634064954,59
"1181",-4.15308351761632,-0.296419961464717,60
"1182",-3.78588775370775,-0.296419961464717,60
"1183",-3.41869198979917,-0.296419961464717,60
"1184",-3.05149622589059,-0.296419961464717,60
"1185",-2.68430046198201,-0.296419961464717,60
"1186",-2.31710469807344,-0.296419961464717,60
"1187",-1.94990893416486,-0.296419961464717,60
"1188",-1.58271317025628,-0.296419961464717,60
"1189",-1.2155174063477,-0.468632301348264,60
"1190",-0.848321642439127,-0.985269320998902,60
"1191",-0.48112587853055,-1.15748166088245,60
"1192",-0.113930114621973,-1.32969400076599,60
"1193",0.253265649286605,-1.32969400076599,60
"1194",0.620461413195182,-1.32969400076599,60
"1195",0.987657177103759,-1.32969400076599,60
"1196",1.35485294101234,-1.32969400076599,60
"1197",1.72204870492091,-1.32969400076599,60
"1198",2.08924446882949,-1.32969400076599,60
"1199",2.45644023273807,-1.32969400076599,60
"1200",2.82363599664665,-1.32969400076599,60
"1201",-4.15308351761632,-0.296419961464717,61
"1202",-3.78588775370775,-0.296419961464717,61
"1203",-3.41869198979917,-0.296419961464717,61
"1204",-3.05149622589059,-0.296419961464717,61
"1205",-2.68430046198201,-0.296419961464717,61
"1206",-2.31710469807344,-0.296419961464717,61
"1207",-1.94990893416486,-0.296419961464717,61
"1208",-1.58271317025628,-0.296419961464717,61
"1209",-1.2155174063477,-0.296419961464717,61
"1210",-0.848321642439127,-0.985269320998902,61
"1211",-0.48112587853055,-1.15748166088245,61
"1212",-0.113930114621973,-1.32969400076599,61
"1213",0.253265649286605,-1.50190634064954,61
"1214",0.620461413195182,-1.50190634064954,61
"1215",0.987657177103759,-1.50190634064954,61
"1216",1.35485294101234,-1.50190634064954,61
"1217",1.72204870492091,-1.50190634064954,61
"1218",2.08924446882949,-1.50190634064954,61
"1219",2.45644023273807,-1.50190634064954,61
"1220",2.82363599664665,-1.50190634064954,61
"1221",-4.15308351761632,-0.296419961464717,62
"1222",-3.78588775370775,-0.296419961464717,62
"1223",-3.41869198979917,-0.296419961464717,62
"1224",-3.05149622589059,-0.296419961464717,62
"1225",-2.68430046198201,-0.296419961464717,62
"1226",-2.31710469807344,-0.296419961464717,62
"1227",-1.94990893416486,-0.296419961464717,62
"1228",-1.58271317025628,-0.296419961464717,62
"1229",-1.2155174063477,-0.296419961464717,62
"1230",-0.848321642439127,-0.985269320998902,62
"1231",-0.48112587853055,-1.32969400076599,62
"1232",-0.113930114621973,-1.50190634064954,62
"1233",0.253265649286605,-1.50190634064954,62
"1234",0.620461413195182,-1.67411868053309,62
"1235",0.987657177103759,-1.67411868053309,62
"1236",1.35485294101234,-1.67411868053309,62
"1237",1.72204870492091,-1.67411868053309,62
"1238",2.08924446882949,-1.67411868053309,62
"1239",2.45644023273807,-1.67411868053309,62
"1240",2.82363599664665,-1.67411868053309,62
"1241",-4.15308351761632,-0.296419961464717,63
"1242",-3.78588775370775,-0.296419961464717,63
"1243",-3.41869198979917,-0.296419961464717,63
"1244",-3.05149622589059,-0.296419961464717,63
"1245",-2.68430046198201,-0.296419961464717,63
"1246",-2.31710469807344,-0.296419961464717,63
"1247",-1.94990893416486,-0.296419961464717,63
"1248",-1.58271317025628,-0.296419961464717,63
"1249",-1.2155174063477,-0.296419961464717,63
"1250",-0.848321642439127,-0.985269320998902,63
"1251",-0.48112587853055,-1.32969400076599,63
"1252",-0.113930114621973,-1.50190634064954,63
"1253",0.253265649286605,-1.50190634064954,63
"1254",0.620461413195182,-1.50190634064954,63
"1255",0.987657177103759,-1.50190634064954,63
"1256",1.35485294101234,-1.50190634064954,63
"1257",1.72204870492091,-1.67411868053309,63
"1258",2.08924446882949,-1.67411868053309,63
"1259",2.45644023273807,-1.67411868053309,63
"1260",2.82363599664665,-1.67411868053309,63
"1261",-4.15308351761632,-0.296419961464717,64
"1262",-3.78588775370775,-0.296419961464717,64
"1263",-3.41869198979917,-0.296419961464717,64
"1264",-3.05149622589059,-0.296419961464717,64
"1265",-2.68430046198201,-0.296419961464717,64
"1266",-2.31710469807344,-0.296419961464717,64
"1267",-1.94990893416486,-0.296419961464717,64
"1268",-1.58271317025628,-0.296419961464717,64
"1269",-1.2155174063477,-0.296419961464717,64
"1270",-0.848321642439127,-0.985269320998902,64
"1271",-0.48112587853055,-1.15748166088245,64
"1272",-0.113930114621973,-1.32969400076599,64
"1273",0.253265649286605,-1.32969400076599,64
"1274",0.620461413195182,-1.32969400076599,64
"1275",0.987657177103759,-1.32969400076599,64
"1276",1.35485294101234,-1.32969400076599,64
"1277",1.72204870492091,-1.32969400076599,64
"1278",2.08924446882949,-1.32969400076599,64
"1279",2.45644023273807,-1.32969400076599,64
"1280",2.82363599664665,-1.32969400076599,64
"1281",-4.15308351761632,-0.296419961464717,65
"1282",-3.78588775370775,-0.296419961464717,65
"1283",-3.41869198979917,-0.296419961464717,65
"1284",-3.05149622589059,-0.296419961464717,65
"1285",-2.68430046198201,-0.296419961464717,65
"1286",-2.31710469807344,-0.296419961464717,65
"1287",-1.94990893416486,-0.296419961464717,65
"1288",-1.58271317025628,-0.296419961464717,65
"1289",-1.2155174063477,-0.296419961464717,65
"1290",-0.848321642439127,-0.985269320998902,65
"1291",-0.48112587853055,-1.15748166088245,65
"1292",-0.113930114621973,-1.32969400076599,65
"1293",0.253265649286605,-1.32969400076599,65
"1294",0.620461413195182,-1.32969400076599,65
"1295",0.987657177103759,-1.32969400076599,65
"1296",1.35485294101234,-1.32969400076599,65
"1297",1.72204870492091,-1.32969400076599,65
"1298",2.08924446882949,-1.32969400076599,65
"1299",2.45644023273807,-1.32969400076599,65
"1300",2.82363599664665,-1.32969400076599,65
"1301",-4.15308351761632,-0.296419961464717,66
"1302",-3.78588775370775,-0.296419961464717,66
"1303",-3.41869198979917,-0.296419961464717,66
"1304",-3.05149622589059,-0.296419961464717,66
"1305",-2.68430046198201,-0.296419961464717,66
"1306",-2.31710469807344,-0.296419961464717,66
"1307",-1.94990893416486,-0.296419961464717,66
"1308",-1.58271317025628,-0.296419961464717,66
"1309",-1.2155174063477,-0.468632301348264,66
"1310",-0.848321642439127,-0.985269320998902,66
"1311",-0.48112587853055,-1.15748166088245,66
"1312",-0.113930114621973,-1.32969400076599,66
"1313",0.253265649286605,-1.32969400076599,66
"1314",0.620461413195182,-1.32969400076599,66
"1315",0.987657177103759,-1.32969400076599,66
"1316",1.35485294101234,-1.32969400076599,66
"1317",1.72204870492091,-1.32969400076599,66
"1318",2.08924446882949,-1.32969400076599,66
"1319",2.45644023273807,-1.32969400076599,66
"1320",2.82363599664665,-1.32969400076599,66
"1321",-4.15308351761632,-0.296419961464717,67
"1322",-3.78588775370775,-0.296419961464717,67
"1323",-3.41869198979917,-0.296419961464717,67
"1324",-3.05149622589059,-0.296419961464717,67
"1325",-2.68430046198201,-0.296419961464717,67
"1326",-2.31710469807344,-0.296419961464717,67
"1327",-1.94990893416486,-0.296419961464717,67
"1328",-1.58271317025628,-0.296419961464717,67
"1329",-1.2155174063477,-0.468632301348264,67
"1330",-0.848321642439127,-0.985269320998902,67
"1331",-0.48112587853055,-1.15748166088245,67
"1332",-0.113930114621973,-1.32969400076599,67
"1333",0.253265649286605,-1.32969400076599,67
"1334",0.620461413195182,-1.50190634064954,67
"1335",0.987657177103759,-1.50190634064954,67
"1336",1.35485294101234,-1.50190634064954,67
"1337",1.72204870492091,-1.50190634064954,67
"1338",2.08924446882949,-1.50190634064954,67
"1339",2.45644023273807,-1.50190634064954,67
"1340",2.82363599664665,-1.50190634064954,67
"1341",-4.15308351761632,-0.296419961464717,68
"1342",-3.78588775370775,-0.296419961464717,68
"1343",-3.41869198979917,-0.296419961464717,68
"1344",-3.05149622589059,-0.296419961464717,68
"1345",-2.68430046198201,-0.296419961464717,68
"1346",-2.31710469807344,-0.296419961464717,68
"1347",-1.94990893416486,-0.296419961464717,68
"1348",-1.58271317025628,-0.296419961464717,68
"1349",-1.2155174063477,-0.296419961464717,68
"1350",-0.848321642439127,-0.985269320998902,68
"1351",-0.48112587853055,-1.15748166088245,68
"1352",-0.113930114621973,-1.32969400076599,68
"1353",0.253265649286605,-1.32969400076599,68
"1354",0.620461413195182,-1.32969400076599,68
"1355",0.987657177103759,-1.32969400076599,68
"1356",1.35485294101234,-1.32969400076599,68
"1357",1.72204870492091,-1.32969400076599,68
"1358",2.08924446882949,-1.32969400076599,68
"1359",2.45644023273807,-1.32969400076599,68
"1360",2.82363599664665,-1.32969400076599,68
"1361",-4.15308351761632,-0.296419961464717,69
"1362",-3.78588775370775,-0.296419961464717,69
"1363",-3.41869198979917,-0.296419961464717,69
"1364",-3.05149622589059,-0.296419961464717,69
"1365",-2.68430046198201,-0.296419961464717,69
"1366",-2.31710469807344,-0.296419961464717,69
"1367",-1.94990893416486,-0.296419961464717,69
"1368",-1.58271317025628,-0.296419961464717,69
"1369",-1.2155174063477,-0.64084464123181,69
"1370",-0.848321642439127,-0.985269320998902,69
"1371",-0.48112587853055,-1.15748166088245,69
"1372",-0.113930114621973,-1.32969400076599,69
"1373",0.253265649286605,-1.50190634064954,69
"1374",0.620461413195182,-1.50190634064954,69
"1375",0.987657177103759,-1.50190634064954,69
"1376",1.35485294101234,-1.50190634064954,69
"1377",1.72204870492091,-1.50190634064954,69
"1378",2.08924446882949,-1.50190634064954,69
"1379",2.45644023273807,-1.50190634064954,69
"1380",2.82363599664665,-1.50190634064954,69
"1381",-4.15308351761632,-0.296419961464717,70
"1382",-3.78588775370775,-0.296419961464717,70
"1383",-3.41869198979917,-0.296419961464717,70
"1384",-3.05149622589059,-0.296419961464717,70
"1385",-2.68430046198201,-0.296419961464717,70
"1386",-2.31710469807344,-0.296419961464717,70
"1387",-1.94990893416486,-0.296419961464717,70
"1388",-1.58271317025628,-0.296419961464717,70
"1389",-1.2155174063477,-0.296419961464717,70
"1390",-0.848321642439127,-0.985269320998902,70
"1391",-0.48112587853055,-1.32969400076599,70
"1392",-0.113930114621973,-1.32969400076599,70
"1393",0.253265649286605,-1.50190634064954,70
"1394",0.620461413195182,-1.50190634064954,70
"1395",0.987657177103759,-1.50190634064954,70
"1396",1.35485294101234,-1.50190634064954,70
"1397",1.72204870492091,-1.50190634064954,70
"1398",2.08924446882949,-1.50190634064954,70
"1399",2.45644023273807,-1.50190634064954,70
"1400",2.82363599664665,-1.50190634064954,70
"1401",-4.15308351761632,-0.296419961464717,71
"1402",-3.78588775370775,-0.296419961464717,71
"1403",-3.41869198979917,-0.296419961464717,71
"1404",-3.05149622589059,-0.296419961464717,71
"1405",-2.68430046198201,-0.296419961464717,71
"1406",-2.31710469807344,-0.296419961464717,71
"1407",-1.94990893416486,-0.296419961464717,71
"1408",-1.58271317025628,-0.296419961464717,71
"1409",-1.2155174063477,-0.468632301348264,71
"1410",-0.848321642439127,-0.985269320998902,71
"1411",-0.48112587853055,-1.15748166088245,71
"1412",-0.113930114621973,-1.32969400076599,71
"1413",0.253265649286605,-1.50190634064954,71
"1414",0.620461413195182,-1.50190634064954,71
"1415",0.987657177103759,-1.50190634064954,71
"1416",1.35485294101234,-1.67411868053309,71
"1417",1.72204870492091,-1.67411868053309,71
"1418",2.08924446882949,-1.67411868053309,71
"1419",2.45644023273807,-1.67411868053309,71
"1420",2.82363599664665,-1.67411868053309,71
"1421",-4.15308351761632,-0.296419961464717,72
"1422",-3.78588775370775,-0.296419961464717,72
"1423",-3.41869198979917,-0.296419961464717,72
"1424",-3.05149622589059,-0.296419961464717,72
"1425",-2.68430046198201,-0.296419961464717,72
"1426",-2.31710469807344,-0.296419961464717,72
"1427",-1.94990893416486,-0.296419961464717,72
"1428",-1.58271317025628,-0.296419961464717,72
"1429",-1.2155174063477,-0.296419961464717,72
"1430",-0.848321642439127,-0.985269320998902,72
"1431",-0.48112587853055,-1.32969400076599,72
"1432",-0.113930114621973,-1.50190634064954,72
"1433",0.253265649286605,-1.67411868053309,72
"1434",0.620461413195182,-1.67411868053309,72
"1435",0.987657177103759,-1.84633102041663,72
"1436",1.35485294101234,-1.84633102041663,72
"1437",1.72204870492091,-1.84633102041663,72
"1438",2.08924446882949,-1.84633102041663,72
"1439",2.45644023273807,-1.84633102041663,72
"1440",2.82363599664665,-1.84633102041663,72
"1441",-4.15308351761632,-0.296419961464717,73
"1442",-3.78588775370775,-0.296419961464717,73
"1443",-3.41869198979917,-0.296419961464717,73
"1444",-3.05149622589059,-0.296419961464717,73
"1445",-2.68430046198201,-0.296419961464717,73
"1446",-2.31710469807344,-0.296419961464717,73
"1447",-1.94990893416486,-0.296419961464717,73
"1448",-1.58271317025628,-0.296419961464717,73
"1449",-1.2155174063477,-0.64084464123181,73
"1450",-0.848321642439127,-0.985269320998902,73
"1451",-0.48112587853055,-1.15748166088245,73
"1452",-0.113930114621973,-1.32969400076599,73
"1453",0.253265649286605,-1.32969400076599,73
"1454",0.620461413195182,-1.32969400076599,73
"1455",0.987657177103759,-1.32969400076599,73
"1456",1.35485294101234,-1.32969400076599,73
"1457",1.72204870492091,-1.32969400076599,73
"1458",2.08924446882949,-1.32969400076599,73
"1459",2.45644023273807,-1.32969400076599,73
"1460",2.82363599664665,-1.32969400076599,73
"1461",-4.15308351761632,-0.296419961464717,74
"1462",-3.78588775370775,-0.296419961464717,74
"1463",-3.41869198979917,-0.296419961464717,74
"1464",-3.05149622589059,-0.296419961464717,74
"1465",-2.68430046198201,-0.296419961464717,74
"1466",-2.31710469807344,-0.296419961464717,74
"1467",-1.94990893416486,-0.296419961464717,74
"1468",-1.58271317025628,-0.296419961464717,74
"1469",-1.2155174063477,-0.468632301348264,74
"1470",-0.848321642439127,-0.985269320998902,74
"1471",-0.48112587853055,-1.32969400076599,74
"1472",-0.113930114621973,-1.50190634064954,74
"1473",0.253265649286605,-1.50190634064954,74
"1474",0.620461413195182,-1.67411868053309,74
"1475",0.987657177103759,-1.67411868053309,74
"1476",1.35485294101234,-1.67411868053309,74
"1477",1.72204870492091,-1.67411868053309,74
"1478",2.08924446882949,-1.67411868053309,74
"1479",2.45644023273807,-1.67411868053309,74
"1480",2.82363599664665,-1.67411868053309,74
"1481",-4.15308351761632,-0.296419961464717,75
"1482",-3.78588775370775,-0.296419961464717,75
"1483",-3.41869198979917,-0.296419961464717,75
"1484",-3.05149622589059,-0.296419961464717,75
"1485",-2.68430046198201,-0.296419961464717,75
"1486",-2.31710469807344,-0.296419961464717,75
"1487",-1.94990893416486,-0.296419961464717,75
"1488",-1.58271317025628,-0.296419961464717,75
"1489",-1.2155174063477,-0.296419961464717,75
"1490",-0.848321642439127,-0.985269320998902,75
"1491",-0.48112587853055,-1.32969400076599,75
"1492",-0.113930114621973,-1.32969400076599,75
"1493",0.253265649286605,-1.50190634064954,75
"1494",0.620461413195182,-1.50190634064954,75
"1495",0.987657177103759,-1.50190634064954,75
"1496",1.35485294101234,-1.50190634064954,75
"1497",1.72204870492091,-1.50190634064954,75
"1498",2.08924446882949,-1.50190634064954,75
"1499",2.45644023273807,-1.50190634064954,75
"1500",2.82363599664665,-1.50190634064954,75
"1501",-4.15308351761632,-0.296419961464717,76
"1502",-3.78588775370775,-0.296419961464717,76
"1503",-3.41869198979917,-0.296419961464717,76
"1504",-3.05149622589059,-0.296419961464717,76
"1505",-2.68430046198201,-0.296419961464717,76
"1506",-2.31710469807344,-0.296419961464717,76
"1507",-1.94990893416486,-0.296419961464717,76
"1508",-1.58271317025628,-0.296419961464717,76
"1509",-1.2155174063477,-0.296419961464717,76
"1510",-0.848321642439127,-0.985269320998902,76
"1511",-0.48112587853055,-1.15748166088245,76
"1512",-0.113930114621973,-1.32969400076599,76
"1513",0.253265649286605,-1.50190634064954,76
"1514",0.620461413195182,-1.50190634064954,76
"1515",0.987657177103759,-1.50190634064954,76
"1516",1.35485294101234,-1.50190634064954,76
"1517",1.72204870492091,-1.50190634064954,76
"1518",2.08924446882949,-1.50190634064954,76
"1519",2.45644023273807,-1.50190634064954,76
"1520",2.82363599664665,-1.50190634064954,76
"1521",-4.15308351761632,-0.296419961464717,77
"1522",-3.78588775370775,-0.296419961464717,77
"1523",-3.41869198979917,-0.296419961464717,77
"1524",-3.05149622589059,-0.296419961464717,77
"1525",-2.68430046198201,-0.296419961464717,77
"1526",-2.31710469807344,-0.296419961464717,77
"1527",-1.94990893416486,-0.296419961464717,77
"1528",-1.58271317025628,-0.296419961464717,77
"1529",-1.2155174063477,-0.468632301348264,77
"1530",-0.848321642439127,-0.985269320998902,77
"1531",-0.48112587853055,-1.15748166088245,77
"1532",-0.113930114621973,-1.32969400076599,77
"1533",0.253265649286605,-1.32969400076599,77
"1534",0.620461413195182,-1.32969400076599,77
"1535",0.987657177103759,-1.32969400076599,77
"1536",1.35485294101234,-1.32969400076599,77
"1537",1.72204870492091,-1.32969400076599,77
"1538",2.08924446882949,-1.32969400076599,77
"1539",2.45644023273807,-1.32969400076599,77
"1540",2.82363599664665,-1.32969400076599,77
"1541",-4.15308351761632,-0.296419961464717,78
"1542",-3.78588775370775,-0.296419961464717,78
"1543",-3.41869198979917,-0.296419961464717,78
"1544",-3.05149622589059,-0.296419961464717,78
"1545",-2.68430046198201,-0.296419961464717,78
"1546",-2.31710469807344,-0.296419961464717,78
"1547",-1.94990893416486,-0.296419961464717,78
"1548",-1.58271317025628,-0.296419961464717,78
"1549",-1.2155174063477,-0.296419961464717,78
"1550",-0.848321642439127,-0.985269320998902,78
"1551",-0.48112587853055,-1.15748166088245,78
"1552",-0.113930114621973,-1.32969400076599,78
"1553",0.253265649286605,-1.32969400076599,78
"1554",0.620461413195182,-1.32969400076599,78
"1555",0.987657177103759,-1.32969400076599,78
"1556",1.35485294101234,-1.32969400076599,78
"1557",1.72204870492091,-1.32969400076599,78
"1558",2.08924446882949,-1.32969400076599,78
"1559",2.45644023273807,-1.32969400076599,78
"1560",2.82363599664665,-1.32969400076599,78
"1561",-4.15308351761632,-0.296419961464717,79
"1562",-3.78588775370775,-0.296419961464717,79
"1563",-3.41869198979917,-0.296419961464717,79
"1564",-3.05149622589059,-0.296419961464717,79
"1565",-2.68430046198201,-0.296419961464717,79
"1566",-2.31710469807344,-0.296419961464717,79
"1567",-1.94990893416486,-0.296419961464717,79
"1568",-1.58271317025628,-0.296419961464717,79
"1569",-1.2155174063477,-0.468632301348264,79
"1570",-0.848321642439127,-0.985269320998902,79
"1571",-0.48112587853055,-1.32969400076599,79
"1572",-0.113930114621973,-1.50190634064954,79
"1573",0.253265649286605,-1.67411868053309,79
"1574",0.620461413195182,-1.67411868053309,79
"1575",0.987657177103759,-1.84633102041663,79
"1576",1.35485294101234,-1.84633102041663,79
"1577",1.72204870492091,-1.84633102041663,79
"1578",2.08924446882949,-1.84633102041663,79
"1579",2.45644023273807,-1.84633102041663,79
"1580",2.82363599664665,-1.84633102041663,79
"1581",-4.15308351761632,-0.296419961464717,80
"1582",-3.78588775370775,-0.296419961464717,80
"1583",-3.41869198979917,-0.296419961464717,80
"1584",-3.05149622589059,-0.296419961464717,80
"1585",-2.68430046198201,-0.296419961464717,80
"1586",-2.31710469807344,-0.296419961464717,80
"1587",-1.94990893416486,-0.296419961464717,80
"1588",-1.58271317025628,-0.296419961464717,80
"1589",-1.2155174063477,-0.296419961464717,80
"1590",-0.848321642439127,-0.985269320998902,80
"1591",-0.48112587853055,-1.32969400076599,80
"1592",-0.113930114621973,-1.50190634064954,80
"1593",0.253265649286605,-1.67411868053309,80
"1594",0.620461413195182,-1.84633102041663,80
"1595",0.987657177103759,-1.84633102041663,80
"1596",1.35485294101234,-1.84633102041663,80
"1597",1.72204870492091,-1.84633102041663,80
"1598",2.08924446882949,-1.84633102041663,80
"1599",2.45644023273807,-1.84633102041663,80
"1600",2.82363599664665,-1.84633102041663,80
"1601",-4.15308351761632,-0.296419961464717,81
"1602",-3.78588775370775,-0.296419961464717,81
"1603",-3.41869198979917,-0.296419961464717,81
"1604",-3.05149622589059,-0.296419961464717,81
"1605",-2.68430046198201,-0.296419961464717,81
"1606",-2.31710469807344,-0.296419961464717,81
"1607",-1.94990893416486,-0.296419961464717,81
"1608",-1.58271317025628,-0.296419961464717,81
"1609",-1.2155174063477,-0.468632301348264,81
"1610",-0.848321642439127,-0.985269320998902,81
"1611",-0.48112587853055,-1.15748166088245,81
"1612",-0.113930114621973,-1.32969400076599,81
"1613",0.253265649286605,-1.50190634064954,81
"1614",0.620461413195182,-1.50190634064954,81
"1615",0.987657177103759,-1.50190634064954,81
"1616",1.35485294101234,-1.50190634064954,81
"1617",1.72204870492091,-1.50190634064954,81
"1618",2.08924446882949,-1.50190634064954,81
"1619",2.45644023273807,-1.50190634064954,81
"1620",2.82363599664665,-1.50190634064954,81
"1621",-4.15308351761632,-0.296419961464717,82
"1622",-3.78588775370775,-0.296419961464717,82
"1623",-3.41869198979917,-0.296419961464717,82
"1624",-3.05149622589059,-0.296419961464717,82
"1625",-2.68430046198201,-0.296419961464717,82
"1626",-2.31710469807344,-0.296419961464717,82
"1627",-1.94990893416486,-0.296419961464717,82
"1628",-1.58271317025628,-0.296419961464717,82
"1629",-1.2155174063477,-0.468632301348264,82
"1630",-0.848321642439127,-0.985269320998902,82
"1631",-0.48112587853055,-1.15748166088245,82
"1632",-0.113930114621973,-1.32969400076599,82
"1633",0.253265649286605,-1.32969400076599,82
"1634",0.620461413195182,-1.50190634064954,82
"1635",0.987657177103759,-1.50190634064954,82
"1636",1.35485294101234,-1.50190634064954,82
"1637",1.72204870492091,-1.50190634064954,82
"1638",2.08924446882949,-1.50190634064954,82
"1639",2.45644023273807,-1.50190634064954,82
"1640",2.82363599664665,-1.50190634064954,82
"1641",-4.15308351761632,-0.296419961464717,83
"1642",-3.78588775370775,-0.296419961464717,83
"1643",-3.41869198979917,-0.296419961464717,83
"1644",-3.05149622589059,-0.296419961464717,83
"1645",-2.68430046198201,-0.296419961464717,83
"1646",-2.31710469807344,-0.296419961464717,83
"1647",-1.94990893416486,-0.296419961464717,83
"1648",-1.58271317025628,-0.296419961464717,83
"1649",-1.2155174063477,-0.296419961464717,83
"1650",-0.848321642439127,-0.985269320998902,83
"1651",-0.48112587853055,-1.15748166088245,83
"1652",-0.113930114621973,-1.32969400076599,83
"1653",0.253265649286605,-1.32969400076599,83
"1654",0.620461413195182,-1.50190634064954,83
"1655",0.987657177103759,-1.50190634064954,83
"1656",1.35485294101234,-1.50190634064954,83
"1657",1.72204870492091,-1.50190634064954,83
"1658",2.08924446882949,-1.50190634064954,83
"1659",2.45644023273807,-1.50190634064954,83
"1660",2.82363599664665,-1.50190634064954,83
"1661",-4.15308351761632,-0.296419961464717,84
"1662",-3.78588775370775,-0.296419961464717,84
"1663",-3.41869198979917,-0.296419961464717,84
"1664",-3.05149622589059,-0.296419961464717,84
"1665",-2.68430046198201,-0.296419961464717,84
"1666",-2.31710469807344,-0.296419961464717,84
"1667",-1.94990893416486,-0.296419961464717,84
"1668",-1.58271317025628,-0.296419961464717,84
"1669",-1.2155174063477,-0.296419961464717,84
"1670",-0.848321642439127,-0.985269320998902,84
"1671",-0.48112587853055,-1.15748166088245,84
"1672",-0.113930114621973,-1.32969400076599,84
"1673",0.253265649286605,-1.50190634064954,84
"1674",0.620461413195182,-1.50190634064954,84
"1675",0.987657177103759,-1.50190634064954,84
"1676",1.35485294101234,-1.50190634064954,84
"1677",1.72204870492091,-1.50190634064954,84
"1678",2.08924446882949,-1.50190634064954,84
"1679",2.45644023273807,-1.50190634064954,84
"1680",2.82363599664665,-1.50190634064954,84
"1681",-4.15308351761632,-0.296419961464717,85
"1682",-3.78588775370775,-0.296419961464717,85
"1683",-3.41869198979917,-0.296419961464717,85
"1684",-3.05149622589059,-0.296419961464717,85
"1685",-2.68430046198201,-0.296419961464717,85
"1686",-2.31710469807344,-0.296419961464717,85
"1687",-1.94990893416486,-0.296419961464717,85
"1688",-1.58271317025628,-0.296419961464717,85
"1689",-1.2155174063477,-0.468632301348264,85
"1690",-0.848321642439127,-0.985269320998902,85
"1691",-0.48112587853055,-1.15748166088245,85
"1692",-0.113930114621973,-1.32969400076599,85
"1693",0.253265649286605,-1.50190634064954,85
"1694",0.620461413195182,-1.50190634064954,85
"1695",0.987657177103759,-1.50190634064954,85
"1696",1.35485294101234,-1.50190634064954,85
"1697",1.72204870492091,-1.50190634064954,85
"1698",2.08924446882949,-1.50190634064954,85
"1699",2.45644023273807,-1.50190634064954,85
"1700",2.82363599664665,-1.50190634064954,85
"1701",-4.15308351761632,-0.296419961464717,86
"1702",-3.78588775370775,-0.296419961464717,86
"1703",-3.41869198979917,-0.296419961464717,86
"1704",-3.05149622589059,-0.296419961464717,86
"1705",-2.68430046198201,-0.296419961464717,86
"1706",-2.31710469807344,-0.296419961464717,86
"1707",-1.94990893416486,-0.296419961464717,86
"1708",-1.58271317025628,-0.296419961464717,86
"1709",-1.2155174063477,-0.296419961464717,86
"1710",-0.848321642439127,-0.985269320998902,86
"1711",-0.48112587853055,-1.32969400076599,86
"1712",-0.113930114621973,-1.32969400076599,86
"1713",0.253265649286605,-1.50190634064954,86
"1714",0.620461413195182,-1.50190634064954,86
"1715",0.987657177103759,-1.50190634064954,86
"1716",1.35485294101234,-1.50190634064954,86
"1717",1.72204870492091,-1.50190634064954,86
"1718",2.08924446882949,-1.50190634064954,86
"1719",2.45644023273807,-1.50190634064954,86
"1720",2.82363599664665,-1.50190634064954,86
"1721",-4.15308351761632,-0.296419961464717,87
"1722",-3.78588775370775,-0.296419961464717,87
"1723",-3.41869198979917,-0.296419961464717,87
"1724",-3.05149622589059,-0.296419961464717,87
"1725",-2.68430046198201,-0.296419961464717,87
"1726",-2.31710469807344,-0.296419961464717,87
"1727",-1.94990893416486,-0.296419961464717,87
"1728",-1.58271317025628,-0.296419961464717,87
"1729",-1.2155174063477,-0.296419961464717,87
"1730",-0.848321642439127,-0.813056981115356,87
"1731",-0.48112587853055,-1.32969400076599,87
"1732",-0.113930114621973,-1.50190634064954,87
"1733",0.253265649286605,-1.67411868053309,87
"1734",0.620461413195182,-1.67411868053309,87
"1735",0.987657177103759,-1.67411868053309,87
"1736",1.35485294101234,-1.67411868053309,87
"1737",1.72204870492091,-1.67411868053309,87
"1738",2.08924446882949,-1.67411868053309,87
"1739",2.45644023273807,-1.67411868053309,87
"1740",2.82363599664665,-1.67411868053309,87
"1741",-4.15308351761632,-0.296419961464717,88
"1742",-3.78588775370775,-0.296419961464717,88
"1743",-3.41869198979917,-0.296419961464717,88
"1744",-3.05149622589059,-0.296419961464717,88
"1745",-2.68430046198201,-0.296419961464717,88
"1746",-2.31710469807344,-0.296419961464717,88
"1747",-1.94990893416486,-0.296419961464717,88
"1748",-1.58271317025628,-0.296419961464717,88
"1749",-1.2155174063477,-0.296419961464717,88
"1750",-0.848321642439127,-0.985269320998902,88
"1751",-0.48112587853055,-1.32969400076599,88
"1752",-0.113930114621973,-1.50190634064954,88
"1753",0.253265649286605,-1.50190634064954,88
"1754",0.620461413195182,-1.50190634064954,88
"1755",0.987657177103759,-1.50190634064954,88
"1756",1.35485294101234,-1.50190634064954,88
"1757",1.72204870492091,-1.50190634064954,88
"1758",2.08924446882949,-1.67411868053309,88
"1759",2.45644023273807,-1.67411868053309,88
"1760",2.82363599664665,-1.67411868053309,88
"1761",-4.15308351761632,-0.296419961464717,89
"1762",-3.78588775370775,-0.296419961464717,89
"1763",-3.41869198979917,-0.296419961464717,89
"1764",-3.05149622589059,-0.296419961464717,89
"1765",-2.68430046198201,-0.296419961464717,89
"1766",-2.31710469807344,-0.296419961464717,89
"1767",-1.94990893416486,-0.296419961464717,89
"1768",-1.58271317025628,-0.296419961464717,89
"1769",-1.2155174063477,-0.296419961464717,89
"1770",-0.848321642439127,-0.985269320998902,89
"1771",-0.48112587853055,-1.32969400076599,89
"1772",-0.113930114621973,-1.50190634064954,89
"1773",0.253265649286605,-1.50190634064954,89
"1774",0.620461413195182,-1.50190634064954,89
"1775",0.987657177103759,-1.50190634064954,89
"1776",1.35485294101234,-1.50190634064954,89
"1777",1.72204870492091,-1.50190634064954,89
"1778",2.08924446882949,-1.50190634064954,89
"1779",2.45644023273807,-1.50190634064954,89
"1780",2.82363599664665,-1.50190634064954,89
"1781",-4.15308351761632,-0.296419961464717,90
"1782",-3.78588775370775,-0.296419961464717,90
"1783",-3.41869198979917,-0.296419961464717,90
"1784",-3.05149622589059,-0.296419961464717,90
"1785",-2.68430046198201,-0.296419961464717,90
"1786",-2.31710469807344,-0.296419961464717,90
"1787",-1.94990893416486,-0.296419961464717,90
"1788",-1.58271317025628,-0.296419961464717,90
"1789",-1.2155174063477,-0.296419961464717,90
"1790",-0.848321642439127,-0.985269320998902,90
"1791",-0.48112587853055,-1.32969400076599,90
"1792",-0.113930114621973,-1.50190634064954,90
"1793",0.253265649286605,-1.50190634064954,90
"1794",0.620461413195182,-1.50190634064954,90
"1795",0.987657177103759,-1.50190634064954,90
"1796",1.35485294101234,-1.50190634064954,90
"1797",1.72204870492091,-1.50190634064954,90
"1798",2.08924446882949,-1.50190634064954,90
"1799",2.45644023273807,-1.50190634064954,90
"1800",2.82363599664665,-1.50190634064954,90
"1801",-4.15308351761632,-0.296419961464717,91
"1802",-3.78588775370775,-0.296419961464717,91
"1803",-3.41869198979917,-0.296419961464717,91
"1804",-3.05149622589059,-0.296419961464717,91
"1805",-2.68430046198201,-0.296419961464717,91
"1806",-2.31710469807344,-0.296419961464717,91
"1807",-1.94990893416486,-0.296419961464717,91
"1808",-1.58271317025628,-0.296419961464717,91
"1809",-1.2155174063477,-0.296419961464717,91
"1810",-0.848321642439127,-0.813056981115356,91
"1811",-0.48112587853055,-1.67411868053309,91
"1812",-0.113930114621973,-1.84633102041663,91
"1813",0.253265649286605,-1.84633102041663,91
"1814",0.620461413195182,-1.84633102041663,91
"1815",0.987657177103759,-2.01854336030018,91
"1816",1.35485294101234,-2.01854336030018,91
"1817",1.72204870492091,-2.01854336030018,91
"1818",2.08924446882949,-2.01854336030018,91
"1819",2.45644023273807,-2.01854336030018,91
"1820",2.82363599664665,-2.01854336030018,91
"1821",-4.15308351761632,-0.296419961464717,92
"1822",-3.78588775370775,-0.296419961464717,92
"1823",-3.41869198979917,-0.296419961464717,92
"1824",-3.05149622589059,-0.296419961464717,92
"1825",-2.68430046198201,-0.296419961464717,92
"1826",-2.31710469807344,-0.296419961464717,92
"1827",-1.94990893416486,-0.296419961464717,92
"1828",-1.58271317025628,-0.296419961464717,92
"1829",-1.2155174063477,-0.296419961464717,92
"1830",-0.848321642439127,-0.985269320998902,92
"1831",-0.48112587853055,-1.32969400076599,92
"1832",-0.113930114621973,-1.50190634064954,92
"1833",0.253265649286605,-1.50190634064954,92
"1834",0.620461413195182,-1.50190634064954,92
"1835",0.987657177103759,-1.50190634064954,92
"1836",1.35485294101234,-1.50190634064954,92
"1837",1.72204870492091,-1.50190634064954,92
"1838",2.08924446882949,-1.50190634064954,92
"1839",2.45644023273807,-1.50190634064954,92
"1840",2.82363599664665,-1.50190634064954,92
"1841",-4.15308351761632,-0.296419961464717,93
"1842",-3.78588775370775,-0.296419961464717,93
"1843",-3.41869198979917,-0.296419961464717,93
"1844",-3.05149622589059,-0.296419961464717,93
"1845",-2.68430046198201,-0.296419961464717,93
"1846",-2.31710469807344,-0.296419961464717,93
"1847",-1.94990893416486,-0.296419961464717,93
"1848",-1.58271317025628,-0.296419961464717,93
"1849",-1.2155174063477,-0.296419961464717,93
"1850",-0.848321642439127,-0.985269320998902,93
"1851",-0.48112587853055,-1.32969400076599,93
"1852",-0.113930114621973,-1.32969400076599,93
"1853",0.253265649286605,-1.50190634064954,93
"1854",0.620461413195182,-1.50190634064954,93
"1855",0.987657177103759,-1.50190634064954,93
"1856",1.35485294101234,-1.50190634064954,93
"1857",1.72204870492091,-1.50190634064954,93
"1858",2.08924446882949,-1.50190634064954,93
"1859",2.45644023273807,-1.50190634064954,93
"1860",2.82363599664665,-1.50190634064954,93
"1861",-4.15308351761632,-0.296419961464717,94
"1862",-3.78588775370775,-0.296419961464717,94
"1863",-3.41869198979917,-0.296419961464717,94
"1864",-3.05149622589059,-0.296419961464717,94
"1865",-2.68430046198201,-0.296419961464717,94
"1866",-2.31710469807344,-0.296419961464717,94
"1867",-1.94990893416486,-0.296419961464717,94
"1868",-1.58271317025628,-0.296419961464717,94
"1869",-1.2155174063477,-0.296419961464717,94
"1870",-0.848321642439127,-0.985269320998902,94
"1871",-0.48112587853055,-1.32969400076599,94
"1872",-0.113930114621973,-1.50190634064954,94
"1873",0.253265649286605,-1.67411868053309,94
"1874",0.620461413195182,-1.67411868053309,94
"1875",0.987657177103759,-1.84633102041663,94
"1876",1.35485294101234,-1.84633102041663,94
"1877",1.72204870492091,-1.84633102041663,94
"1878",2.08924446882949,-1.84633102041663,94
"1879",2.45644023273807,-1.84633102041663,94
"1880",2.82363599664665,-1.84633102041663,94
"1881",-4.15308351761632,-0.296419961464717,95
"1882",-3.78588775370775,-0.296419961464717,95
"1883",-3.41869198979917,-0.296419961464717,95
"1884",-3.05149622589059,-0.296419961464717,95
"1885",-2.68430046198201,-0.296419961464717,95
"1886",-2.31710469807344,-0.296419961464717,95
"1887",-1.94990893416486,-0.296419961464717,95
"1888",-1.58271317025628,-0.296419961464717,95
"1889",-1.2155174063477,-0.468632301348264,95
"1890",-0.848321642439127,-0.985269320998902,95
"1891",-0.48112587853055,-1.15748166088245,95
"1892",-0.113930114621973,-1.32969400076599,95
"1893",0.253265649286605,-1.32969400076599,95
"1894",0.620461413195182,-1.32969400076599,95
"1895",0.987657177103759,-1.32969400076599,95
"1896",1.35485294101234,-1.32969400076599,95
"1897",1.72204870492091,-1.32969400076599,95
"1898",2.08924446882949,-1.32969400076599,95
"1899",2.45644023273807,-1.32969400076599,95
"1900",2.82363599664665,-1.32969400076599,95
"1901",-4.15308351761632,-0.296419961464717,96
"1902",-3.78588775370775,-0.296419961464717,96
"1903",-3.41869198979917,-0.296419961464717,96
"1904",-3.05149622589059,-0.296419961464717,96
"1905",-2.68430046198201,-0.296419961464717,96
"1906",-2.31710469807344,-0.296419961464717,96
"1907",-1.94990893416486,-0.296419961464717,96
"1908",-1.58271317025628,-0.296419961464717,96
"1909",-1.2155174063477,-0.296419961464717,96
"1910",-0.848321642439127,-0.985269320998902,96
"1911",-0.48112587853055,-1.32969400076599,96
"1912",-0.113930114621973,-1.50190634064954,96
"1913",0.253265649286605,-1.67411868053309,96
"1914",0.620461413195182,-1.67411868053309,96
"1915",0.987657177103759,-1.84633102041663,96
"1916",1.35485294101234,-1.84633102041663,96
"1917",1.72204870492091,-1.84633102041663,96
"1918",2.08924446882949,-1.84633102041663,96
"1919",2.45644023273807,-1.84633102041663,96
"1920",2.82363599664665,-1.84633102041663,96
"1921",-4.15308351761632,-0.296419961464717,97
"1922",-3.78588775370775,-0.296419961464717,97
"1923",-3.41869198979917,-0.296419961464717,97
"1924",-3.05149622589059,-0.296419961464717,97
"1925",-2.68430046198201,-0.296419961464717,97
"1926",-2.31710469807344,-0.296419961464717,97
"1927",-1.94990893416486,-0.296419961464717,97
"1928",-1.58271317025628,-0.296419961464717,97
"1929",-1.2155174063477,-0.296419961464717,97
"1930",-0.848321642439127,-0.985269320998902,97
"1931",-0.48112587853055,-1.32969400076599,97
"1932",-0.113930114621973,-1.32969400076599,97
"1933",0.253265649286605,-1.50190634064954,97
"1934",0.620461413195182,-1.50190634064954,97
"1935",0.987657177103759,-1.50190634064954,97
"1936",1.35485294101234,-1.50190634064954,97
"1937",1.72204870492091,-1.50190634064954,97
"1938",2.08924446882949,-1.50190634064954,97
"1939",2.45644023273807,-1.50190634064954,97
"1940",2.82363599664665,-1.50190634064954,97
"1941",-4.15308351761632,-0.296419961464717,98
"1942",-3.78588775370775,-0.296419961464717,98
"1943",-3.41869198979917,-0.296419961464717,98
"1944",-3.05149622589059,-0.296419961464717,98
"1945",-2.68430046198201,-0.296419961464717,98
"1946",-2.31710469807344,-0.296419961464717,98
"1947",-1.94990893416486,-0.296419961464717,98
"1948",-1.58271317025628,-0.296419961464717,98
"1949",-1.2155174063477,-0.296419961464717,98
"1950",-0.848321642439127,-0.985269320998902,98
"1951",-0.48112587853055,-1.32969400076599,98
"1952",-0.113930114621973,-1.32969400076599,98
"1953",0.253265649286605,-1.50190634064954,98
"1954",0.620461413195182,-1.50190634064954,98
"1955",0.987657177103759,-1.50190634064954,98
"1956",1.35485294101234,-1.50190634064954,98
"1957",1.72204870492091,-1.50190634064954,98
"1958",2.08924446882949,-1.50190634064954,98
"1959",2.45644023273807,-1.50190634064954,98
"1960",2.82363599664665,-1.50190634064954,98
"1961",-4.15308351761632,-0.296419961464717,99
"1962",-3.78588775370775,-0.296419961464717,99
"1963",-3.41869198979917,-0.296419961464717,99
"1964",-3.05149622589059,-0.296419961464717,99
"1965",-2.68430046198201,-0.296419961464717,99
"1966",-2.31710469807344,-0.296419961464717,99
"1967",-1.94990893416486,-0.296419961464717,99
"1968",-1.58271317025628,-0.296419961464717,99
"1969",-1.2155174063477,-0.296419961464717,99
"1970",-0.848321642439127,-0.985269320998902,99
"1971",-0.48112587853055,-1.32969400076599,99
"1972",-0.113930114621973,-1.50190634064954,99
"1973",0.253265649286605,-1.50190634064954,99
"1974",0.620461413195182,-1.50190634064954,99
"1975",0.987657177103759,-1.50190634064954,99
"1976",1.35485294101234,-1.67411868053309,99
"1977",1.72204870492091,-1.67411868053309,99
"1978",2.08924446882949,-1.67411868053309,99
"1979",2.45644023273807,-1.67411868053309,99
"1980",2.82363599664665,-1.67411868053309,99
"1981",-4.15308351761632,-0.296419961464717,100
"1982",-3.78588775370775,-0.296419961464717,100
"1983",-3.41869198979917,-0.296419961464717,100
"1984",-3.05149622589059,-0.296419961464717,100
"1985",-2.68430046198201,-0.296419961464717,100
"1986",-2.31710469807344,-0.296419961464717,100
"1987",-1.94990893416486,-0.296419961464717,100
"1988",-1.58271317025628,-0.296419961464717,100
"1989",-1.2155174063477,-0.296419961464717,100
"1990",-0.848321642439127,-0.985269320998902,100
"1991",-0.48112587853055,-1.15748166088245,100
"1992",-0.113930114621973,-1.32969400076599,100
"1993",0.253265649286605,-1.50190634064954,100
"1994",0.620461413195182,-1.50190634064954,100
"1995",0.987657177103759,-1.50190634064954,100
"1996",1.35485294101234,-1.50190634064954,100
"1997",1.72204870492091,-1.50190634064954,100
"1998",2.08924446882949,-1.50190634064954,100
"1999",2.45644023273807,-1.50190634064954,100
"2000",2.82363599664665,-1.50190634064954,100
