"","x","y","sample"
"1",-6.74792177727182,-5.22502472805174,1
"2",-6.27971662254476,-5.46311996614697,1
"3",-5.8115114678177,-5.46311996614697,1
"4",-5.34330631309064,-5.70121520424221,1
"5",-4.87510115836358,-5.70121520424221,1
"6",-4.40689600363651,-5.70121520424221,1
"7",-3.93869084890945,-5.93931044233745,1
"8",-3.47048569418239,-5.93931044233745,1
"9",-3.00228053945533,-6.17740568043269,1
"10",-2.53407538472827,-6.17740568043269,1
"11",-2.06587023000121,-6.17740568043269,1
"12",-1.59766507527415,-6.17740568043269,1
"13",-1.12945992054709,-6.41550091852793,1
"14",-0.661254765820031,-6.41550091852793,1
"15",-0.19304961109297,-6.41550091852793,1
"16",0.27515554363409,-6.41550091852793,1
"17",0.743360698361151,-6.41550091852793,1
"18",1.21156585308821,-6.41550091852793,1
"19",1.67977100781527,-6.41550091852793,1
"20",2.14797616254233,-6.41550091852793,1
"21",-6.74792177727182,-3.55835806138507,2
"22",-6.27971662254476,-4.27264377567078,2
"23",-5.8115114678177,-4.74883425186126,2
"24",-5.34330631309064,-5.22502472805174,2
"25",-4.87510115836358,-5.70121520424221,2
"26",-4.40689600363651,-5.93931044233745,2
"27",-3.93869084890945,-6.17740568043269,2
"28",-3.47048569418239,-6.41550091852793,2
"29",-3.00228053945533,-6.41550091852793,2
"30",-2.53407538472827,-6.65359615662316,2
"31",-2.06587023000121,-6.65359615662316,2
"32",-1.59766507527415,-6.65359615662316,2
"33",-1.12945992054709,-6.8916913947184,2
"34",-0.661254765820031,-6.8916913947184,2
"35",-0.19304961109297,-6.8916913947184,2
"36",0.27515554363409,-6.8916913947184,2
"37",0.743360698361151,-6.8916913947184,2
"38",1.21156585308821,-6.8916913947184,2
"39",1.67977100781527,-6.8916913947184,2
"40",2.14797616254233,-6.8916913947184,2
"41",-6.74792177727182,-3.08216758519459,3
"42",-6.27971662254476,-3.08216758519459,3
"43",-5.8115114678177,-3.08216758519459,3
"44",-5.34330631309064,-3.08216758519459,3
"45",-4.87510115836358,-3.08216758519459,3
"46",-4.40689600363651,-7.84407234709936,3
"47",-3.93869084890945,-7.84407234709936,3
"48",-3.47048569418239,-7.84407234709936,3
"49",-3.00228053945533,-7.84407234709936,3
"50",-2.53407538472827,-7.84407234709936,3
"51",-2.06587023000121,-7.84407234709936,3
"52",-1.59766507527415,-7.84407234709936,3
"53",-1.12945992054709,-7.84407234709936,3
"54",-0.661254765820031,-7.84407234709936,3
"55",-0.19304961109297,-7.84407234709936,3
"56",0.27515554363409,-7.84407234709936,3
"57",0.743360698361151,-7.84407234709936,3
"58",1.21156585308821,-7.84407234709936,3
"59",1.67977100781527,-7.84407234709936,3
"60",2.14797616254233,-7.84407234709936,3
"61",-6.74792177727182,-3.79645329948031,4
"62",-6.27971662254476,-4.27264377567078,4
"63",-5.8115114678177,-4.9869294899565,4
"64",-5.34330631309064,-5.22502472805174,4
"65",-4.87510115836358,-5.70121520424221,4
"66",-4.40689600363651,-5.93931044233745,4
"67",-3.93869084890945,-6.17740568043269,4
"68",-3.47048569418239,-6.41550091852793,4
"69",-3.00228053945533,-6.41550091852793,4
"70",-2.53407538472827,-6.65359615662316,4
"71",-2.06587023000121,-6.65359615662316,4
"72",-1.59766507527415,-6.8916913947184,4
"73",-1.12945992054709,-6.8916913947184,4
"74",-0.661254765820031,-6.8916913947184,4
"75",-0.19304961109297,-6.8916913947184,4
"76",0.27515554363409,-6.8916913947184,4
"77",0.743360698361151,-7.12978663281364,4
"78",1.21156585308821,-7.12978663281364,4
"79",1.67977100781527,-7.12978663281364,4
"80",2.14797616254233,-7.12978663281364,4
"81",-6.74792177727182,-3.08216758519459,5
"82",-6.27971662254476,-3.08216758519459,5
"83",-5.8115114678177,-4.27264377567078,5
"84",-5.34330631309064,-4.9869294899565,5
"85",-4.87510115836358,-5.70121520424221,5
"86",-4.40689600363651,-5.93931044233745,5
"87",-3.93869084890945,-6.17740568043269,5
"88",-3.47048569418239,-6.41550091852793,5
"89",-3.00228053945533,-6.41550091852793,5
"90",-2.53407538472827,-6.41550091852793,5
"91",-2.06587023000121,-6.41550091852793,5
"92",-1.59766507527415,-6.41550091852793,5
"93",-1.12945992054709,-6.41550091852793,5
"94",-0.661254765820031,-6.41550091852793,5
"95",-0.19304961109297,-6.41550091852793,5
"96",0.27515554363409,-6.41550091852793,5
"97",0.743360698361151,-6.41550091852793,5
"98",1.21156585308821,-6.41550091852793,5
"99",1.67977100781527,-6.41550091852793,5
"100",2.14797616254233,-6.41550091852793,5
"101",-6.74792177727182,-3.08216758519459,6
"102",-6.27971662254476,-3.79645329948031,6
"103",-5.8115114678177,-4.51073901376602,6
"104",-5.34330631309064,-5.22502472805174,6
"105",-4.87510115836358,-5.70121520424221,6
"106",-4.40689600363651,-5.93931044233745,6
"107",-3.93869084890945,-6.17740568043269,6
"108",-3.47048569418239,-6.41550091852793,6
"109",-3.00228053945533,-6.65359615662316,6
"110",-2.53407538472827,-6.65359615662316,6
"111",-2.06587023000121,-6.65359615662316,6
"112",-1.59766507527415,-6.8916913947184,6
"113",-1.12945992054709,-6.8916913947184,6
"114",-0.661254765820031,-6.8916913947184,6
"115",-0.19304961109297,-6.8916913947184,6
"116",0.27515554363409,-6.8916913947184,6
"117",0.743360698361151,-6.8916913947184,6
"118",1.21156585308821,-6.8916913947184,6
"119",1.67977100781527,-6.8916913947184,6
"120",2.14797616254233,-6.8916913947184,6
"121",-6.74792177727182,-4.27264377567078,7
"122",-6.27971662254476,-4.9869294899565,7
"123",-5.8115114678177,-5.22502472805174,7
"124",-5.34330631309064,-5.46311996614697,7
"125",-4.87510115836358,-5.70121520424221,7
"126",-4.40689600363651,-5.70121520424221,7
"127",-3.93869084890945,-5.93931044233745,7
"128",-3.47048569418239,-5.93931044233745,7
"129",-3.00228053945533,-5.93931044233745,7
"130",-2.53407538472827,-5.93931044233745,7
"131",-2.06587023000121,-5.93931044233745,7
"132",-1.59766507527415,-5.93931044233745,7
"133",-1.12945992054709,-5.93931044233745,7
"134",-0.661254765820031,-5.93931044233745,7
"135",-0.19304961109297,-5.93931044233745,7
"136",0.27515554363409,-5.93931044233745,7
"137",0.743360698361151,-5.93931044233745,7
"138",1.21156585308821,-5.93931044233745,7
"139",1.67977100781527,-5.93931044233745,7
"140",2.14797616254233,-5.93931044233745,7
"141",-6.74792177727182,-3.55835806138507,8
"142",-6.27971662254476,-4.27264377567078,8
"143",-5.8115114678177,-4.9869294899565,8
"144",-5.34330631309064,-5.46311996614697,8
"145",-4.87510115836358,-5.70121520424221,8
"146",-4.40689600363651,-5.93931044233745,8
"147",-3.93869084890945,-5.93931044233745,8
"148",-3.47048569418239,-6.17740568043269,8
"149",-3.00228053945533,-6.17740568043269,8
"150",-2.53407538472827,-6.41550091852793,8
"151",-2.06587023000121,-6.41550091852793,8
"152",-1.59766507527415,-6.41550091852793,8
"153",-1.12945992054709,-6.41550091852793,8
"154",-0.661254765820031,-6.41550091852793,8
"155",-0.19304961109297,-6.41550091852793,8
"156",0.27515554363409,-6.41550091852793,8
"157",0.743360698361151,-6.41550091852793,8
"158",1.21156585308821,-6.41550091852793,8
"159",1.67977100781527,-6.41550091852793,8
"160",2.14797616254233,-6.41550091852793,8
"161",-6.74792177727182,-4.03454853757555,9
"162",-6.27971662254476,-4.74883425186126,9
"163",-5.8115114678177,-5.22502472805174,9
"164",-5.34330631309064,-5.46311996614697,9
"165",-4.87510115836358,-5.70121520424221,9
"166",-4.40689600363651,-5.70121520424221,9
"167",-3.93869084890945,-5.93931044233745,9
"168",-3.47048569418239,-5.93931044233745,9
"169",-3.00228053945533,-5.93931044233745,9
"170",-2.53407538472827,-5.93931044233745,9
"171",-2.06587023000121,-5.93931044233745,9
"172",-1.59766507527415,-5.93931044233745,9
"173",-1.12945992054709,-5.93931044233745,9
"174",-0.661254765820031,-5.93931044233745,9
"175",-0.19304961109297,-5.93931044233745,9
"176",0.27515554363409,-5.93931044233745,9
"177",0.743360698361151,-5.93931044233745,9
"178",1.21156585308821,-5.93931044233745,9
"179",1.67977100781527,-5.93931044233745,9
"180",2.14797616254233,-5.93931044233745,9
"181",-6.74792177727182,-3.55835806138507,10
"182",-6.27971662254476,-4.03454853757555,10
"183",-5.8115114678177,-4.9869294899565,10
"184",-5.34330631309064,-5.46311996614697,10
"185",-4.87510115836358,-5.70121520424221,10
"186",-4.40689600363651,-5.70121520424221,10
"187",-3.93869084890945,-5.70121520424221,10
"188",-3.47048569418239,-5.70121520424221,10
"189",-3.00228053945533,-5.70121520424221,10
"190",-2.53407538472827,-5.70121520424221,10
"191",-2.06587023000121,-5.70121520424221,10
"192",-1.59766507527415,-5.70121520424221,10
"193",-1.12945992054709,-5.70121520424221,10
"194",-0.661254765820031,-5.70121520424221,10
"195",-0.19304961109297,-5.70121520424221,10
"196",0.27515554363409,-5.70121520424221,10
"197",0.743360698361151,-5.70121520424221,10
"198",1.21156585308821,-5.70121520424221,10
"199",1.67977100781527,-5.70121520424221,10
"200",2.14797616254233,-5.70121520424221,10
"201",-6.74792177727182,-4.51073901376602,11
"202",-6.27971662254476,-5.22502472805174,11
"203",-5.8115114678177,-5.46311996614697,11
"204",-5.34330631309064,-5.70121520424221,11
"205",-4.87510115836358,-5.70121520424221,11
"206",-4.40689600363651,-5.70121520424221,11
"207",-3.93869084890945,-5.70121520424221,11
"208",-3.47048569418239,-5.93931044233745,11
"209",-3.00228053945533,-6.17740568043269,11
"210",-2.53407538472827,-6.65359615662316,11
"211",-2.06587023000121,-6.65359615662316,11
"212",-1.59766507527415,-6.65359615662316,11
"213",-1.12945992054709,-6.65359615662316,11
"214",-0.661254765820031,-6.65359615662316,11
"215",-0.19304961109297,-6.65359615662316,11
"216",0.27515554363409,-6.65359615662316,11
"217",0.743360698361151,-6.65359615662316,11
"218",1.21156585308821,-6.65359615662316,11
"219",1.67977100781527,-6.8916913947184,11
"220",2.14797616254233,-6.8916913947184,11
"221",-6.74792177727182,-3.08216758519459,12
"222",-6.27971662254476,-3.08216758519459,12
"223",-5.8115114678177,-4.27264377567078,12
"224",-5.34330631309064,-4.9869294899565,12
"225",-4.87510115836358,-5.70121520424221,12
"226",-4.40689600363651,-5.93931044233745,12
"227",-3.93869084890945,-6.17740568043269,12
"228",-3.47048569418239,-6.41550091852793,12
"229",-3.00228053945533,-6.65359615662316,12
"230",-2.53407538472827,-6.65359615662316,12
"231",-2.06587023000121,-6.65359615662316,12
"232",-1.59766507527415,-6.8916913947184,12
"233",-1.12945992054709,-6.8916913947184,12
"234",-0.661254765820031,-6.8916913947184,12
"235",-0.19304961109297,-6.8916913947184,12
"236",0.27515554363409,-6.8916913947184,12
"237",0.743360698361151,-6.8916913947184,12
"238",1.21156585308821,-6.8916913947184,12
"239",1.67977100781527,-6.8916913947184,12
"240",2.14797616254233,-6.8916913947184,12
"241",-6.74792177727182,-3.08216758519459,13
"242",-6.27971662254476,-3.79645329948031,13
"243",-5.8115114678177,-4.74883425186126,13
"244",-5.34330631309064,-5.22502472805174,13
"245",-4.87510115836358,-5.70121520424221,13
"246",-4.40689600363651,-5.93931044233745,13
"247",-3.93869084890945,-6.17740568043269,13
"248",-3.47048569418239,-6.17740568043269,13
"249",-3.00228053945533,-6.41550091852793,13
"250",-2.53407538472827,-6.41550091852793,13
"251",-2.06587023000121,-6.41550091852793,13
"252",-1.59766507527415,-6.41550091852793,13
"253",-1.12945992054709,-6.41550091852793,13
"254",-0.661254765820031,-6.41550091852793,13
"255",-0.19304961109297,-6.41550091852793,13
"256",0.27515554363409,-6.41550091852793,13
"257",0.743360698361151,-6.41550091852793,13
"258",1.21156585308821,-6.41550091852793,13
"259",1.67977100781527,-6.41550091852793,13
"260",2.14797616254233,-6.41550091852793,13
"261",-6.74792177727182,-4.74883425186126,14
"262",-6.27971662254476,-5.22502472805174,14
"263",-5.8115114678177,-5.46311996614697,14
"264",-5.34330631309064,-5.46311996614697,14
"265",-4.87510115836358,-5.70121520424221,14
"266",-4.40689600363651,-5.70121520424221,14
"267",-3.93869084890945,-5.93931044233745,14
"268",-3.47048569418239,-5.93931044233745,14
"269",-3.00228053945533,-5.93931044233745,14
"270",-2.53407538472827,-5.93931044233745,14
"271",-2.06587023000121,-5.93931044233745,14
"272",-1.59766507527415,-5.93931044233745,14
"273",-1.12945992054709,-5.93931044233745,14
"274",-0.661254765820031,-5.93931044233745,14
"275",-0.19304961109297,-5.93931044233745,14
"276",0.27515554363409,-5.93931044233745,14
"277",0.743360698361151,-5.93931044233745,14
"278",1.21156585308821,-5.93931044233745,14
"279",1.67977100781527,-5.93931044233745,14
"280",2.14797616254233,-5.93931044233745,14
"281",-6.74792177727182,-3.55835806138507,15
"282",-6.27971662254476,-4.51073901376602,15
"283",-5.8115114678177,-4.9869294899565,15
"284",-5.34330631309064,-5.46311996614697,15
"285",-4.87510115836358,-5.70121520424221,15
"286",-4.40689600363651,-5.93931044233745,15
"287",-3.93869084890945,-6.17740568043269,15
"288",-3.47048569418239,-6.17740568043269,15
"289",-3.00228053945533,-6.41550091852793,15
"290",-2.53407538472827,-6.41550091852793,15
"291",-2.06587023000121,-6.41550091852793,15
"292",-1.59766507527415,-6.41550091852793,15
"293",-1.12945992054709,-6.41550091852793,15
"294",-0.661254765820031,-6.41550091852793,15
"295",-0.19304961109297,-6.41550091852793,15
"296",0.27515554363409,-6.41550091852793,15
"297",0.743360698361151,-6.41550091852793,15
"298",1.21156585308821,-6.41550091852793,15
"299",1.67977100781527,-6.41550091852793,15
"300",2.14797616254233,-6.41550091852793,15
"301",-6.74792177727182,-3.08216758519459,16
"302",-6.27971662254476,-3.55835806138507,16
"303",-5.8115114678177,-4.51073901376602,16
"304",-5.34330631309064,-4.9869294899565,16
"305",-4.87510115836358,-5.70121520424221,16
"306",-4.40689600363651,-5.93931044233745,16
"307",-3.93869084890945,-6.41550091852793,16
"308",-3.47048569418239,-6.65359615662316,16
"309",-3.00228053945533,-6.8916913947184,16
"310",-2.53407538472827,-7.12978663281364,16
"311",-2.06587023000121,-7.12978663281364,16
"312",-1.59766507527415,-7.36788187090888,16
"313",-1.12945992054709,-7.36788187090888,16
"314",-0.661254765820031,-7.36788187090888,16
"315",-0.19304961109297,-7.60597710900412,16
"316",0.27515554363409,-7.60597710900412,16
"317",0.743360698361151,-7.60597710900412,16
"318",1.21156585308821,-7.60597710900412,16
"319",1.67977100781527,-7.60597710900412,16
"320",2.14797616254233,-7.60597710900412,16
"321",-6.74792177727182,-3.08216758519459,17
"322",-6.27971662254476,-3.08216758519459,17
"323",-5.8115114678177,-3.08216758519459,17
"324",-5.34330631309064,-4.74883425186126,17
"325",-4.87510115836358,-5.70121520424221,17
"326",-4.40689600363651,-5.93931044233745,17
"327",-3.93869084890945,-5.93931044233745,17
"328",-3.47048569418239,-6.17740568043269,17
"329",-3.00228053945533,-6.8916913947184,17
"330",-2.53407538472827,-7.36788187090888,17
"331",-2.06587023000121,-7.84407234709936,17
"332",-1.59766507527415,-7.84407234709936,17
"333",-1.12945992054709,-7.84407234709936,17
"334",-0.661254765820031,-7.84407234709936,17
"335",-0.19304961109297,-7.84407234709936,17
"336",0.27515554363409,-7.84407234709936,17
"337",0.743360698361151,-7.84407234709936,17
"338",1.21156585308821,-7.84407234709936,17
"339",1.67977100781527,-7.84407234709936,17
"340",2.14797616254233,-7.84407234709936,17
"341",-6.74792177727182,-5.22502472805174,18
"342",-6.27971662254476,-5.46311996614697,18
"343",-5.8115114678177,-5.46311996614697,18
"344",-5.34330631309064,-5.46311996614697,18
"345",-4.87510115836358,-5.70121520424221,18
"346",-4.40689600363651,-5.93931044233745,18
"347",-3.93869084890945,-6.17740568043269,18
"348",-3.47048569418239,-6.17740568043269,18
"349",-3.00228053945533,-6.17740568043269,18
"350",-2.53407538472827,-6.17740568043269,18
"351",-2.06587023000121,-6.17740568043269,18
"352",-1.59766507527415,-6.17740568043269,18
"353",-1.12945992054709,-6.17740568043269,18
"354",-0.661254765820031,-6.17740568043269,18
"355",-0.19304961109297,-6.17740568043269,18
"356",0.27515554363409,-6.17740568043269,18
"357",0.743360698361151,-6.17740568043269,18
"358",1.21156585308821,-6.17740568043269,18
"359",1.67977100781527,-6.17740568043269,18
"360",2.14797616254233,-6.17740568043269,18
"361",-6.74792177727182,-3.08216758519459,19
"362",-6.27971662254476,-3.08216758519459,19
"363",-5.8115114678177,-4.51073901376602,19
"364",-5.34330631309064,-5.22502472805174,19
"365",-4.87510115836358,-5.70121520424221,19
"366",-4.40689600363651,-5.93931044233745,19
"367",-3.93869084890945,-5.93931044233745,19
"368",-3.47048569418239,-6.17740568043269,19
"369",-3.00228053945533,-6.17740568043269,19
"370",-2.53407538472827,-6.17740568043269,19
"371",-2.06587023000121,-6.17740568043269,19
"372",-1.59766507527415,-6.17740568043269,19
"373",-1.12945992054709,-6.17740568043269,19
"374",-0.661254765820031,-6.17740568043269,19
"375",-0.19304961109297,-6.17740568043269,19
"376",0.27515554363409,-6.17740568043269,19
"377",0.743360698361151,-6.17740568043269,19
"378",1.21156585308821,-6.17740568043269,19
"379",1.67977100781527,-6.17740568043269,19
"380",2.14797616254233,-6.17740568043269,19
"381",-6.74792177727182,-4.27264377567078,20
"382",-6.27971662254476,-4.74883425186126,20
"383",-5.8115114678177,-5.22502472805174,20
"384",-5.34330631309064,-5.46311996614697,20
"385",-4.87510115836358,-5.70121520424221,20
"386",-4.40689600363651,-5.93931044233745,20
"387",-3.93869084890945,-5.93931044233745,20
"388",-3.47048569418239,-5.93931044233745,20
"389",-3.00228053945533,-6.17740568043269,20
"390",-2.53407538472827,-6.17740568043269,20
"391",-2.06587023000121,-6.17740568043269,20
"392",-1.59766507527415,-6.17740568043269,20
"393",-1.12945992054709,-6.17740568043269,20
"394",-0.661254765820031,-6.17740568043269,20
"395",-0.19304961109297,-6.17740568043269,20
"396",0.27515554363409,-6.17740568043269,20
"397",0.743360698361151,-6.17740568043269,20
"398",1.21156585308821,-6.17740568043269,20
"399",1.67977100781527,-6.17740568043269,20
"400",2.14797616254233,-6.17740568043269,20
"401",-6.74792177727182,-3.08216758519459,21
"402",-6.27971662254476,-3.55835806138507,21
"403",-5.8115114678177,-4.51073901376602,21
"404",-5.34330631309064,-5.22502472805174,21
"405",-4.87510115836358,-5.70121520424221,21
"406",-4.40689600363651,-5.93931044233745,21
"407",-3.93869084890945,-6.17740568043269,21
"408",-3.47048569418239,-6.41550091852793,21
"409",-3.00228053945533,-6.41550091852793,21
"410",-2.53407538472827,-6.65359615662316,21
"411",-2.06587023000121,-6.65359615662316,21
"412",-1.59766507527415,-6.65359615662316,21
"413",-1.12945992054709,-6.65359615662316,21
"414",-0.661254765820031,-6.65359615662316,21
"415",-0.19304961109297,-6.65359615662316,21
"416",0.27515554363409,-6.65359615662316,21
"417",0.743360698361151,-6.65359615662316,21
"418",1.21156585308821,-6.65359615662316,21
"419",1.67977100781527,-6.65359615662316,21
"420",2.14797616254233,-6.65359615662316,21
"421",-6.74792177727182,-3.08216758519459,22
"422",-6.27971662254476,-3.08216758519459,22
"423",-5.8115114678177,-4.51073901376602,22
"424",-5.34330631309064,-5.22502472805174,22
"425",-4.87510115836358,-5.70121520424221,22
"426",-4.40689600363651,-5.93931044233745,22
"427",-3.93869084890945,-6.17740568043269,22
"428",-3.47048569418239,-6.17740568043269,22
"429",-3.00228053945533,-6.41550091852793,22
"430",-2.53407538472827,-6.41550091852793,22
"431",-2.06587023000121,-6.41550091852793,22
"432",-1.59766507527415,-6.41550091852793,22
"433",-1.12945992054709,-6.41550091852793,22
"434",-0.661254765820031,-6.41550091852793,22
"435",-0.19304961109297,-6.41550091852793,22
"436",0.27515554363409,-6.41550091852793,22
"437",0.743360698361151,-6.41550091852793,22
"438",1.21156585308821,-6.41550091852793,22
"439",1.67977100781527,-6.41550091852793,22
"440",2.14797616254233,-6.41550091852793,22
"441",-6.74792177727182,-4.03454853757555,23
"442",-6.27971662254476,-4.74883425186126,23
"443",-5.8115114678177,-5.22502472805174,23
"444",-5.34330631309064,-5.46311996614697,23
"445",-4.87510115836358,-5.70121520424221,23
"446",-4.40689600363651,-5.93931044233745,23
"447",-3.93869084890945,-5.93931044233745,23
"448",-3.47048569418239,-6.17740568043269,23
"449",-3.00228053945533,-6.17740568043269,23
"450",-2.53407538472827,-6.17740568043269,23
"451",-2.06587023000121,-6.17740568043269,23
"452",-1.59766507527415,-6.17740568043269,23
"453",-1.12945992054709,-6.17740568043269,23
"454",-0.661254765820031,-6.17740568043269,23
"455",-0.19304961109297,-6.17740568043269,23
"456",0.27515554363409,-6.17740568043269,23
"457",0.743360698361151,-6.17740568043269,23
"458",1.21156585308821,-6.17740568043269,23
"459",1.67977100781527,-6.17740568043269,23
"460",2.14797616254233,-6.17740568043269,23
"461",-6.74792177727182,-3.08216758519459,24
"462",-6.27971662254476,-4.03454853757555,24
"463",-5.8115114678177,-4.74883425186126,24
"464",-5.34330631309064,-5.22502472805174,24
"465",-4.87510115836358,-5.70121520424221,24
"466",-4.40689600363651,-5.93931044233745,24
"467",-3.93869084890945,-6.17740568043269,24
"468",-3.47048569418239,-6.17740568043269,24
"469",-3.00228053945533,-6.41550091852793,24
"470",-2.53407538472827,-6.41550091852793,24
"471",-2.06587023000121,-6.41550091852793,24
"472",-1.59766507527415,-6.41550091852793,24
"473",-1.12945992054709,-6.65359615662316,24
"474",-0.661254765820031,-6.65359615662316,24
"475",-0.19304961109297,-6.65359615662316,24
"476",0.27515554363409,-6.65359615662316,24
"477",0.743360698361151,-6.65359615662316,24
"478",1.21156585308821,-6.65359615662316,24
"479",1.67977100781527,-6.65359615662316,24
"480",2.14797616254233,-6.65359615662316,24
"481",-6.74792177727182,-3.79645329948031,25
"482",-6.27971662254476,-4.51073901376602,25
"483",-5.8115114678177,-4.9869294899565,25
"484",-5.34330631309064,-5.22502472805174,25
"485",-4.87510115836358,-5.70121520424221,25
"486",-4.40689600363651,-6.65359615662316,25
"487",-3.93869084890945,-7.84407234709936,25
"488",-3.47048569418239,-7.84407234709936,25
"489",-3.00228053945533,-7.84407234709936,25
"490",-2.53407538472827,-7.84407234709936,25
"491",-2.06587023000121,-7.84407234709936,25
"492",-1.59766507527415,-7.84407234709936,25
"493",-1.12945992054709,-7.84407234709936,25
"494",-0.661254765820031,-7.84407234709936,25
"495",-0.19304961109297,-7.84407234709936,25
"496",0.27515554363409,-7.84407234709936,25
"497",0.743360698361151,-7.84407234709936,25
"498",1.21156585308821,-7.84407234709936,25
"499",1.67977100781527,-7.84407234709936,25
"500",2.14797616254233,-7.84407234709936,25
"501",-6.74792177727182,-4.51073901376602,26
"502",-6.27971662254476,-4.9869294899565,26
"503",-5.8115114678177,-5.22502472805174,26
"504",-5.34330631309064,-5.46311996614697,26
"505",-4.87510115836358,-5.70121520424221,26
"506",-4.40689600363651,-5.93931044233745,26
"507",-3.93869084890945,-5.93931044233745,26
"508",-3.47048569418239,-5.93931044233745,26
"509",-3.00228053945533,-6.17740568043269,26
"510",-2.53407538472827,-6.17740568043269,26
"511",-2.06587023000121,-6.17740568043269,26
"512",-1.59766507527415,-6.17740568043269,26
"513",-1.12945992054709,-6.17740568043269,26
"514",-0.661254765820031,-6.17740568043269,26
"515",-0.19304961109297,-6.17740568043269,26
"516",0.27515554363409,-6.17740568043269,26
"517",0.743360698361151,-6.17740568043269,26
"518",1.21156585308821,-6.17740568043269,26
"519",1.67977100781527,-6.17740568043269,26
"520",2.14797616254233,-6.17740568043269,26
"521",-6.74792177727182,-3.08216758519459,27
"522",-6.27971662254476,-3.08216758519459,27
"523",-5.8115114678177,-3.08216758519459,27
"524",-5.34330631309064,-3.55835806138507,27
"525",-4.87510115836358,-5.70121520424221,27
"526",-4.40689600363651,-5.70121520424221,27
"527",-3.93869084890945,-5.70121520424221,27
"528",-3.47048569418239,-5.70121520424221,27
"529",-3.00228053945533,-5.70121520424221,27
"530",-2.53407538472827,-5.70121520424221,27
"531",-2.06587023000121,-5.70121520424221,27
"532",-1.59766507527415,-5.70121520424221,27
"533",-1.12945992054709,-5.70121520424221,27
"534",-0.661254765820031,-5.70121520424221,27
"535",-0.19304961109297,-5.70121520424221,27
"536",0.27515554363409,-5.70121520424221,27
"537",0.743360698361151,-5.70121520424221,27
"538",1.21156585308821,-5.70121520424221,27
"539",1.67977100781527,-5.70121520424221,27
"540",2.14797616254233,-5.70121520424221,27
"541",-6.74792177727182,-3.08216758519459,28
"542",-6.27971662254476,-3.08216758519459,28
"543",-5.8115114678177,-3.08216758519459,28
"544",-5.34330631309064,-3.08216758519459,28
"545",-4.87510115836358,-3.08216758519459,28
"546",-4.40689600363651,-6.8916913947184,28
"547",-3.93869084890945,-7.12978663281364,28
"548",-3.47048569418239,-7.12978663281364,28
"549",-3.00228053945533,-7.12978663281364,28
"550",-2.53407538472827,-7.12978663281364,28
"551",-2.06587023000121,-7.12978663281364,28
"552",-1.59766507527415,-7.12978663281364,28
"553",-1.12945992054709,-7.12978663281364,28
"554",-0.661254765820031,-7.12978663281364,28
"555",-0.19304961109297,-7.12978663281364,28
"556",0.27515554363409,-7.12978663281364,28
"557",0.743360698361151,-7.12978663281364,28
"558",1.21156585308821,-7.12978663281364,28
"559",1.67977100781527,-7.12978663281364,28
"560",2.14797616254233,-7.12978663281364,28
"561",-6.74792177727182,-3.08216758519459,29
"562",-6.27971662254476,-3.08216758519459,29
"563",-5.8115114678177,-3.08216758519459,29
"564",-5.34330631309064,-3.32026282328983,29
"565",-4.87510115836358,-5.22502472805174,29
"566",-4.40689600363651,-6.17740568043269,29
"567",-3.93869084890945,-6.41550091852793,29
"568",-3.47048569418239,-6.41550091852793,29
"569",-3.00228053945533,-6.41550091852793,29
"570",-2.53407538472827,-6.41550091852793,29
"571",-2.06587023000121,-6.41550091852793,29
"572",-1.59766507527415,-6.41550091852793,29
"573",-1.12945992054709,-6.41550091852793,29
"574",-0.661254765820031,-6.41550091852793,29
"575",-0.19304961109297,-6.41550091852793,29
"576",0.27515554363409,-6.41550091852793,29
"577",0.743360698361151,-6.41550091852793,29
"578",1.21156585308821,-6.41550091852793,29
"579",1.67977100781527,-6.41550091852793,29
"580",2.14797616254233,-6.41550091852793,29
"581",-6.74792177727182,-3.08216758519459,30
"582",-6.27971662254476,-4.27264377567078,30
"583",-5.8115114678177,-4.9869294899565,30
"584",-5.34330631309064,-5.46311996614697,30
"585",-4.87510115836358,-5.70121520424221,30
"586",-4.40689600363651,-5.93931044233745,30
"587",-3.93869084890945,-5.93931044233745,30
"588",-3.47048569418239,-6.17740568043269,30
"589",-3.00228053945533,-6.17740568043269,30
"590",-2.53407538472827,-6.17740568043269,30
"591",-2.06587023000121,-6.17740568043269,30
"592",-1.59766507527415,-6.17740568043269,30
"593",-1.12945992054709,-6.17740568043269,30
"594",-0.661254765820031,-6.17740568043269,30
"595",-0.19304961109297,-6.17740568043269,30
"596",0.27515554363409,-6.17740568043269,30
"597",0.743360698361151,-6.17740568043269,30
"598",1.21156585308821,-6.17740568043269,30
"599",1.67977100781527,-6.17740568043269,30
"600",2.14797616254233,-6.17740568043269,30
"601",-6.74792177727182,-3.08216758519459,31
"602",-6.27971662254476,-3.08216758519459,31
"603",-5.8115114678177,-3.08216758519459,31
"604",-5.34330631309064,-3.79645329948031,31
"605",-4.87510115836358,-4.74883425186126,31
"606",-4.40689600363651,-6.8916913947184,31
"607",-3.93869084890945,-7.60597710900412,31
"608",-3.47048569418239,-7.84407234709936,31
"609",-3.00228053945533,-7.84407234709936,31
"610",-2.53407538472827,-7.84407234709936,31
"611",-2.06587023000121,-7.84407234709936,31
"612",-1.59766507527415,-7.84407234709936,31
"613",-1.12945992054709,-7.84407234709936,31
"614",-0.661254765820031,-7.84407234709936,31
"615",-0.19304961109297,-7.84407234709936,31
"616",0.27515554363409,-7.84407234709936,31
"617",0.743360698361151,-7.84407234709936,31
"618",1.21156585308821,-7.84407234709936,31
"619",1.67977100781527,-7.84407234709936,31
"620",2.14797616254233,-7.84407234709936,31
"621",-6.74792177727182,-3.08216758519459,32
"622",-6.27971662254476,-3.79645329948031,32
"623",-5.8115114678177,-4.74883425186126,32
"624",-5.34330631309064,-5.22502472805174,32
"625",-4.87510115836358,-5.70121520424221,32
"626",-4.40689600363651,-5.93931044233745,32
"627",-3.93869084890945,-6.17740568043269,32
"628",-3.47048569418239,-6.17740568043269,32
"629",-3.00228053945533,-6.17740568043269,32
"630",-2.53407538472827,-6.41550091852793,32
"631",-2.06587023000121,-6.41550091852793,32
"632",-1.59766507527415,-6.41550091852793,32
"633",-1.12945992054709,-6.41550091852793,32
"634",-0.661254765820031,-6.41550091852793,32
"635",-0.19304961109297,-6.41550091852793,32
"636",0.27515554363409,-6.41550091852793,32
"637",0.743360698361151,-6.41550091852793,32
"638",1.21156585308821,-6.41550091852793,32
"639",1.67977100781527,-6.41550091852793,32
"640",2.14797616254233,-6.41550091852793,32
"641",-6.74792177727182,-3.08216758519459,33
"642",-6.27971662254476,-3.08216758519459,33
"643",-5.8115114678177,-3.79645329948031,33
"644",-5.34330631309064,-4.74883425186126,33
"645",-4.87510115836358,-5.46311996614697,33
"646",-4.40689600363651,-6.17740568043269,33
"647",-3.93869084890945,-6.41550091852793,33
"648",-3.47048569418239,-6.8916913947184,33
"649",-3.00228053945533,-7.12978663281364,33
"650",-2.53407538472827,-7.12978663281364,33
"651",-2.06587023000121,-7.36788187090888,33
"652",-1.59766507527415,-7.36788187090888,33
"653",-1.12945992054709,-7.60597710900412,33
"654",-0.661254765820031,-7.60597710900412,33
"655",-0.19304961109297,-7.60597710900412,33
"656",0.27515554363409,-7.60597710900412,33
"657",0.743360698361151,-7.60597710900412,33
"658",1.21156585308821,-7.60597710900412,33
"659",1.67977100781527,-7.60597710900412,33
"660",2.14797616254233,-7.60597710900412,33
"661",-6.74792177727182,-3.08216758519459,34
"662",-6.27971662254476,-3.08216758519459,34
"663",-5.8115114678177,-4.27264377567078,34
"664",-5.34330631309064,-5.22502472805174,34
"665",-4.87510115836358,-5.70121520424221,34
"666",-4.40689600363651,-5.93931044233745,34
"667",-3.93869084890945,-6.17740568043269,34
"668",-3.47048569418239,-6.41550091852793,34
"669",-3.00228053945533,-6.41550091852793,34
"670",-2.53407538472827,-6.41550091852793,34
"671",-2.06587023000121,-6.41550091852793,34
"672",-1.59766507527415,-6.41550091852793,34
"673",-1.12945992054709,-6.41550091852793,34
"674",-0.661254765820031,-6.41550091852793,34
"675",-0.19304961109297,-6.41550091852793,34
"676",0.27515554363409,-6.41550091852793,34
"677",0.743360698361151,-6.41550091852793,34
"678",1.21156585308821,-6.41550091852793,34
"679",1.67977100781527,-6.41550091852793,34
"680",2.14797616254233,-6.41550091852793,34
"681",-6.74792177727182,-3.79645329948031,35
"682",-6.27971662254476,-4.51073901376602,35
"683",-5.8115114678177,-4.9869294899565,35
"684",-5.34330631309064,-5.46311996614697,35
"685",-4.87510115836358,-5.70121520424221,35
"686",-4.40689600363651,-5.93931044233745,35
"687",-3.93869084890945,-5.93931044233745,35
"688",-3.47048569418239,-6.17740568043269,35
"689",-3.00228053945533,-6.17740568043269,35
"690",-2.53407538472827,-6.17740568043269,35
"691",-2.06587023000121,-6.41550091852793,35
"692",-1.59766507527415,-6.41550091852793,35
"693",-1.12945992054709,-6.41550091852793,35
"694",-0.661254765820031,-6.41550091852793,35
"695",-0.19304961109297,-6.41550091852793,35
"696",0.27515554363409,-6.41550091852793,35
"697",0.743360698361151,-6.41550091852793,35
"698",1.21156585308821,-6.41550091852793,35
"699",1.67977100781527,-6.41550091852793,35
"700",2.14797616254233,-6.41550091852793,35
"701",-6.74792177727182,-3.08216758519459,36
"702",-6.27971662254476,-3.08216758519459,36
"703",-5.8115114678177,-3.08216758519459,36
"704",-5.34330631309064,-3.08216758519459,36
"705",-4.87510115836358,-5.22502472805174,36
"706",-4.40689600363651,-5.93931044233745,36
"707",-3.93869084890945,-5.93931044233745,36
"708",-3.47048569418239,-5.93931044233745,36
"709",-3.00228053945533,-5.93931044233745,36
"710",-2.53407538472827,-5.93931044233745,36
"711",-2.06587023000121,-5.93931044233745,36
"712",-1.59766507527415,-5.93931044233745,36
"713",-1.12945992054709,-5.93931044233745,36
"714",-0.661254765820031,-5.93931044233745,36
"715",-0.19304961109297,-5.93931044233745,36
"716",0.27515554363409,-5.93931044233745,36
"717",0.743360698361151,-5.93931044233745,36
"718",1.21156585308821,-5.93931044233745,36
"719",1.67977100781527,-5.93931044233745,36
"720",2.14797616254233,-5.93931044233745,36
"721",-6.74792177727182,-3.08216758519459,37
"722",-6.27971662254476,-4.03454853757555,37
"723",-5.8115114678177,-4.74883425186126,37
"724",-5.34330631309064,-5.22502472805174,37
"725",-4.87510115836358,-5.70121520424221,37
"726",-4.40689600363651,-5.93931044233745,37
"727",-3.93869084890945,-6.17740568043269,37
"728",-3.47048569418239,-6.41550091852793,37
"729",-3.00228053945533,-6.65359615662316,37
"730",-2.53407538472827,-6.65359615662316,37
"731",-2.06587023000121,-6.65359615662316,37
"732",-1.59766507527415,-6.8916913947184,37
"733",-1.12945992054709,-6.8916913947184,37
"734",-0.661254765820031,-6.8916913947184,37
"735",-0.19304961109297,-6.8916913947184,37
"736",0.27515554363409,-6.8916913947184,37
"737",0.743360698361151,-6.8916913947184,37
"738",1.21156585308821,-6.8916913947184,37
"739",1.67977100781527,-6.8916913947184,37
"740",2.14797616254233,-6.8916913947184,37
"741",-6.74792177727182,-3.08216758519459,38
"742",-6.27971662254476,-3.08216758519459,38
"743",-5.8115114678177,-3.08216758519459,38
"744",-5.34330631309064,-4.51073901376602,38
"745",-4.87510115836358,-5.46311996614697,38
"746",-4.40689600363651,-6.17740568043269,38
"747",-3.93869084890945,-6.65359615662316,38
"748",-3.47048569418239,-6.8916913947184,38
"749",-3.00228053945533,-7.12978663281364,38
"750",-2.53407538472827,-7.36788187090888,38
"751",-2.06587023000121,-7.36788187090888,38
"752",-1.59766507527415,-7.36788187090888,38
"753",-1.12945992054709,-7.36788187090888,38
"754",-0.661254765820031,-7.60597710900412,38
"755",-0.19304961109297,-7.60597710900412,38
"756",0.27515554363409,-7.60597710900412,38
"757",0.743360698361151,-7.60597710900412,38
"758",1.21156585308821,-7.60597710900412,38
"759",1.67977100781527,-7.60597710900412,38
"760",2.14797616254233,-7.60597710900412,38
"761",-6.74792177727182,-3.08216758519459,39
"762",-6.27971662254476,-3.08216758519459,39
"763",-5.8115114678177,-3.79645329948031,39
"764",-5.34330631309064,-4.9869294899565,39
"765",-4.87510115836358,-5.46311996614697,39
"766",-4.40689600363651,-5.93931044233745,39
"767",-3.93869084890945,-6.41550091852793,39
"768",-3.47048569418239,-6.65359615662316,39
"769",-3.00228053945533,-6.8916913947184,39
"770",-2.53407538472827,-6.8916913947184,39
"771",-2.06587023000121,-6.8916913947184,39
"772",-1.59766507527415,-7.12978663281364,39
"773",-1.12945992054709,-7.12978663281364,39
"774",-0.661254765820031,-7.12978663281364,39
"775",-0.19304961109297,-7.12978663281364,39
"776",0.27515554363409,-7.12978663281364,39
"777",0.743360698361151,-7.12978663281364,39
"778",1.21156585308821,-7.12978663281364,39
"779",1.67977100781527,-7.12978663281364,39
"780",2.14797616254233,-7.12978663281364,39
"781",-6.74792177727182,-3.08216758519459,40
"782",-6.27971662254476,-3.08216758519459,40
"783",-5.8115114678177,-4.27264377567078,40
"784",-5.34330631309064,-5.22502472805174,40
"785",-4.87510115836358,-5.70121520424221,40
"786",-4.40689600363651,-5.93931044233745,40
"787",-3.93869084890945,-6.17740568043269,40
"788",-3.47048569418239,-6.41550091852793,40
"789",-3.00228053945533,-6.65359615662316,40
"790",-2.53407538472827,-6.65359615662316,40
"791",-2.06587023000121,-6.65359615662316,40
"792",-1.59766507527415,-6.65359615662316,40
"793",-1.12945992054709,-6.65359615662316,40
"794",-0.661254765820031,-6.8916913947184,40
"795",-0.19304961109297,-6.8916913947184,40
"796",0.27515554363409,-6.8916913947184,40
"797",0.743360698361151,-6.8916913947184,40
"798",1.21156585308821,-6.8916913947184,40
"799",1.67977100781527,-6.8916913947184,40
"800",2.14797616254233,-6.8916913947184,40
"801",-6.74792177727182,-3.08216758519459,41
"802",-6.27971662254476,-4.03454853757555,41
"803",-5.8115114678177,-4.74883425186126,41
"804",-5.34330631309064,-5.22502472805174,41
"805",-4.87510115836358,-5.70121520424221,41
"806",-4.40689600363651,-5.93931044233745,41
"807",-3.93869084890945,-6.17740568043269,41
"808",-3.47048569418239,-6.41550091852793,41
"809",-3.00228053945533,-6.41550091852793,41
"810",-2.53407538472827,-6.65359615662316,41
"811",-2.06587023000121,-6.65359615662316,41
"812",-1.59766507527415,-6.8916913947184,41
"813",-1.12945992054709,-6.8916913947184,41
"814",-0.661254765820031,-6.8916913947184,41
"815",-0.19304961109297,-6.8916913947184,41
"816",0.27515554363409,-6.8916913947184,41
"817",0.743360698361151,-6.8916913947184,41
"818",1.21156585308821,-6.8916913947184,41
"819",1.67977100781527,-6.8916913947184,41
"820",2.14797616254233,-6.8916913947184,41
"821",-6.74792177727182,-3.08216758519459,42
"822",-6.27971662254476,-3.08216758519459,42
"823",-5.8115114678177,-3.32026282328983,42
"824",-5.34330631309064,-4.03454853757555,42
"825",-4.87510115836358,-5.46311996614697,42
"826",-4.40689600363651,-6.41550091852793,42
"827",-3.93869084890945,-6.8916913947184,42
"828",-3.47048569418239,-7.12978663281364,42
"829",-3.00228053945533,-7.36788187090888,42
"830",-2.53407538472827,-7.60597710900412,42
"831",-2.06587023000121,-7.60597710900412,42
"832",-1.59766507527415,-7.60597710900412,42
"833",-1.12945992054709,-7.60597710900412,42
"834",-0.661254765820031,-7.60597710900412,42
"835",-0.19304961109297,-7.60597710900412,42
"836",0.27515554363409,-7.60597710900412,42
"837",0.743360698361151,-7.60597710900412,42
"838",1.21156585308821,-7.60597710900412,42
"839",1.67977100781527,-7.60597710900412,42
"840",2.14797616254233,-7.60597710900412,42
"841",-6.74792177727182,-3.08216758519459,43
"842",-6.27971662254476,-3.08216758519459,43
"843",-5.8115114678177,-3.32026282328983,43
"844",-5.34330631309064,-4.74883425186126,43
"845",-4.87510115836358,-5.46311996614697,43
"846",-4.40689600363651,-6.17740568043269,43
"847",-3.93869084890945,-6.65359615662316,43
"848",-3.47048569418239,-6.8916913947184,43
"849",-3.00228053945533,-7.12978663281364,43
"850",-2.53407538472827,-7.36788187090888,43
"851",-2.06587023000121,-7.60597710900412,43
"852",-1.59766507527415,-7.60597710900412,43
"853",-1.12945992054709,-7.60597710900412,43
"854",-0.661254765820031,-7.84407234709936,43
"855",-0.19304961109297,-7.84407234709936,43
"856",0.27515554363409,-7.84407234709936,43
"857",0.743360698361151,-7.84407234709936,43
"858",1.21156585308821,-7.84407234709936,43
"859",1.67977100781527,-7.84407234709936,43
"860",2.14797616254233,-7.84407234709936,43
"861",-6.74792177727182,-3.08216758519459,44
"862",-6.27971662254476,-3.08216758519459,44
"863",-5.8115114678177,-3.08216758519459,44
"864",-5.34330631309064,-3.08216758519459,44
"865",-4.87510115836358,-5.46311996614697,44
"866",-4.40689600363651,-6.17740568043269,44
"867",-3.93869084890945,-6.41550091852793,44
"868",-3.47048569418239,-6.65359615662316,44
"869",-3.00228053945533,-6.65359615662316,44
"870",-2.53407538472827,-6.65359615662316,44
"871",-2.06587023000121,-6.65359615662316,44
"872",-1.59766507527415,-6.65359615662316,44
"873",-1.12945992054709,-6.65359615662316,44
"874",-0.661254765820031,-6.65359615662316,44
"875",-0.19304961109297,-6.65359615662316,44
"876",0.27515554363409,-6.65359615662316,44
"877",0.743360698361151,-6.65359615662316,44
"878",1.21156585308821,-6.65359615662316,44
"879",1.67977100781527,-6.65359615662316,44
"880",2.14797616254233,-6.65359615662316,44
"881",-6.74792177727182,-3.08216758519459,45
"882",-6.27971662254476,-3.08216758519459,45
"883",-5.8115114678177,-3.55835806138507,45
"884",-5.34330631309064,-4.74883425186126,45
"885",-4.87510115836358,-5.46311996614697,45
"886",-4.40689600363651,-6.17740568043269,45
"887",-3.93869084890945,-6.65359615662316,45
"888",-3.47048569418239,-7.12978663281364,45
"889",-3.00228053945533,-7.36788187090888,45
"890",-2.53407538472827,-7.60597710900412,45
"891",-2.06587023000121,-7.84407234709936,45
"892",-1.59766507527415,-7.84407234709936,45
"893",-1.12945992054709,-7.84407234709936,45
"894",-0.661254765820031,-7.84407234709936,45
"895",-0.19304961109297,-7.84407234709936,45
"896",0.27515554363409,-7.84407234709936,45
"897",0.743360698361151,-7.84407234709936,45
"898",1.21156585308821,-7.84407234709936,45
"899",1.67977100781527,-7.84407234709936,45
"900",2.14797616254233,-7.84407234709936,45
"901",-6.74792177727182,-3.08216758519459,46
"902",-6.27971662254476,-3.08216758519459,46
"903",-5.8115114678177,-3.55835806138507,46
"904",-5.34330631309064,-4.74883425186126,46
"905",-4.87510115836358,-5.46311996614697,46
"906",-4.40689600363651,-6.17740568043269,46
"907",-3.93869084890945,-6.41550091852793,46
"908",-3.47048569418239,-6.65359615662316,46
"909",-3.00228053945533,-6.8916913947184,46
"910",-2.53407538472827,-7.12978663281364,46
"911",-2.06587023000121,-7.12978663281364,46
"912",-1.59766507527415,-7.36788187090888,46
"913",-1.12945992054709,-7.36788187090888,46
"914",-0.661254765820031,-7.36788187090888,46
"915",-0.19304961109297,-7.36788187090888,46
"916",0.27515554363409,-7.36788187090888,46
"917",0.743360698361151,-7.36788187090888,46
"918",1.21156585308821,-7.36788187090888,46
"919",1.67977100781527,-7.36788187090888,46
"920",2.14797616254233,-7.36788187090888,46
"921",-6.74792177727182,-4.03454853757555,47
"922",-6.27971662254476,-4.74883425186126,47
"923",-5.8115114678177,-4.9869294899565,47
"924",-5.34330631309064,-5.46311996614697,47
"925",-4.87510115836358,-5.70121520424221,47
"926",-4.40689600363651,-5.93931044233745,47
"927",-3.93869084890945,-5.93931044233745,47
"928",-3.47048569418239,-6.17740568043269,47
"929",-3.00228053945533,-6.17740568043269,47
"930",-2.53407538472827,-6.41550091852793,47
"931",-2.06587023000121,-6.41550091852793,47
"932",-1.59766507527415,-6.41550091852793,47
"933",-1.12945992054709,-6.41550091852793,47
"934",-0.661254765820031,-6.65359615662316,47
"935",-0.19304961109297,-6.8916913947184,47
"936",0.27515554363409,-7.12978663281364,47
"937",0.743360698361151,-7.12978663281364,47
"938",1.21156585308821,-7.12978663281364,47
"939",1.67977100781527,-7.12978663281364,47
"940",2.14797616254233,-7.12978663281364,47
"941",-6.74792177727182,-3.08216758519459,48
"942",-6.27971662254476,-3.08216758519459,48
"943",-5.8115114678177,-4.27264377567078,48
"944",-5.34330631309064,-4.9869294899565,48
"945",-4.87510115836358,-5.70121520424221,48
"946",-4.40689600363651,-5.93931044233745,48
"947",-3.93869084890945,-6.17740568043269,48
"948",-3.47048569418239,-6.41550091852793,48
"949",-3.00228053945533,-6.65359615662316,48
"950",-2.53407538472827,-6.65359615662316,48
"951",-2.06587023000121,-6.65359615662316,48
"952",-1.59766507527415,-6.65359615662316,48
"953",-1.12945992054709,-6.8916913947184,48
"954",-0.661254765820031,-6.8916913947184,48
"955",-0.19304961109297,-6.8916913947184,48
"956",0.27515554363409,-6.8916913947184,48
"957",0.743360698361151,-6.8916913947184,48
"958",1.21156585308821,-6.8916913947184,48
"959",1.67977100781527,-6.8916913947184,48
"960",2.14797616254233,-6.8916913947184,48
"961",-6.74792177727182,-3.08216758519459,49
"962",-6.27971662254476,-3.79645329948031,49
"963",-5.8115114678177,-4.74883425186126,49
"964",-5.34330631309064,-5.22502472805174,49
"965",-4.87510115836358,-5.70121520424221,49
"966",-4.40689600363651,-5.93931044233745,49
"967",-3.93869084890945,-5.93931044233745,49
"968",-3.47048569418239,-6.17740568043269,49
"969",-3.00228053945533,-6.17740568043269,49
"970",-2.53407538472827,-6.17740568043269,49
"971",-2.06587023000121,-6.17740568043269,49
"972",-1.59766507527415,-6.17740568043269,49
"973",-1.12945992054709,-6.17740568043269,49
"974",-0.661254765820031,-6.17740568043269,49
"975",-0.19304961109297,-6.17740568043269,49
"976",0.27515554363409,-6.17740568043269,49
"977",0.743360698361151,-6.17740568043269,49
"978",1.21156585308821,-6.17740568043269,49
"979",1.67977100781527,-6.17740568043269,49
"980",2.14797616254233,-6.17740568043269,49
"981",-6.74792177727182,-3.08216758519459,50
"982",-6.27971662254476,-3.79645329948031,50
"983",-5.8115114678177,-4.74883425186126,50
"984",-5.34330631309064,-5.22502472805174,50
"985",-4.87510115836358,-5.70121520424221,50
"986",-4.40689600363651,-5.93931044233745,50
"987",-3.93869084890945,-6.17740568043269,50
"988",-3.47048569418239,-6.41550091852793,50
"989",-3.00228053945533,-6.65359615662316,50
"990",-2.53407538472827,-6.65359615662316,50
"991",-2.06587023000121,-6.65359615662316,50
"992",-1.59766507527415,-6.8916913947184,50
"993",-1.12945992054709,-6.8916913947184,50
"994",-0.661254765820031,-6.8916913947184,50
"995",-0.19304961109297,-6.8916913947184,50
"996",0.27515554363409,-6.8916913947184,50
"997",0.743360698361151,-6.8916913947184,50
"998",1.21156585308821,-6.8916913947184,50
"999",1.67977100781527,-6.8916913947184,50
"1000",2.14797616254233,-6.8916913947184,50
"1001",-6.74792177727182,-3.08216758519459,51
"1002",-6.27971662254476,-3.08216758519459,51
"1003",-5.8115114678177,-3.08216758519459,51
"1004",-5.34330631309064,-3.08216758519459,51
"1005",-4.87510115836358,-4.74883425186126,51
"1006",-4.40689600363651,-6.65359615662316,51
"1007",-3.93869084890945,-7.12978663281364,51
"1008",-3.47048569418239,-7.36788187090888,51
"1009",-3.00228053945533,-7.60597710900412,51
"1010",-2.53407538472827,-7.60597710900412,51
"1011",-2.06587023000121,-7.60597710900412,51
"1012",-1.59766507527415,-7.60597710900412,51
"1013",-1.12945992054709,-7.60597710900412,51
"1014",-0.661254765820031,-7.60597710900412,51
"1015",-0.19304961109297,-7.60597710900412,51
"1016",0.27515554363409,-7.60597710900412,51
"1017",0.743360698361151,-7.84407234709936,51
"1018",1.21156585308821,-7.84407234709936,51
"1019",1.67977100781527,-7.84407234709936,51
"1020",2.14797616254233,-7.84407234709936,51
"1021",-6.74792177727182,-3.08216758519459,52
"1022",-6.27971662254476,-3.08216758519459,52
"1023",-5.8115114678177,-3.08216758519459,52
"1024",-5.34330631309064,-3.08216758519459,52
"1025",-4.87510115836358,-3.08216758519459,52
"1026",-4.40689600363651,-6.65359615662316,52
"1027",-3.93869084890945,-6.8916913947184,52
"1028",-3.47048569418239,-7.12978663281364,52
"1029",-3.00228053945533,-7.12978663281364,52
"1030",-2.53407538472827,-7.12978663281364,52
"1031",-2.06587023000121,-7.12978663281364,52
"1032",-1.59766507527415,-7.12978663281364,52
"1033",-1.12945992054709,-7.12978663281364,52
"1034",-0.661254765820031,-7.12978663281364,52
"1035",-0.19304961109297,-7.12978663281364,52
"1036",0.27515554363409,-7.12978663281364,52
"1037",0.743360698361151,-7.12978663281364,52
"1038",1.21156585308821,-7.12978663281364,52
"1039",1.67977100781527,-7.12978663281364,52
"1040",2.14797616254233,-7.12978663281364,52
"1041",-6.74792177727182,-3.08216758519459,53
"1042",-6.27971662254476,-4.03454853757555,53
"1043",-5.8115114678177,-4.9869294899565,53
"1044",-5.34330631309064,-5.22502472805174,53
"1045",-4.87510115836358,-5.70121520424221,53
"1046",-4.40689600363651,-5.93931044233745,53
"1047",-3.93869084890945,-5.93931044233745,53
"1048",-3.47048569418239,-6.17740568043269,53
"1049",-3.00228053945533,-6.17740568043269,53
"1050",-2.53407538472827,-6.17740568043269,53
"1051",-2.06587023000121,-6.41550091852793,53
"1052",-1.59766507527415,-6.41550091852793,53
"1053",-1.12945992054709,-6.41550091852793,53
"1054",-0.661254765820031,-6.41550091852793,53
"1055",-0.19304961109297,-6.41550091852793,53
"1056",0.27515554363409,-6.41550091852793,53
"1057",0.743360698361151,-6.41550091852793,53
"1058",1.21156585308821,-6.41550091852793,53
"1059",1.67977100781527,-6.41550091852793,53
"1060",2.14797616254233,-6.41550091852793,53
"1061",-6.74792177727182,-4.27264377567078,54
"1062",-6.27971662254476,-4.27264377567078,54
"1063",-5.8115114678177,-4.9869294899565,54
"1064",-5.34330631309064,-5.22502472805174,54
"1065",-4.87510115836358,-5.70121520424221,54
"1066",-4.40689600363651,-5.93931044233745,54
"1067",-3.93869084890945,-6.17740568043269,54
"1068",-3.47048569418239,-6.17740568043269,54
"1069",-3.00228053945533,-6.17740568043269,54
"1070",-2.53407538472827,-6.41550091852793,54
"1071",-2.06587023000121,-6.41550091852793,54
"1072",-1.59766507527415,-6.41550091852793,54
"1073",-1.12945992054709,-6.41550091852793,54
"1074",-0.661254765820031,-6.41550091852793,54
"1075",-0.19304961109297,-6.41550091852793,54
"1076",0.27515554363409,-6.41550091852793,54
"1077",0.743360698361151,-6.41550091852793,54
"1078",1.21156585308821,-6.41550091852793,54
"1079",1.67977100781527,-6.65359615662316,54
"1080",2.14797616254233,-7.12978663281364,54
"1081",-6.74792177727182,-3.08216758519459,55
"1082",-6.27971662254476,-3.08216758519459,55
"1083",-5.8115114678177,-3.08216758519459,55
"1084",-5.34330631309064,-3.08216758519459,55
"1085",-4.87510115836358,-3.55835806138507,55
"1086",-4.40689600363651,-7.84407234709936,55
"1087",-3.93869084890945,-7.84407234709936,55
"1088",-3.47048569418239,-7.84407234709936,55
"1089",-3.00228053945533,-7.84407234709936,55
"1090",-2.53407538472827,-7.84407234709936,55
"1091",-2.06587023000121,-7.84407234709936,55
"1092",-1.59766507527415,-7.84407234709936,55
"1093",-1.12945992054709,-7.84407234709936,55
"1094",-0.661254765820031,-7.84407234709936,55
"1095",-0.19304961109297,-7.84407234709936,55
"1096",0.27515554363409,-7.84407234709936,55
"1097",0.743360698361151,-7.84407234709936,55
"1098",1.21156585308821,-7.84407234709936,55
"1099",1.67977100781527,-7.84407234709936,55
"1100",2.14797616254233,-7.84407234709936,55
"1101",-6.74792177727182,-3.08216758519459,56
"1102",-6.27971662254476,-3.08216758519459,56
"1103",-5.8115114678177,-4.74883425186126,56
"1104",-5.34330631309064,-5.46311996614697,56
"1105",-4.87510115836358,-5.70121520424221,56
"1106",-4.40689600363651,-5.93931044233745,56
"1107",-3.93869084890945,-5.93931044233745,56
"1108",-3.47048569418239,-5.93931044233745,56
"1109",-3.00228053945533,-5.93931044233745,56
"1110",-2.53407538472827,-5.93931044233745,56
"1111",-2.06587023000121,-5.93931044233745,56
"1112",-1.59766507527415,-5.93931044233745,56
"1113",-1.12945992054709,-6.17740568043269,56
"1114",-0.661254765820031,-6.41550091852793,56
"1115",-0.19304961109297,-6.41550091852793,56
"1116",0.27515554363409,-6.41550091852793,56
"1117",0.743360698361151,-6.41550091852793,56
"1118",1.21156585308821,-6.41550091852793,56
"1119",1.67977100781527,-6.41550091852793,56
"1120",2.14797616254233,-6.41550091852793,56
"1121",-6.74792177727182,-3.08216758519459,57
"1122",-6.27971662254476,-3.08216758519459,57
"1123",-5.8115114678177,-3.08216758519459,57
"1124",-5.34330631309064,-3.08216758519459,57
"1125",-4.87510115836358,-5.70121520424221,57
"1126",-4.40689600363651,-5.70121520424221,57
"1127",-3.93869084890945,-5.70121520424221,57
"1128",-3.47048569418239,-5.70121520424221,57
"1129",-3.00228053945533,-5.70121520424221,57
"1130",-2.53407538472827,-5.70121520424221,57
"1131",-2.06587023000121,-5.70121520424221,57
"1132",-1.59766507527415,-5.70121520424221,57
"1133",-1.12945992054709,-5.70121520424221,57
"1134",-0.661254765820031,-5.70121520424221,57
"1135",-0.19304961109297,-5.70121520424221,57
"1136",0.27515554363409,-5.70121520424221,57
"1137",0.743360698361151,-5.70121520424221,57
"1138",1.21156585308821,-5.70121520424221,57
"1139",1.67977100781527,-5.70121520424221,57
"1140",2.14797616254233,-5.70121520424221,57
"1141",-6.74792177727182,-3.08216758519459,58
"1142",-6.27971662254476,-3.08216758519459,58
"1143",-5.8115114678177,-4.03454853757555,58
"1144",-5.34330631309064,-4.9869294899565,58
"1145",-4.87510115836358,-5.70121520424221,58
"1146",-4.40689600363651,-5.93931044233745,58
"1147",-3.93869084890945,-6.41550091852793,58
"1148",-3.47048569418239,-6.65359615662316,58
"1149",-3.00228053945533,-6.8916913947184,58
"1150",-2.53407538472827,-6.8916913947184,58
"1151",-2.06587023000121,-7.12978663281364,58
"1152",-1.59766507527415,-7.12978663281364,58
"1153",-1.12945992054709,-7.12978663281364,58
"1154",-0.661254765820031,-7.12978663281364,58
"1155",-0.19304961109297,-7.12978663281364,58
"1156",0.27515554363409,-7.12978663281364,58
"1157",0.743360698361151,-7.12978663281364,58
"1158",1.21156585308821,-7.12978663281364,58
"1159",1.67977100781527,-7.12978663281364,58
"1160",2.14797616254233,-7.12978663281364,58
"1161",-6.74792177727182,-3.08216758519459,59
"1162",-6.27971662254476,-3.08216758519459,59
"1163",-5.8115114678177,-4.03454853757555,59
"1164",-5.34330631309064,-4.9869294899565,59
"1165",-4.87510115836358,-5.70121520424221,59
"1166",-4.40689600363651,-5.93931044233745,59
"1167",-3.93869084890945,-6.17740568043269,59
"1168",-3.47048569418239,-6.41550091852793,59
"1169",-3.00228053945533,-6.65359615662316,59
"1170",-2.53407538472827,-6.65359615662316,59
"1171",-2.06587023000121,-6.65359615662316,59
"1172",-1.59766507527415,-6.65359615662316,59
"1173",-1.12945992054709,-6.65359615662316,59
"1174",-0.661254765820031,-6.65359615662316,59
"1175",-0.19304961109297,-6.65359615662316,59
"1176",0.27515554363409,-6.65359615662316,59
"1177",0.743360698361151,-6.65359615662316,59
"1178",1.21156585308821,-6.65359615662316,59
"1179",1.67977100781527,-6.65359615662316,59
"1180",2.14797616254233,-6.65359615662316,59
"1181",-6.74792177727182,-3.08216758519459,60
"1182",-6.27971662254476,-3.08216758519459,60
"1183",-5.8115114678177,-3.08216758519459,60
"1184",-5.34330631309064,-3.08216758519459,60
"1185",-4.87510115836358,-5.70121520424221,60
"1186",-4.40689600363651,-5.93931044233745,60
"1187",-3.93869084890945,-5.93931044233745,60
"1188",-3.47048569418239,-5.93931044233745,60
"1189",-3.00228053945533,-5.93931044233745,60
"1190",-2.53407538472827,-5.93931044233745,60
"1191",-2.06587023000121,-5.93931044233745,60
"1192",-1.59766507527415,-5.93931044233745,60
"1193",-1.12945992054709,-5.93931044233745,60
"1194",-0.661254765820031,-5.93931044233745,60
"1195",-0.19304961109297,-5.93931044233745,60
"1196",0.27515554363409,-5.93931044233745,60
"1197",0.743360698361151,-5.93931044233745,60
"1198",1.21156585308821,-5.93931044233745,60
"1199",1.67977100781527,-5.93931044233745,60
"1200",2.14797616254233,-5.93931044233745,60
"1201",-6.74792177727182,-4.03454853757555,61
"1202",-6.27971662254476,-4.51073901376602,61
"1203",-5.8115114678177,-4.74883425186126,61
"1204",-5.34330631309064,-4.9869294899565,61
"1205",-4.87510115836358,-5.22502472805174,61
"1206",-4.40689600363651,-7.84407234709936,61
"1207",-3.93869084890945,-7.84407234709936,61
"1208",-3.47048569418239,-7.84407234709936,61
"1209",-3.00228053945533,-7.84407234709936,61
"1210",-2.53407538472827,-7.84407234709936,61
"1211",-2.06587023000121,-7.84407234709936,61
"1212",-1.59766507527415,-7.84407234709936,61
"1213",-1.12945992054709,-7.84407234709936,61
"1214",-0.661254765820031,-7.84407234709936,61
"1215",-0.19304961109297,-7.84407234709936,61
"1216",0.27515554363409,-7.84407234709936,61
"1217",0.743360698361151,-7.84407234709936,61
"1218",1.21156585308821,-7.84407234709936,61
"1219",1.67977100781527,-7.84407234709936,61
"1220",2.14797616254233,-7.84407234709936,61
"1221",-6.74792177727182,-3.08216758519459,62
"1222",-6.27971662254476,-4.27264377567078,62
"1223",-5.8115114678177,-4.9869294899565,62
"1224",-5.34330631309064,-5.46311996614697,62
"1225",-4.87510115836358,-5.70121520424221,62
"1226",-4.40689600363651,-5.93931044233745,62
"1227",-3.93869084890945,-5.93931044233745,62
"1228",-3.47048569418239,-6.17740568043269,62
"1229",-3.00228053945533,-6.17740568043269,62
"1230",-2.53407538472827,-6.17740568043269,62
"1231",-2.06587023000121,-6.17740568043269,62
"1232",-1.59766507527415,-6.17740568043269,62
"1233",-1.12945992054709,-6.17740568043269,62
"1234",-0.661254765820031,-6.17740568043269,62
"1235",-0.19304961109297,-6.17740568043269,62
"1236",0.27515554363409,-6.17740568043269,62
"1237",0.743360698361151,-6.17740568043269,62
"1238",1.21156585308821,-6.17740568043269,62
"1239",1.67977100781527,-6.17740568043269,62
"1240",2.14797616254233,-6.17740568043269,62
"1241",-6.74792177727182,-3.08216758519459,63
"1242",-6.27971662254476,-4.51073901376602,63
"1243",-5.8115114678177,-5.22502472805174,63
"1244",-5.34330631309064,-5.46311996614697,63
"1245",-4.87510115836358,-5.70121520424221,63
"1246",-4.40689600363651,-5.70121520424221,63
"1247",-3.93869084890945,-5.93931044233745,63
"1248",-3.47048569418239,-5.93931044233745,63
"1249",-3.00228053945533,-5.93931044233745,63
"1250",-2.53407538472827,-5.93931044233745,63
"1251",-2.06587023000121,-5.93931044233745,63
"1252",-1.59766507527415,-5.93931044233745,63
"1253",-1.12945992054709,-5.93931044233745,63
"1254",-0.661254765820031,-5.93931044233745,63
"1255",-0.19304961109297,-5.93931044233745,63
"1256",0.27515554363409,-5.93931044233745,63
"1257",0.743360698361151,-5.93931044233745,63
"1258",1.21156585308821,-5.93931044233745,63
"1259",1.67977100781527,-5.93931044233745,63
"1260",2.14797616254233,-5.93931044233745,63
"1261",-6.74792177727182,-3.08216758519459,64
"1262",-6.27971662254476,-3.08216758519459,64
"1263",-5.8115114678177,-3.79645329948031,64
"1264",-5.34330631309064,-4.9869294899565,64
"1265",-4.87510115836358,-5.70121520424221,64
"1266",-4.40689600363651,-5.93931044233745,64
"1267",-3.93869084890945,-6.41550091852793,64
"1268",-3.47048569418239,-6.65359615662316,64
"1269",-3.00228053945533,-6.65359615662316,64
"1270",-2.53407538472827,-6.8916913947184,64
"1271",-2.06587023000121,-6.8916913947184,64
"1272",-1.59766507527415,-6.8916913947184,64
"1273",-1.12945992054709,-6.8916913947184,64
"1274",-0.661254765820031,-6.8916913947184,64
"1275",-0.19304961109297,-6.8916913947184,64
"1276",0.27515554363409,-6.8916913947184,64
"1277",0.743360698361151,-6.8916913947184,64
"1278",1.21156585308821,-6.8916913947184,64
"1279",1.67977100781527,-6.8916913947184,64
"1280",2.14797616254233,-6.8916913947184,64
"1281",-6.74792177727182,-4.27264377567078,65
"1282",-6.27971662254476,-4.74883425186126,65
"1283",-5.8115114678177,-5.22502472805174,65
"1284",-5.34330631309064,-5.46311996614697,65
"1285",-4.87510115836358,-5.70121520424221,65
"1286",-4.40689600363651,-5.93931044233745,65
"1287",-3.93869084890945,-5.93931044233745,65
"1288",-3.47048569418239,-6.17740568043269,65
"1289",-3.00228053945533,-6.17740568043269,65
"1290",-2.53407538472827,-6.17740568043269,65
"1291",-2.06587023000121,-6.17740568043269,65
"1292",-1.59766507527415,-6.17740568043269,65
"1293",-1.12945992054709,-6.17740568043269,65
"1294",-0.661254765820031,-6.17740568043269,65
"1295",-0.19304961109297,-6.17740568043269,65
"1296",0.27515554363409,-6.17740568043269,65
"1297",0.743360698361151,-6.17740568043269,65
"1298",1.21156585308821,-6.17740568043269,65
"1299",1.67977100781527,-6.17740568043269,65
"1300",2.14797616254233,-6.17740568043269,65
"1301",-6.74792177727182,-4.03454853757555,66
"1302",-6.27971662254476,-4.74883425186126,66
"1303",-5.8115114678177,-5.22502472805174,66
"1304",-5.34330631309064,-5.46311996614697,66
"1305",-4.87510115836358,-5.70121520424221,66
"1306",-4.40689600363651,-5.93931044233745,66
"1307",-3.93869084890945,-5.93931044233745,66
"1308",-3.47048569418239,-5.93931044233745,66
"1309",-3.00228053945533,-6.17740568043269,66
"1310",-2.53407538472827,-6.17740568043269,66
"1311",-2.06587023000121,-6.17740568043269,66
"1312",-1.59766507527415,-6.17740568043269,66
"1313",-1.12945992054709,-6.17740568043269,66
"1314",-0.661254765820031,-6.17740568043269,66
"1315",-0.19304961109297,-6.17740568043269,66
"1316",0.27515554363409,-6.17740568043269,66
"1317",0.743360698361151,-6.17740568043269,66
"1318",1.21156585308821,-6.17740568043269,66
"1319",1.67977100781527,-6.17740568043269,66
"1320",2.14797616254233,-6.17740568043269,66
"1321",-6.74792177727182,-4.9869294899565,67
"1322",-6.27971662254476,-5.22502472805174,67
"1323",-5.8115114678177,-5.46311996614697,67
"1324",-5.34330631309064,-5.70121520424221,67
"1325",-4.87510115836358,-5.70121520424221,67
"1326",-4.40689600363651,-5.70121520424221,67
"1327",-3.93869084890945,-5.93931044233745,67
"1328",-3.47048569418239,-5.93931044233745,67
"1329",-3.00228053945533,-5.93931044233745,67
"1330",-2.53407538472827,-5.93931044233745,67
"1331",-2.06587023000121,-5.93931044233745,67
"1332",-1.59766507527415,-5.93931044233745,67
"1333",-1.12945992054709,-5.93931044233745,67
"1334",-0.661254765820031,-5.93931044233745,67
"1335",-0.19304961109297,-5.93931044233745,67
"1336",0.27515554363409,-5.93931044233745,67
"1337",0.743360698361151,-5.93931044233745,67
"1338",1.21156585308821,-5.93931044233745,67
"1339",1.67977100781527,-5.93931044233745,67
"1340",2.14797616254233,-5.93931044233745,67
"1341",-6.74792177727182,-3.55835806138507,68
"1342",-6.27971662254476,-4.27264377567078,68
"1343",-5.8115114678177,-4.9869294899565,68
"1344",-5.34330631309064,-5.46311996614697,68
"1345",-4.87510115836358,-5.70121520424221,68
"1346",-4.40689600363651,-5.93931044233745,68
"1347",-3.93869084890945,-6.17740568043269,68
"1348",-3.47048569418239,-6.17740568043269,68
"1349",-3.00228053945533,-6.41550091852793,68
"1350",-2.53407538472827,-6.41550091852793,68
"1351",-2.06587023000121,-6.41550091852793,68
"1352",-1.59766507527415,-6.41550091852793,68
"1353",-1.12945992054709,-6.41550091852793,68
"1354",-0.661254765820031,-6.41550091852793,68
"1355",-0.19304961109297,-6.41550091852793,68
"1356",0.27515554363409,-6.41550091852793,68
"1357",0.743360698361151,-6.41550091852793,68
"1358",1.21156585308821,-6.41550091852793,68
"1359",1.67977100781527,-6.41550091852793,68
"1360",2.14797616254233,-6.41550091852793,68
"1361",-6.74792177727182,-3.08216758519459,69
"1362",-6.27971662254476,-3.55835806138507,69
"1363",-5.8115114678177,-4.51073901376602,69
"1364",-5.34330631309064,-5.22502472805174,69
"1365",-4.87510115836358,-5.70121520424221,69
"1366",-4.40689600363651,-5.93931044233745,69
"1367",-3.93869084890945,-6.17740568043269,69
"1368",-3.47048569418239,-6.41550091852793,69
"1369",-3.00228053945533,-6.65359615662316,69
"1370",-2.53407538472827,-6.8916913947184,69
"1371",-2.06587023000121,-6.8916913947184,69
"1372",-1.59766507527415,-7.12978663281364,69
"1373",-1.12945992054709,-7.12978663281364,69
"1374",-0.661254765820031,-7.12978663281364,69
"1375",-0.19304961109297,-7.12978663281364,69
"1376",0.27515554363409,-7.12978663281364,69
"1377",0.743360698361151,-7.12978663281364,69
"1378",1.21156585308821,-7.12978663281364,69
"1379",1.67977100781527,-7.12978663281364,69
"1380",2.14797616254233,-7.12978663281364,69
"1381",-6.74792177727182,-3.08216758519459,70
"1382",-6.27971662254476,-3.08216758519459,70
"1383",-5.8115114678177,-3.08216758519459,70
"1384",-5.34330631309064,-4.9869294899565,70
"1385",-4.87510115836358,-5.70121520424221,70
"1386",-4.40689600363651,-5.93931044233745,70
"1387",-3.93869084890945,-5.93931044233745,70
"1388",-3.47048569418239,-5.93931044233745,70
"1389",-3.00228053945533,-5.93931044233745,70
"1390",-2.53407538472827,-7.84407234709936,70
"1391",-2.06587023000121,-7.84407234709936,70
"1392",-1.59766507527415,-7.84407234709936,70
"1393",-1.12945992054709,-7.84407234709936,70
"1394",-0.661254765820031,-7.84407234709936,70
"1395",-0.19304961109297,-7.84407234709936,70
"1396",0.27515554363409,-7.84407234709936,70
"1397",0.743360698361151,-7.84407234709936,70
"1398",1.21156585308821,-7.84407234709936,70
"1399",1.67977100781527,-7.84407234709936,70
"1400",2.14797616254233,-7.84407234709936,70
"1401",-6.74792177727182,-3.08216758519459,71
"1402",-6.27971662254476,-3.08216758519459,71
"1403",-5.8115114678177,-3.08216758519459,71
"1404",-5.34330631309064,-4.74883425186126,71
"1405",-4.87510115836358,-5.46311996614697,71
"1406",-4.40689600363651,-5.93931044233745,71
"1407",-3.93869084890945,-6.41550091852793,71
"1408",-3.47048569418239,-6.65359615662316,71
"1409",-3.00228053945533,-6.65359615662316,71
"1410",-2.53407538472827,-6.8916913947184,71
"1411",-2.06587023000121,-6.8916913947184,71
"1412",-1.59766507527415,-6.8916913947184,71
"1413",-1.12945992054709,-6.8916913947184,71
"1414",-0.661254765820031,-6.8916913947184,71
"1415",-0.19304961109297,-6.8916913947184,71
"1416",0.27515554363409,-6.8916913947184,71
"1417",0.743360698361151,-6.8916913947184,71
"1418",1.21156585308821,-6.8916913947184,71
"1419",1.67977100781527,-6.8916913947184,71
"1420",2.14797616254233,-6.8916913947184,71
"1421",-6.74792177727182,-3.08216758519459,72
"1422",-6.27971662254476,-3.08216758519459,72
"1423",-5.8115114678177,-3.08216758519459,72
"1424",-5.34330631309064,-3.08216758519459,72
"1425",-4.87510115836358,-5.22502472805174,72
"1426",-4.40689600363651,-6.41550091852793,72
"1427",-3.93869084890945,-6.8916913947184,72
"1428",-3.47048569418239,-7.12978663281364,72
"1429",-3.00228053945533,-7.36788187090888,72
"1430",-2.53407538472827,-7.36788187090888,72
"1431",-2.06587023000121,-7.36788187090888,72
"1432",-1.59766507527415,-7.36788187090888,72
"1433",-1.12945992054709,-7.36788187090888,72
"1434",-0.661254765820031,-7.36788187090888,72
"1435",-0.19304961109297,-7.36788187090888,72
"1436",0.27515554363409,-7.36788187090888,72
"1437",0.743360698361151,-7.36788187090888,72
"1438",1.21156585308821,-7.36788187090888,72
"1439",1.67977100781527,-7.36788187090888,72
"1440",2.14797616254233,-7.36788187090888,72
"1441",-6.74792177727182,-3.08216758519459,73
"1442",-6.27971662254476,-3.08216758519459,73
"1443",-5.8115114678177,-3.08216758519459,73
"1444",-5.34330631309064,-3.08216758519459,73
"1445",-4.87510115836358,-5.46311996614697,73
"1446",-4.40689600363651,-5.93931044233745,73
"1447",-3.93869084890945,-5.93931044233745,73
"1448",-3.47048569418239,-5.93931044233745,73
"1449",-3.00228053945533,-5.93931044233745,73
"1450",-2.53407538472827,-5.93931044233745,73
"1451",-2.06587023000121,-5.93931044233745,73
"1452",-1.59766507527415,-5.93931044233745,73
"1453",-1.12945992054709,-5.93931044233745,73
"1454",-0.661254765820031,-5.93931044233745,73
"1455",-0.19304961109297,-5.93931044233745,73
"1456",0.27515554363409,-5.93931044233745,73
"1457",0.743360698361151,-5.93931044233745,73
"1458",1.21156585308821,-5.93931044233745,73
"1459",1.67977100781527,-5.93931044233745,73
"1460",2.14797616254233,-5.93931044233745,73
"1461",-6.74792177727182,-3.08216758519459,74
"1462",-6.27971662254476,-3.08216758519459,74
"1463",-5.8115114678177,-3.32026282328983,74
"1464",-5.34330631309064,-4.74883425186126,74
"1465",-4.87510115836358,-5.46311996614697,74
"1466",-4.40689600363651,-6.17740568043269,74
"1467",-3.93869084890945,-6.41550091852793,74
"1468",-3.47048569418239,-6.8916913947184,74
"1469",-3.00228053945533,-7.12978663281364,74
"1470",-2.53407538472827,-7.12978663281364,74
"1471",-2.06587023000121,-7.36788187090888,74
"1472",-1.59766507527415,-7.36788187090888,74
"1473",-1.12945992054709,-7.36788187090888,74
"1474",-0.661254765820031,-7.36788187090888,74
"1475",-0.19304961109297,-7.36788187090888,74
"1476",0.27515554363409,-7.36788187090888,74
"1477",0.743360698361151,-7.36788187090888,74
"1478",1.21156585308821,-7.36788187090888,74
"1479",1.67977100781527,-7.36788187090888,74
"1480",2.14797616254233,-7.36788187090888,74
"1481",-6.74792177727182,-5.70121520424221,75
"1482",-6.27971662254476,-5.70121520424221,75
"1483",-5.8115114678177,-5.70121520424221,75
"1484",-5.34330631309064,-5.70121520424221,75
"1485",-4.87510115836358,-5.70121520424221,75
"1486",-4.40689600363651,-5.70121520424221,75
"1487",-3.93869084890945,-5.70121520424221,75
"1488",-3.47048569418239,-5.70121520424221,75
"1489",-3.00228053945533,-5.93931044233745,75
"1490",-2.53407538472827,-5.93931044233745,75
"1491",-2.06587023000121,-5.93931044233745,75
"1492",-1.59766507527415,-5.93931044233745,75
"1493",-1.12945992054709,-5.93931044233745,75
"1494",-0.661254765820031,-5.93931044233745,75
"1495",-0.19304961109297,-5.93931044233745,75
"1496",0.27515554363409,-5.93931044233745,75
"1497",0.743360698361151,-5.93931044233745,75
"1498",1.21156585308821,-5.93931044233745,75
"1499",1.67977100781527,-5.93931044233745,75
"1500",2.14797616254233,-5.93931044233745,75
"1501",-6.74792177727182,-3.08216758519459,76
"1502",-6.27971662254476,-3.08216758519459,76
"1503",-5.8115114678177,-3.79645329948031,76
"1504",-5.34330631309064,-4.9869294899565,76
"1505",-4.87510115836358,-5.70121520424221,76
"1506",-4.40689600363651,-5.93931044233745,76
"1507",-3.93869084890945,-6.17740568043269,76
"1508",-3.47048569418239,-6.41550091852793,76
"1509",-3.00228053945533,-6.65359615662316,76
"1510",-2.53407538472827,-7.12978663281364,76
"1511",-2.06587023000121,-7.36788187090888,76
"1512",-1.59766507527415,-7.36788187090888,76
"1513",-1.12945992054709,-7.36788187090888,76
"1514",-0.661254765820031,-7.36788187090888,76
"1515",-0.19304961109297,-7.36788187090888,76
"1516",0.27515554363409,-7.36788187090888,76
"1517",0.743360698361151,-7.36788187090888,76
"1518",1.21156585308821,-7.36788187090888,76
"1519",1.67977100781527,-7.36788187090888,76
"1520",2.14797616254233,-7.36788187090888,76
"1521",-6.74792177727182,-4.27264377567078,77
"1522",-6.27971662254476,-4.74883425186126,77
"1523",-5.8115114678177,-5.22502472805174,77
"1524",-5.34330631309064,-5.46311996614697,77
"1525",-4.87510115836358,-5.70121520424221,77
"1526",-4.40689600363651,-5.93931044233745,77
"1527",-3.93869084890945,-5.93931044233745,77
"1528",-3.47048569418239,-6.17740568043269,77
"1529",-3.00228053945533,-6.17740568043269,77
"1530",-2.53407538472827,-6.17740568043269,77
"1531",-2.06587023000121,-6.17740568043269,77
"1532",-1.59766507527415,-6.17740568043269,77
"1533",-1.12945992054709,-6.17740568043269,77
"1534",-0.661254765820031,-6.41550091852793,77
"1535",-0.19304961109297,-6.41550091852793,77
"1536",0.27515554363409,-6.41550091852793,77
"1537",0.743360698361151,-6.41550091852793,77
"1538",1.21156585308821,-6.41550091852793,77
"1539",1.67977100781527,-6.41550091852793,77
"1540",2.14797616254233,-6.41550091852793,77
"1541",-6.74792177727182,-3.08216758519459,78
"1542",-6.27971662254476,-3.08216758519459,78
"1543",-5.8115114678177,-3.08216758519459,78
"1544",-5.34330631309064,-4.74883425186126,78
"1545",-4.87510115836358,-5.46311996614697,78
"1546",-4.40689600363651,-6.17740568043269,78
"1547",-3.93869084890945,-6.41550091852793,78
"1548",-3.47048569418239,-6.65359615662316,78
"1549",-3.00228053945533,-6.65359615662316,78
"1550",-2.53407538472827,-6.8916913947184,78
"1551",-2.06587023000121,-6.8916913947184,78
"1552",-1.59766507527415,-6.8916913947184,78
"1553",-1.12945992054709,-6.8916913947184,78
"1554",-0.661254765820031,-6.8916913947184,78
"1555",-0.19304961109297,-6.8916913947184,78
"1556",0.27515554363409,-6.8916913947184,78
"1557",0.743360698361151,-6.8916913947184,78
"1558",1.21156585308821,-6.8916913947184,78
"1559",1.67977100781527,-6.8916913947184,78
"1560",2.14797616254233,-6.8916913947184,78
"1561",-6.74792177727182,-3.08216758519459,79
"1562",-6.27971662254476,-3.08216758519459,79
"1563",-5.8115114678177,-3.32026282328983,79
"1564",-5.34330631309064,-3.55835806138507,79
"1565",-4.87510115836358,-3.79645329948031,79
"1566",-4.40689600363651,-6.65359615662316,79
"1567",-3.93869084890945,-6.8916913947184,79
"1568",-3.47048569418239,-7.12978663281364,79
"1569",-3.00228053945533,-7.12978663281364,79
"1570",-2.53407538472827,-7.12978663281364,79
"1571",-2.06587023000121,-7.12978663281364,79
"1572",-1.59766507527415,-7.12978663281364,79
"1573",-1.12945992054709,-7.12978663281364,79
"1574",-0.661254765820031,-7.12978663281364,79
"1575",-0.19304961109297,-7.12978663281364,79
"1576",0.27515554363409,-7.12978663281364,79
"1577",0.743360698361151,-7.12978663281364,79
"1578",1.21156585308821,-7.12978663281364,79
"1579",1.67977100781527,-7.12978663281364,79
"1580",2.14797616254233,-7.12978663281364,79
"1581",-6.74792177727182,-3.08216758519459,80
"1582",-6.27971662254476,-4.03454853757555,80
"1583",-5.8115114678177,-4.9869294899565,80
"1584",-5.34330631309064,-5.46311996614697,80
"1585",-4.87510115836358,-5.70121520424221,80
"1586",-4.40689600363651,-5.93931044233745,80
"1587",-3.93869084890945,-5.93931044233745,80
"1588",-3.47048569418239,-5.93931044233745,80
"1589",-3.00228053945533,-5.93931044233745,80
"1590",-2.53407538472827,-5.93931044233745,80
"1591",-2.06587023000121,-5.93931044233745,80
"1592",-1.59766507527415,-5.93931044233745,80
"1593",-1.12945992054709,-6.65359615662316,80
"1594",-0.661254765820031,-7.36788187090888,80
"1595",-0.19304961109297,-7.60597710900412,80
"1596",0.27515554363409,-7.84407234709936,80
"1597",0.743360698361151,-7.84407234709936,80
"1598",1.21156585308821,-7.84407234709936,80
"1599",1.67977100781527,-7.84407234709936,80
"1600",2.14797616254233,-7.84407234709936,80
"1601",-6.74792177727182,-3.08216758519459,81
"1602",-6.27971662254476,-3.08216758519459,81
"1603",-5.8115114678177,-3.08216758519459,81
"1604",-5.34330631309064,-3.08216758519459,81
"1605",-4.87510115836358,-5.46311996614697,81
"1606",-4.40689600363651,-6.41550091852793,81
"1607",-3.93869084890945,-6.8916913947184,81
"1608",-3.47048569418239,-7.36788187090888,81
"1609",-3.00228053945533,-7.60597710900412,81
"1610",-2.53407538472827,-7.84407234709936,81
"1611",-2.06587023000121,-7.84407234709936,81
"1612",-1.59766507527415,-7.84407234709936,81
"1613",-1.12945992054709,-7.84407234709936,81
"1614",-0.661254765820031,-7.84407234709936,81
"1615",-0.19304961109297,-7.84407234709936,81
"1616",0.27515554363409,-7.84407234709936,81
"1617",0.743360698361151,-7.84407234709936,81
"1618",1.21156585308821,-7.84407234709936,81
"1619",1.67977100781527,-7.84407234709936,81
"1620",2.14797616254233,-7.84407234709936,81
"1621",-6.74792177727182,-4.03454853757555,82
"1622",-6.27971662254476,-4.51073901376602,82
"1623",-5.8115114678177,-4.9869294899565,82
"1624",-5.34330631309064,-5.22502472805174,82
"1625",-4.87510115836358,-5.70121520424221,82
"1626",-4.40689600363651,-5.93931044233745,82
"1627",-3.93869084890945,-6.17740568043269,82
"1628",-3.47048569418239,-6.41550091852793,82
"1629",-3.00228053945533,-6.41550091852793,82
"1630",-2.53407538472827,-6.65359615662316,82
"1631",-2.06587023000121,-6.65359615662316,82
"1632",-1.59766507527415,-6.8916913947184,82
"1633",-1.12945992054709,-6.8916913947184,82
"1634",-0.661254765820031,-6.8916913947184,82
"1635",-0.19304961109297,-7.12978663281364,82
"1636",0.27515554363409,-7.12978663281364,82
"1637",0.743360698361151,-7.12978663281364,82
"1638",1.21156585308821,-7.12978663281364,82
"1639",1.67977100781527,-7.12978663281364,82
"1640",2.14797616254233,-7.12978663281364,82
"1641",-6.74792177727182,-4.27264377567078,83
"1642",-6.27971662254476,-4.74883425186126,83
"1643",-5.8115114678177,-4.9869294899565,83
"1644",-5.34330631309064,-5.46311996614697,83
"1645",-4.87510115836358,-5.70121520424221,83
"1646",-4.40689600363651,-5.93931044233745,83
"1647",-3.93869084890945,-6.17740568043269,83
"1648",-3.47048569418239,-6.17740568043269,83
"1649",-3.00228053945533,-6.41550091852793,83
"1650",-2.53407538472827,-6.41550091852793,83
"1651",-2.06587023000121,-6.65359615662316,83
"1652",-1.59766507527415,-6.65359615662316,83
"1653",-1.12945992054709,-6.65359615662316,83
"1654",-0.661254765820031,-6.8916913947184,83
"1655",-0.19304961109297,-6.8916913947184,83
"1656",0.27515554363409,-6.8916913947184,83
"1657",0.743360698361151,-6.8916913947184,83
"1658",1.21156585308821,-6.8916913947184,83
"1659",1.67977100781527,-6.8916913947184,83
"1660",2.14797616254233,-6.8916913947184,83
"1661",-6.74792177727182,-3.08216758519459,84
"1662",-6.27971662254476,-3.08216758519459,84
"1663",-5.8115114678177,-4.51073901376602,84
"1664",-5.34330631309064,-5.22502472805174,84
"1665",-4.87510115836358,-5.70121520424221,84
"1666",-4.40689600363651,-5.93931044233745,84
"1667",-3.93869084890945,-6.17740568043269,84
"1668",-3.47048569418239,-6.17740568043269,84
"1669",-3.00228053945533,-6.41550091852793,84
"1670",-2.53407538472827,-6.41550091852793,84
"1671",-2.06587023000121,-6.41550091852793,84
"1672",-1.59766507527415,-6.41550091852793,84
"1673",-1.12945992054709,-6.41550091852793,84
"1674",-0.661254765820031,-6.41550091852793,84
"1675",-0.19304961109297,-6.41550091852793,84
"1676",0.27515554363409,-6.41550091852793,84
"1677",0.743360698361151,-6.41550091852793,84
"1678",1.21156585308821,-6.41550091852793,84
"1679",1.67977100781527,-6.41550091852793,84
"1680",2.14797616254233,-6.41550091852793,84
"1681",-6.74792177727182,-3.08216758519459,85
"1682",-6.27971662254476,-4.27264377567078,85
"1683",-5.8115114678177,-4.9869294899565,85
"1684",-5.34330631309064,-5.46311996614697,85
"1685",-4.87510115836358,-5.70121520424221,85
"1686",-4.40689600363651,-5.93931044233745,85
"1687",-3.93869084890945,-5.93931044233745,85
"1688",-3.47048569418239,-5.93931044233745,85
"1689",-3.00228053945533,-6.17740568043269,85
"1690",-2.53407538472827,-6.17740568043269,85
"1691",-2.06587023000121,-6.17740568043269,85
"1692",-1.59766507527415,-6.17740568043269,85
"1693",-1.12945992054709,-6.17740568043269,85
"1694",-0.661254765820031,-6.17740568043269,85
"1695",-0.19304961109297,-6.17740568043269,85
"1696",0.27515554363409,-6.17740568043269,85
"1697",0.743360698361151,-6.17740568043269,85
"1698",1.21156585308821,-6.17740568043269,85
"1699",1.67977100781527,-6.17740568043269,85
"1700",2.14797616254233,-6.17740568043269,85
"1701",-6.74792177727182,-3.08216758519459,86
"1702",-6.27971662254476,-3.08216758519459,86
"1703",-5.8115114678177,-4.51073901376602,86
"1704",-5.34330631309064,-5.22502472805174,86
"1705",-4.87510115836358,-5.70121520424221,86
"1706",-4.40689600363651,-5.93931044233745,86
"1707",-3.93869084890945,-6.17740568043269,86
"1708",-3.47048569418239,-6.17740568043269,86
"1709",-3.00228053945533,-6.41550091852793,86
"1710",-2.53407538472827,-6.41550091852793,86
"1711",-2.06587023000121,-6.41550091852793,86
"1712",-1.59766507527415,-6.41550091852793,86
"1713",-1.12945992054709,-6.41550091852793,86
"1714",-0.661254765820031,-6.41550091852793,86
"1715",-0.19304961109297,-6.41550091852793,86
"1716",0.27515554363409,-6.41550091852793,86
"1717",0.743360698361151,-6.41550091852793,86
"1718",1.21156585308821,-6.41550091852793,86
"1719",1.67977100781527,-6.41550091852793,86
"1720",2.14797616254233,-6.41550091852793,86
"1721",-6.74792177727182,-3.08216758519459,87
"1722",-6.27971662254476,-3.08216758519459,87
"1723",-5.8115114678177,-3.08216758519459,87
"1724",-5.34330631309064,-4.51073901376602,87
"1725",-4.87510115836358,-5.46311996614697,87
"1726",-4.40689600363651,-6.17740568043269,87
"1727",-3.93869084890945,-6.65359615662316,87
"1728",-3.47048569418239,-6.8916913947184,87
"1729",-3.00228053945533,-7.12978663281364,87
"1730",-2.53407538472827,-7.36788187090888,87
"1731",-2.06587023000121,-7.36788187090888,87
"1732",-1.59766507527415,-7.36788187090888,87
"1733",-1.12945992054709,-7.60597710900412,87
"1734",-0.661254765820031,-7.60597710900412,87
"1735",-0.19304961109297,-7.60597710900412,87
"1736",0.27515554363409,-7.60597710900412,87
"1737",0.743360698361151,-7.60597710900412,87
"1738",1.21156585308821,-7.60597710900412,87
"1739",1.67977100781527,-7.60597710900412,87
"1740",2.14797616254233,-7.60597710900412,87
"1741",-6.74792177727182,-3.08216758519459,88
"1742",-6.27971662254476,-3.79645329948031,88
"1743",-5.8115114678177,-4.74883425186126,88
"1744",-5.34330631309064,-5.22502472805174,88
"1745",-4.87510115836358,-5.70121520424221,88
"1746",-4.40689600363651,-5.93931044233745,88
"1747",-3.93869084890945,-6.17740568043269,88
"1748",-3.47048569418239,-6.17740568043269,88
"1749",-3.00228053945533,-6.41550091852793,88
"1750",-2.53407538472827,-6.41550091852793,88
"1751",-2.06587023000121,-6.41550091852793,88
"1752",-1.59766507527415,-6.41550091852793,88
"1753",-1.12945992054709,-6.65359615662316,88
"1754",-0.661254765820031,-6.65359615662316,88
"1755",-0.19304961109297,-6.65359615662316,88
"1756",0.27515554363409,-6.65359615662316,88
"1757",0.743360698361151,-6.65359615662316,88
"1758",1.21156585308821,-6.65359615662316,88
"1759",1.67977100781527,-6.65359615662316,88
"1760",2.14797616254233,-6.65359615662316,88
"1761",-6.74792177727182,-3.08216758519459,89
"1762",-6.27971662254476,-3.08216758519459,89
"1763",-5.8115114678177,-3.79645329948031,89
"1764",-5.34330631309064,-4.27264377567078,89
"1765",-4.87510115836358,-5.22502472805174,89
"1766",-4.40689600363651,-6.41550091852793,89
"1767",-3.93869084890945,-6.65359615662316,89
"1768",-3.47048569418239,-6.65359615662316,89
"1769",-3.00228053945533,-6.8916913947184,89
"1770",-2.53407538472827,-6.8916913947184,89
"1771",-2.06587023000121,-6.8916913947184,89
"1772",-1.59766507527415,-6.8916913947184,89
"1773",-1.12945992054709,-6.8916913947184,89
"1774",-0.661254765820031,-6.8916913947184,89
"1775",-0.19304961109297,-6.8916913947184,89
"1776",0.27515554363409,-6.8916913947184,89
"1777",0.743360698361151,-6.8916913947184,89
"1778",1.21156585308821,-6.8916913947184,89
"1779",1.67977100781527,-6.8916913947184,89
"1780",2.14797616254233,-6.8916913947184,89
"1781",-6.74792177727182,-3.08216758519459,90
"1782",-6.27971662254476,-3.08216758519459,90
"1783",-5.8115114678177,-3.79645329948031,90
"1784",-5.34330631309064,-4.9869294899565,90
"1785",-4.87510115836358,-5.70121520424221,90
"1786",-4.40689600363651,-5.93931044233745,90
"1787",-3.93869084890945,-6.41550091852793,90
"1788",-3.47048569418239,-6.65359615662316,90
"1789",-3.00228053945533,-6.8916913947184,90
"1790",-2.53407538472827,-6.8916913947184,90
"1791",-2.06587023000121,-6.8916913947184,90
"1792",-1.59766507527415,-6.8916913947184,90
"1793",-1.12945992054709,-7.12978663281364,90
"1794",-0.661254765820031,-7.12978663281364,90
"1795",-0.19304961109297,-7.12978663281364,90
"1796",0.27515554363409,-7.12978663281364,90
"1797",0.743360698361151,-7.12978663281364,90
"1798",1.21156585308821,-7.12978663281364,90
"1799",1.67977100781527,-7.12978663281364,90
"1800",2.14797616254233,-7.12978663281364,90
"1801",-6.74792177727182,-3.79645329948031,91
"1802",-6.27971662254476,-4.74883425186126,91
"1803",-5.8115114678177,-5.22502472805174,91
"1804",-5.34330631309064,-5.46311996614697,91
"1805",-4.87510115836358,-5.70121520424221,91
"1806",-4.40689600363651,-5.93931044233745,91
"1807",-3.93869084890945,-5.93931044233745,91
"1808",-3.47048569418239,-5.93931044233745,91
"1809",-3.00228053945533,-5.93931044233745,91
"1810",-2.53407538472827,-6.17740568043269,91
"1811",-2.06587023000121,-6.17740568043269,91
"1812",-1.59766507527415,-6.17740568043269,91
"1813",-1.12945992054709,-6.17740568043269,91
"1814",-0.661254765820031,-6.17740568043269,91
"1815",-0.19304961109297,-6.17740568043269,91
"1816",0.27515554363409,-6.17740568043269,91
"1817",0.743360698361151,-6.17740568043269,91
"1818",1.21156585308821,-6.17740568043269,91
"1819",1.67977100781527,-6.17740568043269,91
"1820",2.14797616254233,-6.17740568043269,91
"1821",-6.74792177727182,-3.08216758519459,92
"1822",-6.27971662254476,-3.08216758519459,92
"1823",-5.8115114678177,-4.03454853757555,92
"1824",-5.34330631309064,-4.9869294899565,92
"1825",-4.87510115836358,-5.70121520424221,92
"1826",-4.40689600363651,-5.93931044233745,92
"1827",-3.93869084890945,-6.41550091852793,92
"1828",-3.47048569418239,-6.65359615662316,92
"1829",-3.00228053945533,-6.65359615662316,92
"1830",-2.53407538472827,-6.8916913947184,92
"1831",-2.06587023000121,-6.8916913947184,92
"1832",-1.59766507527415,-6.8916913947184,92
"1833",-1.12945992054709,-6.8916913947184,92
"1834",-0.661254765820031,-6.8916913947184,92
"1835",-0.19304961109297,-6.8916913947184,92
"1836",0.27515554363409,-6.8916913947184,92
"1837",0.743360698361151,-6.8916913947184,92
"1838",1.21156585308821,-6.8916913947184,92
"1839",1.67977100781527,-6.8916913947184,92
"1840",2.14797616254233,-6.8916913947184,92
"1841",-6.74792177727182,-4.03454853757555,93
"1842",-6.27971662254476,-4.74883425186126,93
"1843",-5.8115114678177,-4.9869294899565,93
"1844",-5.34330631309064,-5.46311996614697,93
"1845",-4.87510115836358,-5.70121520424221,93
"1846",-4.40689600363651,-5.93931044233745,93
"1847",-3.93869084890945,-5.93931044233745,93
"1848",-3.47048569418239,-6.17740568043269,93
"1849",-3.00228053945533,-6.17740568043269,93
"1850",-2.53407538472827,-6.17740568043269,93
"1851",-2.06587023000121,-6.17740568043269,93
"1852",-1.59766507527415,-6.17740568043269,93
"1853",-1.12945992054709,-6.17740568043269,93
"1854",-0.661254765820031,-6.17740568043269,93
"1855",-0.19304961109297,-6.17740568043269,93
"1856",0.27515554363409,-6.17740568043269,93
"1857",0.743360698361151,-6.17740568043269,93
"1858",1.21156585308821,-6.17740568043269,93
"1859",1.67977100781527,-6.17740568043269,93
"1860",2.14797616254233,-6.17740568043269,93
"1861",-6.74792177727182,-3.08216758519459,94
"1862",-6.27971662254476,-3.79645329948031,94
"1863",-5.8115114678177,-4.74883425186126,94
"1864",-5.34330631309064,-5.22502472805174,94
"1865",-4.87510115836358,-5.70121520424221,94
"1866",-4.40689600363651,-5.93931044233745,94
"1867",-3.93869084890945,-6.17740568043269,94
"1868",-3.47048569418239,-6.41550091852793,94
"1869",-3.00228053945533,-6.41550091852793,94
"1870",-2.53407538472827,-6.41550091852793,94
"1871",-2.06587023000121,-6.65359615662316,94
"1872",-1.59766507527415,-6.65359615662316,94
"1873",-1.12945992054709,-6.65359615662316,94
"1874",-0.661254765820031,-7.12978663281364,94
"1875",-0.19304961109297,-7.36788187090888,94
"1876",0.27515554363409,-7.60597710900412,94
"1877",0.743360698361151,-7.60597710900412,94
"1878",1.21156585308821,-7.60597710900412,94
"1879",1.67977100781527,-7.60597710900412,94
"1880",2.14797616254233,-7.60597710900412,94
"1881",-6.74792177727182,-4.03454853757555,95
"1882",-6.27971662254476,-4.51073901376602,95
"1883",-5.8115114678177,-4.9869294899565,95
"1884",-5.34330631309064,-5.46311996614697,95
"1885",-4.87510115836358,-5.70121520424221,95
"1886",-4.40689600363651,-5.93931044233745,95
"1887",-3.93869084890945,-5.93931044233745,95
"1888",-3.47048569418239,-6.17740568043269,95
"1889",-3.00228053945533,-6.17740568043269,95
"1890",-2.53407538472827,-6.41550091852793,95
"1891",-2.06587023000121,-6.41550091852793,95
"1892",-1.59766507527415,-6.8916913947184,95
"1893",-1.12945992054709,-7.12978663281364,95
"1894",-0.661254765820031,-7.36788187090888,95
"1895",-0.19304961109297,-7.60597710900412,95
"1896",0.27515554363409,-7.60597710900412,95
"1897",0.743360698361151,-7.60597710900412,95
"1898",1.21156585308821,-7.60597710900412,95
"1899",1.67977100781527,-7.60597710900412,95
"1900",2.14797616254233,-7.60597710900412,95
"1901",-6.74792177727182,-4.27264377567078,96
"1902",-6.27971662254476,-4.74883425186126,96
"1903",-5.8115114678177,-5.22502472805174,96
"1904",-5.34330631309064,-5.46311996614697,96
"1905",-4.87510115836358,-5.70121520424221,96
"1906",-4.40689600363651,-5.93931044233745,96
"1907",-3.93869084890945,-5.93931044233745,96
"1908",-3.47048569418239,-5.93931044233745,96
"1909",-3.00228053945533,-5.93931044233745,96
"1910",-2.53407538472827,-6.17740568043269,96
"1911",-2.06587023000121,-6.17740568043269,96
"1912",-1.59766507527415,-6.17740568043269,96
"1913",-1.12945992054709,-6.17740568043269,96
"1914",-0.661254765820031,-6.17740568043269,96
"1915",-0.19304961109297,-6.17740568043269,96
"1916",0.27515554363409,-6.17740568043269,96
"1917",0.743360698361151,-6.17740568043269,96
"1918",1.21156585308821,-6.17740568043269,96
"1919",1.67977100781527,-6.17740568043269,96
"1920",2.14797616254233,-6.17740568043269,96
"1921",-6.74792177727182,-3.79645329948031,97
"1922",-6.27971662254476,-4.51073901376602,97
"1923",-5.8115114678177,-4.9869294899565,97
"1924",-5.34330631309064,-5.46311996614697,97
"1925",-4.87510115836358,-5.70121520424221,97
"1926",-4.40689600363651,-5.93931044233745,97
"1927",-3.93869084890945,-6.17740568043269,97
"1928",-3.47048569418239,-6.17740568043269,97
"1929",-3.00228053945533,-6.41550091852793,97
"1930",-2.53407538472827,-6.41550091852793,97
"1931",-2.06587023000121,-6.41550091852793,97
"1932",-1.59766507527415,-6.41550091852793,97
"1933",-1.12945992054709,-6.41550091852793,97
"1934",-0.661254765820031,-6.41550091852793,97
"1935",-0.19304961109297,-6.41550091852793,97
"1936",0.27515554363409,-6.41550091852793,97
"1937",0.743360698361151,-6.41550091852793,97
"1938",1.21156585308821,-6.41550091852793,97
"1939",1.67977100781527,-6.41550091852793,97
"1940",2.14797616254233,-6.41550091852793,97
"1941",-6.74792177727182,-3.08216758519459,98
"1942",-6.27971662254476,-3.08216758519459,98
"1943",-5.8115114678177,-3.32026282328983,98
"1944",-5.34330631309064,-4.74883425186126,98
"1945",-4.87510115836358,-5.46311996614697,98
"1946",-4.40689600363651,-6.17740568043269,98
"1947",-3.93869084890945,-6.41550091852793,98
"1948",-3.47048569418239,-6.65359615662316,98
"1949",-3.00228053945533,-6.8916913947184,98
"1950",-2.53407538472827,-6.8916913947184,98
"1951",-2.06587023000121,-7.12978663281364,98
"1952",-1.59766507527415,-7.12978663281364,98
"1953",-1.12945992054709,-7.12978663281364,98
"1954",-0.661254765820031,-7.12978663281364,98
"1955",-0.19304961109297,-7.36788187090888,98
"1956",0.27515554363409,-7.36788187090888,98
"1957",0.743360698361151,-7.36788187090888,98
"1958",1.21156585308821,-7.36788187090888,98
"1959",1.67977100781527,-7.36788187090888,98
"1960",2.14797616254233,-7.36788187090888,98
"1961",-6.74792177727182,-3.08216758519459,99
"1962",-6.27971662254476,-3.08216758519459,99
"1963",-5.8115114678177,-3.79645329948031,99
"1964",-5.34330631309064,-4.27264377567078,99
"1965",-4.87510115836358,-5.46311996614697,99
"1966",-4.40689600363651,-6.17740568043269,99
"1967",-3.93869084890945,-6.65359615662316,99
"1968",-3.47048569418239,-6.8916913947184,99
"1969",-3.00228053945533,-7.12978663281364,99
"1970",-2.53407538472827,-7.12978663281364,99
"1971",-2.06587023000121,-7.12978663281364,99
"1972",-1.59766507527415,-7.36788187090888,99
"1973",-1.12945992054709,-7.36788187090888,99
"1974",-0.661254765820031,-7.36788187090888,99
"1975",-0.19304961109297,-7.36788187090888,99
"1976",0.27515554363409,-7.36788187090888,99
"1977",0.743360698361151,-7.36788187090888,99
"1978",1.21156585308821,-7.36788187090888,99
"1979",1.67977100781527,-7.36788187090888,99
"1980",2.14797616254233,-7.36788187090888,99
"1981",-6.74792177727182,-4.03454853757555,100
"1982",-6.27971662254476,-4.74883425186126,100
"1983",-5.8115114678177,-5.22502472805174,100
"1984",-5.34330631309064,-5.46311996614697,100
"1985",-4.87510115836358,-5.70121520424221,100
"1986",-4.40689600363651,-5.93931044233745,100
"1987",-3.93869084890945,-5.93931044233745,100
"1988",-3.47048569418239,-6.17740568043269,100
"1989",-3.00228053945533,-6.17740568043269,100
"1990",-2.53407538472827,-6.17740568043269,100
"1991",-2.06587023000121,-6.17740568043269,100
"1992",-1.59766507527415,-6.17740568043269,100
"1993",-1.12945992054709,-6.17740568043269,100
"1994",-0.661254765820031,-6.17740568043269,100
"1995",-0.19304961109297,-6.17740568043269,100
"1996",0.27515554363409,-6.17740568043269,100
"1997",0.743360698361151,-6.17740568043269,100
"1998",1.21156585308821,-6.17740568043269,100
"1999",1.67977100781527,-6.17740568043269,100
"2000",2.14797616254233,-6.17740568043269,100
